0,99,130
1,97,104
2,97,112
3,91,80
4,97,96
5,97,86
6,98,63
7,45,62
8,98,42
9,98,31
10,98,-2
11,99,133
12,99,137
13,99,140
14,99,146
15,99,151
16,99,158
17,99,165
18,99,165
19,97,108
20,91,108
21,16,33
22,64,70
23,57,70
24,50,70
25,42,65
26,70,68
27,54,44
28,63,45
29,46,46
30,41,49
31,35,70
32,72,173
33,42,60
34,13,66
35,26,64
36,62,101
37,90,128
38,91,138
39,82,133
40,77,139
41,85,140
42,81,143
43,69,152
44,91,103
45,89,96
46,31,43
47,76,81
48,76,104
49,75,100
50,40,101
51,90,87
52,48,34
53,38,37
54,22,19
55,81,41
56,70,49
57,64,145
58,23,138
59,82,107
60,87,109
61,72,149
62,74,149
63,34,32
64,76,107
65,62,35
66,61,29
67,53,1
68,28,26
69,57,14
70,26,40
71,21,37
72,91,133
73,84,136
74,79,141
75,84,109
76,73,149
77,75,151
78,75,148
79,84,104
80,83,144
81,87,142
82,92,140
83,90,164
84,89,165
85,90,158
86,91,151
87,92,146
88,82,147
89,80,150
90,78,153
91,76,157
92,70,129
93,14,99
94,97,109
95,79,147
96,77,149
97,89,112
98,79,112
99,88,111
100,68,86
101,56,91
102,74,104
103,34,8
104,39,18
105,46,28
106,74,157
107,79,31
108,76,14
109,73,-2
110,44,68
111,27,75
112,75,65
113,34,54
114,81,75
115,79,100
116,19,81
117,32,81
118,41,84
119,55,83
120,66,79
121,73,76
122,91,65
123,21,98
124,28,53
125,93,107
126,77,88
127,11,65
128,79,71
129,74,105
130,39,60
131,79,95
132,16,118
133,76,62
134,84,90
135,40,156
136,39,164
137,14,99
138,30,146
139,16,50
140,70,180
141,95,109
142,71,94
143,20,65
144,51,65
145,57,66
146,73,152
147,24,113
148,84,191
149,60,180
150,50,174
151,98,14
152,101,193
153,63,66
154,69,64
155,73,63
156,23,51
157,69,55
158,63,51
159,56,51
160,50,53
161,46,56
162,12,48
163,47,64
164,98,118
165,76,124
166,81,106
167,89,120
168,98,53
169,49,166
170,59,173
171,83,186
172,30,153
173,74,59
174,86,77
175,100,188
176,71,186
177,17,116
178,87,146
179,85,150
180,83,156
181,82,162
182,81,161
183,77,146
184,75,145
185,73,144
186,67,137
187,35,118
188,86,69
189,81,56
190,76,57
191,79,146
192,35,136
193,87,55
194,76,167
195,97,78
196,91,73
197,97,71
198,81,89
199,100,180
200,100,172
201,87,171
202,60,154
203,68,111
204,67,161
205,51,110
206,62,119
207,46,123
208,85,179
209,77,94
210,52,158
211,62,166
212,55,145
213,27,126
214,44,145
215,22,132
216,58,131
217,81,82
218,82,103
219,78,106
220,84,98
221,75,47
222,63,41
223,52,40
224,43,42
225,37,47
226,33,62
227,12,82
228,39,73
229,46,76
230,56,76
231,65,74
232,72,71
233,77,69
234,12,82
235,79,108
236,85,83
237,86,103
238,90,106
239,87,104
240,81,111
241,91,107
242,92,109
243,78,63
244,82,64
245,84,65
246,44,58
247,38,54
248,104,80
249,154,61
250,103,108
251,186,32
252,134,68
253,140,68
254,147,68
255,158,64
256,128,67
257,143,43
258,135,44
259,152,44
260,157,48
261,164,70
262,129,173
263,157,59
264,191,65
265,174,64
266,136,100
267,107,128
268,106,137
269,115,132
270,120,138
271,112,139
272,116,142
273,131,152
274,103,103
275,104,96
276,169,42
277,122,80
278,120,103
279,121,100
280,160,100
281,104,87
282,149,33
283,161,36
284,178,18
285,116,40
286,128,49
287,135,145
288,184,138
289,114,107
290,108,109
291,125,148
292,123,148
293,165,31
294,120,107
295,135,33
296,136,27
297,145,0
298,172,25
299,140,14
300,174,39
301,180,36
302,107,133
303,114,136
304,119,140
305,112,109
306,124,148
307,122,150
308,122,147
309,111,104
310,115,143
311,110,141
312,105,140
313,109,164
314,108,164
315,107,158
316,106,150
317,105,145
318,115,146
319,117,148
320,119,152
321,121,156
322,127,129
323,192,99
324,118,146
325,120,148
326,106,112
327,117,112
328,107,111
329,130,85
330,142,91
331,122,103
332,165,7
333,159,17
334,152,27
335,126,156
336,118,30
337,120,14
338,123,-2
339,154,67
340,173,76
341,124,65
342,165,53
343,116,75
344,116,100
345,183,80
346,166,81
347,155,83
348,140,82
349,130,78
350,123,75
351,105,65
352,181,97
353,172,52
354,101,107
355,120,88
356,193,64
357,117,70
358,123,104
359,161,59
360,117,95
361,190,117
362,124,63
363,110,90
364,164,157
365,166,165
366,190,98
367,174,146
368,186,49
369,131,180
370,100,109
371,127,94
372,182,66
373,147,63
374,141,64
375,124,151
376,179,113
377,118,192
378,143,181
379,154,174
380,135,64
381,130,64
382,126,63
383,179,51
384,130,55
385,135,51
386,142,50
387,148,52
388,153,54
389,191,46
390,151,62
391,121,124
392,114,106
393,107,119
394,154,166
395,143,173
396,117,186
397,176,153
398,126,60
399,110,77
400,131,187
401,188,115
402,111,145
403,113,149
404,115,155
405,116,161
406,118,161
407,120,145
408,122,144
409,124,143
410,132,137
411,166,117
412,111,69
413,118,55
414,123,57
415,118,145
416,168,136
417,109,54
418,124,167
419,105,72
420,115,89
421,112,171
422,141,154
423,130,111
424,133,161
425,148,110
426,136,119
427,154,123
428,115,179
429,120,94
430,149,158
431,139,166
432,146,145
433,176,126
434,157,145
435,183,131
436,141,130
437,115,82
438,113,103
439,117,105
440,110,97
441,123,47
442,135,40
443,146,39
444,155,41
445,162,45
446,167,61
447,192,81
448,160,73
449,151,75
450,141,75
451,132,73
452,125,71
453,120,68
454,193,81
455,117,108
456,110,83
457,108,102
458,104,106
459,108,104
460,115,110
461,103,107
462,102,109
463,121,63
464,116,64
465,112,64
466,155,57
467,161,53
468,59,58
469,67,58
470,59,51
471,51,58
472,59,65
473,138,56
474,146,56
475,138,49
476,130,57
477,138,64
