0,100,136
1,101,115
2,100,119
3,94,87
4,101,107
5,101,96
6,101,68
7,44,60
8,100,47
9,101,37
10,101,0
11,100,137
12,100,139
13,99,139
14,99,140
15,99,142
16,99,145
17,99,148
18,98,161
19,101,118
20,92,116
21,11,27
22,66,67
23,58,68
24,51,67
25,41,62
26,72,66
27,54,47
28,63,48
29,46,48
30,40,51
31,34,66
32,68,170
33,41,58
34,9,59
35,24,61
36,59,99
37,90,134
38,90,138
39,80,135
40,72,134
41,81,137
42,74,136
43,59,141
44,94,114
45,94,107
46,29,45
47,76,81
48,74,107
49,74,102
50,35,96
51,94,97
52,48,39
53,37,41
54,19,16
55,83,47
56,71,52
57,53,133
58,16,126
59,80,112
60,86,114
61,60,133
62,62,134
63,33,36
64,73,109
65,63,41
66,62,35
67,53,2
68,26,25
69,58,17
70,24,41
71,18,34
72,90,136
73,80,136
74,73,135
75,81,113
76,61,134
77,66,136
78,63,134
79,85,112
80,74,137
81,82,138
82,90,139
83,86,160
84,89,148
85,89,144
86,90,141
87,90,139
88,75,137
89,73,138
90,72,139
91,71,141
92,64,125
93,7,88
94,100,119
95,69,136
96,68,136
97,89,117
98,75,113
99,88,116
100,68,84
101,54,89
102,72,105
103,33,7
104,39,19
105,45,34
106,66,148
107,81,38
108,78,18
109,75,0
110,44,65
111,25,71
112,77,65
113,33,53
114,82,77
115,80,106
116,16,75
117,31,77
118,41,80
119,56,80
120,67,78
121,75,75
122,93,69
123,17,90
124,26,52
125,96,117
126,76,89
127,5,55
128,81,72
129,71,104
130,38,58
131,80,101
132,10,106
133,76,63
134,87,98
135,33,148
136,33,155
137,10,90
138,23,137
139,13,45
140,66,178
141,97,118
142,69,94
143,17,61
144,52,63
145,58,64
146,65,137
147,18,105
148,80,189
149,56,176
150,46,167
151,101,18
152,97,191
153,65,64
154,71,63
155,75,63
156,20,49
157,69,56
158,62,53
159,55,53
160,49,54
161,45,56
162,6,40
163,47,62
164,100,124
165,72,123
166,80,111
167,88,123
168,100,57
169,44,159
170,55,169
171,80,185
172,24,142
173,74,60
174,88,82
175,97,186
176,67,184
177,12,106
178,82,138
179,81,140
180,80,142
181,79,145
182,75,155
183,68,135
184,66,134
185,66,134
186,57,128
187,28,111
188,87,73
189,82,58
190,77,58
191,69,136
192,26,127
193,89,59
194,71,162
195,101,87
196,93,79
197,101,77
198,82,93
199,97,179
200,98,169
201,84,168
202,53,144
203,64,109
204,61,154
205,45,107
206,56,116
207,38,117
208,81,177
209,77,96
210,46,151
211,57,161
212,46,135
213,20,117
214,36,136
215,16,122
216,49,123
217,82,85
218,82,110
219,77,110
220,86,107
221,76,51
222,63,46
223,52,45
224,42,46
225,36,49
226,32,59
227,8,74
228,38,70
229,47,73
230,57,73
231,67,72
232,74,70
233,79,69
234,6,71
235,76,111
236,88,90
237,88,112
238,92,115
239,88,113
240,78,113
241,94,117
242,94,117
243,79,63
244,83,65
245,86,67
246,43,57
247,37,54
248,107,87
249,150,59
250,108,116
251,179,28
252,130,67
253,137,67
254,144,66
255,153,62
256,124,65
257,142,47
258,133,48
259,150,48
260,154,51
261,160,66
262,126,170
263,153,57
264,181,60
265,168,60
266,137,99
267,110,134
268,109,138
269,118,135
270,123,135
271,116,137
272,121,136
273,134,140
274,107,114
275,109,107
276,166,46
277,122,81
278,125,107
279,125,103
280,159,96
281,108,97
282,149,40
283,159,42
284,174,17
285,116,46
286,126,51
287,140,133
288,169,125
289,119,112
290,113,115
291,131,134
292,129,135
293,163,36
294,125,109
295,135,41
296,136,35
297,146,3
298,169,26
299,141,18
300,170,41
301,175,35
302,110,136
303,117,136
304,122,136
305,117,113
306,130,134
307,126,137
308,128,135
309,115,112
310,120,137
311,114,138
312,108,139
313,109,160
314,108,147
315,109,144
316,108,141
317,108,139
318,120,137
319,121,138
320,122,139
321,123,141
322,132,125
323,177,88
324,124,136
325,125,136
326,110,118
327,122,113
328,112,116
329,129,85
330,142,89
331,126,105
332,163,8
333,159,20
334,152,34
335,127,148
336,119,37
337,123,18
338,125,0
339,150,65
340,168,70
341,120,64
342,161,53
343,117,77
344,120,107
345,175,76
346,163,76
347,154,80
348,140,80
349,130,77
350,122,74
351,108,69
352,174,91
353,167,52
354,105,117
355,122,89
356,181,56
357,116,71
358,126,104
359,156,58
360,120,101
361,174,106
362,119,61
363,114,98
364,156,147
365,154,154
366,179,90
367,165,136
368,178,46
369,126,177
370,104,118
371,128,94
372,174,60
373,143,62
374,137,63
375,127,137
376,172,105
377,112,188
378,134,174
379,143,165
380,131,63
381,125,62
382,121,62
383,172,49
384,126,55
385,133,52
386,140,52
387,146,53
388,150,55
389,182,40
390,147,61
391,125,123
392,119,111
393,111,123
394,146,158
395,137,167
396,113,184
397,162,141
398,122,59
399,113,82
400,124,182
401,176,106
402,114,138
403,115,140
404,116,142
405,117,145
406,119,155
407,125,136
408,127,135
409,127,134
410,138,128
411,164,111
412,112,73
413,115,56
414,119,57
415,124,136
416,164,127
417,109,57
418,123,162
419,108,79
420,118,93
421,111,168
422,140,144
423,132,109
424,132,154
425,150,107
426,139,116
427,155,117
428,113,177
429,122,96
430,145,150
431,135,160
432,147,134
433,170,117
434,155,136
435,171,121
436,145,123
437,117,86
438,118,110
439,122,110
440,115,107
441,121,50
442,134,46
443,145,45
444,154,46
445,159,49
446,161,59
447,180,75
448,156,70
449,149,72
450,139,73
451,129,71
452,122,69
453,118,68
454,179,72
455,122,111
456,113,90
457,113,112
458,109,115
459,113,113
460,120,113
461,107,117
462,106,117
463,117,62
464,114,64
465,112,66
466,151,56
467,157,54
468,58,58
469,66,58
470,58,51
471,50,57
472,58,64
473,136,57
474,144,57
475,135,50
476,127,57
477,136,64
