0,96,132
1,93,110
2,96,117
3,88,84
4,92,102
5,93,92
6,96,65
7,50,60
8,97,41
9,97,29
10,97,-5
11,96,136
12,97,140
13,98,142
14,99,142
15,99,147
16,99,152
17,100,158
18,101,161
19,94,114
20,89,113
21,32,28
22,69,67
23,62,68
24,56,68
25,48,63
26,74,65
27,58,43
28,66,44
29,51,45
30,47,49
31,44,68
32,78,168
33,48,58
34,32,61
35,38,62
36,65,101
37,88,131
38,91,139
39,82,133
40,78,136
41,85,139
42,82,140
43,73,147
44,87,110
45,86,103
46,39,41
47,78,81
48,75,107
49,75,103
50,46,100
51,87,93
52,52,32
53,44,35
54,36,16
55,81,38
56,73,48
57,68,140
58,48,127
59,81,111
60,86,114
61,75,140
62,77,140
63,41,30
64,76,110
65,64,32
66,63,25
67,57,0
68,38,23
69,60,13
70,36,37
71,34,34
72,89,135
73,83,136
74,80,138
75,82,112
76,76,140
77,78,143
78,78,141
79,82,109
80,84,141
81,87,141
82,92,142
83,92,160
84,91,157
85,91,151
86,91,146
87,92,142
88,84,141
89,82,143
90,81,146
91,79,148
92,72,129
93,40,90
94,95,115
95,81,141
96,79,142
97,88,116
98,79,114
99,87,115
100,71,86
101,60,91
102,75,106
103,43,6
104,46,16
105,50,26
106,77,152
107,79,27
108,76,13
109,74,-4
110,51,66
111,38,74
112,77,63
113,42,52
114,82,77
115,78,104
116,33,78
117,42,80
118,49,83
119,61,82
120,70,78
121,77,75
122,90,67
123,34,94
124,38,50
125,91,113
126,78,90
127,35,58
128,82,70
129,75,106
130,46,58
131,78,99
132,43,108
133,78,60
134,82,95
135,56,148
136,60,154
137,34,93
138,49,138
139,33,46
140,79,173
141,92,115
142,73,95
143,34,63
144,56,63
145,62,64
146,77,144
147,38,108
148,91,182
149,75,170
150,68,163
151,97,13
152,104,184
153,67,63
154,72,62
155,76,61
156,35,49
157,72,54
158,66,52
159,60,51
160,55,53
161,51,55
162,32,42
163,53,62
164,97,123
165,77,125
166,80,110
167,88,123
168,97,53
169,64,158
170,71,165
171,89,179
172,54,142
173,76,58
174,85,80
175,103,181
176,82,177
177,37,108
178,87,141
179,86,145
180,85,149
181,84,153
182,84,156
183,79,140
184,77,139
185,76,138
186,69,134
187,44,114
188,86,71
189,82,54
190,78,55
191,81,141
192,48,130
193,88,53
194,81,162
195,94,83
196,89,76
197,95,74
198,81,92
199,102,175
200,101,168
201,90,167
202,67,149
203,70,111
204,73,156
205,55,110
206,65,119
207,52,121
208,88,174
209,78,96
210,63,152
211,71,160
212,61,140
213,42,120
214,55,139
215,42,123
216,62,128
217,82,84
218,80,108
219,77,109
220,81,103
221,76,45
222,65,40
223,56,39
224,48,41
225,43,45
226,42,60
227,32,77
228,47,72
229,53,74
230,62,74
231,70,72
232,76,70
233,80,67
234,38,74
235,78,111
236,84,87
237,83,109
238,88,112
239,84,110
240,81,113
241,89,113
242,90,114
243,80,61
244,83,63
245,85,64
246,49,57
247,45,53
248,101,84
249,152,59
250,102,113
251,191,23
252,133,67
253,140,67
254,147,66
255,156,61
256,126,65
257,139,41
258,131,42
259,148,43
260,154,46
261,165,66
262,130,169
263,155,56
264,194,57
265,174,59
266,138,100
267,106,130
268,106,139
269,117,133
270,124,135
271,115,139
272,122,139
273,137,147
274,99,110
275,100,102
276,163,38
277,122,80
278,120,106
279,121,102
280,162,98
281,100,92
282,142,30
283,154,32
284,181,10
285,111,37
286,125,46
287,142,140
288,189,126
289,114,111
290,108,113
291,134,138
292,132,139
293,158,27
294,121,110
295,128,30
296,128,24
297,144,-4
298,173,19
299,139,10
300,169,35
301,183,29
302,106,135
303,116,136
304,123,137
305,113,112
306,133,138
307,129,141
308,131,139
309,109,109
310,121,140
311,114,141
312,106,141
313,111,160
314,110,157
315,108,151
316,107,146
317,107,141
318,121,140
319,123,142
320,124,144
321,126,147
322,131,128
323,199,88
324,126,139
325,127,140
326,106,116
327,119,114
328,107,115
329,131,85
330,143,90
331,123,105
332,166,1
333,159,12
334,144,23
335,130,152
336,111,26
337,118,11
338,122,-6
339,153,64
340,175,71
341,122,63
342,162,49
343,116,76
344,114,104
345,185,75
346,169,78
347,158,81
348,143,80
349,132,77
350,124,73
351,104,66
352,183,92
353,169,48
354,98,113
355,121,89
356,200,54
357,117,69
358,124,105
359,159,56
360,115,99
361,196,107
362,121,60
363,108,95
364,166,149
365,168,155
366,194,90
367,177,138
368,189,42
369,132,174
370,98,115
371,128,94
372,183,60
373,145,62
374,139,63
375,131,142
376,182,107
377,119,183
378,143,172
379,154,165
380,133,63
381,127,62
382,124,61
383,177,46
384,127,53
385,132,50
386,139,50
387,145,51
388,150,53
389,197,37
390,149,60
391,122,125
392,114,110
393,107,123
394,155,159
395,144,167
396,119,180
397,179,142
398,123,57
399,109,79
400,132,178
401,191,107
402,114,141
403,116,144
404,117,148
405,119,153
406,121,157
407,127,139
408,129,138
409,130,137
410,137,134
411,169,113
412,110,70
413,115,52
414,120,54
415,126,139
416,172,130
417,107,52
418,126,163
419,103,76
420,114,91
421,114,167
422,144,149
423,132,111
424,136,157
425,150,109
426,139,118
427,158,120
428,117,175
429,120,95
430,151,153
431,141,161
432,150,140
433,180,119
434,161,139
435,187,123
436,146,127
437,115,84
438,111,108
439,117,109
440,107,103
441,119,44
442,130,38
443,140,37
444,150,39
445,157,43
446,165,57
447,195,74
448,160,70
449,152,72
450,142,73
451,133,71
452,125,69
453,120,66
454,200,71
455,117,111
456,108,87
457,105,108
458,102,112
459,106,110
460,116,113
461,100,113
462,100,114
463,119,60
464,115,62
465,112,63
466,152,54
467,158,50
468,63,57
469,70,57
470,62,50
471,55,57
472,63,64
473,136,55
474,145,55
475,136,47
476,128,56
477,137,64
