0,96,131
1,86,108
2,94,114
3,84,82
4,85,100
5,87,90
6,92,63
7,56,54
8,94,44
9,94,33
10,95,-6
11,97,134
12,98,136
13,99,137
14,102,156
15,102,158
16,101,161
17,102,164
18,105,166
19,89,112
20,85,111
21,48,29
22,74,61
23,68,62
24,62,63
25,55,57
26,78,59
27,60,40
28,67,41
29,54,42
30,52,44
31,53,63
32,87,172
33,54,51
34,50,61
35,50,56
36,68,98
37,88,130
38,91,136
39,83,132
40,80,135
41,87,137
42,84,138
43,78,147
44,81,108
45,80,100
46,45,40
47,79,79
48,74,104
49,74,100
50,55,97
51,81,90
52,52,34
53,47,36
54,47,16
55,77,39
56,74,44
57,73,139
58,71,128
59,79,109
60,84,111
61,81,141
62,83,142
63,45,31
64,75,107
65,62,34
66,60,28
67,61,0
68,46,24
69,62,14
70,43,36
71,45,34
72,89,134
73,85,135
74,82,136
75,81,110
76,82,142
77,83,147
78,84,142
79,79,107
80,86,138
81,89,137
82,93,137
83,96,166
84,94,163
85,94,160
86,94,157
87,95,155
88,88,150
89,87,150
90,85,151
91,84,153
92,74,127
93,64,91
94,91,113
95,86,146
96,85,146
97,86,114
98,79,111
99,85,113
100,74,83
101,66,88
102,75,103
103,51,6
104,51,17
105,50,28
106,83,154
107,73,29
108,76,13
109,75,-4
110,58,61
111,50,69
112,80,58
113,49,48
114,82,74
115,75,102
116,48,76
117,51,75
118,57,79
119,67,78
120,74,74
121,79,70
122,87,65
123,49,92
124,47,47
125,86,112
126,79,87
127,57,59
128,82,67
129,76,102
130,53,52
131,76,96
132,67,109
133,80,55
134,78,93
135,71,149
136,77,156
137,53,92
138,66,138
139,48,46
140,88,179
141,89,113
142,75,92
143,49,57
144,61,58
145,67,58
146,82,147
147,53,107
148,99,190
149,86,176
150,82,167
151,93,12
152,111,194
153,72,57
154,76,56
155,79,55
156,46,45
157,75,49
158,69,47
159,63,46
160,58,47
161,56,49
162,51,42
163,58,57
164,95,120
165,78,123
166,78,108
167,86,121
168,94,53
169,77,160
170,82,169
171,96,187
172,74,144
173,78,53
174,83,77
175,109,189
176,91,184
177,57,108
178,91,153
179,90,154
180,88,156
181,88,159
182,89,161
183,83,140
184,81,139
185,80,138
186,72,132
187,56,112
188,85,69
189,82,50
190,79,50
191,85,140
192,61,129
193,85,51
194,88,166
195,89,80
196,85,73
197,90,72
198,79,89
199,107,182
200,106,174
201,96,172
202,75,149
203,72,109
204,81,158
205,61,107
206,68,117
207,61,119
208,95,180
209,77,93
210,74,153
211,81,163
212,69,139
213,57,119
214,66,139
215,62,123
216,67,126
217,81,82
218,76,106
219,75,107
220,76,101
221,76,43
222,65,39
223,57,38
224,51,40
225,48,43
226,51,54
227,51,76
228,55,67
229,60,70
230,68,69
231,74,67
232,79,64
233,82,62
234,62,75
235,77,109
236,81,85
237,78,107
238,84,110
239,80,108
240,79,111
241,84,111
242,87,113
243,81,55
244,84,58
245,84,61
246,54,50
247,51,47
248,95,81
249,151,56
250,98,111
251,195,21
252,130,61
253,137,62
254,144,62
255,156,59
256,125,59
257,138,43
258,130,43
259,146,44
260,152,47
261,164,63
262,136,175
263,154,55
264,198,56
265,176,58
266,136,97
267,107,130
268,108,136
269,120,132
270,130,134
271,118,136
272,128,137
273,140,147
274,93,108
275,93,100
276,163,41
277,120,77
278,117,103
279,118,99
280,161,95
281,94,90
282,138,33
283,151,36
284,182,7
285,107,40
286,124,45
287,145,138
288,201,132
289,112,108
290,106,111
291,144,140
292,142,140
293,157,31
294,119,106
295,123,34
296,124,28
297,141,-7
298,172,18
299,134,10
300,170,37
301,184,28
302,107,133
303,119,134
304,129,135
305,111,110
306,143,140
307,139,146
308,141,141
309,105,107
310,127,137
311,118,137
312,109,137
313,116,166
314,113,163
315,112,160
316,112,157
317,112,156
318,129,150
319,130,150
320,132,151
321,133,153
322,131,126
323,209,91
324,136,146
325,137,146
326,104,114
327,118,110
328,105,112
329,129,81
330,141,86
331,121,102
332,164,-1
333,155,11
334,141,27
335,134,155
336,108,30
337,114,10
338,119,-8
339,151,61
340,174,68
341,121,57
342,162,50
343,114,73
344,109,101
345,186,74
346,167,74
347,155,77
348,139,76
349,129,73
350,121,70
351,100,64
352,185,91
353,170,49
354,93,112
355,119,86
356,208,54
357,115,66
358,124,101
359,159,55
360,111,96
361,207,111
362,122,55
363,102,92
364,173,155
365,178,163
366,199,91
367,185,143
368,192,41
369,139,183
370,94,113
371,127,91
372,185,58
373,142,57
374,136,57
375,140,146
376,185,107
377,126,193
378,152,182
379,164,174
380,131,56
381,126,55
382,123,55
383,179,46
384,126,52
385,132,52
386,137,53
387,144,53
388,148,54
389,203,35
390,147,56
391,122,122
392,111,107
393,105,120
394,162,166
395,151,174
396,124,189
397,190,150
398,123,54
399,105,77
400,140,189
401,198,109
402,121,153
403,122,154
404,123,156
405,124,159
406,126,161
407,137,138
408,138,137
409,139,136
410,139,131
411,171,112
412,107,68
413,114,50
414,119,50
415,135,138
416,176,132
417,105,51
418,131,168
419,98,73
420,111,89
421,119,173
422,148,151
423,131,108
424,141,160
425,149,107
426,139,116
427,158,119
428,122,181
429,118,92
430,157,157
431,147,166
432,153,140
433,185,121
434,165,141
435,194,127
436,147,126
437,112,81
438,107,105
439,114,106
440,101,100
441,117,44
442,127,40
443,137,39
444,147,41
445,156,44
446,166,56
447,200,74
448,159,67
449,150,69
450,139,69
451,130,67
452,123,64
453,118,62
454,209,72
455,115,108
456,103,84
457,99,106
458,97,110
459,101,108
460,114,110
461,95,111
462,97,112
463,118,55
464,114,58
465,110,60
466,151,55
467,157,50
468,63,52
469,68,52
470,63,46
471,58,53
472,64,59
473,134,54
474,140,54
475,134,48
476,128,54
477,134,61
