0,97,133
1,103,115
2,99,120
3,95,88
4,103,108
5,103,97
6,101,69
7,42,62
8,101,46
9,101,35
10,102,-5
11,96,135
12,96,137
13,96,138
14,96,151
15,96,155
16,96,158
17,95,163
18,97,166
19,102,118
20,92,117
21,10,25
22,64,68
23,56,69
24,49,69
25,38,64
26,70,66
27,53,45
28,61,46
29,45,46
30,39,49
31,31,68
32,66,173
33,39,59
34,7,59
35,22,61
36,56,102
37,85,131
38,85,136
39,74,131
40,66,131
41,76,135
42,68,134
43,57,146
44,96,115
45,95,108
46,28,40
47,74,83
48,74,109
49,73,105
50,32,99
51,95,97
52,49,34
53,37,35
54,19,12
55,83,45
56,68,50
57,50,137
58,12,126
59,79,114
60,86,116
61,55,131
62,57,132
63,32,29
64,72,112
65,64,37
66,63,30
67,53,-2
68,25,22
69,58,13
70,22,36
71,16,31
72,85,134
73,75,133
74,67,132
75,81,115
76,56,132
77,61,139
78,58,133
79,85,113
80,69,134
81,77,136
82,86,137
83,85,165
84,83,161
85,84,157
86,85,153
87,86,150
88,70,143
89,68,144
90,66,145
91,65,147
92,61,128
93,3,88
94,101,119
95,64,138
96,62,138
97,88,119
98,74,115
99,87,118
100,65,87
101,51,91
102,71,107
103,32,3
104,38,15
105,46,27
106,64,153
107,82,34
108,79,14
109,76,-5
110,42,67
111,23,73
112,74,64
113,31,52
114,80,79
115,80,108
116,13,77
117,29,80
118,40,84
119,55,82
120,65,79
121,73,76
122,93,71
123,13,93
124,24,50
125,97,118
126,74,92
127,3,55
128,79,72
129,69,106
130,35,59
131,79,102
132,6,106
133,73,62
134,87,99
135,32,149
136,32,155
137,5,91
138,21,138
139,11,44
140,65,179
141,97,119
142,66,96
143,14,62
144,50,65
145,57,65
146,59,139
147,14,107
148,79,189
149,55,175
150,45,167
151,102,15
152,94,190
153,63,64
154,68,63
155,72,62
156,17,47
157,66,56
158,60,54
159,54,54
160,47,55
161,43,57
162,6,38
163,45,64
164,99,125
165,70,125
166,80,113
167,87,125
168,100,57
169,43,160
170,54,169
171,79,185
172,21,142
173,71,59
174,87,83
175,95,187
176,67,183
177,8,107
178,77,147
179,75,149
180,74,152
181,73,156
182,73,161
183,62,133
184,61,132
185,59,131
186,54,132
187,24,114
188,87,75
189,80,56
190,75,57
191,63,133
192,24,130
193,88,57
194,69,166
195,102,88
196,94,80
197,102,79
198,81,95
199,96,181
200,96,173
201,82,172
202,51,148
203,62,112
204,59,158
205,43,110
206,54,119
207,36,121
208,80,180
209,75,98
210,45,154
211,56,163
212,44,138
213,16,120
214,34,139
215,12,123
216,47,126
217,81,87
218,82,112
219,76,112
220,87,108
221,75,49
222,63,43
223,52,41
224,42,42
225,35,46
226,29,60
227,5,75
228,36,72
229,45,75
230,55,75
231,64,73
232,72,70
233,77,68
234,2,71
235,76,113
236,88,91
237,90,114
238,93,117
239,89,114
240,77,115
241,95,118
242,95,119
243,76,62
244,81,64
245,84,66
246,41,58
247,35,53
248,108,88
249,149,63
250,108,117
251,167,25
252,129,69
253,136,69
254,142,69
255,151,65
256,124,67
257,141,47
258,133,49
259,149,48
260,153,51
261,155,68
262,120,171
263,151,60
264,168,59
265,161,61
266,135,100
267,108,132
268,106,137
269,117,132
270,123,133
271,114,136
272,120,135
273,130,144
274,109,115
275,110,107
276,162,42
277,121,83
278,124,108
279,124,104
280,155,97
281,110,97
282,149,36
283,158,37
284,165,13
285,119,45
286,126,52
287,135,135
288,151,124
289,118,113
290,112,116
291,131,134
292,129,135
293,161,32
294,124,111
295,137,38
296,138,32
297,144,-1
298,163,22
299,141,14
300,165,38
301,167,32
302,107,134
303,115,134
304,121,134
305,116,114
306,130,134
307,126,141
308,128,135
309,116,113
310,118,136
311,112,137
312,105,138
313,107,165
314,107,161
315,107,157
316,106,153
317,105,150
318,118,144
319,120,145
320,122,147
321,123,149
322,129,127
323,160,87
324,122,140
325,124,140
326,110,119
327,121,114
328,111,117
329,128,86
330,140,90
331,125,106
332,158,4
333,155,16
334,152,29
335,124,152
336,122,35
337,123,14
338,126,-4
339,148,68
340,161,72
341,120,66
342,158,53
343,116,79
344,121,107
345,166,75
346,158,78
347,151,82
348,138,81
349,128,79
350,121,76
351,108,70
352,166,91
353,162,51
354,105,118
355,121,91
356,165,55
357,116,72
358,125,106
359,154,60
360,121,101
361,157,105
362,120,63
363,115,99
364,143,147
365,139,153
366,166,90
367,151,136
368,167,44
369,120,177
370,104,119
371,127,95
372,165,62
373,142,65
374,136,66
375,127,141
376,163,105
377,108,188
378,124,173
379,131,165
380,131,65
381,125,64
382,122,64
383,165,48
384,126,58
385,132,56
386,139,55
387,145,56
388,148,58
389,167,39
390,146,64
391,123,124
392,119,112
393,110,124
394,135,158
395,128,167
396,109,184
397,145,140
398,122,61
399,113,83
400,117,182
401,162,106
402,112,148
403,114,150
404,115,153
405,116,156
406,117,159
407,125,135
408,126,134
409,127,133
410,134,130
411,158,111
412,112,74
413,116,58
414,120,58
415,123,136
416,154,127
417,111,58
418,119,164
419,108,80
420,118,94
421,108,171
422,133,146
423,130,110
424,126,156
425,146,108
426,136,117
427,150,118
428,109,178
429,121,97
430,136,151
431,128,161
432,140,136
433,159,117
434,146,137
435,157,121
436,140,125
437,117,87
438,118,111
439,122,111
440,116,107
441,122,50
442,135,45
443,145,43
444,153,44
445,157,47
446,157,61
447,167,74
448,152,72
449,146,74
450,137,75
451,128,73
452,122,71
453,118,69
454,162,71
455,121,113
456,114,91
457,114,113
458,109,116
459,113,114
460,119,114
461,108,117
462,106,118
463,118,64
464,114,66
465,113,67
466,150,59
467,155,55
468,54,59
469,62,58
470,54,51
471,46,59
472,54,66
473,134,60
474,141,59
475,134,53
476,126,60
477,134,66
