0,95,130
1,93,113
2,95,118
3,88,88
4,93,105
5,93,96
6,96,71
7,47,63
8,96,51
9,96,41
10,98,4
11,95,132
12,95,134
13,95,135
14,95,155
15,95,158
16,94,162
17,94,166
18,97,174
19,93,116
20,87,115
21,21,34
22,67,70
23,60,70
24,53,70
25,44,65
26,72,69
27,55,50
28,63,51
29,48,51
30,43,54
31,38,69
32,68,177
33,45,61
34,17,65
35,30,63
36,57,101
37,84,128
38,85,133
39,75,128
40,69,129
41,77,132
42,72,132
43,60,145
44,87,112
45,86,105
46,32,46
47,74,84
48,71,107
49,70,103
50,34,98
51,86,96
52,48,40
53,39,42
54,27,22
55,80,48
56,70,54
57,54,135
58,28,131
59,76,112
60,82,114
61,62,133
62,64,133
63,35,36
64,70,109
65,61,42
66,60,36
67,54,7
68,31,30
69,58,21
70,28,41
71,24,39
72,84,130
73,76,130
74,70,131
75,78,113
76,63,133
77,66,141
78,65,134
79,79,111
80,73,132
81,79,133
82,86,134
83,84,172
84,83,164
85,83,160
86,84,156
87,86,154
88,74,146
89,72,147
90,70,149
91,68,151
92,61,125
93,19,94
94,94,117
95,70,141
96,68,141
97,84,117
98,73,113
99,83,116
100,66,87
101,53,91
102,69,106
103,37,13
104,41,23
105,45,34
106,66,155
107,77,38
108,76,21
109,74,4
110,47,68
111,30,73
112,76,67
113,37,56
114,79,81
115,75,106
116,20,79
117,34,79
118,43,83
119,57,83
120,67,80
121,74,78
122,89,72
123,20,93
124,31,53
125,89,116
126,74,92
127,17,62
128,80,75
129,69,105
130,41,61
131,75,101
132,22,112
133,76,64
134,80,98
135,40,152
136,43,160
137,16,95
138,31,141
139,21,51
140,68,184
141,91,117
142,67,96
143,24,63
144,54,66
145,60,66
146,65,142
147,21,108
148,81,197
149,61,180
150,53,171
151,97,22
152,97,201
153,66,66
154,71,65
155,74,65
156,26,50
157,70,59
158,63,57
159,57,57
160,51,58
161,48,59
162,18,46
163,50,65
164,95,123
165,69,123
166,76,111
167,83,122
168,96,61
169,50,163
170,59,173
171,81,192
172,35,148
173,74,62
174,83,84
175,97,196
176,70,190
177,18,111
178,79,151
179,77,152
180,75,155
181,74,159
182,73,165
183,67,132
184,66,132
185,65,131
186,56,129
187,29,113
188,84,76
189,81,60
190,76,60
191,69,133
192,31,130
193,87,61
194,71,170
195,94,88
196,88,81
197,95,80
198,77,94
199,97,189
200,97,181
201,83,178
202,55,148
203,62,110
204,62,159
205,44,109
206,55,117
207,39,119
208,81,185
209,73,97
210,51,154
211,59,165
212,49,136
213,24,121
214,40,139
215,23,126
216,50,124
217,79,88
218,77,110
219,73,110
220,80,105
221,75,53
222,62,48
223,52,47
224,44,48
225,39,51
226,36,62
227,16,79
228,42,73
229,49,75
230,58,76
231,67,75
232,74,73
233,78,71
234,19,78
235,73,111
236,82,91
237,82,111
238,86,114
239,82,112
240,75,113
241,87,115
242,88,116
243,78,65
244,82,67
245,84,69
246,46,60
247,41,57
248,101,89
249,154,66
250,101,116
251,188,37
252,133,72
253,140,73
254,148,72
255,158,68
256,126,70
257,144,51
258,135,52
259,152,52
260,158,55
261,165,73
262,128,179
263,158,64
264,192,69
265,175,67
266,139,103
267,107,129
268,107,133
269,120,130
270,128,131
271,117,133
272,126,133
273,139,147
274,99,113
275,100,106
276,167,49
277,121,85
278,121,108
279,122,104
280,165,101
281,101,96
282,148,41
283,159,44
284,179,25
285,114,48
286,127,55
287,145,137
288,186,137
289,115,113
290,108,115
291,140,135
292,138,136
293,163,39
294,122,111
295,133,42
296,134,37
297,145,8
298,171,33
299,139,23
300,173,46
301,181,43
302,107,131
303,118,132
304,127,132
305,113,114
306,139,136
307,133,144
308,137,136
309,109,112
310,125,134
311,117,134
312,107,134
313,110,172
314,107,165
315,107,161
316,106,157
317,106,155
318,124,148
319,125,149
320,127,150
321,128,153
322,134,127
323,196,99
324,130,143
325,132,143
326,106,118
327,120,114
328,107,116
329,130,89
330,144,93
331,124,107
332,165,15
333,158,26
334,150,36
335,132,157
336,116,39
337,119,22
338,124,5
339,154,71
340,174,78
341,122,69
342,165,58
343,115,81
344,115,107
345,184,83
346,168,83
347,158,86
348,142,85
349,131,82
350,123,79
351,103,73
352,184,98
353,172,57
354,97,116
355,121,93
356,197,67
357,117,75
358,125,106
359,161,64
360,116,102
361,193,118
362,122,66
363,108,99
364,164,157
365,165,166
366,193,100
367,176,147
368,187,55
369,129,187
370,97,117
371,128,97
372,183,68
373,147,68
374,140,69
375,135,144
376,184,113
377,114,199
378,139,185
379,151,176
380,134,68
381,128,67
382,124,67
383,178,55
384,129,61
385,136,60
386,143,59
387,149,60
388,153,62
389,194,50
390,151,67
391,125,124
392,114,112
393,108,123
394,152,168
395,141,177
396,114,194
397,176,153
398,124,64
399,108,85
400,128,193
401,191,116
402,115,152
403,117,154
404,118,157
405,118,160
406,123,166
407,133,134
408,134,134
409,135,133
410,142,131
411,172,117
412,109,77
413,116,61
414,121,61
415,132,135
416,173,135
417,108,61
418,126,172
419,102,81
420,114,95
421,112,179
422,144,151
423,133,112
424,136,162
425,153,111
426,141,119
427,160,122
428,113,187
429,120,98
430,150,158
431,139,169
432,151,140
433,182,126
434,161,143
435,186,132
436,148,126
437,114,89
438,112,111
439,118,111
440,108,106
441,122,54
442,134,49
443,145,48
444,154,49
445,161,53
446,167,65
447,194,84
448,161,76
449,152,78
450,142,78
451,132,76
452,125,74
453,119,72
454,197,83
455,118,112
456,108,91
457,105,112
458,102,115
459,106,113
460,117,114
461,100,116
462,100,117
463,119,66
464,115,68
465,112,70
466,156,63
467,161,59
468,61,61
469,69,61
470,61,54
471,54,61
472,62,68
473,141,63
474,150,63
475,141,57
476,133,63
477,141,70
