0,98,129
1,100,109
2,99,115
3,93,83
4,100,101
5,100,90
6,99,66
7,43,63
8,98,46
9,98,35
10,98,-1
11,97,132
12,97,134
13,97,136
14,97,147
15,96,149
16,96,153
17,96,157
18,98,164
19,100,112
20,91,112
21,12,35
22,64,69
23,57,70
24,49,69
25,39,66
26,70,67
27,54,48
28,62,49
29,46,50
30,40,53
31,33,70
32,68,175
33,40,61
34,9,68
35,24,65
36,57,99
37,86,127
38,86,133
39,74,128
40,65,129
41,76,133
42,68,132
43,57,142
44,94,108
45,93,101
46,30,47
47,74,82
48,73,104
49,73,100
50,32,98
51,93,91
52,50,38
53,38,41
54,20,21
55,82,44
56,69,52
57,50,133
58,17,138
59,79,108
60,85,111
61,55,133
62,58,133
63,34,37
64,72,106
65,64,39
66,63,33
67,52,3
68,26,28
69,58,17
70,25,44
71,18,39
72,85,130
73,75,131
74,67,131
75,80,110
76,56,133
77,61,139
78,58,133
79,84,107
80,70,134
81,77,134
82,86,135
83,85,163
84,84,156
85,85,152
86,85,148
87,86,146
88,70,142
89,69,142
90,67,144
91,66,146
92,61,123
93,8,100
94,99,114
95,65,138
96,63,138
97,88,114
98,74,110
99,87,113
100,65,86
101,52,90
102,71,103
103,33,10
104,39,21
105,47,33
106,64,151
107,81,35
108,77,17
109,73,0
110,43,68
111,25,75
112,74,66
113,32,56
114,80,77
115,79,102
116,15,81
117,31,80
118,41,82
119,55,81
120,66,78
121,74,75
122,91,68
123,15,96
124,26,55
125,96,112
126,74,89
127,6,67
128,80,71
129,69,103
130,36,62
131,78,97
132,11,118
133,74,63
134,86,94
135,34,155
136,35,165
137,9,99
138,23,145
139,13,53
140,67,183
141,96,114
142,67,94
143,17,67
144,50,65
145,57,66
146,60,140
147,16,111
148,81,194
149,57,183
150,47,175
151,98,17
152,97,196
153,63,65
154,68,64
155,72,64
156,20,54
157,67,58
158,61,56
159,55,56
160,48,57
161,44,59
162,8,49
163,46,64
164,99,119
165,70,120
166,79,108
167,87,119
168,98,56
169,45,166
170,56,174
171,81,189
172,25,153
173,72,61
174,86,80
175,98,191
176,68,190
177,11,115
178,77,144
179,76,146
180,75,149
181,74,152
182,74,158
183,62,133
184,61,132
185,59,131
186,53,127
187,25,114
188,86,72
189,80,57
190,75,58
191,64,133
192,25,133
193,88,57
194,70,166
195,100,82
196,92,76
197,99,75
198,80,91
199,98,183
200,98,173
201,84,172
202,52,147
203,62,108
204,60,158
205,43,108
206,54,115
207,36,119
208,82,181
209,75,94
210,47,155
211,57,166
212,45,136
213,18,124
214,35,140
215,15,131
216,47,123
217,81,84
218,81,106
219,76,107
220,86,101
221,75,50
222,63,46
223,52,45
224,43,46
225,36,50
226,31,63
227,8,83
228,37,73
229,46,75
230,56,75
231,65,73
232,72,71
233,77,69
234,6,83
235,75,108
236,86,86
237,88,107
238,91,111
239,87,108
240,77,110
241,93,112
242,93,113
243,77,63
244,81,65
245,84,66
246,42,60
247,36,57
248,106,83
249,150,62
250,107,111
251,170,33
252,131,68
253,138,68
254,144,68
255,153,64
256,125,66
257,141,48
258,133,49
259,149,49
260,153,52
261,158,68
262,126,173
263,153,60
264,174,66
265,165,62
266,137,98
267,109,127
268,108,134
269,121,129
270,128,130
271,118,133
272,124,133
273,135,141
274,107,108
275,107,100
276,163,44
277,120,81
278,123,103
279,124,99
280,159,96
281,107,91
282,147,37
283,156,39
284,166,20
285,115,44
286,126,52
287,141,131
288,165,135
289,118,108
290,112,111
291,136,133
292,134,134
293,160,33
294,124,106
295,133,38
296,134,31
297,140,3
298,163,27
299,137,17
300,166,39
301,168,38
302,109,131
303,119,131
304,126,132
305,116,109
306,135,133
307,131,139
308,133,134
309,114,107
310,123,134
311,116,134
312,108,135
313,109,163
314,108,156
315,108,152
316,107,149
317,107,146
318,122,142
319,123,143
320,125,144
321,126,146
322,133,122
323,172,98
324,127,139
325,129,139
326,109,114
327,121,110
328,110,112
329,129,85
330,142,89
331,125,102
332,156,10
333,153,20
334,149,30
335,129,149
336,117,33
337,119,16
338,121,0
339,150,67
340,165,73
341,121,64
342,160,54
343,115,77
344,119,102
345,172,79
346,162,78
347,153,81
348,140,81
349,130,78
350,123,75
351,106,68
352,172,94
353,164,52
354,104,112
355,120,88
356,174,65
357,117,71
358,125,102
359,156,60
360,119,97
361,169,116
362,121,62
363,113,93
364,155,153
365,152,162
366,175,97
367,163,143
368,171,51
369,126,182
370,102,113
371,127,93
372,170,63
373,143,64
374,138,64
375,132,140
376,172,109
377,112,193
378,133,181
379,142,173
380,132,64
381,127,63
382,123,62
383,168,50
384,128,58
385,134,57
386,140,57
387,145,58
388,149,59
389,173,48
390,147,63
391,125,119
392,118,107
393,110,119
394,145,163
395,136,172
396,113,188
397,159,150
398,123,60
399,111,79
400,124,188
401,173,113
402,115,144
403,116,146
404,117,149
405,118,152
406,120,157
407,130,133
408,132,132
409,133,131
410,139,126
411,165,112
412,110,72
413,116,56
414,120,57
415,128,134
416,164,131
417,109,56
418,123,165
419,106,76
420,116,90
421,111,171
422,139,145
423,132,107
424,132,156
425,150,106
426,139,114
427,156,117
428,113,180
429,121,94
430,144,153
431,135,164
432,146,134
433,170,122
434,155,138
435,169,128
436,146,121
437,115,84
438,117,106
439,121,106
440,114,101
441,121,50
442,133,45
443,143,44
444,152,45
445,157,48
446,160,61
447,175,81
448,155,71
449,148,74
450,139,74
451,130,72
452,123,70
453,119,68
454,173,81
455,121,108
456,111,86
457,112,107
458,107,111
459,111,108
460,119,109
461,106,111
462,105,113
463,119,62
464,115,64
465,112,66
466,151,59
467,156,55
468,54,61
469,62,61
470,53,54
471,45,61
472,54,68
473,138,60
474,146,60
475,138,53
476,130,60
477,138,66
