0,94,130
1,96,118
2,97,123
3,90,90
4,96,110
5,96,99
6,97,70
7,48,63
8,97,48
9,97,38
10,97,-2
11,94,132
12,95,134
13,96,136
14,98,152
15,98,155
16,99,159
17,99,163
18,100,168
19,96,122
20,89,121
21,28,31
22,69,69
23,62,70
24,55,70
25,46,65
26,75,67
27,56,47
28,65,48
29,49,49
30,45,52
31,42,69
32,74,177
33,46,60
34,25,65
35,35,63
36,60,104
37,83,129
38,85,134
39,73,130
40,67,131
41,77,134
42,71,134
43,63,147
44,90,118
45,89,110
46,37,45
47,76,85
48,72,112
49,72,107
50,40,101
51,89,100
52,50,38
53,41,41
54,33,18
55,80,45
56,73,51
57,56,139
58,33,134
59,78,117
60,84,119
61,61,134
62,63,134
63,39,35
64,72,114
65,62,39
66,61,33
67,57,2
68,36,28
69,60,19
70,34,41
71,31,37
72,83,132
73,75,132
74,69,133
75,79,118
76,62,134
77,66,141
78,64,135
79,81,117
80,73,135
81,79,135
82,86,136
83,89,167
84,87,162
85,87,158
86,88,154
87,89,151
88,75,145
89,74,146
90,71,148
91,70,150
92,64,130
93,27,95
94,97,123
95,71,141
96,69,141
97,86,122
98,74,117
99,85,121
100,69,88
101,57,93
102,71,109
103,42,9
104,46,21
105,48,32
106,70,156
107,77,35
108,77,18
109,74,0
110,49,68
111,35,74
112,78,66
113,40,55
114,81,81
115,77,111
116,28,81
117,38,81
118,46,85
119,59,84
120,69,80
121,76,77
122,90,72
123,27,96
124,35,53
125,92,122
126,76,93
127,26,61
128,81,74
129,70,109
130,44,60
131,77,105
132,29,114
133,79,63
134,83,102
135,45,156
136,48,164
137,24,97
138,36,145
139,28,50
140,74,184
141,93,123
142,69,98
143,31,63
144,55,66
145,62,66
146,65,142
147,27,112
148,87,195
149,67,183
150,58,175
151,97,17
152,101,196
153,68,65
154,73,64
155,77,63
156,32,50
157,72,57
158,65,54
159,59,54
160,52,55
161,49,57
162,26,44
163,51,65
164,98,127
165,71,127
166,78,116
167,86,127
168,97,59
169,55,167
170,64,175
171,86,191
172,40,151
173,76,61
174,85,85
175,101,192
176,76,190
177,25,114
178,81,149
179,80,151
180,78,154
181,78,158
182,78,163
183,67,134
184,65,133
185,63,132
186,58,133
187,34,117
188,86,76
189,83,57
190,79,58
191,68,135
192,35,135
193,88,58
194,76,169
195,96,89
196,90,82
197,97,80
198,80,97
199,100,185
200,100,176
201,88,175
202,59,151
203,65,114
204,67,161
205,49,112
206,58,121
207,43,123
208,86,184
209,75,100
210,55,158
211,65,168
212,52,141
213,29,125
214,44,143
215,29,130
216,52,128
217,81,89
218,79,115
219,75,115
220,82,111
221,76,50
222,64,45
223,53,44
224,46,46
225,41,49
226,40,61
227,24,81
228,45,73
229,51,76
230,61,76
231,70,74
232,76,72
233,80,70
234,26,78
235,75,116
236,85,93
237,84,117
238,88,120
239,84,118
240,76,118
241,90,121
242,91,122
243,81,63
244,84,66
245,85,68
246,47,59
247,43,55
248,103,90
249,150,60
250,105,120
251,177,24
252,129,68
253,136,68
254,143,68
255,153,62
256,122,67
257,141,46
258,132,48
259,149,47
260,154,49
261,159,66
262,129,176
263,153,58
264,181,59
265,167,59
266,138,100
267,107,128
268,107,133
269,120,127
270,129,127
271,118,131
272,126,130
273,139,144
274,102,118
275,103,110
276,163,42
277,121,83
278,123,110
279,124,105
280,160,96
281,103,99
282,146,36
283,156,37
284,169,12
285,113,46
286,124,52
287,146,135
288,179,130
289,118,115
290,112,118
291,141,129
292,138,130
293,160,31
294,124,112
295,132,38
296,133,32
297,139,-1
298,164,22
299,135,15
300,168,37
301,172,31
302,107,130
303,119,129
304,128,129
305,116,116
306,139,129
307,135,137
308,137,130
309,113,115
310,125,131
311,117,132
312,107,134
313,112,167
314,112,161
315,111,157
316,110,153
317,109,150
318,126,142
319,127,143
320,130,145
321,131,147
322,135,127
323,185,89
324,131,137
325,133,137
326,109,121
327,123,115
328,110,119
329,129,86
330,141,89
331,126,107
332,157,3
333,152,16
334,149,29
335,132,153
336,116,36
337,117,16
338,120,-3
339,150,66
340,166,70
341,119,66
342,160,51
343,115,79
344,117,109
345,176,75
346,161,76
347,152,81
348,138,81
349,127,79
350,120,76
351,104,71
352,177,91
353,166,49
354,101,121
355,121,91
356,184,55
357,114,73
358,127,106
359,156,57
360,118,103
361,184,109
362,119,63
363,110,100
364,163,153
365,162,161
366,184,91
367,172,141
368,177,44
369,130,184
370,100,122
371,128,95
372,173,59
373,143,64
374,136,64
375,137,137
376,177,106
377,116,195
378,139,182
379,150,173
380,130,64
381,124,64
382,120,64
383,171,46
384,126,57
385,133,54
386,139,53
387,146,54
388,149,55
389,182,37
390,147,62
391,127,125
392,117,115
393,110,126
394,151,165
395,141,174
396,116,190
397,172,148
398,121,61
399,109,84
400,129,189
401,183,109
402,118,147
403,120,149
404,122,152
405,123,155
406,124,161
407,133,129
408,135,129
409,136,127
410,142,130
411,168,112
412,110,75
413,113,58
414,118,59
415,132,130
416,170,130
417,107,59
418,127,168
419,103,81
420,116,95
421,114,174
422,144,148
423,133,111
424,136,159
425,151,108
426,141,117
427,158,119
428,115,183
429,121,98
430,149,155
431,139,166
432,151,137
433,176,120
434,160,139
435,180,125
436,148,124
437,115,88
438,115,114
439,121,113
440,110,110
441,119,51
442,132,45
443,143,43
444,152,44
445,158,46
446,161,58
447,183,75
448,155,70
449,147,73
450,137,74
451,128,73
452,121,71
453,116,70
454,185,72
455,121,114
456,109,92
457,109,116
458,105,119
459,109,117
460,120,116
461,103,121
462,103,121
463,116,64
464,112,66
465,110,68
466,152,57
467,157,53
468,61,59
469,69,59
470,61,52
471,53,60
472,61,67
473,140,58
474,147,58
475,139,51
476,132,58
477,140,65
