0,97,136
1,88,112
2,93,116
3,83,87
4,87,105
5,87,95
6,90,68
7,49,59
8,90,48
9,89,38
10,88,1
11,97,138
12,98,139
13,99,140
14,99,140
15,99,144
16,99,148
17,100,151
18,101,159
19,89,114
20,84,113
21,31,26
22,70,66
23,63,67
24,56,67
25,48,61
26,75,64
27,54,48
28,62,49
29,47,49
30,44,51
31,44,65
32,80,164
33,47,57
34,34,56
35,38,58
36,63,98
37,89,134
38,92,138
39,84,135
40,80,136
41,87,138
42,83,138
43,73,142
44,82,111
45,80,105
46,35,45
47,75,80
48,71,105
49,71,101
50,47,95
51,81,95
52,45,42
53,38,43
54,32,16
55,74,50
56,70,52
57,68,135
58,54,114
59,76,110
60,81,113
61,75,138
62,77,138
63,34,37
64,72,108
65,57,45
66,54,39
67,49,4
68,33,25
69,52,19
70,32,40
71,31,33
72,90,137
73,85,136
74,81,137
75,78,111
76,76,138
77,79,140
78,78,138
79,77,109
80,84,138
81,88,139
82,93,140
83,93,158
84,92,151
85,92,147
86,92,143
87,93,140
88,84,139
89,83,140
90,81,142
91,80,144
92,71,125
93,45,80
94,91,115
95,81,138
96,80,139
97,84,116
98,75,112
99,83,114
100,70,83
101,60,88
102,71,104
103,37,9
104,39,20
105,42,36
106,78,148
107,70,42
108,68,20
109,66,2
110,51,65
111,39,69
112,77,63
113,40,53
114,78,76
115,73,104
116,35,72
117,42,76
118,48,81
119,61,80
120,69,77
121,75,75
122,84,69
123,37,88
124,36,51
125,86,114
126,75,88
127,37,51
128,79,72
129,72,103
130,45,57
131,73,99
132,49,97
133,77,61
134,77,97
135,60,139
136,65,143
137,38,84
138,54,128
139,32,43
140,80,170
141,88,115
142,71,93
143,35,58
144,56,63
145,62,63
146,77,141
147,41,101
148,93,181
149,77,165
150,72,156
151,89,20
152,107,184
153,68,62
154,73,61
155,76,61
156,33,47
157,71,55
158,64,52
159,57,52
160,52,53
161,49,55
162,32,37
163,52,61
164,94,121
165,75,122
166,76,109
167,85,121
168,91,57
169,67,150
170,74,159
171,90,178
172,60,130
173,75,58
174,80,81
175,105,181
176,84,174
177,43,99
178,88,139
179,87,141
180,86,144
181,85,148
182,84,154
183,80,138
184,78,137
185,77,137
186,69,130
187,47,108
188,81,72
189,80,58
190,77,57
191,81,138
192,51,122
193,83,60
194,82,158
195,88,86
196,83,78
197,89,77
198,76,92
199,103,175
200,102,166
201,92,164
202,68,143
203,68,108
204,75,151
205,55,106
206,64,115
207,54,116
208,90,172
209,74,95
210,65,145
211,73,155
212,62,134
213,46,111
214,57,132
215,48,113
216,62,123
217,78,84
218,75,108
219,73,108
220,76,104
221,73,52
222,60,48
223,50,47
224,43,47
225,40,49
226,42,58
227,36,70
228,47,69
229,53,72
230,62,72
231,70,71
232,75,69
233,79,68
234,42,65
235,74,109
236,79,89
237,78,109
238,83,112
239,79,110
240,76,111
241,84,113
242,86,114
243,79,62
244,81,65
245,82,68
246,48,56
247,43,53
248,95,87
249,149,61
250,99,113
251,191,23
252,129,67
253,136,68
254,143,68
255,153,63
256,123,66
257,136,50
258,128,51
259,144,51
260,149,53
261,161,68
262,134,167
263,153,58
264,194,55
265,171,62
266,136,99
267,106,134
268,106,138
269,115,134
270,122,135
271,114,137
272,121,137
273,138,144
274,94,111
275,94,105
276,157,48
277,119,80
278,117,106
279,119,102
280,161,96
281,95,95
282,134,44
283,146,45
284,179,13
285,105,51
286,122,53
287,143,137
288,194,118
289,112,110
290,106,113
291,133,136
292,131,136
293,150,40
294,119,108
295,120,46
296,120,40
297,138,1
298,169,23
299,132,18
300,163,44
301,181,31
302,106,136
303,115,136
304,122,136
305,110,112
306,132,136
307,128,138
308,130,136
309,106,110
310,120,137
311,114,138
312,107,139
313,112,159
314,109,150
315,108,146
316,107,143
317,107,139
318,120,137
319,122,139
320,123,140
321,124,143
322,130,126
323,202,81
324,125,137
325,127,137
326,103,116
327,117,112
328,104,114
329,127,84
330,141,88
331,121,104
332,161,5
333,154,18
334,136,38
335,131,150
336,104,43
337,111,19
338,114,0
339,150,66
340,171,73
341,119,65
342,158,55
343,113,76
344,111,105
345,184,73
346,165,79
347,154,82
348,139,81
349,129,78
350,122,75
351,99,69
352,183,89
353,165,54
354,93,114
355,118,88
356,202,50
357,115,72
358,123,103
359,156,59
360,112,99
361,200,99
362,120,63
363,103,97
364,170,144
365,173,149
366,196,86
367,181,132
368,188,42
369,136,173
370,94,115
371,126,93
372,179,63
373,141,64
374,135,64
375,129,139
376,183,103
377,123,183
378,149,170
379,160,161
380,129,64
381,124,63
382,121,63
383,172,51
384,126,57
385,132,54
386,138,54
387,144,55
388,148,56
389,198,35
390,146,63
391,121,123
392,111,110
393,105,122
394,159,155
395,149,164
396,122,180
397,185,135
398,122,61
399,104,81
400,137,178
401,194,102
402,114,138
403,115,141
404,116,144
405,117,147
406,123,155
407,126,136
408,127,136
409,128,135
410,137,131
411,169,110
412,106,72
413,112,59
414,118,59
415,125,137
416,174,125
417,103,61
418,129,160
419,97,78
420,111,92
421,116,165
422,147,146
423,130,109
424,139,154
425,149,107
426,138,116
427,157,118
428,119,173
429,117,95
430,155,150
431,145,159
432,152,137
433,182,115
434,163,136
435,190,117
436,146,125
437,111,85
438,108,108
439,115,109
440,103,105
441,115,54
442,125,50
443,134,48
444,144,49
445,152,51
446,162,61
447,196,71
448,156,71
449,148,74
450,138,74
451,129,72
452,122,70
453,117,69
454,202,65
455,115,110
456,103,89
457,101,110
458,98,113
459,102,111
460,114,112
461,96,114
462,97,115
463,117,63
464,113,66
465,109,68
466,151,57
467,154,55
468,62,56
469,70,55
470,61,49
471,54,57
472,63,63
473,143,57
474,151,57
475,142,50
476,135,57
477,143,64
