0,96,135
1,85,109
2,91,116
3,82,83
4,84,102
5,85,91
6,91,64
7,55,59
8,92,45
9,91,35
10,90,-4
11,96,138
12,97,140
13,98,141
14,98,141
15,98,144
16,98,148
17,99,152
18,102,162
19,87,113
20,83,113
21,40,30
22,74,65
23,67,66
24,61,66
25,54,61
26,80,64
27,59,45
28,68,46
29,53,47
30,50,50
31,51,67
32,83,171
33,53,57
34,43,62
35,47,61
36,65,100
37,88,132
38,90,139
39,82,132
40,78,133
41,85,137
42,81,136
43,74,146
44,80,109
45,78,102
46,41,44
47,77,80
48,71,105
49,72,101
50,50,99
51,80,92
52,49,38
53,43,39
54,41,18
55,76,44
56,75,49
57,69,138
58,61,129
59,76,109
60,81,112
61,73,134
62,74,134
63,41,35
64,73,108
65,59,39
66,57,33
67,55,1
68,42,27
69,58,17
70,39,40
71,40,37
72,88,136
73,83,135
74,79,135
75,78,111
76,73,134
77,76,137
78,75,135
79,76,108
80,82,138
81,86,139
82,91,140
83,93,161
84,91,150
85,90,146
86,91,143
87,91,140
88,82,138
89,81,139
90,80,140
91,79,143
92,71,127
93,53,92
94,89,115
95,79,136
96,78,137
97,84,115
98,76,112
99,82,114
100,72,84
101,62,90
102,72,104
103,45,8
104,47,20
105,46,32
106,79,152
107,72,35
108,72,16
109,70,-2
110,56,65
111,47,72
112,83,62
113,47,53
114,81,75
115,72,103
116,41,78
117,48,78
118,54,82
119,65,80
120,74,77
121,79,74
122,86,66
123,41,94
124,44,52
125,84,113
126,77,88
127,47,60
128,83,70
129,74,103
130,51,57
131,74,98
132,57,110
133,83,59
134,76,94
135,64,151
136,70,157
137,44,94
138,58,140
139,41,48
140,84,178
141,86,114
142,72,93
143,46,61
144,60,62
145,66,62
146,76,138
147,44,109
148,97,189
149,82,176
150,77,168
151,90,14
152,110,192
153,73,61
154,78,60
155,82,60
156,43,50
157,77,53
158,70,51
159,63,51
160,57,52
161,55,54
162,42,43
163,57,61
164,93,122
165,75,123
166,75,109
167,84,122
168,93,54
169,71,161
170,78,170
171,93,185
172,66,145
173,81,57
174,81,79
175,107,187
176,88,184
177,48,110
178,86,139
179,85,141
180,84,144
181,84,147
182,85,157
183,77,135
184,76,134
185,75,133
186,69,132
187,49,114
188,83,70
189,84,54
190,82,55
191,79,136
192,54,131
193,86,55
194,84,164
195,87,82
196,84,75
197,89,74
198,77,91
199,105,180
200,103,171
201,93,169
202,70,149
203,69,110
204,77,157
205,57,109
206,65,117
207,55,121
208,92,178
209,75,94
210,68,154
211,76,163
212,64,139
213,49,121
214,60,140
215,52,125
216,63,127
217,79,83
218,74,107
219,73,108
220,74,102
221,77,48
222,64,43
223,55,43
224,48,45
225,45,48
226,49,59
227,43,78
228,53,70
229,58,73
230,66,73
231,75,70
232,80,68
233,83,66
234,51,75
235,74,109
236,79,86
237,76,108
238,81,111
239,78,109
240,77,111
241,82,112
242,84,114
243,84,60
244,86,62
245,85,65
246,53,55
247,49,53
248,94,83
249,150,56
250,97,112
251,195,17
252,129,65
253,136,65
254,144,64
255,155,59
256,123,64
257,136,42
258,128,43
259,145,42
260,151,45
261,163,63
262,136,173
263,153,54
264,200,53
265,175,57
266,137,98
267,106,133
268,107,139
269,118,135
270,127,136
271,117,139
272,125,139
273,141,146
274,91,109
275,91,102
276,162,39
277,120,78
278,116,105
279,118,100
280,164,95
281,92,92
282,137,33
283,150,34
284,180,5
285,106,43
286,122,47
287,146,139
288,208,127
289,111,109
290,105,112
291,140,137
292,138,138
293,155,28
294,118,107
295,122,35
296,122,29
297,136,-6
298,170,16
299,130,10
300,169,35
301,184,25
302,107,137
303,117,137
304,126,137
305,110,111
306,139,137
307,134,140
308,137,138
309,104,108
310,125,139
311,116,140
312,107,141
313,113,161
314,109,151
315,108,147
316,108,144
317,107,141
318,125,140
319,126,141
320,127,143
321,128,145
322,131,127
323,214,86
324,131,139
325,132,139
326,102,115
327,117,112
328,103,114
329,128,82
330,142,87
331,121,103
332,161,-2
333,152,10
334,139,26
335,133,153
336,106,33
337,110,12
338,113,-6
339,151,62
340,174,68
341,119,62
342,161,48
343,113,74
344,109,103
345,189,71
346,166,74
347,154,78
348,138,78
349,128,75
350,120,73
351,99,66
352,189,89
353,169,47
354,91,113
355,118,87
356,210,49
357,113,69
358,123,103
359,158,54
360,110,97
361,213,106
362,119,60
363,101,94
364,179,153
365,184,160
366,205,88
367,191,140
368,193,38
369,140,181
370,92,114
371,126,92
372,185,58
373,141,59
374,135,60
375,135,141
376,190,105
377,126,191
378,155,180
379,169,172
380,130,60
381,125,60
382,121,60
383,178,45
384,125,52
385,131,49
386,137,48
387,143,49
388,148,51
389,204,31
390,146,58
391,121,123
392,110,109
393,104,122
394,166,164
395,154,173
396,124,186
397,197,146
398,121,57
399,104,78
400,141,187
401,205,106
402,116,140
403,117,142
404,118,145
405,119,149
406,124,158
407,133,138
408,134,137
409,135,137
410,140,132
411,175,111
412,106,69
413,112,54
414,117,54
415,131,139
416,182,130
417,103,55
418,131,165
419,97,75
420,110,90
421,117,170
422,150,150
423,131,108
424,142,159
425,151,107
426,140,116
427,162,119
428,121,179
429,117,93
430,160,156
431,148,165
432,155,140
433,191,119
434,169,140
435,201,123
436,149,126
437,111,82
438,106,107
439,113,108
440,100,102
441,115,47
442,126,41
443,136,39
444,146,39
445,155,42
446,165,56
447,203,70
448,158,67
449,149,70
450,138,71
451,129,70
452,121,68
453,116,66
454,212,67
455,115,109
456,102,86
457,98,108
458,96,112
459,100,109
460,114,111
461,94,112
462,95,114
463,116,60
464,112,62
465,108,64
466,151,52
467,156,49
468,71,56
469,79,55
470,70,48
471,63,56
472,71,63
473,141,53
474,149,53
475,141,46
476,133,54
477,142,61
