0,97,135
1,96,115
2,96,120
3,90,87
4,95,108
5,96,96
6,97,67
7,48,59
8,97,43
9,97,32
10,98,-5
11,97,137
12,97,139
13,98,140
14,98,140
15,97,143
16,97,146
17,97,150
18,97,155
19,96,119
20,89,117
21,23,24
22,69,67
23,62,68
24,55,67
25,46,61
26,76,65
27,57,42
28,66,43
29,49,44
30,44,47
31,41,65
32,73,165
33,45,55
34,21,57
35,33,57
36,63,100
37,89,133
38,90,138
39,82,133
40,77,134
41,84,137
42,79,137
43,68,141
44,90,115
45,89,107
46,35,40
47,77,81
48,75,109
49,75,104
50,43,97
51,89,97
52,49,33
53,40,35
54,28,12
55,82,41
56,73,47
57,63,136
58,34,124
59,80,113
60,85,116
61,71,135
62,72,136
63,37,29
64,76,111
65,63,35
66,61,28
67,55,-2
68,32,21
69,59,12
70,31,35
71,27,30
72,90,136
73,83,135
74,78,135
75,82,114
76,71,135
77,74,138
78,73,136
79,83,113
80,80,137
81,85,138
82,91,140
83,89,154
84,89,149
85,90,145
86,90,142
87,91,139
88,80,138
89,79,139
90,78,140
91,77,142
92,69,127
93,26,86
94,96,119
95,77,137
96,75,137
97,88,119
98,78,115
99,87,117
100,70,85
101,59,90
102,75,106
103,38,2
104,42,14
105,47,27
106,73,147
107,79,31
108,77,13
109,75,-5
110,49,65
111,34,70
112,80,62
113,39,49
114,82,77
115,79,107
116,27,74
117,38,77
118,46,82
119,60,81
120,70,78
121,77,75
122,90,68
123,28,91
124,33,47
125,92,118
126,78,90
127,21,53
128,82,71
129,74,106
130,43,55
131,79,101
132,29,105
133,80,59
134,84,98
135,46,146
136,48,152
137,24,89
138,38,135
139,24,43
140,72,172
141,93,119
142,72,95
143,28,57
144,55,63
145,62,64
146,73,138
147,31,105
148,85,181
149,66,170
150,58,162
151,97,14
152,98,183
153,68,63
154,74,61
155,78,60
156,29,44
157,73,52
158,66,49
159,59,49
160,52,50
161,49,52
162,21,37
163,51,61
164,97,125
165,76,125
166,80,113
167,87,125
168,97,54
169,55,156
170,64,164
171,84,177
172,40,140
173,77,57
174,86,81
175,98,179
176,74,176
177,27,105
178,85,138
179,84,140
180,83,143
181,83,146
182,80,151
183,76,136
184,74,135
185,74,135
186,65,131
187,38,111
188,86,72
189,84,54
190,80,54
191,77,137
192,39,127
193,89,55
194,77,158
195,96,86
196,90,78
197,96,77
198,81,94
199,98,172
200,98,163
201,87,162
202,61,144
203,68,111
204,69,152
205,52,108
206,62,117
207,47,118
208,84,171
209,78,97
210,56,149
211,65,157
212,55,136
213,33,117
214,47,136
215,31,121
216,57,125
217,82,85
218,81,111
219,77,112
220,83,107
221,77,46
222,64,40
223,54,39
224,45,41
225,40,44
226,39,56
227,22,73
228,44,70
229,51,73
230,61,74
231,70,72
232,77,69
233,81,67
234,23,70
235,78,113
236,85,90
237,85,113
238,89,116
239,85,114
240,80,114
241,90,117
242,91,118
243,82,60
244,85,63
245,86,65
246,47,54
247,42,50
248,102,87
249,150,60
250,104,117
251,181,24
252,129,68
253,137,69
254,144,68
255,153,62
256,123,66
257,141,43
258,131,44
259,148,45
260,153,49
261,160,67
262,124,167
263,153,57
264,184,58
265,168,60
266,134,101
267,106,134
268,106,139
269,115,135
270,120,136
271,113,138
272,118,138
273,130,143
274,102,115
275,102,108
276,164,42
277,119,82
278,119,109
279,119,104
280,157,98
281,102,97
282,146,35
283,156,37
284,174,11
285,113,42
286,124,48
287,136,137
288,176,126
289,114,114
290,108,116
291,128,138
292,127,138
293,160,32
294,119,111
295,132,36
296,133,29
297,143,-2
298,168,21
299,138,13
300,168,38
301,175,31
302,106,136
303,114,137
304,119,137
305,112,115
306,128,138
307,124,140
308,126,138
309,110,113
310,117,139
311,112,139
312,105,140
313,106,155
314,106,149
315,106,146
316,105,143
317,105,140
318,117,139
319,118,140
320,120,142
321,120,144
322,127,128
323,185,88
324,122,139
325,123,139
326,106,119
327,117,115
328,107,118
329,127,86
330,139,90
331,121,107
332,162,2
333,156,15
334,149,28
335,124,148
336,115,32
337,119,13
338,122,-5
339,150,66
340,168,72
341,118,64
342,160,52
343,114,77
344,114,108
345,176,75
346,163,79
347,154,83
348,139,82
349,128,79
350,121,75
351,104,68
352,174,92
353,167,50
354,100,118
355,118,90
356,187,54
357,115,72
358,122,106
359,156,57
360,115,102
361,182,106
362,118,61
363,109,99
364,158,149
365,158,155
366,182,90
367,168,138
368,180,43
369,126,173
370,99,119
371,125,95
372,175,60
373,143,64
374,137,65
375,125,140
376,173,107
377,113,182
378,135,172
379,146,165
380,130,64
381,124,63
382,120,62
383,172,47
384,125,53
385,132,50
386,139,49
387,145,51
388,149,54
389,186,37
390,147,62
391,120,125
392,114,113
393,106,125
394,147,158
395,137,166
396,113,178
397,168,142
398,120,58
399,109,81
400,125,178
401,180,107
402,112,139
403,113,141
404,113,144
405,114,147
406,116,152
407,123,138
408,124,137
409,125,137
410,133,132
411,163,113
412,109,72
413,113,55
414,117,55
415,122,138
416,164,129
417,107,56
418,120,159
419,103,78
420,113,94
421,109,163
422,138,146
423,128,111
424,130,154
425,146,109
426,135,118
427,153,120
428,112,172
429,118,97
430,144,151
431,134,159
432,144,138
433,171,119
434,154,138
435,176,123
436,142,126
437,113,86
438,112,112
439,117,112
440,109,108
441,119,47
442,132,41
443,143,41
444,152,43
445,157,46
446,161,59
447,184,74
448,156,71
449,148,74
450,138,75
451,129,73
452,121,70
453,116,68
454,187,70
455,117,113
456,108,90
457,107,113
458,104,117
459,107,114
460,115,115
461,102,118
462,102,118
463,116,61
464,112,64
465,110,66
466,151,56
467,156,52
468,61,54
469,69,54
470,61,46
471,52,55
472,60,63
473,136,55
474,145,55
475,136,46
476,127,55
477,136,64
