0,98,131
1,97,108
2,97,116
3,90,83
4,97,100
5,97,90
6,97,66
7,46,64
8,97,44
9,97,33
10,97,-3
11,98,134
12,98,136
13,98,137
14,98,151
15,98,154
16,98,157
17,98,161
18,99,168
19,97,112
20,90,112
21,20,37
22,66,70
23,59,71
24,52,70
25,43,67
26,73,68
27,56,48
28,64,48
29,48,50
30,43,53
31,36,71
32,70,179
33,44,62
34,16,71
35,29,66
36,58,101
37,86,130
38,87,135
39,75,131
40,68,133
41,78,135
42,71,135
43,60,147
44,90,108
45,89,100
46,33,46
47,75,83
48,72,105
49,72,101
50,34,100
51,90,90
52,50,37
53,40,40
54,27,22
55,82,42
56,71,52
57,53,137
58,22,146
59,78,110
60,84,112
61,59,137
62,61,137
63,36,35
64,72,108
65,63,37
66,62,30
67,55,1
68,32,29
69,59,16
70,29,42
71,24,41
72,86,133
73,77,133
74,69,134
75,80,111
76,60,137
77,64,143
78,62,137
79,82,108
80,72,136
81,79,136
82,88,136
83,87,167
84,87,160
85,87,156
86,87,153
87,88,151
88,72,147
89,71,147
90,70,149
91,68,151
92,62,126
93,16,107
94,97,114
95,67,143
96,66,143
97,87,115
98,74,112
99,86,114
100,66,87
101,53,91
102,70,104
103,38,10
104,43,20
105,48,31
106,67,155
107,79,32
108,76,15
109,74,-2
110,46,69
111,28,76
112,77,66
113,36,56
114,80,78
115,77,103
116,20,84
117,32,81
118,41,84
119,55,83
120,66,80
121,74,76
122,90,68
123,19,99
124,30,55
125,93,112
126,74,90
127,15,71
128,80,72
129,69,105
130,40,62
131,77,98
132,18,126
133,77,63
134,83,93
135,38,162
136,40,172
137,14,104
138,27,152
139,20,55
140,70,187
141,94,114
142,67,95
143,23,67
144,53,66
145,59,66
146,63,144
147,19,115
148,84,198
149,62,188
150,52,182
151,97,14
152,99,199
153,65,66
154,71,65
155,75,64
156,26,53
157,70,58
158,64,56
159,57,56
160,51,57
161,47,59
162,16,52
163,49,65
164,98,121
165,70,123
166,78,109
167,86,121
168,97,55
169,49,171
170,59,179
171,83,193
172,30,162
173,75,61
174,85,80
175,99,194
176,72,194
177,16,122
178,80,149
179,78,151
180,77,153
181,77,157
182,75,162
183,65,136
184,63,135
185,62,134
186,55,131
187,27,118
188,85,72
189,82,57
190,78,58
191,66,136
192,28,139
193,88,56
194,72,170
195,97,81
196,90,76
197,97,74
198,79,91
199,99,186
200,99,177
201,85,176
202,55,152
203,63,111
204,63,162
205,44,110
206,55,118
207,38,123
208,83,185
209,74,96
210,50,160
211,60,170
212,48,141
213,21,130
214,39,145
215,19,138
216,49,126
217,80,85
218,80,106
219,75,108
220,83,101
221,76,49
222,64,44
223,53,44
224,44,46
225,39,50
226,35,64
227,14,87
228,40,74
229,47,76
230,57,76
231,66,74
232,74,72
233,79,69
234,15,89
235,75,110
236,85,86
237,85,107
238,89,111
239,85,108
240,76,112
241,91,112
242,91,113
243,80,64
244,83,65
245,85,66
246,45,61
247,40,57
248,103,82
249,151,62
250,104,112
251,177,34
252,131,69
253,138,69
254,145,69
255,154,65
256,124,67
257,141,46
258,132,47
259,149,47
260,154,51
261,161,69
262,128,179
263,154,60
264,181,68
265,168,63
266,138,100
267,110,130
268,110,135
269,122,131
270,131,132
271,120,134
272,128,134
273,139,146
274,103,108
275,104,100
276,163,43
277,120,82
278,122,104
279,123,100
280,162,98
281,103,90
282,146,34
283,156,37
284,170,19
285,113,41
286,125,50
287,146,136
288,177,144
289,117,109
290,110,112
291,141,135
292,139,135
293,159,32
294,123,107
295,132,34
296,133,28
297,139,0
298,164,26
299,135,14
300,167,39
301,172,38
302,110,133
303,121,133
304,129,133
305,115,111
306,140,135
307,135,142
308,138,136
309,112,107
310,127,135
311,119,135
312,110,136
313,111,167
314,111,160
315,110,156
316,110,153
317,109,151
318,126,145
319,127,146
320,129,148
321,130,150
322,136,125
323,183,104
324,132,142
325,134,142
326,108,115
327,121,112
328,109,113
329,129,86
330,143,90
331,125,103
332,158,7
333,153,17
334,148,28
335,132,154
336,115,30
337,117,13
338,120,-3
339,151,67
340,168,74
341,120,66
342,161,54
343,115,78
344,117,102
345,177,81
346,164,79
347,155,82
348,141,82
349,130,79
350,122,76
351,104,67
352,178,97
353,166,52
354,101,112
355,120,89
356,183,68
357,116,72
358,126,104
359,157,60
360,117,97
361,182,124
362,120,63
363,110,93
364,162,160
365,161,171
366,184,101
367,172,151
368,177,52
369,129,187
370,100,114
371,128,94
372,174,64
373,144,64
374,138,65
375,137,143
376,179,113
377,114,198
378,137,187
379,148,180
380,132,65
381,126,64
382,122,63
383,171,50
384,126,57
385,133,55
386,139,54
387,146,55
388,150,58
389,181,49
390,148,63
391,127,122
392,116,108
393,110,121
394,150,170
395,140,178
396,115,193
397,170,160
398,122,61
399,109,79
400,127,193
401,183,120
402,118,148
403,120,150
404,121,153
405,122,156
406,123,162
407,135,135
408,136,134
409,137,133
410,143,130
411,170,116
412,109,72
413,114,56
414,118,57
415,133,135
416,171,137
417,107,55
418,126,170
419,104,75
420,115,91
421,113,176
422,144,151
423,133,110
424,136,161
425,152,109
426,142,117
427,160,121
428,115,185
429,121,95
430,149,159
431,139,169
432,151,139
433,177,128
434,160,144
435,180,136
436,149,125
437,115,84
438,114,106
439,120,107
440,110,101
441,120,48
442,132,42
443,143,42
444,152,43
445,158,48
446,162,62
447,183,85
448,157,72
449,150,75
450,140,75
451,130,74
452,123,71
453,117,69
454,183,86
455,120,109
456,109,86
457,108,107
458,104,111
459,109,108
460,118,111
461,103,111
462,102,113
463,117,63
464,113,65
465,111,66
466,152,59
467,157,55
468,59,61
469,68,61
470,59,53
471,51,61
472,60,69
473,137,60
474,146,60
475,136,52
476,128,60
477,137,67
