0,100,132
1,99,107
2,99,114
3,92,82
4,99,99
5,99,89
6,99,64
7,46,63
8,99,47
9,99,37
10,100,1
11,100,135
12,100,137
13,100,139
14,100,139
15,100,143
16,100,147
17,100,151
18,99,166
19,99,111
20,91,110
21,19,38
22,67,70
23,59,71
24,52,70
25,43,66
26,73,69
27,56,49
28,65,50
29,48,51
30,43,53
31,37,71
32,69,177
33,44,61
34,15,70
35,28,66
36,59,100
37,89,130
38,90,137
39,78,133
40,71,135
41,81,137
42,74,138
43,61,147
44,92,106
45,91,99
46,32,47
47,76,81
48,72,104
49,72,100
50,37,99
51,92,90
52,49,39
53,39,42
54,26,24
55,83,47
56,72,53
57,55,139
58,23,141
59,78,108
60,85,111
61,61,139
62,63,139
63,35,37
64,72,107
65,64,41
66,62,35
67,56,5
68,30,31
69,60,19
70,28,45
71,23,42
72,89,134
73,80,135
74,72,136
75,80,110
76,62,139
77,66,141
78,64,139
79,83,106
80,75,139
81,82,139
82,91,139
83,87,165
84,89,151
85,89,146
86,90,142
87,91,139
88,75,139
89,74,140
90,72,143
91,71,145
92,64,126
93,16,104
94,99,112
95,70,139
96,68,140
97,88,114
98,75,111
99,86,112
100,68,86
101,55,90
102,70,103
103,37,13
104,42,23
105,47,34
106,68,154
107,80,37
108,78,18
109,76,2
110,46,69
111,29,76
112,78,67
113,36,57
114,82,77
115,78,101
116,20,82
117,33,81
118,43,83
119,57,82
120,68,80
121,76,76
122,92,67
123,21,98
124,30,56
125,95,110
126,76,89
127,14,70
128,82,72
129,70,103
130,41,62
131,78,96
132,18,122
133,78,64
134,85,92
135,38,158
136,39,168
137,15,101
138,29,148
139,19,55
140,68,186
141,95,112
142,68,94
143,22,68
144,53,66
145,59,66
146,65,142
147,22,113
148,82,198
149,59,186
150,50,178
151,100,18
152,99,200
153,65,66
154,72,65
155,76,65
156,25,55
157,71,59
158,64,57
159,58,57
160,52,57
161,48,59
162,15,52
163,49,64
164,99,120
165,71,122
166,79,107
167,87,120
168,99,56
169,48,169
170,57,178
171,82,192
172,31,156
173,76,62
174,87,78
175,99,194
176,70,193
177,18,118
178,82,139
179,81,141
180,80,145
181,79,149
182,76,160
183,68,138
184,66,138
185,65,137
186,58,132
187,30,116
188,87,71
189,83,58
190,79,59
191,70,139
192,30,136
193,89,58
194,73,168
195,99,80
196,92,74
197,99,73
198,80,90
199,99,185
200,99,174
201,85,174
202,55,151
203,64,110
204,63,161
205,47,109
206,57,117
207,40,121
208,83,184
209,75,94
210,49,159
211,59,169
212,49,141
213,24,126
214,40,143
215,22,134
216,50,126
217,81,83
218,80,105
219,75,106
220,84,100
221,77,52
222,64,47
223,53,46
224,44,47
225,38,51
226,35,64
227,15,85
228,41,74
229,48,76
230,58,76
231,67,75
232,75,72
233,81,70
234,14,87
235,75,108
236,86,85
237,86,105
238,91,109
239,86,106
240,77,111
241,92,110
242,93,112
243,81,64
244,85,66
245,87,67
246,46,60
247,40,57
248,106,81
249,154,63
250,106,110
251,182,36
252,132,69
253,140,70
254,148,69
255,157,66
256,125,68
257,143,49
258,134,50
259,152,50
260,157,53
261,163,70
262,129,177
263,156,61
264,185,68
265,172,65
266,139,99
267,111,130
268,110,137
269,121,132
270,129,134
271,119,137
272,125,137
273,138,146
274,105,106
275,106,99
276,169,46
277,122,81
278,125,103
279,126,99
280,162,98
281,106,89
282,150,39
283,161,41
284,175,22
285,116,46
286,126,53
287,145,137
288,177,140
289,119,108
290,112,110
291,138,137
292,135,137
293,166,36
294,126,106
295,135,40
296,137,35
297,144,4
298,170,29
299,140,18
300,173,43
301,177,40
302,111,134
303,120,134
304,127,135
305,117,109
306,136,137
307,132,139
308,134,138
309,115,106
310,124,138
311,117,138
312,109,139
313,111,165
314,111,150
315,111,146
316,110,142
317,109,139
318,124,138
319,126,140
320,127,142
321,128,144
322,135,125
323,184,102
324,129,138
325,131,139
326,110,113
327,123,111
328,111,112
329,131,85
330,143,89
331,127,102
332,163,11
333,158,21
334,153,33
335,131,153
336,118,37
337,121,18
338,124,1
339,154,68
340,172,75
341,120,66
342,165,56
343,117,76
344,120,101
345,179,81
346,167,80
347,157,82
348,142,81
349,131,79
350,123,75
351,107,66
352,178,96
353,171,55
354,103,110
355,122,88
356,186,68
357,117,72
358,128,103
359,160,61
360,120,96
361,182,121
362,120,64
363,113,92
364,162,157
365,160,166
366,184,100
367,171,146
368,181,53
369,130,186
370,102,112
371,130,93
372,178,66
373,147,65
374,140,66
375,134,141
376,177,111
377,115,198
378,139,185
379,149,177
380,133,66
381,127,65
382,122,64
383,176,53
384,127,58
385,134,56
386,141,56
387,148,57
388,152,59
389,185,50
390,151,64
391,127,122
392,119,106
393,111,120
394,151,168
395,141,177
396,116,192
397,169,155
398,122,61
399,112,78
400,128,193
401,182,117
402,117,138
403,119,141
404,120,144
405,121,148
406,122,160
407,131,137
408,133,136
409,134,136
410,142,131
411,168,115
412,112,71
413,115,58
414,119,59
415,129,138
416,169,134
417,109,58
418,126,168
419,106,74
420,118,89
421,113,173
422,144,150
423,134,109
424,136,160
425,152,108
426,142,116
427,158,120
428,115,183
429,123,93
430,150,157
431,139,168
432,151,139
433,175,125
434,159,142
435,178,132
436,149,125
437,117,83
438,117,104
439,123,106
440,113,99
441,121,51
442,135,46
443,146,45
444,156,47
445,162,50
446,165,63
447,185,84
448,159,73
449,152,75
450,142,75
451,131,74
452,124,71
453,118,69
454,186,85
455,123,108
456,112,85
457,111,105
458,107,109
459,111,106
460,121,110
461,105,110
462,104,111
463,117,64
464,114,65
465,112,66
466,155,60
467,160,56
468,60,60
469,68,60
470,61,54
471,53,60
472,60,67
473,139,60
474,147,60
475,139,53
476,130,59
477,139,66
