0,99,132
1,98,108
2,98,115
3,92,83
4,99,100
5,99,90
6,99,66
7,43,63
8,99,45
9,99,35
10,100,0
11,99,135
12,99,138
13,99,139
14,99,140
15,99,144
16,99,149
17,99,155
18,97,162
19,98,112
20,92,111
21,16,33
22,64,71
23,56,71
24,49,70
25,40,65
26,71,69
27,55,46
28,64,48
29,46,47
30,41,50
31,34,70
32,70,171
33,41,60
34,13,66
35,26,64
36,59,101
37,89,130
38,90,137
39,79,132
40,72,135
41,82,137
42,75,138
43,62,145
44,92,107
45,91,100
46,31,42
47,75,83
48,74,105
49,74,101
50,36,99
51,92,91
52,49,34
53,38,36
54,24,19
55,82,44
56,71,53
57,56,138
58,21,135
59,80,109
60,86,112
61,62,139
62,64,139
63,34,31
64,74,108
65,63,36
66,62,30
67,55,2
68,28,26
69,59,15
70,26,39
71,21,37
72,89,134
73,80,135
74,73,136
75,82,111
76,63,139
77,67,141
78,65,139
79,84,107
80,76,139
81,83,138
82,90,139
83,87,161
84,88,154
85,88,148
86,89,143
87,90,139
88,76,139
89,74,141
90,72,143
91,71,146
92,65,126
93,13,98
94,98,113
95,71,139
96,69,140
97,88,114
98,76,112
99,87,113
100,67,87
101,54,91
102,72,104
103,36,8
104,40,18
105,47,28
106,69,152
107,80,34
108,78,16
109,76,0
110,43,68
111,26,75
112,75,67
113,33,54
114,81,78
115,79,102
116,19,80
117,30,81
118,40,84
119,54,83
120,65,80
121,74,77
122,92,68
123,19,96
124,28,53
125,95,111
126,76,90
127,11,65
128,80,73
129,71,105
130,37,60
131,79,98
132,16,116
133,76,65
134,85,93
135,38,153
136,39,161
137,13,98
138,28,143
139,17,50
140,69,178
141,95,113
142,69,95
143,20,66
144,50,66
145,56,67
146,66,142
147,21,111
148,82,187
149,61,177
150,51,170
151,100,17
152,97,189
153,62,67
154,69,66
155,73,65
156,23,52
157,69,59
158,62,57
159,56,56
160,49,56
161,45,58
162,13,47
163,46,64
164,98,121
165,73,123
166,80,108
167,87,121
168,99,56
169,49,163
170,58,170
171,82,183
172,29,150
173,74,62
174,86,80
175,97,185
176,71,183
177,16,114
178,83,139
179,81,142
180,79,146
181,78,151
182,77,157
183,69,138
184,67,137
185,66,137
186,59,131
187,30,115
188,86,72
189,82,58
190,77,59
191,71,139
192,30,133
193,89,58
194,73,164
195,99,82
196,92,76
197,99,75
198,81,91
199,98,178
200,97,170
201,85,169
202,56,149
203,65,110
204,64,157
205,47,109
206,57,117
207,40,121
208,82,177
209,76,95
210,50,155
211,60,163
212,50,139
213,23,124
214,40,141
215,20,129
216,51,126
217,81,85
218,82,106
219,77,107
220,85,101
221,76,50
222,64,44
223,52,42
224,43,43
225,36,46
226,32,62
227,12,82
228,37,73
229,45,76
230,55,77
231,65,75
232,73,73
233,78,70
234,11,82
235,77,109
236,86,86
237,87,106
238,91,110
239,87,107
240,79,112
241,92,111
242,93,112
243,79,65
244,83,66
245,85,67
246,43,59
247,37,54
248,105,83
249,152,64
250,105,111
251,178,36
252,132,72
253,139,72
254,146,72
255,155,67
256,125,70
257,142,49
258,133,50
259,150,50
260,155,53
261,161,72
262,125,172
263,154,63
264,180,69
265,169,67
266,136,102
267,109,131
268,108,137
269,118,133
270,125,136
271,115,138
272,122,138
273,132,146
274,104,108
275,106,100
276,166,45
277,121,83
278,121,106
279,122,102
280,159,101
281,105,91
282,149,36
283,159,39
284,172,22
285,116,44
286,126,54
287,138,138
288,169,137
289,115,110
290,109,112
291,134,139
292,132,139
293,163,33
294,121,109
295,135,37
296,136,31
297,144,4
298,168,29
299,140,17
300,170,42
301,174,40
302,108,135
303,117,136
304,123,137
305,114,111
306,133,139
307,129,141
308,131,139
309,112,107
310,120,139
311,114,139
312,107,139
313,108,161
314,109,154
315,109,148
316,108,143
317,107,139
318,120,139
319,122,141
320,124,144
321,126,147
322,130,127
323,178,101
324,125,139
325,127,140
326,107,115
327,119,113
328,108,113
329,129,88
330,142,93
331,123,105
332,162,11
333,158,21
334,152,30
335,126,152
336,118,34
337,121,17
338,124,0
339,152,70
340,169,78
341,121,68
342,162,56
343,116,78
344,117,103
345,175,83
346,165,83
347,156,86
348,142,85
349,131,82
350,123,78
351,106,68
352,174,98
353,168,55
354,102,111
355,120,90
356,181,68
357,117,74
358,124,105
359,157,63
360,118,98
361,175,119
362,120,66
363,112,94
364,155,154
365,153,162
366,179,100
367,164,145
368,177,53
369,126,178
370,101,113
371,127,96
372,175,69
373,145,67
374,139,68
375,130,143
376,172,113
377,112,188
378,133,178
379,142,171
380,133,68
381,127,67
382,122,66
383,172,54
384,127,60
385,133,58
386,140,58
387,146,59
388,150,60
389,180,50
390,149,66
391,122,123
392,115,108
393,108,121
394,145,164
395,136,171
396,113,184
397,162,152
398,122,63
399,111,80
400,124,183
401,176,116
402,114,139
403,116,142
404,117,146
405,118,151
406,118,157
407,127,139
408,129,138
409,130,137
410,135,132
411,164,117
412,111,73
413,115,59
414,119,60
415,125,139
416,163,135
417,109,58
418,122,164
419,106,76
420,116,92
421,110,169
422,138,150
423,130,111
424,131,158
425,148,111
426,137,118
427,154,122
428,113,177
429,120,96
430,144,156
431,134,164
432,145,140
433,170,126
434,154,142
435,172,131
436,143,127
437,115,85
438,115,106
439,119,108
440,112,101
441,121,51
442,134,45
443,145,44
444,154,45
445,160,49
446,162,65
447,180,84
448,158,76
449,150,78
450,141,78
451,131,77
452,123,74
453,118,71
454,179,84
455,119,110
456,111,87
457,109,106
458,105,110
459,109,108
460,117,112
461,104,111
462,103,112
463,118,66
464,114,67
465,112,68
466,152,61
467,158,57
468,57,61
469,64,61
470,57,54
471,49,60
472,56,67
473,137,62
474,145,62
475,137,55
476,129,62
477,137,69
