0,98,131
1,96,109
2,97,116
3,91,82
4,96,101
5,97,90
6,97,64
7,45,64
8,98,43
9,98,32
10,99,-4
11,98,134
12,98,136
13,98,137
14,98,143
15,98,147
16,98,151
17,98,156
18,98,165
19,97,113
20,90,113
21,17,34
22,65,71
23,58,72
24,51,71
25,42,66
26,72,69
27,55,46
28,63,47
29,46,48
30,41,52
31,36,71
32,70,177
33,43,61
34,14,68
35,27,65
36,60,102
37,88,130
38,89,136
39,79,133
40,73,135
41,82,136
42,76,138
43,64,149
44,90,109
45,89,101
46,31,44
47,76,82
48,74,106
49,73,102
50,37,101
51,90,91
52,48,34
53,38,38
54,24,19
55,81,41
56,71,51
57,58,142
58,24,142
59,79,111
60,85,113
61,65,140
62,67,140
63,34,32
64,74,110
65,62,35
66,61,28
67,54,0
68,29,26
69,58,14
70,26,40
71,21,38
72,89,133
73,80,135
74,74,137
75,81,112
76,66,140
77,69,143
78,68,140
79,83,108
80,77,138
81,83,137
82,90,137
83,88,164
84,88,155
85,89,150
86,89,146
87,90,143
88,77,142
89,76,143
90,74,146
91,73,148
92,66,129
93,15,103
94,97,115
95,73,141
96,71,142
97,88,116
98,76,114
99,87,115
100,68,87
101,55,92
102,72,105
103,35,8
104,40,18
105,45,28
106,70,155
107,79,30
108,77,14
109,74,-3
110,45,69
111,28,77
112,76,67
113,34,55
114,81,77
115,78,103
116,20,82
117,33,82
118,42,85
119,56,84
120,67,81
121,75,77
122,90,66
123,21,99
124,28,54
125,93,113
126,76,90
127,12,68
128,81,73
129,72,106
130,39,62
131,78,98
132,19,122
133,77,64
134,84,94
135,39,159
136,41,169
137,15,101
138,30,149
139,17,52
140,69,186
141,94,114
142,69,96
143,21,67
144,52,67
145,58,68
146,68,144
147,23,115
148,83,197
149,61,186
150,52,179
151,98,14
152,99,198
153,64,67
154,70,66
155,74,65
156,23,52
157,70,58
158,63,55
159,56,54
160,50,56
161,46,58
162,13,49
163,48,65
164,97,122
165,73,125
166,79,109
167,87,123
168,98,54
169,49,170
170,59,178
171,82,191
172,32,158
173,74,62
174,85,79
175,99,192
176,71,192
177,18,119
178,83,143
179,82,145
180,81,148
181,80,153
182,78,160
183,71,139
184,69,138
185,68,138
186,61,135
187,32,118
188,86,71
189,82,57
190,77,58
191,72,139
192,32,137
193,88,56
194,74,169
195,97,81
196,90,75
197,97,73
198,80,91
199,98,184
200,98,174
201,86,173
202,57,153
203,66,112
204,65,162
205,48,111
206,58,120
207,42,124
208,83,183
209,76,96
210,51,160
211,61,169
212,51,143
213,25,128
214,42,145
215,22,135
216,53,129
217,81,84
218,80,107
219,76,109
220,83,102
221,75,48
222,63,43
223,52,42
224,43,44
225,37,49
226,34,63
227,13,84
228,39,74
229,47,77
230,57,77
231,66,76
232,74,73
233,79,70
234,13,85
235,76,111
236,85,86
237,85,108
238,89,111
239,86,109
240,78,113
241,91,112
242,92,114
243,79,64
244,83,66
245,85,66
246,44,60
247,38,56
248,103,82
249,154,63
250,104,112
251,186,31
252,133,70
253,141,70
254,148,70
255,157,65
256,126,68
257,144,45
258,135,45
259,152,46
260,158,50
261,164,70
262,127,177
263,157,61
264,188,66
265,173,63
266,137,101
267,108,130
268,107,135
269,118,132
270,125,134
271,115,136
272,121,137
273,134,149
274,103,109
275,104,101
276,169,42
277,121,81
278,121,106
279,122,101
280,161,100
281,104,91
282,151,32
283,161,35
284,177,17
285,116,39
286,127,49
287,141,141
288,179,140
289,115,110
290,109,113
291,132,139
292,130,139
293,166,30
294,122,109
295,136,32
296,137,26
297,144,-1
298,171,24
299,139,13
300,173,38
301,179,36
302,108,133
303,117,134
304,123,136
305,114,112
306,131,139
307,127,142
308,129,139
309,111,108
310,120,137
311,114,137
312,107,137
313,109,164
314,108,155
315,108,150
316,107,146
317,107,143
318,120,141
319,121,142
320,123,144
321,124,147
322,131,129
323,189,101
324,124,140
325,126,141
326,107,116
327,119,113
328,108,114
329,129,86
330,142,91
331,123,105
332,164,6
333,159,16
334,153,25
335,128,155
336,118,28
337,120,13
338,123,-4
339,154,68
340,172,75
341,122,66
342,165,54
343,115,76
344,116,103
345,180,80
346,167,80
347,157,83
348,143,83
349,131,80
350,123,76
351,105,66
352,179,97
353,171,52
354,100,113
355,120,89
356,191,65
357,117,72
358,124,105
359,160,60
360,117,98
361,185,120
362,121,63
363,110,93
364,162,159
365,161,168
366,186,99
367,171,148
368,184,50
369,129,185
370,100,114
371,127,95
372,179,64
373,147,66
374,141,66
375,129,143
376,178,113
377,115,197
378,139,186
379,149,178
380,134,66
381,128,64
382,124,64
383,177,49
384,129,56
385,136,54
386,142,53
387,149,55
388,153,57
389,190,46
390,151,64
391,123,125
392,115,109
393,108,123
394,151,169
395,140,177
396,115,191
397,171,156
398,124,60
399,110,78
400,128,192
401,184,117
402,114,142
403,115,144
404,116,147
405,117,152
406,119,160
407,126,138
408,128,137
409,129,136
410,137,134
411,167,117
412,110,70
413,116,55
414,121,57
415,125,138
416,168,136
417,108,55
418,124,168
419,104,74
420,115,91
421,111,173
422,142,153
423,131,111
424,133,162
425,150,110
426,139,119
427,157,123
428,114,183
429,120,95
430,148,159
431,138,169
432,148,143
433,176,127
434,158,144
435,179,133
436,146,129
437,115,84
438,114,107
439,119,108
440,110,101
441,122,47
442,135,41
443,147,40
444,156,42
445,162,47
446,165,62
447,188,82
448,160,73
449,152,76
450,142,76
451,132,74
452,124,71
453,119,69
454,190,83
455,119,110
456,109,86
457,108,107
458,104,111
459,108,109
460,117,113
461,103,112
462,102,114
463,119,63
464,115,64
465,112,66
466,155,59
467,161,55
468,59,61
469,66,61
470,59,54
471,52,61
472,59,68
473,139,59
474,147,59
475,139,52
476,131,59
477,139,66
