0,100,130
1,95,107
2,95,115
3,89,81
4,95,99
5,95,88
6,97,64
7,41,59
8,98,47
9,98,37
10,100,-2
11,100,133
12,100,136
13,99,138
14,99,140
15,99,144
16,99,148
17,98,153
18,95,161
19,95,111
20,88,111
21,17,33
22,63,65
23,55,66
24,48,66
25,38,62
26,69,64
27,52,46
28,61,48
29,44,47
30,39,49
31,32,67
32,65,175
33,38,58
34,12,67
35,24,63
36,56,100
37,90,128
38,90,136
39,79,131
40,72,134
41,82,136
42,76,137
43,58,146
44,88,107
45,87,99
46,29,43
47,73,81
48,70,104
49,69,100
50,33,99
51,88,89
52,47,36
53,36,38
54,24,19
55,81,44
56,68,51
57,52,139
58,17,142
59,76,109
60,82,111
61,64,138
62,66,138
63,32,33
64,69,107
65,61,37
66,60,31
67,55,1
68,28,26
69,58,15
70,25,40
71,21,37
72,90,132
73,81,134
74,74,135
75,78,110
76,65,138
77,69,140
78,67,138
79,80,106
80,77,137
81,83,137
82,91,138
83,85,160
84,88,152
85,89,148
86,90,143
87,91,140
88,77,139
89,75,140
90,74,142
91,72,145
92,61,127
93,12,102
94,95,113
95,72,138
96,71,139
97,85,114
98,72,112
99,84,113
100,65,85
101,52,90
102,68,103
103,36,8
104,40,18
105,44,30
106,65,152
107,78,34
108,77,15
109,75,-2
110,41,64
111,24,73
112,73,62
113,31,53
114,79,76
115,75,101
116,16,81
117,28,78
118,37,81
119,52,80
120,64,77
121,72,74
122,89,66
123,16,97
124,26,52
125,91,111
126,73,88
127,12,66
128,78,70
129,68,104
130,35,58
131,75,96
132,13,122
133,73,60
134,81,92
135,31,158
136,33,168
137,10,100
138,21,148
139,16,51
140,64,183
141,92,112
142,66,94
143,19,65
144,49,60
145,55,61
146,67,141
147,16,113
148,79,194
149,55,184
150,45,178
151,99,16
152,95,196
153,62,61
154,67,60
155,71,60
156,22,51
157,67,57
158,60,56
159,54,56
160,48,56
161,43,57
162,13,48
163,44,60
164,95,121
165,69,123
166,76,107
167,84,121
168,97,56
169,42,168
170,53,176
171,78,189
172,24,157
173,71,59
174,84,78
175,95,190
176,66,190
177,12,118
178,83,139
179,82,142
180,80,145
181,79,149
182,74,156
183,70,137
184,69,137
185,67,136
186,55,132
187,25,116
188,84,71
189,80,55
190,75,56
191,72,138
192,24,136
193,86,55
194,69,165
195,96,80
196,89,74
197,96,72
198,77,90
199,95,182
200,95,171
201,82,170
202,51,151
203,61,110
204,59,159
205,43,109
206,53,117
207,35,121
208,79,180
209,73,94
210,44,158
211,55,167
212,44,141
213,17,127
214,34,144
215,15,134
216,46,127
217,79,83
218,77,105
219,72,107
220,81,100
221,74,49
222,61,43
223,50,42
224,40,43
225,34,46
226,30,60
227,10,83
228,35,70
229,43,73
230,54,73
231,63,71
232,71,69
233,76,67
234,12,84
235,72,108
236,83,85
237,83,105
238,87,109
239,83,107
240,74,111
241,88,110
242,89,112
243,76,60
244,81,63
245,83,64
246,40,57
247,35,53
248,103,81
249,154,62
250,103,111
251,187,35
252,130,67
253,139,68
254,147,68
255,157,65
256,124,65
257,144,49
258,134,50
259,152,50
260,157,53
261,164,70
262,126,176
263,157,61
264,190,70
265,172,65
266,138,101
267,111,128
268,109,136
269,120,131
270,125,133
271,116,136
272,121,136
273,135,148
274,102,107
275,103,99
276,169,47
277,121,82
278,122,105
279,123,101
280,162,101
281,103,89
282,151,39
283,162,42
284,179,21
285,115,45
286,126,52
287,142,140
288,184,145
289,116,109
290,109,111
291,131,137
292,129,138
293,166,37
294,123,108
295,135,40
296,137,33
297,146,2
298,172,29
299,140,17
300,173,44
301,181,40
302,110,132
303,118,133
304,123,135
305,114,111
306,130,138
307,127,140
308,128,138
309,111,107
310,120,137
311,114,137
312,107,138
313,106,160
314,108,152
315,108,148
316,108,143
317,107,140
318,119,139
319,121,140
320,122,142
321,123,145
322,132,128
323,192,106
324,123,138
325,125,139
326,106,114
327,120,113
328,108,113
329,130,86
330,143,92
331,124,104
332,166,10
333,159,21
334,154,33
335,127,153
336,118,35
337,121,16
338,125,-1
339,153,67
340,172,75
341,120,63
342,165,56
343,116,77
344,116,102
345,182,84
346,168,81
347,158,83
348,142,82
349,130,78
350,122,75
351,105,66
352,182,100
353,171,55
354,99,111
355,121,89
356,193,69
357,115,70
358,126,105
359,160,61
360,117,97
361,190,125
362,120,61
363,110,92
364,165,161
365,164,172
366,190,103
367,176,152
368,186,54
369,128,185
370,98,113
371,128,95
372,178,66
373,146,63
374,139,63
375,128,141
376,181,116
377,112,196
378,139,187
379,151,181
380,132,62
381,126,61
382,122,61
383,176,53
384,127,59
385,134,58
386,141,58
387,148,59
388,153,60
389,191,50
390,151,63
391,123,124
392,116,108
393,107,121
394,152,171
395,141,179
396,113,190
397,175,161
398,122,60
399,110,78
400,126,192
401,188,121
402,114,139
403,115,142
404,116,145
405,117,149
406,118,158
407,125,137
408,127,136
409,129,135
410,139,134
411,170,119
412,110,71
413,114,55
414,119,56
415,124,137
416,172,139
417,107,56
418,122,167
419,104,74
420,115,91
421,109,171
422,142,153
423,132,111
424,133,161
425,151,111
426,140,119
427,159,124
428,111,181
429,121,95
430,149,161
431,138,169
432,150,143
433,180,130
434,160,146
435,184,137
436,147,129
437,115,84
438,114,105
439,119,107
440,110,100
441,121,49
442,135,46
443,147,45
444,157,47
445,163,50
446,165,63
447,191,86
448,160,73
449,152,75
450,140,74
451,130,72
452,122,70
453,117,67
454,193,87
455,119,109
456,109,85
457,108,106
458,103,110
459,108,107
460,117,112
461,102,110
462,101,112
463,117,61
464,113,63
465,111,65
466,155,60
467,161,56
468,53,58
469,60,58
470,53,52
471,46,58
472,53,64
473,139,60
474,147,61
475,139,54
476,131,60
477,139,66
