0,99,133
1,99,108
2,98,116
3,92,82
4,99,100
5,99,89
6,99,64
7,46,60
8,99,43
9,99,32
10,100,0
11,98,136
12,98,139
13,98,141
14,98,141
15,98,144
16,98,148
17,98,152
18,99,164
19,99,112
20,91,111
21,17,32
22,66,67
23,59,67
24,52,67
25,43,63
26,73,65
27,55,44
28,63,45
29,47,46
30,42,49
31,35,67
32,68,176
33,43,58
34,13,65
35,27,61
36,60,100
37,89,131
38,90,138
39,80,134
40,73,136
41,82,139
42,76,139
43,63,148
44,92,108
45,91,100
46,31,41
47,75,81
48,74,105
49,73,101
50,37,99
51,92,90
52,48,33
53,38,35
54,24,19
55,81,41
56,71,48
57,57,140
58,18,138
59,80,109
60,86,112
61,65,140
62,67,140
63,33,29
64,74,108
65,62,34
66,61,27
67,55,2
68,28,24
69,58,15
70,26,36
71,21,36
72,89,135
73,81,136
74,75,138
75,81,111
76,66,140
77,70,142
78,68,140
79,84,107
80,78,140
81,84,140
82,91,140
83,88,163
84,89,152
85,89,147
86,90,144
87,90,141
88,77,140
89,76,142
90,75,143
91,73,146
92,66,128
93,12,99
94,98,114
95,73,140
96,72,141
97,88,115
98,76,113
99,87,114
100,67,85
101,55,90
102,72,104
103,36,8
104,40,17
105,45,26
106,69,154
107,79,30
108,77,15
109,75,0
110,46,66
111,27,73
112,77,63
113,35,52
114,81,76
115,79,102
116,18,80
117,32,79
118,41,82
119,56,81
120,67,78
121,75,75
122,91,66
123,19,96
124,28,50
125,95,112
126,76,89
127,11,64
128,81,71
129,71,105
130,40,58
131,78,97
132,14,118
133,77,60
134,85,93
135,34,157
136,34,166
137,12,98
138,24,146
139,17,49
140,66,185
141,95,113
142,69,94
143,20,62
144,53,62
145,59,63
146,69,143
147,20,112
148,81,197
149,56,185
150,46,177
151,99,16
152,99,199
153,65,62
154,71,61
155,75,61
156,23,48
157,70,55
158,63,53
159,57,53
160,51,54
161,47,56
162,13,47
163,49,61
164,99,122
165,73,124
166,80,108
167,88,123
168,99,54
169,44,168
170,55,176
171,81,191
172,25,154
173,75,58
174,86,78
175,98,193
176,68,192
177,14,115
178,83,140
179,82,143
180,81,146
181,80,149
182,77,159
183,71,139
184,70,139
185,69,138
186,60,134
187,30,116
188,86,70
189,82,54
190,78,55
191,73,140
192,28,135
193,88,55
194,73,167
195,99,81
196,92,74
197,99,73
198,81,90
199,99,184
200,99,173
201,85,172
202,55,152
203,65,111
204,63,161
205,47,109
206,58,118
207,40,122
208,82,182
209,76,95
210,47,158
211,58,168
212,48,142
213,21,125
214,38,143
215,17,131
216,51,128
217,81,83
218,81,105
219,76,107
220,84,101
221,76,47
222,63,41
223,52,40
224,43,42
225,37,46
226,34,60
227,11,81
228,40,71
229,47,74
230,57,74
231,67,72
232,74,69
233,79,67
234,12,81
235,76,110
236,86,85
237,87,106
238,91,110
239,87,107
240,79,112
241,92,111
242,93,113
243,79,61
244,83,63
245,85,65
246,45,57
247,39,53
248,105,82
249,152,61
250,106,112
251,180,34
252,131,67
253,139,68
254,146,68
255,155,64
256,124,65
257,143,45
258,134,45
259,151,46
260,156,50
261,161,69
262,128,177
263,154,59
264,183,67
265,169,64
266,137,101
267,108,131
268,107,138
269,118,134
270,124,136
271,115,139
272,121,139
273,135,149
274,105,108
275,106,100
276,167,42
277,121,81
278,123,105
279,124,101
280,160,101
281,106,90
282,151,32
283,161,35
284,173,21
285,117,38
286,125,49
287,141,141
288,178,140
289,117,110
290,111,112
291,132,139
292,130,139
293,165,30
294,123,109
295,137,32
296,139,26
297,144,3
298,169,27
299,140,16
300,171,39
301,175,38
302,108,135
303,117,136
304,123,137
305,115,111
306,131,139
307,127,141
308,129,139
309,113,107
310,120,140
311,114,140
312,107,140
313,109,163
314,107,151
315,107,147
316,107,143
317,106,140
318,120,140
319,121,141
320,122,143
321,123,145
322,132,129
323,184,101
324,124,140
325,126,140
326,109,116
327,121,114
328,110,114
329,129,86
330,142,92
331,125,105
332,162,10
333,158,19
334,154,26
335,128,155
336,120,28
337,121,16
338,124,0
339,151,67
340,169,75
341,119,63
342,163,53
343,116,76
344,118,103
345,177,82
346,165,81
347,156,83
348,141,82
349,130,78
350,121,74
351,106,66
352,177,98
353,169,52
354,102,112
355,121,89
356,185,66
357,115,70
358,126,105
359,158,59
360,119,98
361,182,120
362,119,60
363,112,93
364,163,159
365,163,169
366,184,100
367,172,149
368,179,52
369,131,186
370,102,114
371,128,95
372,174,66
373,145,63
374,139,64
375,128,142
376,176,114
377,116,197
378,140,186
379,151,179
380,132,63
381,126,62
382,121,61
383,173,51
384,126,56
385,133,55
386,140,55
387,146,56
388,150,57
389,183,49
390,149,62
391,124,125
392,117,108
393,109,123
394,153,170
395,142,178
396,116,192
397,172,157
398,121,58
399,111,78
400,129,193
401,182,118
402,114,140
403,115,142
404,116,145
405,116,149
406,120,160
407,126,139
408,128,138
409,129,137
410,138,135
411,166,118
412,111,71
413,114,54
414,118,55
415,124,140
416,168,137
417,109,53
418,124,168
419,106,74
420,116,91
421,112,172
422,143,153
423,132,112
424,134,162
425,150,111
426,139,119
427,156,123
428,115,183
429,121,95
430,150,160
431,139,169
432,149,143
433,175,127
434,159,145
435,179,134
436,146,129
437,116,84
438,116,106
439,121,108
440,113,101
441,121,45
442,135,40
443,146,40
444,155,42
445,161,46
446,163,61
447,184,84
448,158,73
449,150,75
450,140,74
451,130,72
452,122,70
453,117,67
454,184,84
455,120,110
456,111,86
457,111,107
458,106,110
459,110,108
460,118,112
461,105,111
462,104,113
463,116,60
464,113,62
465,111,63
466,152,58
467,159,54
468,60,56
469,67,56
470,60,49
471,52,56
472,59,63
473,137,58
474,145,58
475,137,52
476,129,58
477,137,64
