0,98,132
1,87,109
2,93,116
3,84,84
4,86,101
5,87,91
6,92,65
7,55,62
8,93,40
9,91,28
10,90,-7
11,98,135
12,99,139
13,100,141
14,100,142
15,100,147
16,100,153
17,100,159
18,103,160
19,89,113
20,85,113
21,39,30
22,72,69
23,66,70
24,60,70
25,54,65
26,77,67
27,60,46
28,67,47
29,54,47
30,51,50
31,50,70
32,85,169
33,54,60
34,44,63
35,45,62
36,67,102
37,92,131
38,94,139
39,86,134
40,83,137
41,90,140
42,87,140
43,78,149
44,82,109
45,80,102
46,42,40
47,78,82
48,74,107
49,74,103
50,51,102
51,81,92
52,51,34
53,45,35
54,39,17
55,77,43
56,74,50
57,74,143
58,65,128
59,80,111
60,84,113
61,81,142
62,82,142
63,42,29
64,76,110
65,61,36
66,59,29
67,54,0
68,39,25
69,56,14
70,40,36
71,38,35
72,92,135
73,88,137
74,85,139
75,81,112
76,81,142
77,83,144
78,83,142
79,79,109
80,88,142
81,91,141
82,95,141
83,95,160
84,93,158
85,93,152
86,94,146
87,95,142
88,88,142
89,86,144
90,84,147
91,83,150
92,75,130
93,57,92
94,91,114
95,86,142
96,84,143
97,86,116
98,80,114
99,85,115
100,72,87
101,63,93
102,75,106
103,43,7
104,45,17
105,49,27
106,83,153
107,74,32
108,71,13
109,69,-4
110,56,68
111,45,75
112,80,65
113,47,53
114,81,77
115,75,104
116,42,80
117,47,82
118,53,86
119,64,84
120,72,80
121,78,76
122,87,67
123,44,96
124,43,50
125,86,113
126,78,90
127,49,60
128,82,72
129,76,106
130,51,59
131,76,99
132,60,109
133,81,62
134,78,95
135,67,150
136,73,156
137,47,95
138,62,140
139,41,48
140,86,174
141,88,114
142,74,96
143,43,63
144,60,66
145,65,66
146,82,146
147,48,111
148,98,184
149,84,172
150,79,165
151,90,11
152,110,186
153,71,65
154,76,64
155,79,63
156,41,48
157,75,56
158,69,55
159,63,55
160,58,56
161,56,58
162,43,44
163,57,64
164,95,122
165,79,125
166,78,110
167,87,123
168,94,52
169,74,159
170,80,167
171,95,181
172,69,143
173,79,59
174,82,80
175,108,183
176,90,179
177,52,110
178,91,142
179,89,145
180,88,150
181,87,155
182,88,157
183,84,141
184,83,141
185,81,140
186,73,136
187,52,117
188,84,71
189,82,56
190,80,57
191,86,142
192,58,132
193,85,55
194,86,163
195,89,82
196,85,76
197,91,74
198,79,92
199,106,176
200,104,168
201,95,167
202,74,151
203,72,112
204,80,157
205,59,112
206,68,120
207,58,123
208,94,175
209,77,96
210,71,154
211,78,162
212,68,142
213,53,122
214,63,142
215,56,125
216,67,130
217,80,85
218,77,108
219,76,109
220,77,103
221,76,48
222,65,43
223,56,42
224,50,43
225,46,46
226,48,61
227,45,79
228,52,74
229,57,77
230,65,76
231,72,74
232,78,71
233,81,69
234,54,76
235,78,111
236,80,87
237,79,108
238,84,112
239,80,109
240,80,114
241,84,112
242,87,114
243,82,62
244,84,64
245,85,66
246,54,59
247,50,54
248,96,83
249,155,56
250,98,112
251,195,15
252,133,66
253,141,66
254,149,65
255,159,58
256,126,65
257,142,38
258,133,41
259,151,39
260,158,42
261,168,62
262,136,169
263,158,54
264,200,51
265,178,54
266,137,99
267,106,130
268,106,138
269,115,133
270,121,136
271,113,139
272,119,140
273,138,147
274,93,109
275,93,101
276,171,29
277,121,79
278,116,105
279,118,101
280,164,96
281,94,91
282,148,21
283,161,23
284,182,2
285,112,37
286,126,46
287,143,141
288,203,123
289,111,110
290,105,113
291,129,141
292,128,141
293,166,15
294,118,109
295,132,26
296,133,18
297,139,-10
298,173,10
299,134,5
300,177,23
301,186,21
302,106,135
303,114,136
304,120,138
305,109,112
306,128,141
307,125,143
308,127,141
309,105,108
310,118,141
311,113,141
312,106,141
313,113,160
314,109,158
315,108,152
316,107,146
317,106,141
318,118,141
319,120,143
320,122,146
321,123,149
322,129,128
323,210,83
324,122,141
325,124,142
326,103,116
327,117,113
328,104,114
329,130,83
330,144,88
331,120,104
332,164,-6
333,157,4
334,151,13
335,131,152
336,113,25
337,113,8
338,115,-10
339,155,62
340,178,67
341,121,63
342,167,44
343,115,74
344,110,103
345,189,71
346,172,74
347,160,79
348,143,79
349,131,77
350,122,74
351,100,66
352,188,89
353,175,41
354,93,112
355,119,87
356,209,47
357,115,70
358,123,104
359,163,53
360,111,97
361,208,102
362,121,61
363,103,93
364,176,149
365,181,155
366,202,86
367,188,137
368,193,35
369,139,175
370,94,114
371,127,93
372,186,54
373,147,60
374,140,62
375,127,144
376,188,104
377,126,185
378,153,173
379,166,166
380,134,62
381,127,61
382,123,61
383,182,37
384,128,54
385,135,51
386,142,50
387,148,50
388,153,52
389,203,29
390,151,58
391,121,124
392,110,109
393,104,122
394,164,160
395,152,168
396,124,181
397,193,141
398,123,58
399,106,78
400,140,180
401,201,103
402,113,141
403,114,144
404,116,149
405,117,154
406,123,157
407,124,140
408,125,140
409,126,139
410,137,134
411,173,111
412,107,69
413,114,53
414,119,54
415,122,141
416,178,129
417,105,54
418,130,163
419,98,75
420,111,90
421,117,167
422,148,150
423,131,110
424,140,157
425,151,107
426,139,117
427,160,119
428,121,175
429,118,94
430,158,154
431,147,162
432,153,140
433,187,117
434,167,139
435,197,120
436,147,127
437,112,83
438,107,107
439,113,108
440,102,102
441,120,44
442,133,35
443,144,32
444,155,33
445,163,37
446,169,53
447,202,68
448,163,67
449,154,70
450,142,72
451,132,71
452,124,69
453,118,67
454,210,65
455,114,110
456,104,86
457,100,107
458,97,111
459,101,109
460,113,113
461,95,112
462,96,114
463,118,61
464,113,63
465,110,64
466,156,53
467,162,46
468,71,59
469,78,59
470,70,52
471,63,60
472,71,66
473,141,55
474,150,54
475,141,48
476,133,55
477,142,62
