0,102,137
1,111,105
2,104,113
3,103,82
4,112,99
5,111,89
6,107,66
7,45,55
8,107,49
9,108,40
10,110,3
11,102,140
12,101,143
13,100,145
14,100,145
15,100,149
16,99,154
17,98,159
18,92,164
19,108,109
20,99,108
21,7,21
22,67,63
23,60,64
24,52,63
25,41,57
26,73,62
27,59,42
28,67,44
29,51,42
30,44,44
31,33,62
32,58,171
33,42,51
34,2,53
35,23,55
36,62,96
37,94,134
38,93,142
39,84,137
40,77,139
41,86,141
42,79,141
43,57,147
44,104,105
45,104,98
46,34,38
47,78,78
48,80,101
49,79,97
50,36,93
51,104,89
52,58,34
53,45,34
54,21,10
55,91,46
56,74,48
57,53,139
58,-2,122
59,85,106
60,91,109
61,68,141
62,70,142
63,41,29
64,78,105
65,73,38
66,73,33
67,64,0
68,31,20
69,69,15
70,28,34
71,17,28
72,94,138
73,85,139
74,78,140
75,87,108
76,69,142
77,72,143
78,71,142
79,92,103
80,80,142
81,86,143
82,93,144
83,81,162
84,89,157
85,90,153
86,92,148
87,92,144
88,80,142
89,78,144
90,77,146
91,75,148
92,67,125
93,-8,84
94,106,111
95,75,142
96,74,143
97,94,112
98,79,110
99,93,110
100,69,82
101,56,86
102,76,101
103,40,2
104,47,15
105,56,29
106,63,153
107,90,38
108,89,18
109,87,0
110,45,61
111,23,66
112,77,61
113,35,47
114,85,74
115,87,99
116,12,70
117,31,73
118,43,77
119,59,77
120,69,74
121,77,72
122,99,66
123,13,86
124,27,45
125,105,109
126,79,86
127,-6,51
128,84,69
129,74,101
130,38,51
131,86,94
132,-6,102
133,76,59
134,95,91
135,21,147
136,15,154
137,0,85
138,11,134
139,9,40
140,54,178
141,103,110
142,71,91
143,13,55
144,54,59
145,61,60
146,71,144
147,13,101
148,65,189
149,39,176
150,28,167
151,110,21
152,82,191
153,66,60
154,71,59
155,75,59
156,19,43
157,71,52
158,65,48
159,59,47
160,52,47
161,47,49
162,0,34
163,49,57
164,103,119
165,76,121
166,86,104
167,92,119
168,106,57
169,31,159
170,41,169
171,69,185
172,5,140
173,75,56
174,93,77
175,86,187
176,51,184
177,0,102
178,86,143
179,84,146
180,83,149
181,81,153
182,71,158
183,74,141
184,73,141
185,72,140
186,59,131
187,27,108
188,92,70
189,85,55
190,79,54
191,75,142
192,21,125
193,94,57
194,64,164
195,110,81
196,101,74
197,108,74
198,87,88
199,88,180
200,90,171
201,77,169
202,47,148
203,66,107
204,54,157
205,49,104
206,59,114
207,39,116
208,72,177
209,80,92
210,37,152
211,47,162
212,43,138
213,13,114
214,31,137
215,3,118
216,51,124
217,86,81
218,90,102
219,83,104
220,96,98
221,81,48
222,70,42
223,59,39
224,49,39
225,41,41
226,31,53
227,0,69
228,39,66
229,48,69
230,59,70
231,68,68
232,75,67
233,80,65
234,-8,67
235,82,106
236,95,84
237,98,103
238,100,107
239,96,104
240,83,109
241,102,108
242,101,110
243,79,59
244,85,62
245,89,64
246,44,50
247,39,47
248,115,83
249,142,66
250,112,110
251,157,42
252,124,70
253,131,72
254,136,72
255,143,69
256,119,68
257,138,53
258,130,52
259,144,55
260,146,58
261,146,74
262,111,172
263,143,64
264,153,71
265,151,70
266,130,102
267,109,135
268,106,143
269,113,137
270,116,140
271,110,143
272,112,143
273,119,150
274,116,106
275,118,99
276,155,55
277,120,82
278,125,105
279,125,101
280,144,103
281,117,91
282,146,47
283,152,50
284,157,30
285,120,50
286,123,54
287,124,143
288,130,132
289,119,109
290,114,111
291,117,145
292,116,145
293,155,46
294,123,109
295,136,47
296,138,42
297,144,12
298,157,38
299,141,26
300,157,52
301,158,47
302,108,139
303,112,140
304,114,142
305,117,110
306,117,145
307,115,146
308,115,144
309,119,106
310,110,144
311,108,144
312,104,145
313,100,163
314,105,159
315,106,154
316,106,149
317,105,144
318,111,144
319,112,146
320,114,148
321,115,151
322,123,129
323,141,99
324,113,144
325,114,145
326,112,113
327,119,113
328,113,112
329,125,87
330,134,93
331,124,105
332,154,20
333,151,31
334,149,42
335,114,155
336,124,42
337,127,23
338,130,7
339,140,71
340,150,80
341,116,66
342,150,61
343,117,78
344,124,102
345,154,85
346,149,85
347,143,87
348,132,84
349,124,80
350,119,76
351,112,68
352,152,100
353,153,61
354,111,109
355,120,90
356,149,69
357,115,72
358,122,105
359,145,65
360,123,98
361,136,115
362,115,63
363,120,93
364,128,152
365,122,158
366,149,100
367,133,142
368,156,58
369,109,179
370,109,111
371,124,96
372,152,72
373,137,68
374,131,68
375,116,148
376,147,113
377,96,189
378,111,176
379,116,169
380,126,67
381,120,65
382,117,64
383,155,60
384,121,58
385,127,57
386,134,57
387,139,59
388,142,61
389,155,54
390,140,67
391,120,124
392,120,107
393,111,120
394,122,162
395,116,170
396,100,185
397,126,146
398,117,61
399,116,80
400,105,184
401,144,114
402,108,144
403,110,147
404,111,151
405,111,156
406,108,160
407,114,144
408,116,143
409,117,142
410,124,136
411,143,118
412,114,72
413,114,58
414,116,59
415,113,144
416,137,133
417,112,58
418,109,165
419,114,76
420,120,91
421,100,170
422,123,152
423,126,111
424,116,159
425,136,112
426,129,120
427,137,123
428,101,178
429,121,95
430,125,156
431,117,164
432,128,143
433,142,124
434,132,143
435,139,128
436,130,130
437,118,85
438,121,105
439,123,107
440,121,100
441,121,53
442,132,51
443,141,51
444,148,53
445,150,57
446,148,67
447,152,86
448,144,77
449,139,79
450,131,77
451,124,75
452,118,72
453,115,69
454,144,84
455,121,109
456,118,86
457,119,105
458,114,108
459,117,106
460,118,111
461,113,109
462,111,110
463,114,63
464,112,65
465,113,66
466,143,63
467,147,61
468,55,52
469,63,53
470,55,45
471,47,52
472,54,59
473,129,61
474,136,62
475,129,55
476,121,61
477,128,68
