0,97,134
1,100,113
2,99,118
3,94,85
4,100,105
5,100,94
6,100,65
7,48,58
8,100,43
9,100,33
10,101,-1
11,97,137
12,97,140
13,97,142
14,97,142
15,97,145
16,97,149
17,97,153
18,97,161
19,100,116
20,92,115
21,19,25
22,67,65
23,60,66
24,53,65
25,45,60
26,73,63
27,57,44
28,65,45
29,49,45
30,45,48
31,38,65
32,69,170
33,46,56
34,17,57
35,30,58
36,62,99
37,88,132
38,89,140
39,79,134
40,74,135
41,82,139
42,76,139
43,64,144
44,94,112
45,93,105
46,34,40
47,77,80
48,76,107
49,76,102
50,41,96
51,93,94
52,51,34
53,41,36
54,26,14
55,82,43
56,72,48
57,59,137
58,25,124
59,81,111
60,87,114
61,66,138
62,68,138
63,37,30
64,76,109
65,64,36
66,63,30
67,57,0
68,31,22
69,61,14
70,30,36
71,24,31
72,88,136
73,80,136
74,75,137
75,83,113
76,67,138
77,71,140
78,69,138
79,85,110
80,77,140
81,83,141
82,89,142
83,87,160
84,88,152
85,88,148
86,89,145
87,89,141
88,77,140
89,76,141
90,75,143
91,74,145
92,68,127
93,17,86
94,99,117
95,73,139
96,72,140
97,89,117
98,78,114
99,88,116
100,70,84
101,58,89
102,74,105
103,38,5
104,43,16
105,48,28
106,70,150
107,80,33
108,79,15
109,77,-2
110,48,63
111,30,70
112,77,61
113,38,50
114,82,76
115,81,105
116,23,74
117,35,76
118,44,80
119,58,79
120,68,76
121,75,73
122,93,67
123,25,90
124,32,48
125,96,115
126,78,89
127,14,54
128,81,69
129,74,105
130,42,56
131,81,99
132,20,104
133,78,59
134,87,96
135,40,147
136,39,154
137,18,89
138,31,136
139,20,43
140,68,177
141,96,117
142,71,94
143,24,59
144,54,61
145,60,61
146,70,141
147,27,104
148,81,188
149,59,174
150,50,165
151,101,16
152,97,190
153,66,61
154,72,60
155,76,59
156,27,46
157,71,54
158,65,52
159,58,51
160,53,53
161,49,54
162,15,38
163,51,59
164,99,124
165,75,124
166,82,110
167,89,124
168,100,54
169,49,158
170,58,167
171,81,183
172,32,141
173,75,57
174,88,80
175,97,186
176,69,182
177,21,105
178,83,141
179,82,143
180,81,146
181,80,149
182,78,156
183,72,138
184,71,137
185,69,137
186,62,131
187,36,111
188,88,71
189,83,54
190,78,54
191,73,139
192,35,127
193,89,55
194,73,162
195,100,84
196,93,76
197,100,75
198,83,92
199,97,178
200,97,169
201,85,168
202,57,147
203,67,110
204,64,155
205,51,107
206,60,116
207,45,118
208,82,176
209,78,95
210,51,151
211,60,161
212,52,137
213,28,117
214,43,137
215,25,120
216,55,125
217,83,84
218,83,109
219,78,110
220,86,105
221,77,47
222,65,42
223,54,41
224,46,42
225,40,45
226,37,57
227,16,73
228,42,69
229,49,71
230,59,72
231,68,70
232,75,68
233,80,66
234,15,70
235,78,111
236,88,88
237,88,110
238,92,114
239,88,111
240,80,113
241,93,115
242,94,116
243,80,59
244,84,62
245,86,64
246,47,55
247,42,51
248,106,85
249,149,60
250,107,115
251,175,29
252,130,66
253,137,67
254,143,67
255,152,63
256,124,65
257,140,45
258,132,46
259,148,46
260,152,49
261,157,67
262,124,170
263,151,58
264,176,61
265,165,62
266,134,100
267,106,131
268,105,139
269,115,133
270,120,135
271,112,139
272,117,138
273,129,145
274,106,112
275,107,105
276,161,43
277,120,81
278,122,107
279,122,103
280,154,98
281,107,94
282,146,36
283,155,38
284,170,17
285,115,42
286,125,49
287,135,138
288,165,126
289,116,112
290,111,114
291,127,137
292,125,138
293,159,33
294,122,110
295,133,36
296,134,30
297,143,2
298,165,25
299,139,16
300,165,40
301,171,35
302,106,136
303,113,136
304,119,136
305,115,113
306,126,138
307,123,140
308,124,138
309,114,111
310,116,139
311,111,140
312,104,141
313,107,161
314,106,153
315,105,148
316,105,144
317,104,141
318,116,140
319,117,141
320,119,143
321,120,145
322,128,128
323,173,89
324,120,139
325,121,139
326,108,117
327,119,114
328,110,116
329,127,85
330,139,90
331,123,106
332,160,7
333,156,19
334,148,30
335,124,151
336,118,32
337,121,16
338,124,0
339,149,65
340,164,73
341,120,63
342,158,53
343,116,76
344,118,106
345,171,77
346,160,78
347,151,82
348,138,80
349,128,77
350,121,74
351,107,67
352,169,93
353,164,52
354,103,116
355,120,89
356,177,57
357,116,70
358,123,105
359,154,58
360,118,100
361,170,107
362,120,60
363,113,96
364,152,149
365,151,155
366,174,91
367,160,138
368,174,47
369,125,177
370,102,117
371,126,95
372,170,63
373,143,62
374,137,63
375,124,141
376,167,107
377,112,188
378,133,174
379,141,166
380,131,62
381,125,61
382,122,61
383,168,50
384,126,55
385,133,52
386,139,52
387,145,53
388,148,55
389,177,41
390,146,61
391,121,125
392,117,111
393,109,124
394,143,159
395,134,168
396,112,184
397,158,142
398,122,58
399,111,80
400,123,182
401,171,108
402,111,140
403,112,143
404,113,146
405,113,150
406,116,157
407,122,138
408,123,137
409,124,136
410,132,132
411,158,113
412,111,71
413,115,54
414,119,55
415,120,139
416,158,129
417,109,55
418,120,163
419,107,77
420,116,92
421,109,168
422,136,147
423,129,111
424,129,156
425,145,109
426,135,118
427,150,120
428,111,177
429,120,96
430,142,152
431,133,162
432,142,138
433,164,119
434,150,138
435,167,123
436,140,126
437,115,85
438,116,109
439,120,110
440,113,105
441,121,47
442,132,43
443,143,42
444,151,43
445,156,47
446,159,60
447,176,76
448,154,71
449,147,73
450,138,73
451,129,71
452,122,69
453,117,67
454,175,73
455,119,112
456,111,88
457,111,111
458,107,114
459,111,111
460,117,114
461,106,115
462,105,116
463,117,60
464,114,62
465,112,64
466,150,56
467,155,53
468,61,55
469,69,55
470,62,48
471,54,55
472,61,62
473,136,57
474,143,57
475,136,50
476,129,56
477,136,63
