0,97,131
1,98,110
2,98,117
3,91,84
4,97,102
5,97,91
6,97,65
7,46,60
8,97,43
9,97,33
10,97,-4
11,98,135
12,98,138
13,98,140
14,98,141
15,98,145
16,98,151
17,98,156
18,102,161
19,98,114
20,91,113
21,25,31
22,68,68
23,60,69
24,53,68
25,44,63
26,74,66
27,55,42
28,65,43
29,47,44
30,43,48
31,39,68
32,76,174
33,44,58
34,21,65
35,32,62
36,63,101
37,89,130
38,90,138
39,81,132
40,76,135
41,84,138
42,80,138
43,70,147
44,92,110
45,91,102
46,34,42
47,78,82
48,77,107
49,76,102
50,42,100
51,91,92
52,49,33
53,40,36
54,31,18
55,81,40
56,72,47
57,64,140
58,29,138
59,82,111
60,87,113
61,71,140
62,73,140
63,37,31
64,77,110
65,62,34
66,61,28
67,57,0
68,35,25
69,60,15
70,31,39
71,29,36
72,89,134
73,83,135
74,78,137
75,84,112
76,72,140
77,74,142
78,74,140
79,85,110
80,81,140
81,86,140
82,91,140
83,92,161
84,90,155
85,90,150
86,90,144
87,91,140
88,81,140
89,80,142
90,78,144
91,76,147
92,70,128
93,21,98
94,98,115
95,78,140
96,76,141
97,90,116
98,79,114
99,89,115
100,70,86
101,59,91
102,75,105
103,41,7
104,45,18
105,47,27
106,75,152
107,78,30
108,77,14
109,75,-3
110,47,67
111,32,74
112,78,64
113,37,52
114,82,77
115,80,105
116,25,80
117,36,80
118,44,83
119,58,82
120,69,78
121,76,75
122,91,67
123,26,97
124,33,51
125,94,114
126,78,90
127,20,64
128,81,71
129,75,105
130,41,58
131,80,99
132,24,117
133,78,61
134,85,95
135,44,157
136,45,165
137,20,98
138,35,146
139,25,49
140,75,182
141,95,115
142,72,95
143,28,63
144,53,64
145,60,64
146,73,143
147,28,112
148,88,193
149,67,182
150,57,175
151,97,14
152,103,195
153,66,64
154,72,62
155,76,61
156,29,49
157,71,54
158,65,50
159,57,50
160,51,51
161,47,54
162,22,46
163,49,62
164,99,122
165,77,124
166,82,110
167,89,122
168,97,54
169,55,167
170,64,174
171,87,187
172,37,154
173,76,58
174,87,79
175,103,189
176,77,189
177,23,115
178,86,140
179,84,143
180,83,147
181,82,152
182,83,157
183,76,139
184,74,138
185,73,137
186,66,133
187,37,117
188,87,71
189,83,54
190,79,55
191,78,140
192,37,135
193,88,54
194,79,165
195,97,82
196,91,76
197,97,74
198,82,92
199,102,180
200,102,170
201,90,170
202,63,151
203,69,111
204,70,159
205,52,110
206,63,119
207,47,122
208,88,179
209,78,96
210,57,157
211,66,166
212,56,141
213,30,126
214,47,143
215,27,132
216,58,128
217,82,84
218,82,108
219,79,109
220,85,103
221,76,46
222,64,40
223,53,39
224,44,41
225,39,45
226,37,60
227,19,81
228,42,72
229,49,75
230,59,74
231,68,72
232,75,70
233,80,67
234,20,81
235,79,111
236,86,87
237,87,109
238,91,112
239,87,110
240,81,113
241,92,113
242,93,115
243,80,61
244,84,63
245,86,64
246,45,56
247,40,52
248,103,83
249,150,60
250,105,113
251,176,27
252,129,68
253,137,69
254,143,68
255,153,62
256,123,66
257,139,42
258,130,43
259,147,44
260,152,47
261,159,67
262,129,173
263,152,57
264,182,61
265,167,60
266,136,99
267,107,130
268,106,138
269,116,132
270,122,135
271,113,138
272,118,139
273,134,145
274,104,110
275,104,102
276,161,41
277,120,80
278,121,105
279,121,101
280,159,97
281,104,92
282,142,34
283,153,36
284,168,14
285,111,42
286,123,48
287,140,138
288,180,134
289,115,110
290,110,113
291,128,140
292,127,140
293,156,31
294,121,108
295,129,35
296,129,29
297,139,-2
298,163,22
299,134,12
300,165,37
301,171,32
302,107,134
303,115,135
304,120,137
305,114,111
306,127,140
307,124,142
308,125,140
309,112,109
310,117,140
311,112,140
312,106,140
313,111,160
314,108,155
315,107,150
316,106,144
317,105,140
318,117,140
319,119,142
320,121,144
321,122,147
322,131,126
323,186,94
324,121,140
325,122,141
326,108,116
327,119,112
328,109,114
329,128,84
330,140,89
331,123,104
332,157,3
333,151,15
334,144,28
335,128,151
336,113,31
337,117,13
338,119,-4
339,150,66
340,168,72
341,119,65
342,159,51
343,115,76
344,116,103
345,176,76
346,162,78
347,153,82
348,139,81
349,128,78
350,121,75
351,104,66
352,176,93
353,165,49
354,102,114
355,119,88
356,185,59
357,115,71
358,124,104
359,156,57
360,116,98
361,184,114
362,118,62
363,110,94
364,163,155
365,163,164
366,184,94
367,172,144
368,177,45
369,131,182
370,101,115
371,126,93
372,175,60
373,143,64
374,136,65
375,126,143
376,176,109
377,118,193
378,141,182
379,151,174
380,130,64
381,124,63
382,120,62
383,170,47
384,125,53
385,131,49
386,138,49
387,144,50
388,148,53
389,181,41
390,147,62
391,123,123
392,115,109
393,109,122
394,152,165
395,142,174
396,118,187
397,172,151
398,120,59
399,109,79
400,130,188
401,183,112
402,112,140
403,113,143
404,115,147
405,116,151
406,121,156
407,123,139
408,124,139
409,126,138
410,137,131
411,166,113
412,109,70
413,113,55
414,117,56
415,121,140
416,168,132
417,106,55
418,125,165
419,104,75
420,114,91
421,114,169
422,142,149
423,130,109
424,134,158
425,148,107
426,138,117
427,156,119
428,116,179
429,119,95
430,149,156
431,139,165
432,148,139
433,175,122
434,158,141
435,179,128
436,145,126
437,114,83
438,114,107
439,118,108
440,110,103
441,118,47
442,129,41
443,140,40
444,149,41
445,155,45
446,160,58
447,184,77
448,155,71
449,147,74
450,138,74
451,129,73
452,122,70
453,117,68
454,186,76
455,118,110
456,109,86
457,109,108
458,106,112
459,109,110
460,117,112
461,104,113
462,103,114
463,116,62
464,113,64
465,110,65
466,151,55
467,155,52
468,61,56
469,70,56
470,61,48
471,53,56
472,62,64
473,136,56
474,145,56
475,136,47
476,128,56
477,137,64
