0,98,129
1,102,109
2,99,116
3,94,84
4,102,102
5,102,91
6,99,67
7,41,60
8,99,47
9,99,37
10,99,-2
11,98,131
12,98,134
13,97,135
14,97,149
15,97,152
16,97,156
17,97,161
18,95,165
19,101,113
20,92,113
21,12,29
22,63,68
23,55,69
24,47,68
25,37,63
26,69,66
27,52,45
28,61,46
29,44,46
30,38,49
31,30,68
32,64,177
33,38,58
34,6,64
35,21,62
36,56,100
37,86,127
38,86,133
39,73,129
40,64,131
41,75,133
42,67,133
43,54,146
44,95,109
45,94,102
46,29,43
47,74,82
48,73,105
49,72,101
50,31,98
51,94,92
52,48,35
53,37,38
54,21,16
55,82,44
56,69,50
57,48,137
58,6,138
59,79,110
60,86,112
61,52,135
62,55,135
63,33,33
64,72,108
65,63,37
66,62,31
67,55,0
68,28,25
69,60,16
70,24,40
71,18,35
72,85,130
73,74,131
74,65,132
75,81,111
76,54,135
77,59,142
78,56,136
79,84,109
80,68,134
81,76,134
82,86,134
83,84,164
84,84,160
85,85,155
86,85,151
87,86,148
88,68,144
89,67,145
90,65,147
91,64,149
92,59,126
93,0,97
94,100,115
95,62,141
96,60,141
97,88,115
98,74,112
99,87,114
100,65,85
101,51,90
102,70,104
103,35,6
104,41,18
105,46,30
106,62,154
107,80,34
108,78,16
109,75,-2
110,41,66
111,22,73
112,74,64
113,31,53
114,80,77
115,79,103
116,12,79
117,27,78
118,38,82
119,53,81
120,64,78
121,72,74
122,92,68
123,12,95
124,24,51
125,97,113
126,74,89
127,1,62
128,79,71
129,69,104
130,34,58
131,79,98
132,1,117
133,73,61
134,86,94
135,26,158
136,26,167
137,3,97
138,15,147
139,12,48
140,62,185
141,97,115
142,66,94
143,14,63
144,48,64
145,55,65
146,57,142
147,11,111
148,77,196
149,52,185
150,40,178
151,99,16
152,93,197
153,62,64
154,68,63
155,72,62
156,18,50
157,67,55
158,60,53
159,53,52
160,46,53
161,42,55
162,5,43
163,44,62
164,99,121
165,69,122
166,80,109
167,86,121
168,99,57
169,39,169
170,50,177
171,77,191
172,15,155
173,71,59
174,86,80
175,94,192
176,64,191
177,3,115
178,76,147
179,75,149
180,74,152
181,73,156
182,72,160
183,59,134
184,58,133
185,57,133
186,52,131
187,22,116
188,86,72
189,80,56
190,75,56
191,61,135
192,20,135
193,88,56
194,67,168
195,101,83
196,93,77
197,100,75
198,80,92
199,95,184
200,95,174
201,81,173
202,48,151
203,61,110
204,57,161
205,41,109
206,52,117
207,33,121
208,78,183
209,74,95
210,42,158
211,52,168
212,41,140
213,12,125
214,31,143
215,7,132
216,44,126
217,80,85
218,82,107
219,76,108
220,87,102
221,75,49
222,62,43
223,51,42
224,41,43
225,35,47
226,29,60
227,3,80
228,35,71
229,43,74
230,54,74
231,63,72
232,71,70
233,76,68
234,0,79
235,75,110
236,87,87
237,89,108
238,92,112
239,88,109
240,77,112
241,94,113
242,94,114
243,76,62
244,81,64
245,84,65
246,40,56
247,35,53
248,107,84
249,149,62
250,107,113
251,169,31
252,130,69
253,137,69
254,143,69
255,152,64
256,124,67
257,141,47
258,132,48
259,148,48
260,153,51
261,157,69
262,123,175
263,152,60
264,172,65
265,164,62
266,136,100
267,109,127
268,108,133
269,119,129
270,125,131
271,116,133
272,122,133
273,131,145
274,108,109
275,109,102
276,163,43
277,120,82
278,123,105
279,124,101
280,157,99
281,108,92
282,148,36
283,157,38
284,165,18
285,116,45
286,125,52
287,137,136
288,162,136
289,118,110
290,112,112
291,132,135
292,130,136
293,160,32
294,123,108
295,135,38
296,136,31
297,140,1
298,162,26
299,137,17
300,166,39
301,167,37
302,109,130
303,117,131
304,124,132
305,116,111
306,131,135
307,127,142
308,129,136
309,115,109
310,120,134
311,114,134
312,107,134
313,106,164
314,108,160
315,108,155
316,107,151
317,106,148
318,119,144
319,121,145
320,123,147
321,124,149
322,130,125
323,168,97
324,124,141
325,126,141
326,109,115
327,120,112
328,110,114
329,128,86
330,140,90
331,125,104
332,156,8
333,152,19
334,150,30
335,125,153
336,118,35
337,120,16
338,122,-1
339,149,67
340,164,74
341,120,65
342,159,53
343,115,77
344,120,103
345,170,80
346,160,80
347,152,83
348,139,82
349,129,79
350,121,76
351,106,68
352,171,95
353,164,52
354,105,113
355,120,89
356,170,63
357,116,72
358,125,104
359,155,59
360,120,98
361,166,116
362,120,63
363,114,94
364,152,156
365,149,164
366,173,97
367,160,145
368,170,50
369,123,183
370,103,115
371,127,94
372,169,63
373,143,64
374,137,65
375,129,142
376,169,111
377,109,195
378,130,183
379,139,175
380,131,65
381,125,64
382,122,63
383,167,50
384,126,57
385,132,55
386,139,55
387,145,56
388,148,57
389,171,46
390,147,63
391,123,122
392,118,109
393,110,121
394,142,166
395,132,175
396,110,190
397,156,152
398,122,60
399,111,80
400,120,189
401,170,114
402,113,146
403,115,149
404,117,152
405,118,156
406,117,159
407,127,134
408,128,134
409,130,133
410,135,130
411,162,115
412,111,72
413,115,57
414,119,58
415,125,135
416,161,134
417,109,58
418,120,167
419,107,77
420,117,92
421,108,172
422,136,149
423,131,110
424,129,159
425,148,109
426,137,117
427,153,121
428,110,182
429,121,95
430,141,157
431,132,167
432,143,139
433,167,124
434,152,142
435,167,130
436,143,125
437,116,85
438,117,107
439,121,108
440,115,102
441,121,50
442,133,44
443,144,43
444,152,44
445,157,48
446,159,61
447,173,81
448,154,72
449,147,75
450,138,75
451,129,74
452,122,71
453,117,69
454,169,80
455,121,110
456,112,87
457,113,108
458,108,112
459,112,109
460,118,112
461,107,112
462,106,114
463,117,63
464,114,65
465,112,67
466,150,59
467,155,54
468,54,58
469,62,58
470,54,51
471,45,58
472,54,65
473,135,59
474,143,59
475,135,52
476,126,59
477,135,66
