0,97,131
1,102,116
2,101,121
3,94,87
4,102,108
5,102,96
6,101,66
7,46,60
8,100,43
9,100,32
10,100,-7
11,97,133
12,97,136
13,97,137
14,98,152
15,98,156
16,97,159
17,97,164
18,100,167
19,101,119
20,93,118
21,14,25
22,66,67
23,59,67
24,51,67
25,42,63
26,73,66
27,56,46
28,64,47
29,48,47
30,42,50
31,34,67
32,70,178
33,43,58
34,10,60
35,25,62
36,59,101
37,86,130
38,86,135
39,75,130
40,68,131
41,78,134
42,71,134
43,61,148
44,95,116
45,94,108
46,31,43
47,76,81
48,75,109
49,74,104
50,35,98
51,94,97
52,50,36
53,39,38
54,22,12
55,84,44
56,72,50
57,55,139
58,18,132
59,80,114
60,87,117
61,60,135
62,62,135
63,35,33
64,74,111
65,65,37
66,63,31
67,54,-3
68,28,22
69,59,12
70,26,39
71,20,32
72,86,132
73,76,132
74,69,133
75,82,115
76,61,135
77,64,142
78,63,135
79,85,113
80,72,135
81,79,135
82,87,136
83,88,166
84,85,163
85,86,158
86,87,155
87,88,152
88,73,145
89,71,147
90,69,149
91,68,151
92,65,129
93,9,91
94,101,120
95,68,141
96,66,141
97,90,120
98,76,115
99,88,118
100,68,85
101,55,90
102,73,107
103,34,2
104,40,15
105,48,29
106,68,155
107,81,33
108,78,12
109,75,-6
110,45,65
111,25,73
112,77,64
113,34,53
114,82,77
115,80,108
116,17,77
117,30,78
118,40,81
119,56,80
120,67,78
121,76,75
122,93,68
123,17,93
124,28,52
125,97,119
126,77,90
127,7,56
128,82,71
129,71,106
130,39,58
131,80,102
132,12,111
133,77,61
134,87,98
135,35,155
136,36,163
137,10,93
138,25,143
139,15,45
140,68,187
141,98,120
142,69,95
143,18,64
144,53,62
145,59,62
146,63,143
147,18,109
148,83,198
149,59,185
150,48,176
151,100,12
152,99,200
153,65,62
154,71,62
155,75,62
156,22,50
157,70,56
158,64,54
159,58,54
160,51,54
161,47,56
162,10,39
163,49,61
164,101,126
165,73,126
166,81,113
167,89,125
168,100,54
169,47,167
170,57,177
171,82,193
172,26,149
173,75,59
174,88,81
175,99,195
176,70,193
177,13,111
178,80,149
179,78,151
180,76,155
181,75,159
182,77,162
183,66,134
184,64,133
185,63,133
186,58,133
187,29,115
188,88,72
189,83,56
190,78,56
191,67,135
192,28,133
193,90,56
194,73,170
195,101,86
196,94,78
197,101,76
198,82,94
199,100,187
200,100,176
201,86,175
202,55,151
203,65,112
204,63,161
205,46,110
206,57,119
207,39,122
208,84,185
209,77,97
210,49,158
211,59,169
212,48,141
213,21,122
214,38,142
215,17,127
216,51,128
217,82,86
218,83,112
219,77,112
220,87,108
221,77,49
222,65,43
223,53,42
224,44,43
225,38,47
226,33,60
227,9,76
228,38,71
229,46,73
230,57,73
231,67,72
232,75,70
233,80,68
234,8,73
235,77,113
236,88,90
237,89,114
238,93,117
239,88,114
240,79,115
241,94,118
242,95,119
243,80,62
244,84,64
245,87,65
246,45,57
247,39,53
248,108,86
249,151,58
250,109,117
251,178,22
252,132,66
253,139,66
254,146,65
255,154,61
256,126,65
257,142,44
258,134,45
259,150,45
260,154,48
261,161,65
262,128,176
263,154,57
264,182,57
265,169,58
266,139,99
267,109,129
268,109,134
269,121,129
270,128,130
271,118,133
272,125,133
273,136,145
274,108,115
275,109,107
276,165,40
277,123,80
278,126,108
279,126,103
280,161,96
281,109,96
282,148,34
283,158,35
284,172,10
285,116,42
286,127,49
287,142,137
288,172,128
289,120,113
290,114,116
291,138,133
292,136,134
293,161,29
294,126,110
295,134,35
296,135,29
297,145,-4
298,168,19
299,141,11
300,169,35
301,174,29
302,109,132
303,119,131
304,127,131
305,119,114
306,137,133
307,133,140
308,135,134
309,117,113
310,124,134
311,117,135
312,108,136
313,111,166
314,110,162
315,109,158
316,109,154
317,108,151
318,124,144
319,126,145
320,127,147
321,129,149
322,134,127
323,179,88
324,129,140
325,131,140
326,111,119
327,124,114
328,113,118
329,131,84
330,143,88
331,127,105
332,162,0
333,158,13
334,150,27
335,130,153
336,118,31
337,122,12
338,125,-7
339,151,63
340,169,69
341,123,63
342,162,50
343,118,76
344,121,107
345,177,73
346,164,75
347,156,79
348,142,79
349,132,77
350,124,74
351,108,68
352,176,90
353,167,48
354,106,119
355,123,89
356,182,53
357,118,70
358,128,105
359,157,56
360,121,101
361,177,107
362,123,61
363,115,98
364,158,152
365,156,159
366,181,89
367,167,139
368,178,42
369,129,185
370,104,120
371,130,94
372,175,59
373,144,60
374,139,61
375,134,141
376,175,105
377,115,197
378,137,182
379,146,172
380,133,61
381,128,61
382,124,61
383,173,45
384,129,55
385,135,52
386,141,52
387,146,53
388,150,54
389,181,36
390,148,59
391,127,125
392,120,112
393,112,125
394,148,164
395,139,174
396,116,192
397,165,145
398,124,58
399,113,81
400,127,191
401,178,107
402,117,148
403,118,150
404,119,153
405,120,157
406,121,161
407,132,133
408,133,132
409,134,131
410,140,131
411,167,111
412,113,71
413,117,55
414,122,56
415,130,133
416,166,129
417,110,55
418,125,168
419,108,78
420,119,93
421,113,174
422,142,149
423,134,110
424,134,159
425,152,107
426,141,117
427,158,119
428,115,184
429,123,96
430,147,155
431,138,166
432,148,138
433,173,119
434,157,139
435,174,123
436,147,125
437,118,85
438,119,111
439,124,111
440,116,107
441,122,47
442,134,42
443,144,40
444,153,42
445,159,45
446,162,57
447,182,73
448,157,68
449,150,71
450,141,72
451,132,71
452,125,69
453,120,67
454,181,70
455,123,112
456,114,89
457,114,113
458,110,117
459,114,114
460,121,114
461,108,118
462,107,119
463,120,61
464,116,63
465,114,65
466,152,56
467,157,51
468,59,58
469,67,58
470,59,51
471,51,58
472,59,65
473,138,56
474,145,56
475,137,49
476,130,57
477,138,64
