0,96,133
1,106,112
2,102,116
3,99,85
4,106,105
5,106,94
6,104,65
7,46,55
8,104,45
9,104,36
10,105,-1
11,96,134
12,96,136
13,96,137
14,97,147
15,97,150
16,97,154
17,97,158
18,97,163
19,105,115
20,95,113
21,15,21
22,67,62
23,60,62
24,53,62
25,42,58
26,72,61
27,57,43
28,66,44
29,49,44
30,44,47
31,35,63
32,67,168
33,43,54
34,11,53
35,26,58
36,63,97
37,88,132
38,89,135
39,80,134
40,75,136
41,82,136
42,78,137
43,63,145
44,99,111
45,99,104
46,35,42
47,78,78
48,78,105
49,77,101
50,40,93
51,99,94
52,56,36
53,44,38
54,24,10
55,88,42
56,72,47
57,59,138
58,12,119
59,83,110
60,89,112
61,69,142
62,71,141
63,40,33
64,77,108
65,70,36
66,70,31
67,60,0
68,32,21
69,65,14
70,30,39
71,22,29
72,88,134
73,81,135
74,76,137
75,85,111
76,70,142
77,72,145
78,72,141
79,89,109
80,79,138
81,83,137
82,89,136
83,86,162
84,87,157
85,88,154
86,89,150
87,90,146
88,79,144
89,78,146
90,76,148
91,74,150
92,69,126
93,5,81
94,103,115
95,76,143
96,74,144
97,92,115
98,79,112
99,91,114
100,70,82
101,58,86
102,75,103
103,39,2
104,45,15
105,54,30
106,69,152
107,87,33
108,84,16
109,81,-1
110,46,61
111,26,68
112,76,60
113,36,50
114,84,74
115,84,104
116,19,70
117,32,73
118,42,76
119,57,76
120,68,73
121,76,71
122,96,66
123,20,87
124,30,49
125,100,114
126,79,87
127,5,49
128,82,68
129,74,102
130,39,54
131,83,98
132,7,99
133,76,58
134,91,96
135,33,145
136,30,150
137,10,84
138,24,132
139,16,39
140,64,174
141,100,115
142,72,91
143,19,58
144,54,57
145,60,58
146,71,145
147,21,101
148,76,185
149,52,171
150,42,162
151,105,17
152,93,186
153,66,58
154,71,57
155,74,58
156,24,47
157,70,52
158,64,49
159,58,49
160,52,50
161,47,51
162,9,33
163,49,56
164,102,121
165,76,123
166,84,109
167,91,121
168,103,54
169,42,156
170,53,165
171,78,181
172,20,136
173,74,55
174,91,79
175,94,182
176,63,179
177,11,100
178,84,145
179,82,148
180,81,151
181,80,154
182,76,158
183,74,139
184,72,139
185,71,138
186,63,131
187,33,108
188,90,70
189,84,53
190,78,53
191,75,139
192,30,124
193,92,54
194,71,162
195,105,84
196,97,76
197,105,75
198,85,91
199,95,176
200,96,169
201,83,167
202,55,146
203,68,108
204,62,155
205,51,105
206,61,115
207,44,116
208,80,174
209,79,93
210,47,150
211,56,159
212,50,137
213,22,113
214,40,135
215,15,116
216,55,124
217,85,83
218,87,108
219,81,108
220,91,104
221,79,46
222,68,42
223,57,40
224,47,42
225,40,45
226,34,56
227,9,68
228,40,66
229,48,68
230,58,69
231,67,67
232,74,66
233,79,64
234,5,64
235,80,110
236,92,87
237,93,110
238,96,113
239,92,110
240,82,111
241,98,114
242,97,114
243,79,58
244,84,61
245,87,62
246,45,53
247,40,50
248,111,85
249,144,58
250,111,113
251,165,27
252,126,64
253,132,64
254,139,64
255,146,60
256,120,62
257,138,47
258,130,47
259,145,48
260,148,51
261,151,65
262,118,166
263,146,56
264,165,57
265,157,60
266,132,98
267,105,131
268,104,135
269,112,132
270,117,134
271,110,135
272,114,136
273,126,145
274,111,111
275,113,105
276,158,46
277,120,79
278,124,106
279,124,101
280,149,95
281,112,94
282,146,39
283,154,42
284,163,16
285,117,43
286,123,49
287,130,137
288,148,118
289,119,110
290,114,113
291,122,140
292,120,140
293,157,37
294,123,108
295,134,39
296,136,34
297,144,3
298,161,26
299,140,18
300,161,42
301,164,34
302,104,133
303,111,134
304,115,135
305,117,111
306,121,140
307,119,143
308,119,140
309,117,109
310,112,137
311,108,136
312,103,136
313,106,162
314,105,157
315,105,153
316,104,149
317,103,146
318,113,143
319,114,144
320,116,146
321,118,148
322,126,126
323,157,83
324,115,141
325,117,142
326,111,115
327,121,112
328,113,114
329,126,82
330,136,87
331,124,104
332,157,8
333,154,20
334,148,34
335,121,151
336,120,34
337,125,18
338,127,0
339,143,63
340,157,70
341,117,61
342,153,53
343,116,75
344,122,105
345,162,73
346,154,75
347,147,79
348,135,78
349,126,75
350,120,72
351,110,67
352,160,88
353,158,52
354,108,114
355,120,87
356,162,53
357,115,68
358,124,103
359,149,57
360,121,99
361,154,100
362,117,58
363,117,96
364,140,142
365,137,148
366,162,86
367,147,131
368,164,44
369,119,172
370,107,115
371,125,92
372,161,61
373,138,60
374,133,60
375,120,144
376,157,102
377,107,183
378,124,169
379,130,160
380,127,60
381,122,59
382,118,59
383,161,50
384,123,54
385,129,53
386,135,53
387,141,54
388,144,55
389,165,38
390,142,59
391,122,123
392,119,109
393,111,122
394,133,153
395,126,163
396,108,180
397,143,135
398,119,57
399,114,79
400,116,177
401,158,101
402,109,144
403,110,147
404,112,150
405,113,154
406,114,157
407,117,138
408,119,137
409,120,137
410,129,131
411,150,109
412,113,70
413,114,54
414,117,54
415,115,138
416,147,124
417,110,54
418,116,161
419,111,76
420,118,91
421,107,167
422,130,145
423,128,108
424,124,153
425,140,106
426,132,115
427,143,116
428,108,174
429,121,94
430,134,148
431,126,157
432,136,136
433,153,113
434,141,134
435,153,116
436,135,124
437,117,83
438,120,108
439,122,109
440,118,104
441,120,48
442,132,44
443,141,44
444,149,46
445,153,49
446,152,58
447,164,71
448,148,68
449,142,70
450,134,70
451,125,69
452,119,67
453,115,65
454,159,68
455,121,110
456,115,87
457,116,110
458,112,113
459,115,110
460,119,112
461,110,114
462,109,114
463,115,59
464,113,61
465,112,63
466,145,56
467,150,53
468,56,53
469,63,53
470,56,46
471,49,52
472,56,59
473,132,56
474,138,56
475,132,50
476,125,56
477,132,61
