0,101,123
1,102,102
2,99,110
3,94,74
4,102,93
5,102,82
6,100,56
7,39,51
8,100,34
9,100,22
10,101,-15
11,101,126
12,100,129
13,99,131
14,99,147
15,99,150
16,99,154
17,98,158
18,97,166
19,101,107
20,91,106
21,9,23
22,64,56
23,56,57
24,47,57
25,35,53
26,70,54
27,52,31
28,61,32
29,43,33
30,37,37
31,29,58
32,63,177
33,35,49
34,3,60
35,19,51
36,52,92
37,86,122
38,85,129
39,70,124
40,59,127
41,73,129
42,63,130
43,49,144
44,94,102
45,94,93
46,26,25
47,73,73
48,69,98
49,68,93
50,27,90
51,94,83
52,46,14
53,34,18
54,18,8
55,82,23
56,68,37
57,41,134
58,5,140
59,75,103
60,83,106
61,46,134
62,49,134
63,29,11
64,67,101
65,61,15
66,60,7
67,53,-12
68,24,15
69,57,2
70,20,21
71,15,28
72,85,126
73,71,127
74,61,129
75,77,105
76,48,134
77,53,140
78,50,134
79,82,102
80,64,131
81,74,130
82,86,131
83,83,166
84,83,157
85,84,153
86,85,149
87,86,146
88,65,142
89,63,143
90,61,145
91,59,147
92,53,120
93,-1,98
94,100,109
95,57,139
96,56,139
97,86,109
98,69,105
99,84,107
100,63,77
101,48,81
102,66,96
103,32,-3
104,37,6
105,43,7
106,57,153
107,80,11
108,78,2
109,75,-15
110,40,56
111,20,64
112,74,52
113,28,40
114,79,68
115,77,96
116,9,73
117,26,69
118,37,72
119,53,71
120,65,68
121,73,64
122,92,58
123,8,89
124,22,38
125,96,106
126,72,81
127,0,60
128,80,60
129,64,96
130,32,48
131,76,90
132,0,119
133,73,50
134,85,85
135,24,157
136,25,169
137,0,95
138,13,147
139,9,43
140,61,186
141,97,108
142,63,86
143,12,53
144,49,52
145,56,52
146,52,141
147,7,107
148,78,199
149,50,187
150,38,180
151,101,3
152,96,200
153,62,52
154,68,50
155,71,50
156,15,36
157,66,47
158,60,46
159,53,46
160,46,47
161,41,48
162,3,39
163,43,52
164,98,114
165,63,116
166,76,102
167,84,114
168,100,45
169,37,168
170,49,177
171,78,192
172,14,157
173,71,49
174,86,70
175,96,194
176,63,194
177,1,114
178,74,144
179,73,146
180,71,149
181,70,153
182,68,161
183,54,132
184,53,131
185,51,130
186,45,126
187,17,110
188,86,62
189,80,42
190,75,44
191,56,132
192,15,132
193,89,42
194,65,168
195,101,73
196,93,66
197,101,65
198,78,83
199,96,185
200,97,175
201,81,174
202,44,148
203,56,103
204,53,159
205,37,102
206,47,111
207,28,115
208,79,184
209,71,87
210,38,157
211,50,167
212,36,136
213,8,122
214,26,140
215,5,131
216,39,120
217,79,76
218,79,100
219,72,101
220,85,94
221,74,32
222,61,26
223,50,25
224,40,27
225,32,32
226,26,50
227,1,77
228,33,62
229,43,64
230,54,64
231,64,61
232,72,59
233,77,56
234,0,79
235,71,103
236,86,78
237,87,101
238,91,105
239,86,103
240,72,105
241,93,106
242,93,108
243,77,50
244,81,52
245,85,54
246,38,49
247,33,42
248,108,74
249,155,55
250,109,106
251,177,26
252,133,57
253,140,59
254,148,59
255,158,57
256,127,56
257,145,36
258,137,37
259,153,38
260,158,42
261,163,61
262,128,176
263,158,54
264,181,61
265,170,55
266,142,92
267,115,122
268,112,129
269,127,124
270,134,127
271,122,129
272,129,130
273,139,143
274,109,102
275,110,93
276,168,32
277,124,73
278,129,97
279,130,93
280,165,90
281,109,83
282,152,20
283,162,25
284,172,11
285,119,27
286,129,40
287,145,133
288,172,140
289,123,103
290,115,105
291,141,135
292,138,135
293,165,19
294,130,100
295,138,20
296,140,13
297,146,-10
298,169,17
299,142,4
300,172,28
301,174,30
302,114,126
303,124,127
304,132,129
305,121,104
306,140,135
307,136,141
308,137,135
309,118,102
310,127,131
311,120,131
312,111,131
313,110,165
314,111,157
315,112,153
316,111,149
317,110,146
318,126,143
319,128,144
320,130,146
321,131,148
322,138,119
323,178,99
324,131,140
325,134,140
326,112,108
327,127,104
328,114,107
329,133,77
330,146,82
331,131,96
332,163,-1
333,158,8
334,155,14
335,132,152
336,121,15
337,123,3
338,126,-14
339,154,59
340,171,66
341,123,54
342,165,45
343,118,68
344,124,95
345,178,74
346,167,71
347,158,73
348,143,72
349,132,69
350,124,65
351,108,58
352,180,90
353,170,43
354,106,106
355,125,81
356,180,62
357,119,61
358,131,96
359,161,53
360,124,90
361,177,119
362,124,52
363,117,85
364,161,157
365,158,169
366,183,95
367,170,146
368,178,45
369,128,186
370,104,108
371,132,86
372,175,57
373,147,54
374,141,54
375,137,142
376,180,107
377,113,198
378,137,187
379,147,179
380,135,53
381,129,52
382,125,52
383,174,41
384,130,51
385,136,51
386,142,52
387,149,53
388,153,54
389,180,42
390,152,55
391,130,115
392,123,102
393,113,114
394,149,168
395,139,177
396,114,192
397,166,157
398,126,51
399,114,70
400,126,194
401,181,114
402,119,145
403,121,147
404,122,150
405,123,154
406,123,159
407,135,132
408,137,131
409,139,130
410,143,125
411,172,109
412,113,63
413,118,44
414,122,46
415,132,133
416,171,131
417,111,43
418,125,167
419,108,66
420,121,83
421,112,173
422,143,148
423,137,102
424,135,158
425,155,101
426,144,110
427,161,115
428,113,183
429,126,87
430,149,156
431,138,167
432,151,136
433,177,122
434,160,139
435,177,131
436,150,120
437,119,76
438,121,100
439,127,100
440,117,94
441,124,35
442,137,30
443,148,30
444,157,33
445,162,38
446,165,54
447,182,78
448,160,64
449,152,65
450,142,65
451,132,63
452,125,60
453,120,58
454,179,80
455,126,102
456,115,78
457,115,101
458,110,105
459,115,102
460,124,104
461,109,106
462,107,107
463,121,51
464,116,53
465,114,54
466,156,54
467,161,47
468,50,50
469,56,49
470,50,43
471,43,50
472,50,56
473,143,51
474,149,51
475,143,45
476,136,50
477,142,57
