0,92,139
1,81,109
2,90,115
3,78,84
4,79,102
5,80,92
6,88,66
7,59,63
8,88,45
9,86,35
10,84,0
11,93,143
12,94,148
13,97,150
14,96,151
15,95,156
16,95,162
17,97,168
18,105,164
19,84,112
20,81,112
21,47,33
22,76,68
23,70,70
24,65,70
25,58,65
26,79,66
27,60,48
28,67,48
29,55,50
30,53,53
31,56,70
32,90,168
33,57,60
34,56,62
35,52,63
36,68,101
37,85,137
38,89,147
39,81,139
40,79,143
41,86,147
42,84,148
43,81,149
44,76,109
45,73,102
46,44,47
47,77,81
48,70,106
49,71,102
50,57,100
51,75,93
52,50,41
53,45,43
54,44,21
55,74,46
56,74,51
57,77,142
58,80,122
59,76,110
60,80,112
61,80,149
62,82,149
63,42,38
64,73,109
65,59,42
66,56,36
67,52,6
68,43,29
69,54,20
70,42,43
71,45,38
72,87,143
73,83,144
74,81,146
75,78,111
76,81,149
77,81,152
78,83,149
79,74,108
80,86,149
81,88,150
82,92,150
83,97,162
84,90,167
85,89,161
86,90,156
87,91,151
88,86,150
89,84,152
90,82,155
91,82,158
92,75,129
93,72,88
94,87,114
95,84,150
96,83,151
97,83,115
98,77,113
99,82,114
100,73,86
101,65,91
102,72,105
103,45,12
104,45,23
105,47,35
106,85,154
107,69,37
108,67,19
109,65,1
110,61,68
111,54,75
112,81,64
113,51,56
114,79,77
115,70,104
116,52,78
117,56,81
118,61,85
119,70,83
120,77,79
121,81,75
122,83,68
123,53,93
124,48,54
125,81,112
126,76,89
127,63,59
128,83,71
129,74,105
130,56,60
131,71,98
132,75,104
133,81,61
134,73,95
135,78,146
136,85,151
137,60,91
138,74,135
139,50,49
140,92,174
141,84,114
142,73,95
143,51,64
144,64,66
145,69,66
146,81,153
147,58,107
148,104,185
149,92,171
150,89,162
151,84,17
152,116,188
153,74,65
154,78,63
155,80,62
156,46,52
157,76,56
158,70,54
159,64,54
160,60,55
161,58,57
162,53,45
163,60,65
164,92,121
165,77,124
166,74,109
167,84,122
168,90,55
169,82,156
170,87,165
171,100,181
172,83,138
173,79,59
174,79,80
175,112,184
176,96,178
177,65,106
178,88,151
179,86,154
180,85,159
181,85,163
182,90,159
183,83,149
184,81,147
185,79,146
186,75,135
187,60,113
188,81,72
189,82,56
190,80,57
191,85,149
192,68,128
193,84,57
194,91,163
195,83,83
196,80,77
197,85,75
198,75,92
199,109,177
200,107,170
201,98,168
202,78,149
203,72,111
204,84,156
205,63,109
206,70,118
207,64,120
208,98,175
209,75,95
210,78,151
211,84,160
212,73,140
213,64,118
214,71,138
215,69,120
216,70,128
217,77,84
218,72,107
219,72,108
220,71,102
221,75,50
222,64,46
223,56,46
224,51,48
225,49,51
226,54,62
227,58,77
228,59,74
229,63,76
230,70,75
231,76,73
232,81,70
233,83,68
234,69,73
235,74,110
236,76,87
237,73,108
238,79,111
239,75,109
240,77,112
241,79,112
242,82,113
243,83,62
244,84,64
245,85,66
246,57,59
247,53,56
248,90,84
249,154,55
250,95,112
251,199,17
252,130,64
253,138,65
254,147,64
255,159,56
256,123,62
257,139,39
258,129,41
259,148,40
260,155,42
261,167,61
262,141,171
263,158,51
264,205,52
265,179,53
266,137,99
267,101,136
268,103,147
269,114,138
270,124,140
271,113,146
272,122,145
273,141,149
274,87,109
275,87,102
276,165,36
277,120,79
278,115,105
279,117,101
280,164,96
281,88,92
282,138,32
283,152,32
284,183,6
285,103,42
286,122,45
287,146,142
288,216,122
289,110,110
290,103,112
291,139,144
292,136,145
293,157,26
294,118,108
295,122,35
296,121,28
297,134,-4
298,172,16
299,128,11
300,172,30
301,187,25
302,102,142
303,113,142
304,123,143
305,109,111
306,137,145
307,132,148
308,135,145
309,102,108
310,122,147
311,114,148
312,105,149
313,116,163
314,107,166
315,106,161
316,105,155
317,105,150
318,122,147
319,124,149
320,126,152
321,128,155
322,130,129
323,222,82
324,129,146
325,130,147
326,101,115
327,117,113
328,102,114
329,129,83
330,143,88
331,120,104
332,162,0
333,153,11
334,140,25
335,135,155
336,102,32
337,106,14
338,109,-3
339,155,61
340,179,67
341,118,61
342,165,45
343,113,75
344,107,103
345,192,72
346,171,75
347,158,80
348,141,79
349,129,76
350,120,72
351,96,67
352,191,89
353,173,43
354,88,112
355,118,88
356,217,48
357,113,69
358,123,104
359,162,50
360,109,98
361,221,101
362,119,58
363,98,94
364,184,150
365,192,155
366,209,86
367,196,137
368,196,37
369,146,177
370,90,113
371,127,93
372,189,53
373,145,60
374,137,61
375,134,149
376,192,104
377,133,187
378,163,175
379,176,167
380,131,61
381,124,59
382,120,58
383,182,39
384,125,50
385,132,46
386,140,45
387,147,46
388,152,48
389,210,31
390,150,58
391,121,124
392,108,109
393,103,122
394,172,161
395,160,169
396,130,183
397,205,141
398,121,55
399,102,79
400,149,182
401,209,103
402,114,148
403,115,152
404,116,156
405,118,162
406,126,159
407,130,145
408,131,144
409,133,142
410,138,135
411,175,111
412,104,71
413,110,53
414,117,52
415,129,146
416,184,129
417,100,54
418,134,165
419,93,76
420,109,91
421,121,169
422,152,151
423,131,109
424,145,158
425,151,108
426,139,117
427,161,119
428,125,176
429,117,94
430,164,155
431,153,163
432,156,141
433,193,117
434,171,140
435,206,120
436,147,128
437,110,83
438,104,107
439,112,108
440,97,102
441,114,45
442,126,39
443,138,37
444,149,37
445,158,40
446,169,52
447,208,69
448,162,66
449,152,70
450,140,71
451,130,69
452,122,67
453,116,65
454,220,64
455,114,110
456,99,86
457,95,108
458,93,111
459,97,109
460,113,112
461,91,112
462,93,113
463,115,58
464,111,61
465,107,64
466,155,49
467,160,45
468,72,58
469,80,57
470,71,51
471,64,59
472,73,65
473,142,51
474,150,51
475,141,43
476,133,51
477,142,59
