0,94,127
1,91,96
2,95,108
3,86,76
4,90,88
5,91,80
6,95,62
7,51,71
8,96,44
9,95,33
10,94,0
11,94,130
12,95,134
13,96,137
14,96,137
15,95,140
16,95,145
17,96,150
18,102,160
19,92,101
20,89,104
21,30,49
22,71,77
23,63,78
24,56,77
25,49,74
26,77,74
27,58,53
28,67,53
29,50,55
30,46,59
31,44,79
32,78,176
33,49,70
34,31,81
35,38,75
36,63,103
37,86,126
38,88,135
39,79,132
40,75,138
41,83,137
42,79,141
43,71,152
44,85,97
45,83,90
46,36,53
47,77,83
48,73,101
49,73,98
50,45,107
51,84,82
52,49,41
53,40,46
54,33,33
55,80,44
56,75,56
57,65,146
58,48,153
59,80,105
60,86,107
61,73,149
62,74,148
63,37,42
64,75,106
65,61,40
66,59,34
67,55,10
68,35,36
69,58,21
70,33,51
71,31,50
72,87,131
73,81,135
74,77,140
75,82,107
76,73,148
77,76,148
78,75,147
79,81,100
80,81,142
81,85,139
82,90,138
83,93,160
84,88,150
85,88,145
86,89,141
87,90,138
88,81,142
89,80,144
90,78,147
91,77,150
92,70,129
93,40,117
94,94,104
95,78,144
96,77,146
97,87,109
98,78,111
99,87,108
100,70,89
101,59,95
102,73,103
103,40,20
104,43,27
105,46,36
106,77,155
107,76,34
108,74,18
109,72,4
110,51,76
111,38,85
112,81,72
113,41,64
114,81,77
115,76,96
116,32,92
117,41,89
118,48,91
119,61,88
120,71,85
121,79,80
122,88,65
123,33,108
124,37,64
125,89,101
126,77,89
127,34,83
128,84,75
129,74,104
130,46,70
131,76,93
132,43,135
133,82,69
134,80,86
135,54,165
136,59,175
137,33,113
138,47,156
139,31,64
140,78,184
141,91,104
142,71,96
143,34,78
144,57,73
145,63,74
146,75,150
147,37,123
148,92,195
149,74,187
150,67,182
151,94,16
152,108,196
153,69,73
154,75,72
155,80,70
156,34,64
157,75,63
158,69,61
159,62,61
160,55,63
161,52,65
162,31,65
163,53,72
164,96,114
165,75,122
166,79,103
167,87,116
168,96,54
169,62,173
170,70,178
171,90,189
172,54,166
173,80,67
174,83,76
175,106,190
176,82,192
177,37,129
178,85,139
179,83,142
180,82,146
181,82,150
182,84,158
183,76,145
184,74,145
185,73,144
186,66,137
187,43,124
188,85,70
189,85,60
190,82,63
191,78,145
192,46,144
193,89,58
194,81,167
195,92,74
196,87,71
197,94,68
198,79,88
199,104,181
200,103,170
201,91,170
202,65,156
203,69,112
204,72,163
205,54,114
206,63,121
207,50,128
208,89,180
209,76,94
210,61,163
211,69,170
212,59,148
213,40,136
214,53,150
215,41,144
216,59,132
217,80,82
218,78,99
219,76,103
220,79,92
221,77,53
222,64,48
223,54,48
224,46,51
225,41,57
226,43,73
227,31,97
228,47,82
229,53,83
230,62,83
231,71,80
232,79,77
233,83,74
234,37,100
235,77,106
236,82,81
237,81,97
238,87,101
239,83,99
240,80,109
241,87,101
242,90,104
243,84,69
244,87,69
245,87,68
246,50,67
247,44,64
248,100,75
249,160,58
250,101,102
251,195,34
252,137,66
253,145,66
254,152,66
255,164,60
256,131,65
257,146,41
258,137,42
259,155,41
260,161,45
261,170,66
262,138,174
263,164,54
264,201,68
265,181,60
266,141,98
267,103,124
268,104,133
269,115,129
270,123,135
271,113,135
272,120,138
273,140,148
274,97,96
275,98,88
276,170,39
277,124,79
278,121,98
279,122,95
280,168,98
281,98,81
282,146,31
283,159,33
284,182,19
285,113,40
286,130,47
287,146,141
288,206,145
289,115,102
290,108,105
291,133,144
292,131,143
293,163,28
294,122,103
295,131,33
296,131,26
297,142,0
298,173,24
299,136,13
300,176,35
301,186,36
302,104,129
303,114,132
304,122,136
305,113,104
306,132,144
307,127,143
308,130,143
309,109,97
310,120,139
311,112,137
312,104,136
313,113,159
314,105,149
315,105,144
316,104,139
317,104,136
318,120,139
319,120,141
320,121,143
321,123,146
322,133,125
323,213,106
324,126,141
325,126,142
326,106,108
327,120,108
328,107,107
329,133,84
330,147,89
331,124,99
332,165,7
333,158,16
334,148,25
335,133,153
336,113,29
337,116,14
338,119,0
339,160,64
340,179,72
341,127,63
342,170,49
343,117,74
344,114,93
345,192,81
346,172,79
347,160,82
348,145,81
349,134,77
350,126,74
351,103,64
352,192,97
353,176,48
354,96,101
355,122,86
356,209,69
357,119,70
358,126,101
359,167,54
360,115,90
361,211,125
362,128,60
363,107,84
364,179,160
365,184,171
366,205,101
367,191,150
368,194,51
369,141,183
370,97,104
371,130,92
372,190,60
373,151,61
374,144,62
375,129,145
376,192,113
377,126,195
378,155,186
379,168,180
380,139,62
381,133,61
382,130,61
383,184,46
384,134,53
385,140,49
386,147,48
387,154,49
388,159,51
389,203,50
390,156,60
391,124,119
392,114,100
393,107,115
394,167,169
395,155,177
396,124,188
397,196,160
398,129,58
399,109,74
400,141,191
401,205,119
402,112,137
403,113,140
404,114,143
405,114,147
406,124,156
407,127,141
408,128,140
409,129,140
410,140,132
411,178,116
412,110,68
413,119,54
414,125,54
415,126,141
416,182,137
417,109,54
418,132,165
419,101,70
420,115,85
421,118,169
422,151,152
423,134,107
424,143,160
425,155,107
426,143,116
427,164,121
428,122,179
429,121,90
430,161,159
431,150,167
432,156,143
433,192,127
434,170,145
435,201,135
436,150,127
437,115,80
438,111,96
439,118,100
440,106,90
441,123,46
442,134,39
443,145,37
444,156,39
445,164,42
446,173,57
447,204,84
448,165,70
449,156,73
450,145,73
451,136,71
452,129,69
453,123,67
454,212,88
455,118,103
456,107,79
457,103,95
458,100,100
459,104,97
460,117,106
461,98,100
462,99,104
463,124,61
464,119,63
465,114,64
466,162,53
467,166,49
468,70,68
469,80,67
470,70,61
471,61,68
472,71,75
473,153,55
474,162,54
475,152,48
476,144,55
477,153,62
