0,101,134
1,108,113
2,103,118
3,99,87
4,109,106
5,108,95
6,104,69
7,41,58
8,103,48
9,104,39
10,104,1
11,100,136
12,100,138
13,99,140
14,99,140
15,99,143
16,99,147
17,98,150
18,96,160
19,106,116
20,97,115
21,4,26
22,65,67
23,57,67
24,49,66
25,37,60
26,71,66
27,53,43
28,62,45
29,44,44
30,38,47
31,30,65
32,64,169
33,37,54
34,0,59
35,19,58
36,58,99
37,90,132
38,89,138
39,78,133
40,69,134
41,79,137
42,71,136
43,55,140
44,101,112
45,101,105
46,28,41
47,76,82
48,78,107
49,77,102
50,31,96
51,100,96
52,50,36
53,37,37
54,16,15
55,85,47
56,70,49
57,48,132
58,0,126
59,83,111
60,90,114
61,56,134
62,58,134
63,33,32
64,76,109
65,65,39
66,64,33
67,56,2
68,25,24
69,62,17
70,22,37
71,14,33
72,89,135
73,79,135
74,70,135
75,85,112
76,57,134
77,63,137
78,59,135
79,90,111
80,72,137
81,80,138
82,89,139
83,84,159
84,87,150
85,88,146
86,89,142
87,89,139
88,72,137
89,71,138
90,69,140
91,68,142
92,62,124
93,-7,88
94,105,117
95,66,136
96,64,136
97,92,117
98,77,112
99,91,115
100,67,85
101,52,89
102,74,105
103,33,6
104,41,18
105,47,30
106,63,148
107,84,37
108,82,18
109,78,0
110,41,64
111,20,70
112,75,64
113,30,50
114,82,78
115,85,106
116,10,75
117,27,77
118,39,81
119,55,80
120,66,78
121,74,75
122,96,70
123,10,91
124,23,48
125,102,116
126,77,90
127,-7,55
128,81,72
129,72,104
130,34,54
131,83,100
132,-4,106
133,74,62
134,92,97
135,24,149
136,22,156
137,-1,90
138,12,138
139,6,45
140,62,177
141,102,117
142,69,94
143,11,58
144,50,62
145,57,63
146,61,138
147,9,105
148,77,186
149,50,175
150,37,167
151,104,20
152,93,187
153,63,63
154,69,62
155,72,62
156,15,45
157,67,54
158,60,50
159,53,49
160,46,50
161,42,52
162,-2,39
163,45,60
164,102,122
165,73,122
166,84,111
167,90,122
168,103,58
169,37,159
170,49,168
171,78,182
172,10,143
173,72,59
174,90,82
175,95,184
176,63,181
177,0,107
178,80,138
179,79,141
180,78,143
181,77,146
182,72,155
183,64,135
184,63,134
185,62,134
186,53,127
187,21,111
188,89,74
189,82,57
190,76,57
191,66,136
192,18,128
193,91,59
194,67,162
195,106,86
196,97,79
197,105,78
198,84,93
199,96,177
200,96,168
201,81,167
202,48,144
203,64,109
204,57,154
205,43,107
206,54,115
207,34,117
208,79,176
209,78,96
210,41,151
211,52,161
212,41,134
213,10,118
214,30,137
215,3,122
216,46,122
217,84,86
218,87,109
219,80,110
220,93,105
221,76,50
222,64,44
223,52,41
224,42,42
225,34,45
226,28,56
227,-1,74
228,35,69
229,45,72
230,56,73
231,66,71
232,73,70
233,78,68
234,-7,71
235,80,111
236,92,89
237,95,111
238,97,114
239,93,112
240,81,112
241,100,115
242,99,116
243,77,62
244,82,65
245,86,67
246,39,53
247,34,50
248,112,87
249,146,61
250,112,115
251,163,32
252,126,69
253,133,69
254,140,69
255,147,64
256,121,68
257,140,49
258,132,50
259,147,50
260,150,52
261,151,69
262,120,167
263,148,59
264,163,63
265,157,63
266,135,100
267,110,131
268,107,137
269,116,131
270,120,131
271,113,136
272,116,135
273,128,140
274,114,112
275,115,105
276,159,47
277,121,83
278,125,107
279,125,103
280,154,98
281,114,96
282,148,42
283,156,43
284,161,21
285,120,49
286,124,53
287,134,131
288,148,125
289,120,111
290,115,114
291,124,132
292,123,132
293,158,38
294,124,109
295,137,43
296,139,37
297,142,6
298,160,29
299,140,21
300,162,43
301,163,38
302,109,134
303,114,134
304,118,133
305,118,112
306,123,132
307,121,135
308,122,133
309,119,111
310,115,136
311,111,137
312,106,139
313,106,159
314,107,149
315,107,145
316,107,142
317,106,139
318,115,136
319,116,137
320,118,138
321,119,140
322,129,124
323,155,90
324,118,134
325,119,135
326,112,117
327,122,113
328,113,115
329,127,86
330,139,91
331,125,105
332,155,12
333,153,23
334,151,36
335,123,147
336,123,40
337,124,20
338,126,3
339,145,67
340,156,73
341,118,66
342,154,55
343,117,79
344,123,106
345,164,78
346,154,79
347,147,83
348,135,82
349,126,79
350,120,76
351,110,71
352,164,93
353,158,54
354,110,116
355,121,90
356,160,60
357,116,73
358,125,104
359,150,59
360,122,100
361,152,107
362,118,64
363,119,97
364,143,146
365,138,153
366,162,92
367,150,136
368,163,50
369,119,174
370,108,117
371,127,95
372,159,63
373,140,64
374,134,65
375,122,136
376,162,106
377,107,184
378,123,171
379,130,163
380,128,65
381,123,64
382,119,64
383,161,52
384,124,58
385,130,55
386,137,54
387,143,55
388,146,57
389,163,45
390,144,63
391,123,122
392,120,111
393,112,122
394,134,156
395,127,165
396,109,181
397,143,141
398,120,61
399,115,83
400,116,179
401,159,107
402,111,137
403,112,139
404,113,142
405,114,145
406,116,154
407,119,133
408,121,132
409,122,131
410,133,127
411,156,112
412,113,74
413,115,59
414,118,59
415,118,135
416,153,127
417,111,60
418,118,160
419,111,79
420,119,93
421,108,166
422,132,143
423,130,109
424,126,152
425,146,108
426,136,116
427,149,118
428,109,175
429,122,96
430,136,149
431,128,158
432,139,134
433,158,118
434,145,135
435,155,122
436,140,123
437,118,86
438,121,109
439,123,110
440,120,105
441,122,53
442,134,48
443,144,47
444,151,48
445,154,50
446,153,61
447,163,78
448,149,72
449,143,75
450,134,75
451,126,73
452,120,72
453,116,70
454,157,75
455,122,111
456,116,90
457,118,111
458,113,114
459,117,112
460,120,112
461,112,115
462,110,116
463,116,64
464,113,66
465,113,68
466,147,58
467,151,55
468,52,55
469,61,56
470,52,48
471,43,55
472,51,63
473,130,59
474,139,60
475,131,52
476,122,59
477,130,66
