0,99,130
1,100,115
2,99,119
3,92,88
4,100,107
5,99,96
6,98,69
7,42,62
8,98,47
9,98,36
10,97,0
11,99,132
12,99,134
13,99,135
14,98,151
15,99,154
16,99,157
17,99,161
18,99,169
19,100,118
20,91,116
21,10,30
22,64,67
23,56,68
24,48,68
25,37,65
26,70,67
27,51,49
28,60,50
29,43,50
30,37,53
31,30,69
32,68,174
33,38,61
34,7,62
35,21,64
36,54,100
37,86,129
38,86,132
39,74,128
40,65,128
41,76,131
42,67,130
43,55,141
44,93,114
45,92,107
46,26,47
47,73,83
48,71,107
49,70,103
50,29,96
51,92,97
52,46,40
53,34,42
54,17,18
55,81,47
56,68,53
57,47,131
58,15,129
59,77,112
60,84,115
61,52,127
62,54,128
63,30,37
64,70,109
65,61,41
66,60,35
67,50,2
68,23,26
69,55,17
70,21,43
71,15,36
72,86,131
73,75,130
74,66,129
75,78,113
76,53,128
77,59,136
78,55,129
79,82,112
80,68,131
81,77,132
82,87,134
83,86,168
84,85,160
85,85,156
86,86,152
87,87,149
88,69,141
89,68,142
90,66,144
91,65,146
92,58,123
93,6,91
94,99,119
95,63,136
96,61,136
97,87,117
98,72,112
99,85,116
100,64,86
101,49,89
102,68,105
103,30,9
104,36,20
105,43,34
106,63,152
107,78,37
108,75,18
109,71,0
110,41,67
111,21,73
112,75,65
113,29,56
114,79,79
115,77,107
116,12,77
117,27,78
118,37,81
119,53,81
120,65,78
121,73,76
122,90,71
123,12,92
124,23,55
125,95,118
126,73,90
127,4,59
128,79,72
129,67,104
130,34,61
131,77,101
132,9,109
133,74,63
134,84,98
135,33,150
136,35,158
137,6,93
138,22,139
139,11,48
140,68,182
141,96,118
142,65,94
143,14,65
144,49,63
145,56,63
146,58,136
147,12,107
148,84,193
149,59,178
150,48,170
151,97,18
152,100,195
153,62,63
154,68,63
155,72,63
156,17,52
157,66,58
158,60,56
159,53,56
160,47,57
161,42,59
162,6,43
163,45,63
164,99,123
165,68,121
166,77,111
167,85,122
168,98,58
169,46,161
170,57,171
171,83,189
172,24,145
173,72,61
174,85,83
175,100,192
176,70,187
177,8,109
178,77,146
179,76,148
180,74,151
181,74,154
182,72,161
183,60,129
184,59,128
185,58,127
186,51,126
187,22,112
188,85,74
189,80,58
190,75,58
191,61,130
192,22,129
193,87,58
194,70,167
195,99,87
196,91,80
197,99,79
198,79,94
199,100,185
200,100,176
201,84,174
202,50,145
203,60,109
204,59,157
205,40,107
206,51,115
207,33,118
208,83,183
209,73,96
210,46,152
211,57,163
212,43,133
213,15,119
214,34,137
215,13,125
216,44,121
217,79,87
218,80,111
219,74,110
220,84,107
221,74,51
222,61,47
223,49,46
224,39,47
225,33,51
226,28,63
227,6,77
228,35,72
229,43,73
230,54,74
231,64,73
232,72,71
233,77,69
234,5,75
235,73,111
236,85,90
237,87,113
238,90,116
239,86,113
240,75,112
241,92,117
242,93,118
243,77,63
244,81,65
245,84,67
246,40,60
247,34,57
248,106,88
249,152,61
250,107,116
251,174,29
252,130,66
253,138,66
254,145,66
255,155,63
256,124,65
257,143,49
258,133,50
259,151,50
260,156,52
261,161,67
262,129,173
263,155,60
264,178,61
265,167,62
266,140,98
267,112,129
268,111,133
269,123,128
270,131,128
271,121,131
272,128,130
273,139,139
274,107,114
275,107,107
276,165,47
277,121,82
278,125,106
279,125,102
280,162,94
281,107,96
282,149,41
283,159,42
284,168,17
285,115,48
286,125,53
287,146,128
288,171,127
289,119,111
290,113,114
291,141,129
292,139,129
293,161,38
294,126,108
295,135,42
296,136,36
297,142,2
298,164,26
299,138,17
300,168,43
301,171,35
302,112,131
303,122,130
304,129,129
305,118,112
306,140,129
307,135,137
308,138,130
309,115,112
310,126,131
311,119,132
312,110,134
313,113,167
314,112,160
315,111,156
316,111,152
317,109,149
318,126,142
319,127,143
320,129,144
321,131,146
322,137,121
323,177,89
324,131,137
325,133,137
326,110,117
327,124,111
328,112,116
329,130,85
330,143,88
331,127,104
332,159,8
333,154,20
334,150,35
335,133,150
336,118,39
337,119,17
338,122,0
339,152,65
340,168,71
341,119,64
342,162,55
343,116,78
344,120,106
345,175,75
346,165,76
347,157,79
348,142,79
349,130,76
350,122,74
351,106,71
352,176,89
353,167,54
354,104,117
355,122,90
356,178,57
357,116,71
358,128,103
359,158,60
360,120,100
361,175,107
362,119,62
363,114,98
364,159,148
365,156,156
366,180,90
367,168,137
368,174,47
369,129,181
370,103,118
371,129,93
372,171,63
373,145,62
374,138,62
375,136,137
376,176,104
377,116,192
378,137,177
379,145,168
380,131,62
381,125,62
382,121,62
383,170,52
384,126,58
385,133,55
386,140,55
387,147,56
388,151,57
389,177,41
390,149,61
391,128,120
392,119,111
393,112,122
394,148,160
395,139,170
396,116,188
397,164,143
398,121,60
399,111,83
400,127,186
401,178,107
402,118,146
403,120,148
404,122,151
405,122,154
406,125,160
407,134,130
408,136,129
409,137,128
410,143,124
411,169,109
412,111,74
413,114,58
414,118,58
415,132,130
416,168,126
417,108,58
418,127,166
419,106,80
420,118,93
421,114,174
422,143,143
423,134,107
424,136,155
425,153,105
426,142,113
427,159,115
428,116,182
429,122,96
430,148,150
431,138,162
432,150,131
433,174,117
434,159,135
435,175,122
436,149,119
437,116,86
438,118,110
439,123,109
440,114,106
441,120,52
442,134,47
443,146,46
444,155,47
445,161,50
446,162,61
447,179,75
448,158,70
449,150,72
450,140,72
451,130,71
452,122,70
453,117,68
454,177,73
455,123,110
456,112,90
457,112,112
458,108,116
459,112,113
460,121,112
461,106,117
462,105,117
463,116,63
464,113,64
465,111,66
466,154,59
467,159,56
468,54,59
469,62,59
470,53,53
471,45,60
472,54,66
473,140,59
474,149,59
475,141,53
476,131,59
477,140,66
