0,95,134
1,93,117
2,95,121
3,87,90
4,93,110
5,93,99
6,95,70
7,46,60
8,95,48
9,95,38
10,95,0
11,96,136
12,96,137
13,97,138
14,97,152
15,97,155
16,98,159
17,98,163
18,99,168
19,94,120
20,86,118
21,25,27
22,66,67
23,59,68
24,52,67
25,44,62
26,72,66
27,55,48
28,64,49
29,48,49
30,43,51
31,38,66
32,73,171
33,44,58
34,22,59
35,31,60
36,58,99
37,84,132
38,86,136
39,76,131
40,71,130
41,79,134
42,74,132
43,63,140
44,87,117
45,85,109
46,35,45
47,74,83
48,70,108
49,70,103
50,37,95
51,86,99
52,50,40
53,41,41
54,29,16
55,80,49
56,71,53
57,56,130
58,35,121
59,76,113
60,81,116
61,63,129
62,65,130
63,38,36
64,70,110
65,62,42
66,61,36
67,53,3
68,32,25
69,56,18
70,31,40
71,27,34
72,85,134
73,77,132
74,72,131
75,77,114
76,64,130
77,68,138
78,66,131
79,79,114
80,75,133
81,80,135
82,88,137
83,87,166
84,87,161
85,87,157
86,87,153
87,88,150
88,76,143
89,74,143
90,73,145
91,72,147
92,63,123
93,27,85
94,94,121
95,72,138
96,70,138
97,84,119
98,72,113
99,83,118
100,66,85
101,54,89
102,69,105
103,38,8
104,41,20
105,48,34
106,69,151
107,78,39
108,74,19
109,71,0
110,47,65
111,31,70
112,76,65
113,37,53
114,79,79
115,74,108
116,25,74
117,35,76
118,43,80
119,56,80
120,66,78
121,74,75
122,88,72
123,24,89
124,33,51
125,89,120
126,74,91
127,23,54
128,79,72
129,69,104
130,41,58
131,74,102
132,30,102
133,76,62
134,80,100
135,46,145
136,50,151
137,22,88
138,37,133
139,24,45
140,73,177
141,91,120
142,67,94
143,27,60
144,53,63
145,59,64
146,67,138
147,26,103
148,86,188
149,68,172
150,60,163
151,95,19
152,101,192
153,65,63
154,71,63
155,75,63
156,29,49
157,70,58
158,63,55
159,57,55
160,51,56
161,47,57
162,23,39
163,49,62
164,96,124
165,70,122
166,75,113
167,84,123
168,95,58
169,56,156
170,64,166
171,85,185
172,42,138
173,74,60
174,83,84
175,100,189
176,76,182
177,25,103
178,81,147
179,80,149
180,79,152
181,78,156
182,76,160
183,69,131
184,68,130
185,66,129
186,58,126
187,33,109
188,83,75
189,81,58
190,77,58
191,70,132
192,36,125
193,86,59
194,74,164
195,94,89
196,88,81
197,94,80
198,77,95
199,100,183
200,100,175
201,86,172
202,59,143
203,63,109
204,66,154
205,46,107
206,57,115
207,42,116
208,85,180
209,73,97
210,55,149
211,64,160
212,52,132
213,29,115
214,45,134
215,30,118
216,52,121
217,78,87
218,76,112
219,72,111
220,79,109
221,75,52
222,63,47
223,53,45
224,45,46
225,39,48
226,37,59
227,22,73
228,41,70
229,48,73
230,58,73
231,67,72
232,74,70
233,78,69
234,25,69
235,73,112
236,82,92
237,81,115
238,85,118
239,81,115
240,74,113
241,87,119
242,88,120
243,79,63
244,82,65
245,83,68
246,45,58
247,41,54
248,101,90
249,153,62
250,103,119
251,184,27
252,131,68
253,139,69
254,146,69
255,156,65
256,124,67
257,143,49
258,134,50
259,152,50
260,157,53
261,163,68
262,130,173
263,156,61
264,187,60
265,173,63
266,139,100
267,108,132
268,108,136
269,120,131
270,129,130
271,119,134
272,127,132
273,142,142
274,100,117
275,100,109
276,168,46
277,121,83
278,122,109
279,122,104
280,164,96
281,100,99
282,148,40
283,160,42
284,176,16
285,113,49
286,126,53
287,148,132
288,180,124
289,116,114
290,109,116
291,142,129
292,140,130
293,164,36
294,123,110
295,133,43
296,134,36
297,143,2
298,169,26
299,137,18
300,173,41
301,178,35
302,108,134
303,119,133
304,128,131
305,114,115
306,141,130
307,135,138
308,139,131
309,110,115
310,126,133
311,118,135
312,108,137
313,112,167
314,111,162
315,110,158
316,109,154
317,108,150
318,126,143
319,127,144
320,129,146
321,130,148
322,136,124
323,189,87
324,132,138
325,134,138
326,107,119
327,121,114
328,108,118
329,130,86
330,144,90
331,124,106
332,163,8
333,156,20
334,151,34
335,134,152
336,115,40
337,117,18
338,121,0
339,153,67
340,172,73
341,120,66
342,165,55
343,115,79
344,115,109
345,181,76
346,166,78
347,156,82
348,141,81
349,130,79
350,121,76
351,103,72
352,181,91
353,171,53
354,98,120
355,121,91
356,190,55
357,115,73
358,126,105
359,160,61
360,116,103
361,186,104
362,120,64
363,108,100
364,163,148
365,162,154
366,188,90
367,173,136
368,183,46
369,130,179
370,98,121
371,129,95
372,180,63
373,145,64
374,139,65
375,137,138
376,181,105
377,116,190
378,140,175
379,150,166
380,132,64
381,126,63
382,122,64
383,177,51
384,128,58
385,135,56
386,142,56
387,148,57
388,152,59
389,188,39
390,149,64
391,126,123
392,115,114
393,109,124
394,152,159
395,141,169
396,117,187
397,172,141
398,123,62
399,108,84
400,129,184
401,186,106
402,117,147
403,119,149
404,120,153
405,122,157
406,125,161
407,134,131
408,136,130
409,137,129
410,144,127
411,171,111
412,109,75
413,115,59
414,120,59
415,133,132
416,171,127
417,107,60
418,128,166
419,102,82
420,115,95
421,114,173
422,146,145
423,134,110
424,138,156
425,153,108
426,142,116
427,160,118
428,116,181
429,120,97
430,151,151
431,141,162
432,153,134
433,178,117
434,161,136
435,181,121
436,150,122
437,114,88
438,113,113
439,119,112
440,108,109
441,121,53
442,133,48
443,145,46
444,155,47
445,161,50
446,165,62
447,188,75
448,159,72
449,150,74
450,140,74
451,130,73
452,123,71
453,117,70
454,190,70
455,119,113
456,108,92
457,106,115
458,103,118
459,107,116
460,118,114
461,101,119
462,101,120
463,118,64
464,113,66
465,110,68
466,154,60
467,160,56
468,59,59
469,67,59
470,59,52
471,51,58
472,59,65
473,141,60
474,149,60
475,141,53
476,133,60
477,141,66
