0,89,133
1,78,105
2,89,112
3,78,80
4,76,98
5,79,88
6,88,62
7,62,61
8,90,44
9,88,34
10,89,-2
11,90,138
12,92,142
13,95,145
14,95,145
15,94,151
16,94,157
17,96,162
18,102,162
19,81,109
20,79,108
21,55,33
22,78,66
23,73,68
24,68,68
25,62,62
26,82,63
27,64,47
28,70,47
29,59,48
30,57,51
31,61,67
32,87,169
33,61,58
34,62,62
35,57,61
36,68,97
37,83,132
38,88,142
39,80,134
40,79,137
41,85,142
42,84,142
43,79,146
44,73,105
45,71,98
46,50,46
47,78,78
48,69,102
49,70,98
50,58,96
51,74,88
52,54,40
53,50,42
54,52,21
55,77,45
56,77,49
57,75,138
58,83,125
59,74,106
60,79,109
61,82,143
62,83,143
63,47,37
64,71,105
65,63,41
66,60,35
67,59,5
68,49,28
69,59,18
70,48,43
71,51,38
72,85,137
73,82,138
74,81,140
75,76,108
76,83,143
77,83,146
78,84,143
79,72,104
80,87,144
81,88,144
82,91,145
83,94,161
84,89,161
85,88,155
86,89,150
87,91,145
88,87,144
89,85,146
90,83,149
91,82,152
92,73,125
93,78,90
94,85,110
95,86,144
96,84,145
97,81,111
98,75,109
99,80,110
100,74,82
101,66,88
102,71,101
103,53,11
104,52,22
105,51,35
106,83,151
107,72,36
108,71,17
109,70,0
110,64,66
111,59,72
112,84,61
113,56,54
114,81,74
115,69,100
116,56,77
117,60,79
118,65,82
119,73,80
120,79,76
121,83,72
122,84,64
123,56,92
124,53,53
125,78,109
126,76,86
127,70,60
128,85,68
129,73,101
130,60,58
131,70,94
132,80,107
133,84,59
134,72,91
135,77,147
136,85,153
137,65,91
138,75,135
139,56,49
140,89,176
141,82,110
142,74,91
143,57,62
144,67,64
145,72,64
146,82,147
147,60,105
148,99,188
149,90,174
150,88,165
151,88,15
152,112,191
153,77,63
154,81,61
155,83,59
156,52,51
157,78,53
158,73,51
159,68,52
160,64,53
161,62,55
162,61,45
163,64,63
164,91,118
165,75,120
166,73,105
167,82,118
168,91,53
169,81,157
170,85,166
171,96,183
172,85,140
173,82,56
174,79,76
175,108,186
176,93,182
177,68,106
178,88,145
179,86,148
180,85,152
181,85,157
182,88,157
183,84,143
184,82,142
185,80,140
186,73,131
187,61,111
188,82,68
189,84,54
190,82,54
191,86,143
192,68,127
193,85,54
194,88,162
195,82,79
196,80,73
197,85,71
198,75,88
199,105,179
200,104,170
201,95,168
202,77,147
203,71,107
204,82,155
205,63,106
206,69,115
207,64,117
208,94,176
209,74,92
210,77,151
211,83,160
212,72,137
213,65,117
214,70,137
215,72,121
216,69,125
217,78,81
218,70,103
219,70,105
220,69,98
221,77,48
222,67,45
223,60,45
224,55,47
225,54,49
226,59,60
227,63,76
228,63,71
229,67,73
230,73,73
231,79,70
232,83,67
233,85,65
234,75,75
235,72,106
236,76,83
237,71,104
238,77,107
239,73,105
240,75,108
241,77,108
242,80,110
243,85,59
244,86,61
245,87,63
246,61,56
247,58,54
248,90,80
249,153,55
250,93,109
251,203,20
252,131,63
253,138,64
254,146,63
255,158,56
256,124,61
257,138,40
258,130,41
259,146,41
260,153,43
261,167,61
262,138,172
263,156,51
264,208,55
265,179,54
266,136,96
267,99,131
268,102,141
269,112,133
270,123,136
271,112,141
272,121,140
273,141,147
274,85,105
275,85,98
276,164,37
277,120,77
278,114,102
279,116,97
280,164,94
281,87,88
282,136,33
283,151,33
284,186,7
285,104,42
286,123,44
287,146,139
288,218,128
289,108,106
290,102,109
291,138,140
292,136,140
293,156,27
294,117,105
295,120,36
296,120,29
297,138,-4
298,174,17
299,130,11
300,172,32
301,189,27
302,100,137
303,112,137
304,122,138
305,107,108
306,137,140
307,132,143
308,135,140
309,100,105
310,121,142
311,112,143
312,103,144
313,113,162
314,107,161
315,105,155
316,104,149
317,103,144
318,121,142
319,123,144
320,125,147
321,127,150
322,130,125
323,226,87
324,128,141
325,130,142
326,100,112
327,116,109
328,101,110
329,129,81
330,142,86
331,120,100
332,165,0
333,154,11
334,138,26
335,134,153
336,103,33
337,109,13
338,113,-4
339,154,61
340,178,66
341,120,59
342,164,46
343,113,72
344,105,99
345,194,72
346,170,74
347,156,78
348,140,77
349,129,73
350,121,70
351,97,64
352,193,89
353,173,45
354,85,109
355,118,85
356,222,52
357,114,67
358,123,100
359,161,51
360,107,94
361,225,107
362,121,56
363,96,90
364,184,152
365,192,160
366,212,88
367,197,140
368,200,40
369,142,180
370,88,110
371,126,90
372,190,54
373,143,59
374,136,60
375,134,144
376,194,105
377,129,191
378,160,179
379,174,171
380,131,59
381,126,57
382,122,57
383,183,41
384,126,49
385,132,46
386,139,46
387,146,47
388,150,49
389,214,34
390,148,57
391,120,120
392,107,105
393,101,118
394,170,163
395,157,172
396,125,186
397,207,146
398,122,53
399,101,76
400,145,186
401,212,106
402,113,143
403,114,147
404,115,151
405,117,157
406,124,158
407,129,140
408,131,139
409,132,137
410,139,131
411,176,111
412,104,67
413,112,51
414,119,51
415,129,141
416,185,130
417,102,53
418,132,165
419,93,72
420,108,87
421,117,169
422,151,149
423,131,106
424,143,158
425,150,105
426,139,115
427,161,118
428,121,178
429,116,91
430,162,155
431,151,164
432,156,139
433,195,119
434,171,140
435,208,123
436,148,125
437,110,80
438,101,103
439,111,105
440,94,98
441,115,45
442,126,40
443,136,38
444,147,38
445,156,41
446,169,53
447,211,71
448,161,66
449,151,69
450,140,69
451,130,67
452,123,65
453,118,63
454,225,69
455,113,106
456,98,83
457,92,104
458,91,108
459,95,105
460,112,109
461,88,108
462,91,110
463,118,56
464,113,59
465,108,61
466,153,50
467,159,46
468,75,56
469,82,55
470,74,49
471,68,57
472,76,63
473,141,51
474,149,51
475,141,44
476,133,51
477,141,58
