0,102,131
1,101,110
2,99,117
3,94,83
4,102,103
5,102,92
6,100,65
7,43,58
8,100,45
9,101,34
10,101,-6
11,102,134
12,101,137
13,101,138
14,99,148
15,100,152
16,99,157
17,99,161
18,96,167
19,101,114
20,93,113
21,8,24
22,65,67
23,57,67
24,50,66
25,40,60
26,71,66
27,55,43
28,63,44
29,46,43
30,41,46
31,33,65
32,66,176
33,41,55
34,7,59
35,24,58
36,58,99
37,91,129
38,91,136
39,79,131
40,71,133
41,82,136
42,74,136
43,58,147
44,95,110
45,94,102
46,30,37
47,75,80
48,75,105
49,74,101
50,34,96
51,95,92
52,49,31
53,38,33
54,18,10
55,83,42
56,70,49
57,52,138
58,12,133
59,80,110
60,87,113
61,61,137
62,63,137
63,34,27
64,74,108
65,64,34
66,63,27
67,54,-5
68,25,20
69,59,11
70,25,33
71,16,30
72,91,133
73,80,134
74,73,135
75,82,111
76,62,137
77,66,142
78,64,138
79,85,109
80,75,137
81,82,137
82,91,138
83,84,166
84,87,160
85,88,156
86,89,151
87,90,148
88,75,144
89,73,145
90,71,147
91,69,150
92,63,126
93,4,93
94,100,115
95,69,141
96,68,142
97,89,116
98,76,112
99,88,114
100,66,84
101,53,88
102,72,104
103,32,0
104,39,13
105,47,24
106,65,154
107,81,31
108,79,12
109,76,-6
110,43,64
111,24,69
112,75,64
113,33,49
114,81,76
115,81,103
116,15,75
117,30,76
118,40,80
119,55,79
120,66,77
121,74,74
122,93,66
123,15,92
124,26,47
125,97,114
126,76,88
127,2,57
128,80,71
129,71,104
130,37,55
131,80,98
132,6,112
133,75,62
134,87,94
135,31,154
136,30,163
137,7,93
138,21,143
139,11,43
140,64,184
141,97,115
142,68,93
143,17,58
144,51,62
145,57,63
146,64,143
147,16,108
148,78,195
149,53,183
150,43,175
151,101,13
152,94,197
153,63,63
154,69,62
155,73,62
156,20,44
157,68,55
158,62,51
159,55,50
160,49,51
161,45,53
162,4,38
163,46,60
164,99,122
165,72,123
166,81,109
167,88,122
168,100,55
169,42,166
170,53,175
171,78,191
172,20,150
173,73,59
174,87,79
175,95,192
176,65,190
177,9,111
178,82,146
179,80,148
180,79,152
181,77,156
182,73,161
183,68,137
184,66,136
185,65,135
186,56,131
187,27,113
188,87,70
189,81,56
190,76,56
191,69,137
192,25,132
193,89,56
194,69,168
195,101,82
196,94,75
197,101,74
198,82,91
199,96,185
200,96,175
201,82,174
202,51,150
203,64,109
204,59,160
205,45,107
206,55,117
207,37,119
208,80,183
209,76,94
210,45,157
211,55,167
212,45,139
213,17,121
214,35,141
215,13,127
216,48,125
217,82,83
218,83,107
219,77,108
220,87,103
221,76,47
222,64,41
223,53,39
224,43,40
225,37,43
226,31,56
227,6,76
228,37,69
229,45,72
230,56,73
231,65,71
232,72,70
233,78,68
234,2,74
235,77,110
236,88,86
237,89,108
238,93,112
239,89,109
240,78,112
241,94,113
242,95,114
243,78,62
244,82,64
245,85,66
246,43,54
247,37,50
248,107,84
249,148,61
250,107,113
251,173,31
252,128,68
253,135,69
254,142,69
255,151,64
256,121,67
257,141,47
258,132,48
259,149,48
260,153,51
261,156,69
262,122,176
263,151,59
264,174,65
265,163,63
266,135,101
267,111,129
268,110,136
269,120,131
270,125,133
271,116,136
272,121,137
273,130,147
274,107,110
275,109,103
276,164,44
277,120,82
278,123,106
279,123,102
280,155,99
281,108,92
282,149,37
283,159,39
284,169,18
285,117,45
286,124,51
287,136,138
288,159,136
289,117,111
290,111,113
291,130,138
292,128,138
293,162,34
294,123,109
295,136,39
296,138,32
297,144,0
298,165,26
299,140,15
300,167,41
301,170,37
302,111,133
303,118,134
304,123,135
305,115,112
306,129,138
307,126,143
308,127,138
309,114,109
310,119,138
311,115,138
312,108,138
313,107,166
314,109,160
315,109,155
316,109,151
317,107,147
318,118,144
319,120,145
320,122,147
321,123,150
322,129,127
323,168,98
324,122,142
325,124,142
326,109,116
327,120,113
328,110,115
329,127,86
330,139,91
331,124,105
332,160,7
333,156,19
334,152,31
335,124,155
336,120,35
337,122,14
338,125,-4
339,147,67
340,163,74
341,117,65
342,159,54
343,115,77
344,119,104
345,170,80
346,159,80
347,150,83
348,137,82
349,127,79
350,119,75
351,107,67
352,169,96
353,164,53
354,104,114
355,120,89
356,173,63
357,114,71
358,124,105
359,154,60
360,119,99
361,165,117
362,117,62
363,114,95
364,149,155
365,145,163
366,171,98
367,157,145
368,172,50
369,122,184
370,103,115
371,126,95
372,168,64
373,142,64
374,135,65
375,127,144
376,167,112
377,109,195
378,128,182
379,136,174
380,129,64
381,123,63
382,119,63
383,167,51
384,124,56
385,131,54
386,138,54
387,144,55
388,148,57
389,174,46
390,146,63
391,122,124
392,117,110
393,109,122
394,139,166
395,131,175
396,110,190
397,153,152
398,120,60
399,112,80
400,119,189
401,168,115
402,114,146
403,115,148
404,117,152
405,117,156
406,117,161
407,125,137
408,126,136
409,128,135
410,134,132
411,159,116
412,111,71
413,114,56
414,117,57
415,123,138
416,157,134
417,109,56
418,119,168
419,107,76
420,116,92
421,108,174
422,135,151
423,129,111
424,128,160
425,146,110
426,136,118
427,151,122
428,110,183
429,120,95
430,139,157
431,131,167
432,141,140
433,164,125
434,149,142
435,164,130
436,141,127
437,115,84
438,117,108
439,120,109
440,114,103
441,120,49
442,133,44
443,144,44
444,153,45
445,158,48
446,158,61
447,173,82
448,152,72
449,145,75
450,136,75
451,127,73
452,120,71
453,115,68
454,170,81
455,120,111
456,112,87
457,112,109
458,108,112
459,112,110
460,118,112
461,107,113
462,105,115
463,115,62
464,112,64
465,111,66
466,149,58
467,155,55
468,56,56
469,63,57
470,56,49
471,48,56
472,55,63
473,132,58
474,140,59
475,132,51
476,124,58
477,132,65
