0,95,130
1,100,96
2,98,107
3,93,74
4,101,88
5,101,79
6,99,59
7,37,60
8,98,39
9,99,28
10,99,-3
11,95,132
12,95,135
13,95,136
14,95,149
15,95,152
16,95,155
17,95,159
18,96,167
19,100,101
20,92,103
21,5,35
22,59,68
23,51,68
24,44,67
25,33,64
26,66,66
27,50,42
28,58,44
29,41,44
30,34,48
31,26,69
32,63,178
33,34,59
34,0,70
35,16,65
36,56,98
37,86,129
38,87,135
39,77,133
40,70,137
41,79,137
42,74,139
43,57,151
44,94,96
45,93,89
46,22,41
47,72,79
48,73,98
49,72,95
50,30,99
51,93,80
52,44,29
53,32,33
54,15,20
55,80,37
56,66,48
57,52,142
58,3,147
59,79,102
60,86,105
61,63,145
62,65,145
63,27,28
64,72,103
65,60,30
66,59,23
67,52,0
68,22,24
69,57,11
70,17,38
71,12,37
72,86,132
73,78,135
74,72,138
75,81,104
76,64,145
77,67,148
78,66,145
79,84,98
80,75,140
81,81,138
82,87,136
83,84,166
84,85,158
85,85,155
86,86,151
87,87,149
88,75,147
89,73,148
90,71,150
91,70,152
92,62,125
93,-5,107
94,99,104
95,71,146
96,69,147
97,88,108
98,75,108
99,87,106
100,63,84
101,49,89
102,70,99
103,30,7
104,36,15
105,41,23
106,64,157
107,78,26
108,77,11
109,74,-3
110,37,66
111,16,76
112,70,64
113,25,53
114,79,73
115,79,94
116,8,82
117,23,80
118,34,82
119,50,81
120,62,78
121,71,74
122,91,62
123,8,99
124,18,52
125,96,101
126,73,85
127,-4,71
128,78,69
129,69,101
130,29,59
131,78,90
132,-2,127
133,70,62
134,85,84
135,25,162
136,23,173
137,-1,103
138,14,152
139,5,53
140,60,186
141,96,104
142,66,91
143,8,67
144,45,62
145,51,63
146,66,149
147,9,115
148,75,198
149,48,189
150,36,183
151,99,12
152,93,199
153,58,63
154,63,63
155,68,63
156,12,52
157,64,56
158,58,53
159,51,52
160,44,53
161,39,55
162,-1,52
163,40,61
164,98,114
165,71,120
166,80,100
167,87,115
168,98,51
169,37,172
170,48,179
171,76,192
172,12,162
173,68,59
174,86,73
175,94,193
176,61,194
177,0,121
178,80,148
179,79,150
180,77,153
181,76,156
182,73,162
183,69,142
184,67,141
185,66,141
186,56,133
187,22,117
188,85,67
189,78,54
190,72,56
191,71,142
192,20,138
193,86,52
194,67,170
195,100,73
196,92,68
197,99,66
198,79,85
199,95,184
200,95,175
201,81,174
202,49,154
203,62,108
204,57,163
205,42,108
206,54,116
207,35,122
208,78,183
209,74,90
210,41,161
211,51,170
212,43,144
213,11,129
214,32,146
215,5,138
216,47,128
217,80,79
218,82,96
219,76,100
220,86,90
221,72,45
222,59,38
223,47,37
224,37,39
225,29,44
226,24,62
227,-1,86
228,30,72
229,39,74
230,50,74
231,61,73
232,68,70
233,74,67
234,-5,89
235,76,103
236,86,78
237,88,96
238,92,101
239,88,98
240,78,106
241,93,101
242,94,104
243,73,62
244,79,62
245,82,62
246,36,57
247,30,53
248,106,74
249,149,64
250,105,103
251,172,41
252,129,70
253,136,70
254,143,70
255,152,68
256,123,68
257,140,47
258,132,48
259,148,49
260,153,53
261,158,73
262,123,177
263,151,63
264,175,73
265,165,70
266,135,99
267,104,129
268,103,135
269,113,132
270,118,136
271,109,136
272,114,138
273,130,151
274,106,96
275,108,89
276,163,47
277,120,80
278,122,99
279,123,96
280,157,101
281,107,81
282,148,36
283,157,40
284,167,25
285,115,41
286,125,52
287,135,143
288,163,148
289,115,103
290,109,105
291,123,144
292,121,144
293,161,36
294,121,104
295,134,35
296,136,29
297,141,3
298,164,29
299,138,14
300,167,45
301,169,42
302,104,132
303,111,134
304,116,137
305,113,105
306,122,144
307,120,147
308,120,144
309,113,99
310,112,139
311,108,137
312,102,136
313,106,166
314,104,158
315,104,154
316,103,151
317,102,149
318,113,147
319,115,148
320,116,149
321,118,151
322,128,126
323,170,110
324,116,146
325,118,146
326,107,108
327,118,109
328,108,107
329,128,85
330,141,90
331,123,100
332,158,12
333,154,19
334,150,30
335,124,157
336,118,30
337,120,13
338,123,-1
339,149,69
340,165,79
341,119,66
342,159,58
343,115,74
344,118,94
345,173,85
346,161,83
347,152,84
348,138,83
349,128,79
350,120,75
351,106,62
352,172,101
353,165,58
354,103,101
355,120,86
356,174,75
357,114,71
358,123,102
359,155,64
360,119,91
361,168,129
362,119,64
363,113,85
364,152,162
365,149,172
366,175,106
367,160,152
368,172,57
369,123,185
370,102,104
371,126,93
372,170,72
373,142,65
374,137,66
375,121,148
376,170,117
377,109,197
378,131,187
379,139,181
380,131,66
381,125,65
382,121,65
383,169,58
384,125,59
385,131,56
386,137,56
387,144,57
388,147,59
389,174,56
390,146,65
391,122,120
392,116,101
393,108,116
394,142,171
395,133,178
396,111,191
397,156,163
398,121,62
399,111,73
400,121,192
401,172,123
402,108,148
403,110,149
404,111,152
405,112,155
406,116,162
407,118,141
408,120,141
409,122,140
410,133,134
411,161,119
412,110,67
413,114,56
414,118,58
415,116,141
416,159,139
417,108,54
418,120,169
419,106,68
420,116,85
421,108,174
422,136,154
423,129,109
424,129,163
425,147,109
426,136,117
427,151,123
428,110,183
429,120,91
430,142,161
431,132,169
432,142,144
433,166,131
434,151,147
435,167,139
436,141,129
437,115,80
438,116,97
439,119,101
440,114,91
441,121,48
442,133,43
443,144,42
444,152,45
445,158,50
446,159,66
447,176,89
448,154,75
449,147,77
450,137,76
451,128,75
452,121,72
453,116,69
454,172,93
455,118,104
456,112,79
457,111,96
458,106,101
459,110,98
460,116,107
461,105,101
462,103,104
463,117,64
464,113,64
465,110,64
466,150,61
467,156,58
468,52,58
469,61,58
470,52,50
471,43,58
472,53,66
473,132,61
474,142,61
475,133,52
476,122,60
477,132,69
