0,102,131
1,102,110
2,100,116
3,95,85
4,103,103
5,102,93
6,101,68
7,36,61
8,100,44
9,101,32
10,102,-6
11,102,133
12,101,135
13,100,136
14,100,137
15,100,139
16,100,143
17,99,146
18,96,154
19,102,113
20,94,113
21,0,24
22,59,72
23,50,72
24,42,70
25,32,63
26,67,70
27,50,42
28,60,44
29,40,43
30,33,47
31,24,68
32,67,162
33,33,58
34,-2,59
35,15,61
36,56,101
37,94,130
38,94,135
39,85,132
40,79,133
41,86,135
42,81,135
43,61,143
44,96,110
45,95,103
46,22,39
47,73,83
48,76,107
49,75,103
50,29,99
51,95,93
52,44,31
53,32,33
54,10,11
55,82,42
56,68,50
57,55,137
58,4,127
59,82,111
60,88,113
61,69,134
62,71,135
63,27,28
64,75,110
65,61,33
66,60,27
67,49,-4
68,18,20
69,54,11
70,17,35
71,8,30
72,94,133
73,86,133
74,80,134
75,84,112
76,70,135
77,74,136
78,72,135
79,86,109
80,81,136
81,87,136
82,93,136
83,86,154
84,91,145
85,92,142
86,92,139
87,93,137
88,81,136
89,80,137
90,78,138
91,77,140
92,65,127
93,-5,89
94,101,114
95,77,135
96,75,136
97,91,115
98,77,114
99,90,114
100,64,87
101,50,91
102,73,106
103,26,1
104,33,13
105,42,25
106,67,148
107,80,30
108,77,12
109,74,-6
110,35,67
111,14,73
112,72,68
113,25,51
114,80,78
115,81,105
116,6,77
117,19,79
118,30,83
119,48,83
120,60,81
121,70,78
122,92,69
123,8,94
124,18,49
125,98,113
126,75,91
127,-7,56
128,77,74
129,71,106
130,29,57
131,80,100
132,-2,108
133,73,65
134,87,96
135,28,147
136,27,152
137,-1,92
138,16,137
139,2,44
140,65,166
141,98,114
142,67,96
143,7,62
144,43,66
145,50,68
146,72,137
147,9,108
148,78,172
149,54,165
150,42,160
151,101,13
152,93,173
153,58,68
154,65,67
155,70,66
156,11,47
157,66,56
158,59,51
159,51,50
160,43,51
161,39,54
162,-4,39
163,39,64
164,100,121
165,74,124
166,83,110
167,89,122
168,100,56
169,41,155
170,53,160
171,79,170
172,14,142
173,71,62
174,87,81
175,94,171
176,66,169
177,0,108
178,87,136
179,85,138
180,84,141
181,83,143
182,76,152
183,76,135
184,74,134
185,73,134
186,59,132
187,22,114
188,86,73
189,80,58
190,75,59
191,77,135
192,21,129
193,88,57
194,70,157
195,102,85
196,93,78
197,101,77
198,81,93
199,95,167
200,96,160
201,83,160
202,52,145
203,64,111
204,61,152
205,42,109
206,55,118
207,35,120
208,80,166
209,76,97
210,45,149
211,56,155
212,46,138
213,12,120
214,33,138
215,5,123
216,49,126
217,81,86
218,84,108
219,79,110
220,88,103
221,74,48
222,60,41
223,48,38
224,37,40
225,29,44
226,23,59
227,-3,75
228,28,72
229,37,75
230,49,77
231,60,76
232,69,74
233,75,71
234,-6,72
235,79,111
236,88,88
237,90,109
238,94,112
239,90,109
240,80,113
241,95,112
242,96,114
243,76,65
244,80,67
245,83,68
246,36,56
247,29,51
248,108,86
249,154,63
250,107,113
251,180,28
252,133,74
253,141,74
254,148,72
255,156,65
256,127,72
257,145,46
258,135,47
259,153,47
260,158,50
261,162,69
262,121,160
263,156,59
264,180,62
265,168,62
266,138,101
267,109,130
268,107,134
269,114,130
270,117,131
271,111,134
272,113,134
273,129,142
274,108,110
275,110,103
276,168,43
277,122,83
278,122,107
279,123,103
280,161,100
281,109,94
282,152,35
283,162,37
284,176,15
285,119,44
286,127,52
287,135,136
288,164,126
289,116,111
290,111,113
291,119,133
292,117,133
293,165,32
294,122,110
295,139,36
296,140,30
297,149,-1
298,172,23
299,145,14
300,171,39
301,177,33
302,108,132
303,113,132
304,115,132
305,114,112
306,118,133
307,116,135
308,116,133
309,114,109
310,112,134
311,109,135
312,105,136
313,106,154
314,106,145
315,107,141
316,106,138
317,105,136
318,112,134
319,113,135
320,114,137
321,115,138
322,129,127
323,173,91
324,114,134
325,115,134
326,109,115
327,119,114
328,110,114
329,130,87
330,143,92
331,124,106
332,167,5
333,162,16
334,155,28
335,123,147
336,122,33
337,125,14
338,128,-5
339,154,69
340,168,74
341,122,70
342,163,53
343,117,79
344,120,105
345,177,78
346,166,81
347,158,85
348,144,85
349,133,83
350,125,79
351,108,69
352,175,94
353,168,52
354,105,113
355,121,91
356,179,58
357,119,75
358,124,106
359,159,59
360,120,100
361,170,108
362,121,67
363,115,96
364,151,145
365,148,150
366,178,93
367,161,136
368,179,47
369,120,164
370,104,114
371,128,96
372,172,62
373,148,68
374,141,70
375,117,135
376,172,108
377,107,171
378,126,162
379,136,157
380,134,70
381,128,69
382,124,68
383,172,49
384,127,58
385,134,54
386,142,53
387,149,54
388,153,56
389,181,42
390,152,65
391,122,123
392,117,110
393,109,122
394,140,152
395,130,158
396,109,169
397,157,140
398,123,63
399,113,82
400,117,167
401,174,109
402,109,135
403,110,137
404,111,139
405,111,142
406,115,151
407,115,133
408,117,133
409,118,132
410,133,131
411,164,114
412,113,74
413,117,59
414,121,60
415,114,134
416,161,129
417,112,58
418,119,156
419,108,78
420,118,93
421,108,160
422,135,144
423,130,111
424,127,150
425,150,109
426,138,118
427,154,120
428,109,165
429,121,97
430,140,147
431,130,154
432,142,137
433,169,120
434,151,137
435,169,123
436,142,126
437,117,86
438,117,108
439,120,110
440,115,103
441,123,50
442,137,44
443,148,42
444,157,43
445,162,47
446,163,61
447,180,77
448,159,74
449,152,77
450,142,79
451,133,78
452,125,75
453,120,73
454,176,74
455,119,111
456,114,89
457,113,109
458,108,112
459,112,110
460,117,113
461,107,112
462,106,114
463,119,67
464,116,68
465,115,69
466,154,58
467,160,54
468,52,60
469,63,61
470,53,50
471,41,60
472,51,71
473,135,62
474,146,62
475,134,52
476,124,63
477,135,72
