0,96,127
1,95,105
2,97,114
3,90,82
4,94,97
5,95,88
6,98,66
7,48,65
8,100,49
9,100,39
10,101,2
11,96,129
12,97,131
13,98,132
14,103,165
15,103,167
16,104,171
17,105,174
18,103,175
19,95,110
20,89,111
21,27,46
22,68,71
23,61,71
24,55,72
25,45,68
26,73,69
27,56,49
28,64,50
29,49,51
30,44,55
31,40,74
32,73,183
33,45,63
34,23,79
35,32,69
36,59,104
37,83,127
38,86,131
39,72,130
40,67,136
41,78,134
42,73,137
43,63,154
44,88,106
45,87,98
46,35,49
47,76,85
48,71,106
49,71,102
50,37,104
51,88,89
52,51,39
53,41,43
54,32,31
55,82,44
56,71,53
57,57,144
58,34,151
59,78,110
60,84,112
61,65,148
62,68,147
63,37,38
64,71,109
65,64,39
66,62,33
67,58,9
68,35,36
69,61,22
70,31,46
71,29,48
72,84,129
73,75,132
74,70,137
75,80,111
76,66,148
77,69,153
78,70,147
79,81,107
80,76,137
81,81,134
82,89,132
83,90,174
84,90,172
85,90,169
86,91,166
87,92,164
88,79,157
89,76,158
90,74,159
91,71,160
92,63,130
93,27,114
94,96,113
95,74,153
96,72,153
97,86,115
98,74,114
99,85,114
100,68,89
101,55,94
102,70,105
103,42,19
104,45,27
105,48,34
106,70,162
107,79,34
108,79,20
109,77,4
110,48,71
111,33,80
112,76,67
113,38,59
114,82,80
115,75,102
116,24,90
117,37,85
118,47,87
119,60,85
120,70,81
121,77,77
122,91,69
123,24,105
124,33,58
125,92,110
126,75,91
127,25,80
128,82,73
129,70,106
130,41,64
131,76,98
132,29,132
133,75,65
134,82,93
135,44,165
136,47,176
137,21,110
138,35,156
139,26,63
140,72,191
141,93,113
142,68,97
143,27,71
144,55,67
145,61,67
146,67,154
147,25,121
148,87,203
149,66,191
150,57,185
151,100,19
152,104,205
153,66,67
154,71,66
155,74,65
156,28,57
157,70,59
158,64,57
159,58,57
160,52,58
161,48,60
162,25,61
163,51,66
164,98,120
165,70,124
166,77,109
167,85,121
168,100,58
169,54,175
170,63,182
171,86,197
172,40,166
173,74,62
174,85,80
175,103,199
176,75,198
177,23,127
178,84,161
179,82,162
180,80,164
181,79,167
182,78,169
183,70,142
184,67,142
185,64,141
186,58,136
187,32,123
188,87,74
189,82,58
190,77,59
191,72,141
192,34,143
193,89,57
194,75,176
195,96,81
196,90,76
197,97,74
198,79,92
199,103,191
200,103,182
201,88,181
202,58,158
203,64,113
204,66,167
205,47,114
206,57,121
207,42,127
208,86,190
209,74,97
210,54,165
211,63,174
212,51,147
213,28,134
214,43,150
215,28,143
216,52,131
217,81,86
218,78,106
219,74,108
220,81,100
221,76,51
222,64,46
223,54,46
224,46,48
225,40,52
226,37,66
227,21,94
228,43,77
229,51,79
230,60,78
231,69,75
232,75,73
233,80,71
234,26,97
235,74,110
236,84,86
237,83,106
238,88,110
239,84,107
240,77,112
241,89,110
242,91,112
243,78,65
244,83,66
245,86,67
246,46,62
247,41,59
248,104,81
249,155,63
250,105,110
251,193,38
252,134,67
253,141,67
254,148,68
255,160,66
256,128,67
257,143,48
258,134,49
259,151,50
260,157,53
261,169,71
262,136,183
263,158,62
264,199,71
265,180,67
266,144,100
267,110,126
268,109,131
269,123,129
270,132,134
271,119,132
272,127,136
273,146,152
274,102,105
275,102,97
276,171,47
277,126,82
278,126,103
279,127,99
280,171,99
281,103,89
282,147,36
283,160,40
284,183,23
285,113,43
286,128,52
287,152,141
288,198,148
289,119,108
290,112,111
291,142,145
292,139,146
293,166,36
294,127,107
295,131,36
296,132,30
297,148,4
298,176,30
299,142,18
300,178,45
301,186,41
302,109,128
303,121,131
304,130,135
305,118,110
306,140,146
307,139,152
308,138,146
309,113,106
310,125,136
311,118,133
312,108,132
313,116,173
314,120,172
315,118,169
316,116,166
317,115,163
318,130,156
319,132,157
320,136,158
321,138,159
322,140,126
323,205,109
324,134,152
325,136,152
326,110,114
327,125,111
328,111,112
329,136,86
330,150,90
331,130,103
332,169,12
333,162,22
334,150,31
335,139,160
336,115,32
337,122,18
338,126,2
339,156,67
340,179,76
341,124,65
342,168,57
343,120,78
344,119,100
345,192,83
346,172,80
347,160,82
348,143,81
349,132,78
350,124,75
351,107,68
352,192,99
353,176,57
354,100,110
355,126,89
356,204,72
357,117,71
358,131,104
359,163,63
360,120,96
361,203,128
362,124,63
363,111,91
364,176,164
365,177,176
366,202,104
367,188,154
368,193,55
369,138,191
370,100,112
371,134,94
372,189,69
373,146,63
374,140,63
375,141,152
376,193,115
377,122,204
378,150,193
379,163,186
380,134,63
381,129,63
382,126,63
383,185,56
384,129,59
385,135,57
386,141,56
387,147,57
388,152,59
389,199,53
390,151,63
391,130,122
392,119,107
393,111,120
394,163,175
395,151,183
396,122,198
397,189,165
398,126,61
399,112,79
400,137,199
401,201,122
402,123,160
403,126,162
404,129,164
405,131,167
406,129,168
407,134,140
408,136,139
409,138,139
410,147,133
411,180,118
412,113,72
413,117,57
414,122,58
415,132,140
416,183,139
417,109,56
418,133,175
419,105,75
420,119,90
421,118,181
422,153,156
423,139,110
424,144,166
425,159,109
426,147,118
427,167,123
428,120,189
429,125,94
430,160,164
431,149,174
432,159,144
433,191,130
434,171,148
435,197,139
436,155,128
437,119,84
438,116,104
439,123,106
440,111,99
441,122,49
442,133,44
443,144,43
444,154,46
445,163,50
446,171,65
447,201,87
448,163,73
449,154,74
450,143,74
451,133,73
452,126,71
453,121,69
454,205,90
455,123,108
456,111,85
457,108,105
458,104,109
459,109,106
460,122,110
461,102,110
462,103,112
463,121,63
464,116,65
465,113,65
466,155,61
467,162,57
468,63,61
469,71,60
470,62,54
471,55,62
472,64,69
473,138,60
474,147,60
475,138,54
476,129,60
477,137,66
