0,107,126
1,112,92
2,108,104
3,101,74
4,112,85
5,110,77
6,106,62
7,38,67
8,104,46
9,104,36
10,102,5
11,107,130
12,107,134
13,106,137
14,104,148
15,105,152
16,105,158
17,104,163
18,107,165
19,111,98
20,102,101
21,5,52
22,63,71
23,55,72
24,47,73
25,34,69
26,69,69
27,49,47
28,58,47
29,40,49
30,33,54
31,29,75
32,72,177
33,34,64
34,3,84
35,18,71
36,61,99
37,96,125
38,97,135
39,84,131
40,76,137
41,87,137
42,80,140
43,62,149
44,105,93
45,104,86
46,23,49
47,78,82
48,80,97
49,78,95
50,34,102
51,103,79
52,44,36
53,31,41
54,15,36
55,82,40
56,67,51
57,55,140
58,9,157
59,86,101
60,94,103
61,66,148
62,69,148
63,26,37
64,78,102
65,60,35
66,58,29
67,53,12
68,23,38
69,58,22
70,17,47
71,13,52
72,96,130
73,85,134
74,78,139
75,88,103
76,67,148
77,71,151
78,70,147
79,93,97
80,81,141
81,88,139
82,97,137
83,94,166
84,92,163
85,93,158
86,94,152
87,95,149
88,80,149
89,78,151
90,76,154
91,73,156
92,66,123
93,-1,122
94,109,101
95,75,148
96,73,149
97,96,105
98,80,106
99,95,104
100,68,87
101,54,92
102,76,99
103,31,22
104,37,28
105,40,31
106,70,156
107,79,30
108,80,20
109,76,7
110,39,72
111,20,81
112,73,66
113,26,59
114,84,76
115,87,92
116,12,92
117,28,86
118,40,87
119,56,84
120,67,80
121,75,75
122,97,65
123,13,106
124,19,59
125,107,98
126,79,87
127,-2,89
128,82,71
129,74,101
130,30,65
131,85,89
132,1,139
133,72,64
134,94,83
135,32,166
136,30,179
137,2,115
138,21,158
139,7,67
140,70,186
141,106,101
142,71,93
143,10,73
144,47,69
145,54,68
146,69,152
147,14,122
148,87,198
149,57,191
150,44,186
151,103,20
152,105,198
153,61,67
154,67,66
155,70,65
156,12,59
157,65,57
158,58,55
159,50,54
160,43,57
161,38,60
162,0,69
163,42,68
164,108,109
165,75,117
166,87,100
167,94,110
168,104,55
169,44,174
170,57,180
171,87,190
172,19,170
173,70,61
174,92,74
175,106,190
176,70,195
177,5,131
178,87,149
179,85,152
180,83,156
181,82,161
182,80,162
183,74,144
184,71,143
185,69,142
186,59,131
187,27,121
188,91,70
189,80,56
190,74,58
191,75,144
192,25,143
193,90,54
194,76,169
195,109,72
196,99,69
197,107,67
198,86,85
199,107,181
200,107,172
201,91,172
202,55,153
203,67,107
204,64,162
205,47,109
206,59,116
207,40,123
208,89,181
209,80,91
210,48,162
211,59,170
212,48,143
213,16,135
214,37,148
215,11,146
216,52,126
217,86,81
218,90,95
219,83,99
220,95,89
221,73,48
222,59,43
223,47,43
224,37,46
225,29,52
226,25,68
227,1,99
228,34,77
229,44,79
230,55,78
231,65,75
232,72,72
233,78,69
234,-2,106
235,82,102
236,94,78
237,98,94
238,102,98
239,97,96
240,84,105
241,104,98
242,104,101
243,76,63
244,82,64
245,86,64
246,36,62
247,30,59
248,115,73
249,152,71
250,116,100
251,170,49
252,134,76
253,140,76
254,147,75
255,155,73
256,128,74
257,143,53
258,136,54
259,150,55
260,155,59
261,160,76
262,134,172
263,154,69
264,174,79
265,166,72
266,144,95
267,118,124
268,116,133
269,127,127
270,132,132
271,123,134
272,127,136
273,141,144
274,118,92
275,119,85
276,164,51
277,128,80
278,133,95
279,133,92
280,164,97
281,117,78
282,149,40
283,158,44
284,165,34
285,120,44
286,129,57
287,146,135
288,167,151
289,127,99
290,120,102
291,136,141
292,133,141
293,161,40
294,133,99
295,137,39
296,138,33
297,142,11
298,163,36
299,140,22
300,167,49
301,168,49
302,117,129
303,125,131
304,130,134
305,125,101
306,134,141
307,132,144
308,132,141
309,125,95
310,125,137
311,120,136
312,114,136
313,119,163
314,116,160
315,115,155
316,114,150
317,113,147
318,124,144
319,126,146
320,128,148
321,130,150
322,140,118
323,171,117
324,127,143
325,130,144
326,118,104
327,129,103
328,119,103
329,136,84
330,147,88
331,134,96
332,157,21
333,154,27
334,151,35
335,136,151
336,122,34
337,123,20
338,125,7
339,152,75
340,166,80
341,124,72
342,161,63
343,122,75
344,130,91
345,174,87
346,162,83
347,155,84
348,142,84
349,133,81
350,125,78
351,113,64
352,176,100
353,165,61
354,114,98
355,129,84
356,171,84
357,120,74
358,134,97
359,157,69
360,129,87
361,170,133
362,124,70
363,123,82
364,161,159
365,158,172
366,178,108
367,168,151
368,171,63
369,135,181
370,112,101
371,135,90
372,171,73
373,146,73
374,141,73
375,134,145
376,176,115
377,122,195
378,142,184
379,150,179
380,135,73
381,129,72
382,126,71
383,169,60
384,130,64
385,136,62
386,141,61
387,147,63
388,151,65
389,171,65
390,150,72
391,134,113
392,127,98
393,119,109
394,153,167
395,144,174
396,123,187
397,163,164
398,126,67
399,119,73
400,134,190
401,177,124
402,119,145
403,121,148
404,123,152
405,124,156
406,129,158
407,131,138
408,133,137
409,135,136
410,144,125
411,169,115
412,117,69
413,119,61
414,123,64
415,128,139
416,168,136
417,113,58
418,132,164
419,114,69
420,126,83
421,120,170
422,146,148
423,139,104
424,140,157
425,155,104
426,145,111
427,160,118
428,122,178
429,130,88
430,152,156
431,143,164
432,152,137
433,174,128
434,160,142
435,174,139
436,150,121
437,124,79
438,127,94
439,131,97
440,125,87
441,125,53
442,136,48
443,145,48
444,153,51
445,158,56
446,161,70
447,176,93
448,156,78
449,150,79
450,142,79
451,133,78
452,126,76
453,122,73
454,170,101
455,130,100
456,121,77
457,123,93
458,117,98
459,122,95
460,127,102
461,116,98
462,115,101
463,121,69
464,118,69
465,116,68
466,153,67
467,157,63
468,55,62
469,63,61
470,54,55
471,46,63
472,55,69
473,140,67
474,147,67
475,140,61
476,132,67
477,139,73
