0,97,127
1,97,106
2,97,112
3,91,81
4,97,99
5,97,88
6,97,62
7,43,60
8,97,39
9,97,28
10,96,-10
11,97,129
12,97,132
13,98,133
14,98,134
15,98,137
16,98,140
17,98,143
18,98,153
19,97,109
20,90,109
21,11,25
22,65,69
23,57,69
24,50,68
25,40,62
26,71,66
27,52,42
28,62,43
29,44,44
30,39,48
31,34,67
32,74,163
33,41,57
34,10,59
35,24,60
36,61,97
37,90,126
38,92,131
39,84,128
40,81,131
41,87,132
42,84,133
43,68,142
44,91,106
45,90,99
46,28,41
47,75,79
48,75,103
49,75,99
50,38,96
51,90,89
52,45,32
53,35,35
54,18,12
55,79,39
56,70,47
57,63,137
58,24,128
59,81,107
60,86,109
61,77,135
62,78,135
63,30,30
64,75,106
65,60,33
66,58,26
67,49,-5
68,23,20
69,54,9
70,23,36
71,16,31
72,91,129
73,86,130
74,82,132
75,83,108
76,78,135
77,80,136
78,79,134
79,84,105
80,85,133
81,88,133
82,92,133
83,90,152
84,91,143
85,91,139
86,92,136
87,92,134
88,85,134
89,84,135
90,82,137
91,81,138
92,69,125
93,13,91
94,97,111
95,82,134
96,81,135
97,88,112
98,78,110
99,87,110
100,67,83
101,55,88
102,74,102
103,29,1
104,35,12
105,42,26
106,74,146
107,76,28
108,73,9
109,70,-9
110,44,66
111,25,72
112,76,64
113,32,51
114,80,74
115,79,101
116,17,76
117,31,78
118,41,81
119,56,80
120,67,77
121,75,74
122,90,64
123,20,92
124,25,49
125,93,109
126,76,86
127,8,57
128,81,70
129,73,102
130,37,57
131,79,96
132,17,109
133,76,61
134,84,92
135,40,147
136,41,154
137,13,92
138,31,138
139,12,44
140,72,169
141,94,110
142,70,92
143,18,61
144,50,65
145,57,66
146,79,137
147,23,107
148,85,180
149,63,169
150,53,163
151,97,9
152,100,181
153,64,65
154,70,63
155,74,62
156,19,47
157,69,53
158,62,49
159,55,49
160,48,51
161,44,53
162,8,39
163,46,63
164,97,117
165,75,120
166,81,106
167,88,118
168,97,51
169,51,156
170,61,163
171,84,175
172,32,144
173,73,57
174,85,76
175,99,176
176,73,175
177,17,109
178,88,133
179,87,135
180,86,138
181,85,141
182,81,149
183,81,134
184,80,134
185,78,133
186,65,130
187,33,112
188,85,68
189,81,54
190,76,55
191,82,134
192,34,128
193,87,53
194,77,156
195,97,80
196,90,73
197,97,71
198,81,89
199,99,169
200,99,160
201,88,160
202,60,144
203,67,107
204,68,151
205,49,106
206,60,115
207,44,118
208,85,168
209,77,92
210,54,149
211,63,156
212,54,137
213,26,119
214,44,137
215,22,124
216,56,124
217,81,81
218,81,104
219,78,105
220,84,100
221,74,45
222,61,40
223,50,39
224,41,41
225,35,45
226,32,59
227,10,75
228,38,71
229,46,74
230,56,74
231,66,73
232,73,70
233,78,67
234,11,73
235,78,107
236,85,84
237,86,105
238,90,108
239,86,106
240,80,109
241,91,109
242,92,110
243,78,61
244,82,62
245,85,64
246,42,55
247,36,52
248,103,80
249,153,60
250,104,109
251,187,21
252,132,69
253,140,70
254,147,68
255,156,61
256,126,67
257,142,41
258,133,42
259,150,42
260,156,46
261,163,65
262,125,162
263,156,56
264,188,55
265,172,57
266,135,96
267,104,126
268,104,132
269,112,129
270,117,132
271,110,132
272,114,134
273,129,141
274,103,106
275,104,99
276,166,38
277,120,78
278,120,102
279,120,98
280,159,94
281,104,89
282,147,31
283,158,33
284,179,8
285,114,39
286,126,46
287,135,136
288,178,125
289,114,106
290,108,109
291,123,136
292,122,135
293,162,27
294,120,105
295,132,32
296,133,25
297,145,-8
298,172,16
299,140,7
300,171,33
301,180,27
302,104,129
303,111,131
304,116,133
305,112,108
306,122,136
307,119,136
308,121,135
309,111,105
310,113,134
311,109,133
312,104,133
313,107,152
314,105,143
315,105,139
316,104,136
317,104,134
318,113,134
319,115,135
320,116,137
321,117,139
322,127,124
323,188,87
324,117,135
325,118,135
326,106,111
327,117,109
328,107,110
329,128,82
330,141,86
331,121,101
332,166,-2
333,160,9
334,149,24
335,124,145
336,115,28
337,120,8
338,123,-10
339,153,65
340,171,69
341,121,64
342,163,49
343,115,73
344,115,100
345,180,72
346,166,76
347,157,80
348,142,80
349,131,77
350,123,74
351,104,64
352,177,89
353,169,47
354,101,109
355,119,85
356,192,53
357,117,70
358,122,101
359,159,56
360,116,95
361,184,106
362,121,61
363,110,91
364,159,146
365,160,153
366,186,88
367,169,135
368,185,40
369,127,169
370,100,110
371,126,91
372,179,56
373,146,65
374,140,67
375,121,137
376,175,104
377,115,180
378,137,169
379,148,162
380,133,66
381,127,64
382,123,62
383,176,43
384,127,52
385,134,48
386,141,48
387,147,50
388,151,52
389,191,35
390,150,63
391,121,120
392,114,105
393,107,118
394,148,155
395,138,162
396,114,174
397,170,141
398,123,58
399,109,76
400,127,175
401,182,105
402,109,134
403,110,136
404,111,138
405,112,141
406,116,149
407,118,135
408,119,134
409,121,134
410,132,129
411,164,109
412,110,68
413,115,53
414,120,55
415,117,135
416,165,126
417,108,53
418,121,155
419,104,72
420,114,88
421,110,159
422,138,143
423,129,106
424,130,150
425,147,104
426,136,113
427,153,116
428,113,168
429,118,92
430,145,148
431,135,155
432,144,135
433,173,117
434,155,135
435,178,121
436,141,123
437,114,81
438,113,103
439,117,105
440,110,99
441,121,45
442,133,39
443,144,37
444,153,39
445,160,43
446,164,56
447,188,72
448,159,69
449,152,72
450,141,74
451,132,73
452,124,70
453,119,67
454,190,70
455,117,106
456,109,83
457,108,104
458,105,108
459,108,105
460,115,108
461,103,109
462,102,110
463,119,61
464,115,63
465,112,64
466,154,54
467,159,50
468,58,56
469,68,56
470,57,46
471,48,57
472,59,67
473,136,56
474,147,56
475,136,45
476,125,56
477,136,67
