0,99,131
1,98,106
2,98,113
3,92,82
4,98,98
5,98,89
6,98,66
7,42,65
8,99,45
9,99,35
10,100,-2
11,99,133
12,99,135
13,99,136
14,100,144
15,100,148
16,100,153
17,100,157
18,99,157
19,98,109
20,92,109
21,12,33
22,63,74
23,56,74
24,48,73
25,39,67
26,70,71
27,53,45
28,62,47
29,44,47
30,39,51
31,32,71
32,71,165
33,39,61
34,9,66
35,23,64
36,60,102
37,90,129
38,91,135
39,81,131
40,75,135
41,84,135
42,79,137
43,68,147
44,92,105
45,91,99
46,28,43
47,75,83
48,76,105
49,75,101
50,36,102
51,91,90
52,48,35
53,36,37
54,19,19
55,81,44
56,69,52
57,62,141
58,19,133
59,82,109
60,88,111
61,70,141
62,72,141
63,32,32
64,76,108
65,62,36
66,61,30
67,52,1
68,25,26
69,56,16
70,23,39
71,17,37
72,90,132
73,83,134
74,77,136
75,84,110
76,71,141
77,73,143
78,73,141
79,85,106
80,81,137
81,86,136
82,92,136
83,89,157
84,89,156
85,90,152
86,91,147
87,92,143
88,81,142
89,79,143
90,76,146
91,74,148
92,70,128
93,10,97
94,98,111
95,78,141
96,75,142
97,90,113
98,79,113
99,89,112
100,67,87
101,54,93
102,74,105
103,32,9
104,37,19
105,45,29
106,73,151
107,79,33
108,77,16
109,74,-1
110,42,71
111,24,77
112,74,69
113,31,55
114,80,78
115,80,102
116,16,82
117,29,83
118,40,86
119,55,85
120,66,82
121,74,79
122,91,68
123,18,98
124,25,53
125,94,109
126,76,90
127,7,64
128,80,75
129,74,105
130,35,61
131,79,97
132,13,115
133,74,66
134,85,93
135,38,151
136,37,157
137,10,98
138,27,142
139,13,51
140,69,171
141,95,111
142,70,96
143,16,65
144,49,70
145,56,71
146,71,144
147,20,112
148,83,180
149,60,170
150,49,165
151,99,16
152,98,181
153,62,70
154,68,68
155,72,67
156,18,51
157,68,58
158,61,54
159,54,53
160,48,54
161,43,57
162,8,47
163,45,67
164,98,119
165,76,123
166,82,107
167,89,120
168,98,56
169,48,159
170,59,165
171,82,176
172,27,148
173,72,63
174,86,79
175,98,177
176,71,176
177,13,114
178,86,142
179,84,145
180,82,149
181,80,153
182,80,154
183,76,139
184,73,138
185,71,138
186,65,134
187,31,117
188,86,72
189,80,59
190,75,60
191,78,139
192,31,133
193,88,58
194,75,160
195,98,81
196,91,76
197,98,74
198,81,91
199,98,171
200,99,164
201,86,163
202,59,149
203,67,111
204,66,155
205,48,111
206,60,119
207,43,122
208,84,170
209,77,96
210,51,153
211,61,159
212,53,141
213,23,124
214,42,141
215,18,129
216,55,129
217,81,85
218,82,105
219,79,107
220,85,100
221,74,50
222,62,43
223,51,42
224,41,44
225,35,48
226,30,63
227,9,82
228,37,75
229,45,78
230,55,79
231,65,78
232,72,75
233,77,72
234,8,81
235,79,109
236,86,86
237,87,105
238,91,108
239,87,106
240,81,111
241,92,109
242,93,110
243,76,66
244,81,68
245,84,69
246,41,59
247,35,55
248,105,82
249,157,64
250,104,109
251,188,32
252,133,73
253,141,74
254,149,73
255,159,66
256,127,71
257,145,46
258,136,47
259,154,48
260,160,52
261,165,71
262,126,165
263,159,61
264,189,65
265,174,64
266,137,101
267,108,129
268,106,134
269,117,131
270,122,134
271,113,135
272,117,137
273,130,146
274,104,105
275,105,99
276,169,47
277,122,82
278,120,105
279,121,101
280,161,101
281,105,90
282,150,39
283,161,42
284,181,18
285,116,46
286,127,51
287,136,140
288,178,132
289,114,109
290,108,111
291,127,140
292,125,140
293,166,37
294,120,108
295,135,40
296,136,34
297,148,1
298,174,26
299,142,16
300,174,43
301,182,37
302,108,132
303,115,133
304,120,135
305,112,110
306,126,140
307,124,143
308,124,140
309,111,106
310,116,137
311,111,136
312,105,136
313,108,157
314,110,156
315,109,152
316,108,147
317,107,143
318,117,141
319,119,143
320,122,146
321,124,148
322,128,127
323,187,96
324,120,141
325,122,142
326,106,113
327,117,113
328,107,112
329,130,87
330,143,92
331,122,105
332,168,8
333,162,19
334,153,33
335,125,150
336,118,35
337,122,16
338,126,-1
339,155,71
340,172,76
341,122,69
342,167,56
343,116,77
344,116,102
345,182,80
346,167,82
347,157,86
348,142,85
349,131,82
350,123,79
351,106,68
352,180,97
353,172,54
354,101,109
355,120,90
356,191,63
357,117,75
358,123,105
359,162,61
360,117,97
361,184,114
362,122,66
363,111,93
364,160,151
365,160,157
366,187,97
367,170,142
368,186,50
369,127,171
370,101,111
371,127,95
372,180,64
373,148,69
374,141,71
375,126,144
376,177,111
377,113,180
378,136,171
379,147,165
380,135,70
381,128,68
382,124,67
383,178,51
384,129,56
385,136,51
386,143,51
387,151,53
388,155,56
389,191,46
390,153,67
391,121,123
392,114,108
393,108,120
394,149,159
395,138,165
396,114,176
397,169,147
398,124,62
399,111,79
400,126,176
401,184,113
402,112,142
403,114,145
404,117,149
405,118,153
406,117,154
407,121,138
408,123,138
409,125,137
410,133,134
411,166,116
412,111,72
413,117,59
414,121,60
415,119,139
416,166,133
417,109,59
418,122,160
419,106,75
420,116,91
421,110,163
422,139,148
423,130,111
424,131,155
425,149,110
426,137,118
427,155,122
428,113,170
429,120,95
430,146,153
431,136,159
432,145,141
433,174,124
434,156,141
435,179,128
436,142,128
437,115,84
438,114,105
439,117,107
440,111,100
441,122,51
442,135,45
443,147,44
444,157,46
445,164,50
446,167,63
447,189,80
448,160,75
449,152,78
450,142,79
451,132,77
452,125,75
453,120,72
454,189,79
455,117,109
456,111,86
457,109,105
458,105,108
459,109,106
460,115,111
461,104,109
462,103,110
463,120,66
464,116,68
465,113,69
466,158,58
467,163,56
468,58,60
469,70,60
470,58,49
471,47,61
472,59,72
473,141,60
474,153,60
475,141,49
476,129,59
477,141,71
