0,99,130
1,102,102
2,100,112
3,95,78
4,102,94
5,102,84
6,100,62
7,41,62
8,100,39
9,100,28
10,100,-7
11,99,132
12,98,134
13,98,135
14,99,159
15,99,160
16,99,163
17,99,166
18,99,172
19,101,107
20,94,107
21,8,31
22,62,72
23,54,71
24,46,70
25,37,64
26,69,69
27,54,40
28,63,42
29,44,42
30,38,46
31,29,69
32,69,179
33,38,59
34,5,67
35,21,62
36,59,100
37,89,129
38,90,134
39,80,131
40,74,135
41,83,134
42,77,136
43,63,152
44,95,102
45,95,94
46,28,38
47,75,81
48,77,102
49,75,98
50,33,100
51,95,85
52,48,27
53,36,31
54,17,15
55,83,36
56,71,47
57,58,143
58,11,145
59,83,106
60,89,109
61,68,143
62,70,143
63,32,26
64,76,106
65,63,28
66,62,21
67,52,-4
68,24,21
69,57,8
70,23,35
71,15,34
72,89,131
73,81,133
74,75,136
75,85,108
76,69,143
77,72,148
78,70,143
79,87,103
80,78,137
81,84,135
82,90,135
83,87,171
84,89,164
85,89,161
86,90,159
87,91,157
88,79,151
89,77,151
90,76,152
91,74,154
92,67,128
93,1,104
94,101,109
95,75,148
96,73,148
97,91,112
98,78,111
99,90,110
100,66,85
101,52,90
102,74,103
103,31,3
104,37,12
105,45,21
106,69,160
107,81,24
108,78,9
109,74,-7
110,40,68
111,20,74
112,74,67
113,30,51
114,81,75
115,82,98
116,12,81
117,25,80
118,36,83
119,52,82
120,63,80
121,72,76
122,93,64
123,13,98
124,23,50
125,98,106
126,76,88
127,1,68
128,79,71
129,72,104
130,34,59
131,81,94
132,4,124
133,75,64
134,88,89
135,33,162
136,32,171
137,3,102
138,21,152
139,9,49
140,68,186
141,98,109
142,68,94
143,13,64
144,47,66
145,54,68
146,70,149
147,14,115
148,82,196
149,57,186
150,46,180
151,100,10
152,98,198
153,61,68
154,67,66
155,72,65
156,17,48
157,69,55
158,62,51
159,55,50
160,48,51
161,43,54
162,3,48
163,43,64
164,100,118
165,74,122
166,83,105
167,90,119
168,100,52
169,45,171
170,56,178
171,82,191
172,21,161
173,73,60
174,88,76
175,99,193
176,69,192
177,6,120
178,84,154
179,83,155
180,81,157
181,80,160
182,77,166
183,73,139
184,71,139
185,70,138
186,61,135
187,27,118
188,87,69
189,81,54
190,76,56
191,74,139
192,26,139
193,89,52
194,72,172
195,101,77
196,94,72
197,101,70
198,82,88
199,99,186
200,99,178
201,85,177
202,55,155
203,66,110
204,63,165
205,46,110
206,58,119
207,40,123
208,83,185
209,77,93
210,48,162
211,59,170
212,49,145
213,17,129
214,38,147
215,11,137
216,52,129
217,82,82
218,84,101
219,79,104
220,88,96
221,76,44
222,63,37
223,51,35
224,41,38
225,34,43
226,28,61
227,3,84
228,33,72
229,42,75
230,52,76
231,63,75
232,71,72
233,77,69
234,1,86
235,79,107
236,88,82
237,90,101
238,94,105
239,90,103
240,81,110
241,95,106
242,96,108
243,78,63
244,82,64
245,85,64
246,41,56
247,34,52
248,107,78
249,153,64
250,106,108
251,175,36
252,133,72
253,140,73
254,147,72
255,155,67
256,127,70
257,143,43
258,134,44
259,151,45
260,156,49
261,161,72
262,127,178
263,155,61
264,179,71
265,168,65
266,137,101
267,108,129
268,107,134
269,117,133
270,122,137
271,114,136
272,119,139
273,133,153
274,107,102
275,109,94
276,166,41
277,122,82
278,122,103
279,123,99
280,161,102
281,108,86
282,150,30
283,159,34
284,170,20
285,117,37
286,127,49
287,138,144
288,171,147
289,116,107
290,110,109
291,128,147
292,126,146
293,163,28
294,122,107
295,136,30
296,138,23
297,144,-1
298,167,25
299,140,11
300,169,37
301,172,38
302,108,132
303,115,135
304,121,138
305,114,109
306,127,147
307,125,152
308,125,146
309,114,103
310,117,139
311,112,137
312,106,135
313,110,171
314,109,165
315,109,162
316,108,160
317,107,158
318,118,154
319,119,154
320,121,156
321,123,158
322,130,129
323,177,108
324,121,151
325,123,151
326,109,112
327,119,112
328,109,111
329,130,87
330,143,92
331,124,103
332,161,7
333,157,16
334,152,24
335,128,160
336,120,25
337,122,10
338,124,-5
339,152,70
340,168,77
341,122,67
342,162,54
343,117,76
344,119,99
345,176,85
346,164,83
347,155,86
348,142,85
349,131,81
350,123,77
351,107,65
352,176,102
353,167,52
354,104,106
355,121,89
356,178,72
357,118,72
358,124,105
359,158,61
360,119,95
361,176,127
362,122,64
363,114,89
364,157,163
365,156,172
366,181,105
367,167,154
368,176,54
369,127,185
370,103,109
371,128,95
372,173,66
373,146,69
374,140,70
375,126,152
376,175,118
377,114,196
378,135,185
379,145,180
380,134,69
381,128,67
382,124,65
383,172,50
384,128,56
385,134,53
386,141,53
387,147,55
388,151,57
389,178,52
390,150,67
391,124,123
392,116,106
393,110,119
394,147,171
395,137,178
396,115,191
397,164,162
398,124,61
399,112,77
400,125,191
401,179,123
402,113,156
403,115,158
404,116,160
405,117,162
406,120,166
407,123,142
408,125,142
409,126,141
410,135,136
411,166,121
412,112,70
413,117,55
414,121,57
415,122,142
416,165,141
417,110,54
418,124,172
419,107,72
420,117,89
421,112,177
422,140,156
423,131,111
424,133,165
425,149,112
426,138,120
427,155,125
428,114,185
429,121,94
430,145,162
431,136,170
432,145,146
433,173,132
434,155,148
435,175,140
436,143,131
437,117,83
438,116,102
439,120,105
440,114,96
441,123,46
442,135,39
443,146,39
444,154,41
445,160,46
446,162,63
447,181,88
448,158,75
449,151,78
450,141,78
451,132,76
452,125,73
453,120,70
454,177,90
455,119,108
456,113,83
457,112,102
458,107,106
459,111,103
460,117,110
461,106,106
462,105,109
463,119,64
464,116,65
465,113,66
466,153,59
467,159,55
468,62,59
469,72,60
470,62,49
471,51,59
472,62,69
473,140,61
474,149,62
475,140,52
476,130,61
477,140,70
