0,105,132
1,100,108
2,100,115
3,92,84
4,100,101
5,99,91
6,99,67
7,41,64
8,99,49
9,98,39
10,98,0
11,105,133
12,105,134
13,104,134
14,105,147
15,105,150
16,105,153
17,105,156
18,103,162
19,100,112
20,92,112
21,9,36
22,63,72
23,55,72
24,48,71
25,37,67
26,70,71
27,52,50
28,62,51
29,44,51
30,38,54
31,30,72
32,72,173
33,38,62
34,5,69
35,20,67
36,56,101
37,93,130
38,93,133
39,81,132
40,73,132
41,83,133
42,76,134
43,61,144
44,93,108
45,92,101
46,27,49
47,74,83
48,73,105
49,72,102
50,30,100
51,92,92
52,47,41
53,35,44
54,16,23
55,82,49
56,70,55
57,54,136
58,15,139
59,80,110
60,87,112
61,61,134
62,63,134
63,31,39
64,73,108
65,62,43
66,61,37
67,49,4
68,22,30
69,55,19
70,22,46
71,14,41
72,93,132
73,82,133
74,74,133
75,82,111
76,62,134
77,68,139
78,65,135
79,84,108
80,77,134
81,85,134
82,94,134
83,91,161
84,93,155
85,93,152
86,94,149
87,94,146
88,78,142
89,76,142
90,74,144
91,73,145
92,63,126
93,6,102
94,100,114
95,72,139
96,70,139
97,89,115
98,75,112
99,88,113
100,65,87
101,51,92
102,71,105
103,29,12
104,35,23
105,44,36
106,69,151
107,80,39
108,75,19
109,71,1
110,41,70
111,20,77
112,74,70
113,30,58
114,80,79
115,78,103
116,12,82
117,26,81
118,37,84
119,53,84
120,65,81
121,73,79
122,91,69
123,12,97
124,23,57
125,96,112
126,75,91
127,3,68
128,80,75
129,70,105
130,35,63
131,78,98
132,9,120
133,75,67
134,85,94
135,34,155
136,36,164
137,6,100
138,22,146
139,10,54
140,71,180
141,97,113
142,67,96
143,13,68
144,49,67
145,55,68
146,66,140
147,13,113
148,87,190
149,62,180
150,50,174
151,98,19
152,104,192
153,62,68
154,68,68
155,72,68
156,16,55
157,68,60
158,61,56
159,54,55
160,47,57
161,43,59
162,5,50
163,44,66
164,101,121
165,72,122
166,80,109
167,89,121
168,99,58
169,47,165
170,59,172
171,86,186
172,24,154
173,72,64
174,86,81
175,104,187
176,74,186
177,8,117
178,85,144
179,84,146
180,83,148
181,82,151
182,79,157
183,69,134
184,67,134
185,66,133
186,56,130
187,23,116
188,86,73
189,81,61
190,76,62
191,70,134
192,24,135
193,88,61
194,75,165
195,99,83
196,92,77
197,99,75
198,80,92
199,104,180
200,104,171
201,89,170
202,55,148
203,63,110
204,64,158
205,42,110
206,54,117
207,35,121
208,87,179
209,75,96
210,49,155
211,60,164
212,47,138
213,16,126
214,36,142
215,13,133
216,48,125
217,80,86
218,81,107
219,76,108
220,85,102
221,75,54
222,62,48
223,50,47
224,41,48
225,34,52
226,28,65
227,5,84
228,34,75
229,43,77
230,54,78
231,64,77
232,72,75
233,77,73
234,4,85
235,76,110
236,86,87
237,87,107
238,92,111
239,87,108
240,78,112
241,93,112
242,94,113
243,77,68
244,82,69
245,84,70
246,40,61
247,35,58
248,107,84
249,157,65
250,108,112
251,188,36
252,135,72
253,143,72
254,150,72
255,160,67
256,129,71
257,147,52
258,138,52
259,155,53
260,160,56
261,167,72
262,135,173
263,160,63
264,192,69
265,177,67
266,145,101
267,116,130
268,115,133
269,125,131
270,132,132
271,123,133
272,129,133
273,145,143
274,107,108
275,108,101
276,172,51
277,125,83
278,127,105
279,128,101
280,170,99
281,107,92
282,152,44
283,164,47
284,180,23
285,118,51
286,131,56
287,152,135
288,186,139
289,121,110
290,114,112
291,140,134
292,138,134
293,168,42
294,128,108
295,137,45
296,139,40
297,147,5
298,174,31
299,141,20
300,177,48
301,182,41
302,116,132
303,124,132
304,131,133
305,119,111
306,139,134
307,135,139
308,137,134
309,116,108
310,128,134
311,122,134
312,114,134
313,116,161
314,117,155
315,116,152
316,116,149
317,114,146
318,127,141
319,129,142
320,131,143
321,132,145
322,141,125
323,193,102
324,131,139
325,133,138
326,112,115
327,125,112
328,113,113
329,135,87
330,150,91
331,130,104
332,167,12
333,161,23
334,155,39
335,137,151
336,120,42
337,121,19
338,125,1
339,156,70
340,175,77
341,126,69
342,168,59
343,119,79
344,121,103
345,187,82
346,170,82
347,159,85
348,144,84
349,133,81
350,125,78
351,107,69
352,188,97
353,175,58
354,104,112
355,125,90
356,194,68
357,119,75
358,131,104
359,163,63
360,122,98
361,191,120
362,126,67
363,115,94
364,170,155
365,169,164
366,194,100
367,181,146
368,188,54
369,136,180
370,103,113
371,133,95
372,185,68
373,149,67
374,143,68
375,137,139
376,188,112
377,121,190
378,145,180
379,156,173
380,137,68
381,131,67
382,128,67
383,182,56
384,132,60
385,138,57
386,145,57
387,152,58
388,156,60
389,192,50
390,154,66
391,131,122
392,120,109
393,114,121
394,158,164
395,147,172
396,122,186
397,179,154
398,128,64
399,113,81
400,134,186
401,192,117
402,122,144
403,124,146
404,125,148
405,126,151
406,128,157
407,134,134
408,135,133
409,137,133
410,148,129
411,178,116
412,113,73
413,120,61
414,125,62
415,132,134
416,179,134
417,112,61
418,132,165
419,107,77
420,120,92
421,118,170
422,151,148
423,138,110
424,142,157
425,159,109
426,148,117
427,167,121
428,121,179
429,125,96
430,157,155
431,146,164
432,158,138
433,186,125
434,168,141
435,189,132
436,156,125
437,119,86
438,119,107
439,124,108
440,115,102
441,125,55
442,137,50
443,149,49
444,158,51
445,165,54
446,169,65
447,194,84
448,162,75
449,154,77
450,144,77
451,134,76
452,127,74
453,122,72
454,194,85
455,124,109
456,113,87
457,113,107
458,108,111
459,113,108
460,123,111
461,107,111
462,106,113
463,123,67
464,118,68
465,115,70
466,158,61
467,164,59
468,58,61
469,68,61
470,58,52
471,48,61
472,58,71
473,140,61
474,151,61
475,140,52
476,130,60
477,140,69
