0,98,132
1,95,110
2,97,117
3,89,85
4,95,103
5,95,93
6,97,67
7,45,62
8,97,43
9,97,33
10,98,3
11,98,134
12,98,136
13,98,137
14,99,148
15,99,152
16,99,156
17,99,161
18,99,159
19,96,114
20,89,113
21,20,35
22,67,71
23,59,71
24,52,70
25,42,63
26,72,69
27,54,42
28,63,44
29,46,44
30,41,48
31,37,69
32,71,166
33,42,58
34,18,65
35,29,62
36,60,101
37,89,130
38,90,135
39,80,132
40,75,134
41,83,135
42,78,136
43,65,143
44,89,110
45,88,103
46,32,41
47,75,83
48,73,107
49,73,102
50,38,99
51,88,93
52,47,32
53,38,35
54,25,23
55,80,41
56,71,49
57,59,136
58,30,128
59,79,111
60,85,113
61,68,137
62,70,137
63,34,30
64,73,109
65,61,33
66,59,27
67,52,7
68,29,29
69,56,19
70,27,38
71,23,39
72,89,133
73,82,134
74,76,135
75,81,112
76,69,137
77,72,141
78,71,137
79,82,109
80,80,137
81,85,136
82,91,137
83,88,158
84,88,159
85,88,155
86,89,150
87,91,147
88,79,142
89,77,143
90,75,145
91,74,147
92,66,126
93,21,94
94,96,115
95,76,140
96,74,140
97,87,116
98,76,113
99,86,115
100,67,87
101,55,91
102,72,105
103,35,13
104,39,22
105,44,26
106,71,149
107,77,30
108,75,19
109,73,4
110,46,68
111,30,74
112,76,67
113,35,52
114,80,78
115,77,105
116,22,80
117,35,80
118,45,84
119,59,83
120,69,80
121,76,76
122,90,69
123,23,95
124,30,51
125,92,114
126,76,90
127,18,63
128,82,73
129,72,105
130,39,58
131,77,99
132,24,110
133,76,65
134,82,96
135,42,147
136,45,153
137,19,95
138,34,137
139,20,51
140,71,172
141,93,115
142,69,95
143,23,63
144,52,67
145,59,68
146,71,142
147,25,108
148,85,182
149,64,170
150,55,163
151,97,19
152,101,184
153,65,68
154,70,67
155,74,66
156,24,49
157,70,56
158,63,51
159,57,50
160,50,51
161,46,53
162,18,48
163,48,64
164,97,122
165,73,123
166,78,110
167,87,122
168,97,55
169,52,156
170,61,164
171,83,178
172,37,143
173,74,61
174,84,81
175,100,180
176,73,177
177,22,110
178,84,144
179,82,147
180,81,150
181,79,154
182,78,154
183,74,136
184,72,136
185,71,135
186,61,130
187,33,113
188,85,73
189,81,57
190,77,58
191,76,137
192,35,129
193,88,56
194,74,160
195,96,84
196,89,77
197,96,76
198,79,93
199,99,174
200,99,166
201,86,164
202,58,145
203,65,111
204,65,153
205,48,109
206,58,117
207,43,119
208,84,172
209,75,96
210,53,150
211,62,158
212,52,136
213,28,120
214,43,137
215,26,124
216,53,125
217,80,86
218,79,108
219,75,109
220,82,104
221,75,47
222,62,40
223,51,39
224,43,41
225,37,45
226,35,60
227,17,80
228,41,73
229,49,76
230,59,76
231,68,75
232,75,73
233,79,70
234,20,78
235,76,111
236,84,88
237,84,109
238,88,112
239,84,110
240,78,113
241,90,113
242,91,114
243,78,65
244,82,66
245,85,67
246,44,56
247,39,52
248,103,85
249,155,62
250,104,113
251,188,31
252,133,71
253,141,71
254,148,70
255,158,64
256,126,70
257,144,43
258,134,44
259,153,44
260,158,48
261,165,68
262,130,166
263,158,59
264,191,62
265,174,61
266,139,100
267,108,130
268,107,135
269,118,131
270,124,133
271,115,135
272,121,135
273,136,142
274,102,110
275,103,103
276,169,40
277,122,82
278,122,106
279,123,102
280,163,97
281,103,93
282,151,31
283,162,34
284,180,19
285,116,39
286,126,49
287,142,135
288,185,126
289,116,110
290,110,113
291,133,135
292,131,136
293,166,29
294,122,109
295,136,32
296,138,26
297,146,4
298,173,26
299,141,17
300,175,36
301,182,36
302,108,133
303,117,133
304,123,134
305,114,112
306,132,136
307,129,140
308,130,136
309,112,109
310,120,136
311,114,136
312,107,136
313,110,158
314,111,159
315,110,155
316,109,150
317,108,146
318,121,141
319,123,142
320,125,144
321,127,147
322,132,125
323,193,91
324,125,139
325,127,139
326,107,116
327,120,113
328,108,114
329,131,86
330,144,90
331,124,105
332,167,10
333,161,19
334,154,25
335,130,148
336,118,28
337,120,18
338,124,2
339,155,68
340,173,73
341,121,68
342,166,52
343,117,77
344,117,104
345,184,77
346,168,80
347,158,83
348,142,83
349,131,80
350,122,77
351,105,68
352,182,92
353,172,50
354,100,113
355,121,89
356,195,60
357,116,73
358,126,104
359,161,58
360,117,99
361,190,108
362,121,65
363,110,95
364,165,147
365,166,153
366,191,92
367,176,136
368,187,48
369,131,172
370,99,115
371,129,94
372,182,61
373,148,67
374,141,68
375,131,141
376,181,106
377,117,182
378,142,170
379,153,163
380,134,68
381,128,67
382,123,66
383,179,47
384,128,56
385,135,52
386,142,51
387,150,52
388,154,54
389,193,44
390,152,64
391,124,123
392,116,109
393,108,122
394,154,156
395,143,164
396,117,178
397,176,142
398,123,61
399,110,80
400,130,177
401,188,108
402,116,144
403,117,146
404,119,150
405,120,153
406,121,154
407,127,135
408,128,135
409,130,134
410,138,130
411,170,112
412,111,72
413,115,57
414,120,58
415,125,136
416,172,128
417,108,56
418,126,160
419,104,77
420,116,92
421,113,164
422,144,145
423,133,110
424,136,153
425,152,107
426,140,116
427,159,118
428,116,172
429,121,96
430,151,149
431,141,158
432,150,136
433,179,118
434,161,136
435,184,122
436,147,124
437,116,85
438,114,107
439,119,109
440,110,103
441,122,47
442,135,40
443,147,39
444,156,41
445,163,45
446,167,60
447,192,77
448,161,72
449,152,75
450,142,76
451,132,75
452,124,73
453,118,71
454,194,75
455,119,110
456,110,88
457,108,109
458,104,112
459,108,109
460,117,112
461,102,113
462,102,114
463,118,65
464,114,66
465,111,67
466,156,57
467,162,53
468,63,59
469,73,59
470,63,48
471,54,59
472,64,69
473,139,59
474,150,59
475,139,49
476,129,59
477,140,69
