0,97,129
1,98,104
2,98,112
3,91,80
4,98,96
5,98,86
6,99,64
7,39,66
8,99,43
9,99,32
10,99,-1
11,97,131
12,98,133
13,98,135
14,98,135
15,98,137
16,98,139
17,98,142
18,99,151
19,98,108
20,91,109
21,9,40
22,62,71
23,54,72
24,46,72
25,35,69
26,68,70
27,50,51
28,59,52
29,41,53
30,35,56
31,28,74
32,69,166
33,36,65
34,7,73
35,19,70
36,56,101
37,88,129
38,89,133
39,78,131
40,72,134
41,82,134
42,76,136
43,61,143
44,91,104
45,90,96
46,23,50
47,73,83
48,72,104
49,71,100
50,30,102
51,90,87
52,43,40
53,31,43
54,16,25
55,80,45
56,67,55
57,54,138
58,17,143
59,78,108
60,85,110
61,65,138
62,67,138
63,27,39
64,72,107
65,59,39
66,57,33
67,48,4
68,21,30
69,53,17
70,19,47
71,14,43
72,88,131
73,80,133
74,74,135
75,80,109
76,66,138
77,70,138
78,68,138
79,82,105
80,78,136
81,83,135
82,90,135
83,88,151
84,89,142
85,89,139
86,89,137
87,90,135
88,77,136
89,76,137
90,75,139
91,73,140
92,63,126
93,8,107
94,98,110
95,73,137
96,72,138
97,88,112
98,75,111
99,87,111
100,64,88
101,50,93
102,70,104
103,28,13
104,34,21
105,40,34
106,68,147
107,77,33
108,74,16
109,71,0
110,39,71
111,20,80
112,73,68
113,27,60
114,79,78
115,77,100
116,12,86
117,25,84
118,35,86
119,52,85
120,64,82
121,73,78
122,91,66
123,13,101
124,21,59
125,94,108
126,74,90
127,5,74
128,79,74
129,69,104
130,32,65
131,76,96
132,12,125
133,72,66
134,83,91
135,33,155
136,35,164
137,8,104
138,23,147
139,10,57
140,68,174
141,95,110
142,66,95
143,13,73
144,47,66
145,53,67
146,69,139
147,14,116
148,83,182
149,59,176
150,48,171
151,99,15
152,100,183
153,60,67
154,66,66
155,70,66
156,15,59
157,66,62
158,59,60
159,52,60
160,45,61
161,41,62
162,6,55
163,42,66
164,99,118
165,71,121
166,78,106
167,87,118
168,99,54
169,45,163
170,56,168
171,82,177
172,25,156
173,70,64
174,85,78
175,100,178
176,70,180
177,10,121
178,83,136
179,82,137
180,81,139
181,80,141
182,77,149
183,71,137
184,69,137
185,68,136
186,57,131
187,24,118
188,85,71
189,79,59
190,74,61
191,73,137
192,24,136
193,87,58
194,73,158
195,98,79
196,91,74
197,99,72
198,79,90
199,100,170
200,99,160
201,86,161
202,53,148
203,62,110
204,62,154
205,42,110
206,54,118
207,35,122
208,83,170
209,74,95
210,47,154
211,58,161
212,46,140
213,17,128
214,35,142
215,15,135
216,47,127
217,80,84
218,79,104
219,75,106
220,83,98
221,72,52
222,59,47
223,47,46
224,37,49
225,30,53
226,26,68
227,6,89
228,33,77
229,41,78
230,52,78
231,63,76
232,71,74
233,76,71
234,7,91
235,75,108
236,85,84
237,85,103
238,90,107
239,85,105
240,77,110
241,91,108
242,92,110
243,76,66
244,81,67
245,84,67
246,38,64
247,31,60
248,106,80
249,158,65
250,106,108
251,191,35
252,137,72
253,145,72
254,152,71
255,162,67
256,131,70
257,146,47
258,138,48
259,155,49
260,161,52
261,169,72
262,132,165
263,161,63
264,195,68
265,179,66
266,144,99
267,108,128
268,107,133
269,118,131
270,126,133
271,116,134
272,123,135
273,139,142
274,105,103
275,106,96
276,172,45
277,126,82
278,126,103
279,127,99
280,170,98
281,106,87
282,152,35
283,164,38
284,183,21
285,117,41
286,130,52
287,147,136
288,187,139
289,119,107
290,112,109
291,135,137
292,133,137
293,168,34
294,126,106
295,137,35
296,138,28
297,149,1
298,178,26
299,145,14
300,178,42
301,186,38
302,107,131
303,117,132
304,124,134
305,117,109
306,134,137
307,129,137
308,132,137
309,115,104
310,121,135
311,115,135
312,107,134
313,110,151
314,108,142
315,107,139
316,107,136
317,106,135
318,121,136
319,122,136
320,124,138
321,125,139
322,137,125
323,195,103
324,127,136
325,128,137
326,110,112
327,123,111
328,111,111
329,135,86
330,150,90
331,128,103
332,170,9
333,165,18
334,155,29
335,132,146
336,119,30
337,123,14
338,126,-1
339,158,70
340,178,77
341,126,67
342,170,56
343,119,77
344,121,100
345,189,81
346,173,81
347,163,84
348,147,83
349,136,80
350,127,77
351,107,66
352,189,97
353,176,55
354,102,108
355,125,89
356,197,69
357,120,72
358,129,103
359,165,63
360,121,95
361,193,121
362,126,65
363,114,90
364,170,153
365,169,162
366,195,100
367,181,144
368,190,52
369,133,173
370,102,110
371,133,94
372,186,68
373,151,67
374,145,68
375,131,138
376,188,112
377,117,182
378,143,175
379,155,170
380,139,68
381,133,67
382,128,66
383,183,54
384,132,59
385,138,57
386,144,56
387,151,58
388,156,60
389,195,51
390,155,66
391,128,120
392,119,106
393,111,118
394,157,161
395,146,167
396,118,177
397,179,153
398,128,62
399,113,77
400,131,179
401,193,116
402,114,135
403,115,136
404,116,138
405,117,141
406,122,149
407,129,136
408,130,136
409,132,135
410,143,130
411,177,115
412,113,71
413,119,57
414,124,59
415,127,136
416,178,133
417,111,56
418,127,157
419,107,73
420,119,89
421,114,160
422,148,146
423,137,109
424,138,153
425,158,107
426,146,116
427,166,119
428,117,169
429,124,94
430,155,152
431,143,159
432,155,138
433,186,125
434,167,140
435,189,131
436,153,125
437,119,83
438,118,103
439,123,105
440,114,97
441,125,49
442,137,43
443,149,42
444,159,44
445,166,49
446,171,64
447,196,84
448,165,75
449,157,76
450,147,77
451,136,76
452,128,73
453,123,70
454,196,86
455,123,107
456,113,84
457,111,103
458,107,107
459,111,104
460,121,110
461,105,107
462,104,109
463,123,64
464,118,66
465,115,66
466,158,61
467,165,57
468,55,63
469,66,62
470,54,54
471,45,63
472,56,71
473,140,62
474,150,62
475,140,53
476,129,62
477,140,70
