0,97,128
1,92,99
2,94,108
3,85,78
4,91,92
5,91,84
6,93,63
7,41,66
8,92,40
9,92,29
10,91,-2
11,97,131
12,98,133
13,98,135
14,100,150
15,100,152
16,100,156
17,100,160
18,100,162
19,92,103
20,88,104
21,12,38
22,60,74
23,53,75
24,46,74
25,37,69
26,66,71
27,50,45
28,58,46
29,42,47
30,37,52
31,31,74
32,74,168
33,38,64
34,13,71
35,22,68
36,59,102
37,90,127
38,92,134
39,85,132
40,81,136
41,88,136
42,85,139
43,71,150
44,86,99
45,84,93
46,25,42
47,72,82
48,73,102
49,73,99
50,36,104
51,84,85
52,42,30
53,32,34
54,16,24
55,75,37
56,65,50
57,66,143
58,31,137
59,80,105
60,85,107
61,80,146
62,81,146
63,27,29
64,75,106
65,56,30
66,54,23
67,44,3
68,20,28
69,48,16
70,19,39
71,15,40
72,91,131
73,86,134
74,83,138
75,82,107
76,80,146
77,82,148
78,82,146
79,81,101
80,86,139
81,89,137
82,93,135
83,91,161
84,93,159
85,93,155
86,93,152
87,94,149
88,87,148
89,86,149
90,84,151
91,83,153
92,71,127
93,20,102
94,93,106
95,85,147
96,83,148
97,87,110
98,78,111
99,86,108
100,64,87
101,52,94
102,73,103
103,26,12
104,30,20
105,39,23
106,75,154
107,72,25
108,68,15
109,65,0
110,41,72
111,24,80
112,70,67
113,29,56
114,77,76
115,76,98
116,17,85
117,29,85
118,39,88
119,52,86
120,62,82
121,70,77
122,85,65
123,21,101
124,23,54
125,89,103
126,74,89
127,13,70
128,75,72
129,72,104
130,34,64
131,75,94
132,24,119
133,70,64
134,79,88
135,46,154
136,48,160
137,17,102
138,37,145
139,13,55
140,74,173
141,91,106
142,68,95
143,16,70
144,47,70
145,53,72
146,81,150
147,25,115
148,87,182
149,67,172
150,58,167
151,91,13
152,103,184
153,59,71
154,64,68
155,68,66
156,17,53
157,64,58
158,58,56
159,52,56
160,46,58
161,43,60
162,11,53
163,43,68
164,95,115
165,76,122
166,79,104
167,87,117
168,93,52
169,55,161
170,64,167
171,86,179
172,39,151
173,69,61
174,81,77
175,102,180
176,76,178
177,21,118
178,90,148
179,89,150
180,88,153
181,87,157
182,82,158
183,83,142
184,81,142
185,80,141
186,68,135
187,35,119
188,81,70
189,75,55
190,71,57
191,84,142
192,38,136
193,82,53
194,78,163
195,92,77
196,85,72
197,92,70
198,77,88
199,101,175
200,101,168
201,88,167
202,62,152
203,67,111
204,69,158
205,49,111
206,61,119
207,46,124
208,86,173
209,74,94
210,56,155
211,65,162
212,57,143
213,30,127
214,48,144
215,28,132
216,58,130
217,77,82
218,78,100
219,76,104
220,79,95
221,69,46
222,57,40
223,47,40
224,38,42
225,32,48
226,29,65
227,14,86
228,35,77
229,43,80
230,52,80
231,61,78
232,68,74
233,73,70
234,17,86
235,77,106
236,80,82
237,82,99
238,87,103
239,83,101
240,80,109
241,87,103
242,89,105
243,73,63
244,77,64
245,79,65
246,40,62
247,34,57
248,99,78
249,158,63
250,99,104
251,191,28
252,135,72
253,143,72
254,151,71
255,161,66
256,128,70
257,144,44
258,135,46
259,153,45
260,160,49
261,168,70
262,131,167
263,160,61
264,195,61
265,178,63
266,137,98
267,105,127
268,105,133
269,113,132
270,119,136
271,111,136
272,116,139
273,133,148
274,98,99
275,99,92
276,172,39
277,120,80
278,116,100
279,118,97
280,163,98
281,99,84
282,150,28
283,163,31
284,181,14
285,113,37
286,127,50
287,138,141
288,188,131
289,110,104
290,104,106
291,125,146
292,124,146
293,168,26
294,117,105
295,134,29
296,135,21
297,143,-1
298,174,20
299,138,10
300,177,35
301,184,31
302,105,130
303,112,134
304,118,137
305,108,106
306,125,146
307,122,149
308,123,146
309,106,100
310,115,139
311,110,137
312,104,135
313,110,161
314,108,160
315,108,155
316,107,152
317,106,149
318,116,148
319,118,149
320,119,151
321,120,153
322,127,125
323,198,94
324,120,147
325,121,148
326,103,109
327,114,109
328,103,108
329,130,84
330,144,89
331,119,101
332,166,4
333,159,13
334,153,21
335,128,153
336,114,25
337,116,12
338,119,-3
339,158,69
340,177,74
341,123,68
342,169,52
343,114,74
344,112,96
345,187,77
346,172,80
347,161,82
348,145,83
349,133,80
350,123,77
351,101,64
352,185,94
353,175,50
354,96,103
355,118,86
356,200,61
357,116,72
358,121,102
359,164,61
360,113,92
361,195,112
362,122,65
363,106,87
364,166,150
365,168,157
366,195,94
367,176,140
368,190,46
369,133,172
370,96,105
371,126,92
372,185,65
373,150,67
374,143,68
375,124,150
376,182,109
377,119,182
378,144,171
379,155,165
380,136,68
381,130,67
382,125,66
383,182,49
384,129,59
385,136,56
386,143,55
387,150,56
388,155,58
389,197,43
390,155,65
391,119,120
392,110,103
393,105,116
394,155,159
395,144,165
396,119,178
397,178,146
398,124,62
399,107,75
400,132,177
401,192,110
402,112,149
403,113,151
404,114,153
405,115,157
406,120,157
407,121,142
408,122,142
409,123,141
410,133,133
411,169,114
412,108,69
413,115,56
414,121,58
415,119,142
416,170,131
417,106,54
418,126,162
419,100,71
420,112,87
421,114,166
422,143,149
423,129,108
424,136,156
425,149,107
426,137,116
427,156,119
428,117,173
429,117,92
430,151,153
431,141,160
432,148,140
433,179,121
434,159,140
435,187,126
436,143,127
437,112,81
438,109,99
439,113,102
440,105,93
441,121,46
442,134,39
443,146,38
444,157,40
445,165,44
446,170,62
447,196,77
448,164,73
449,156,76
450,144,77
451,134,76
452,125,73
453,119,70
454,199,77
455,113,105
456,106,81
457,103,98
458,99,102
459,103,100
460,111,108
461,98,103
462,98,105
463,119,64
464,114,65
465,110,66
466,158,59
467,164,54
468,54,64
469,63,64
470,53,54
471,45,65
472,54,74
473,137,62
474,148,62
475,137,52
476,126,62
477,137,72
