0,99,132
1,99,98
2,99,109
3,92,78
4,99,91
5,99,83
6,99,63
7,43,67
8,99,42
9,99,31
10,99,0
11,99,135
12,99,137
13,98,139
14,98,148
15,98,152
16,98,158
17,98,163
18,98,167
19,99,103
20,93,104
21,10,39
22,63,74
23,56,75
24,48,74
25,39,70
26,69,72
27,54,46
28,63,48
29,46,48
30,40,53
31,32,75
32,69,174
33,41,65
34,7,72
35,22,70
36,60,101
37,91,131
38,92,137
39,84,135
40,79,139
41,87,139
42,82,141
43,66,152
44,93,98
45,92,92
46,28,44
47,75,82
48,76,101
49,75,98
50,35,103
51,92,84
52,47,31
53,36,35
54,18,24
55,82,38
56,70,52
57,61,144
58,19,144
59,83,105
60,89,107
61,74,146
62,76,146
63,31,31
64,77,105
65,62,31
66,61,24
67,51,3
68,23,29
69,56,15
70,22,42
71,16,41
72,92,134
73,85,137
74,81,140
75,85,106
76,75,146
77,77,148
78,76,146
79,85,100
80,84,142
81,88,140
82,93,139
83,88,166
84,90,162
85,90,157
86,91,151
87,92,147
88,83,147
89,82,148
90,80,151
91,78,154
92,69,127
93,8,107
94,99,106
95,80,146
96,79,147
97,90,109
98,79,110
99,90,108
100,66,87
101,53,93
102,74,102
103,31,12
104,36,20
105,44,25
106,71,157
107,79,27
108,76,15
109,73,0
110,42,72
111,23,81
112,74,69
113,31,58
114,81,77
115,80,96
116,14,85
117,29,85
118,40,87
119,55,85
120,66,82
121,74,78
122,91,65
123,17,101
124,25,57
125,95,103
126,76,88
127,5,74
128,81,73
129,74,104
130,36,65
131,80,93
132,12,125
133,74,67
134,86,87
135,37,159
136,36,168
137,9,104
138,27,150
139,11,56
140,67,181
141,96,105
142,69,95
143,15,74
144,50,70
145,56,71
146,75,150
147,20,117
148,81,192
149,58,182
150,48,176
151,99,15
152,98,194
153,62,71
154,68,69
155,72,68
156,18,57
157,68,61
158,62,58
159,56,58
160,50,59
161,46,61
162,6,55
163,46,68
164,99,115
165,76,121
166,82,103
167,89,116
168,99,54
169,47,168
170,57,174
171,81,186
172,27,158
173,72,64
174,86,76
175,98,188
176,68,187
177,13,121
178,87,147
179,86,150
180,84,154
181,83,159
182,78,162
183,79,144
184,77,143
185,76,142
186,64,135
187,31,119
188,86,70
189,80,58
190,76,60
191,80,144
192,31,138
193,88,55
194,73,168
195,99,76
196,92,72
197,99,70
198,81,88
199,98,181
200,98,173
201,85,172
202,57,154
203,67,110
204,64,162
205,48,111
206,60,119
207,43,124
208,83,180
209,77,93
210,50,160
211,59,167
212,52,145
213,23,129
214,42,146
215,18,136
216,55,130
217,81,82
218,83,99
219,79,103
220,86,93
221,75,48
222,62,41
223,52,40
224,42,43
225,35,49
226,30,67
227,7,88
228,36,78
229,44,79
230,55,80
231,64,78
232,72,75
233,77,72
234,6,91
235,80,106
236,86,82
237,88,98
238,92,102
239,88,100
240,82,108
241,93,103
242,94,105
243,77,66
244,82,66
245,85,66
246,43,63
247,36,58
248,106,78
249,156,66
250,104,104
251,186,40
252,135,73
253,142,74
254,150,73
255,159,69
256,128,71
257,146,47
258,137,48
259,155,48
260,160,52
261,166,74
262,127,174
263,158,64
264,188,72
265,174,68
266,137,101
267,106,131
268,105,137
269,113,135
270,117,139
271,110,139
272,114,141
273,131,152
274,105,99
275,106,92
276,173,43
277,123,82
278,121,101
279,122,98
280,162,102
281,106,84
282,155,31
283,165,35
284,179,24
285,118,39
286,129,52
287,135,144
288,176,143
289,115,105
290,109,107
291,122,146
292,120,146
293,170,30
294,121,105
295,140,32
296,141,25
297,147,4
298,173,29
299,142,16
300,177,40
301,181,41
302,106,134
303,111,137
304,116,140
305,112,106
306,121,146
307,119,148
308,120,146
309,112,100
310,113,142
311,109,140
312,104,139
313,109,166
314,107,162
315,106,157
316,105,151
317,104,147
318,113,146
319,115,148
320,117,151
321,118,153
322,128,127
323,187,107
324,116,146
325,117,147
326,107,110
327,118,110
328,108,108
329,131,87
330,144,93
331,123,102
332,166,12
333,161,20
334,158,25
335,126,157
336,121,27
337,122,15
338,125,0
339,156,71
340,173,79
341,124,68
342,168,56
343,117,77
344,117,97
345,182,85
346,168,84
347,159,86
348,144,85
349,132,82
350,124,78
351,106,65
352,180,101
353,174,55
354,102,103
355,121,88
356,190,74
357,117,73
358,124,104
359,162,64
360,118,93
361,183,125
362,124,66
363,112,87
364,159,158
365,159,167
366,187,104
367,168,149
368,185,56
369,128,181
370,101,105
371,128,95
372,180,70
373,149,69
374,143,70
375,121,149
376,177,116
377,114,192
378,138,181
379,148,175
380,136,69
381,130,68
382,126,67
383,179,54
384,130,60
385,137,58
386,143,57
387,150,59
388,154,60
389,189,55
390,153,67
391,122,121
392,115,103
393,108,116
394,149,167
395,139,174
396,115,186
397,168,158
398,126,63
399,111,76
400,127,187
401,183,121
402,109,147
403,111,150
404,112,154
405,113,158
406,118,162
407,117,144
408,119,143
409,120,142
410,133,135
411,166,119
412,112,70
413,118,57
414,122,59
415,116,144
416,165,138
417,110,55
418,123,167
419,106,72
420,116,88
421,111,172
422,139,154
423,130,110
424,132,162
425,149,111
426,137,118
427,154,124
428,114,179
429,120,93
430,146,159
431,137,167
432,144,145
433,173,129
434,155,146
435,178,136
436,142,130
437,116,82
438,114,99
439,118,103
440,112,93
441,125,48
442,138,42
443,150,41
444,159,43
445,165,48
446,168,65
447,189,88
448,162,77
449,154,79
450,143,79
451,133,77
452,126,74
453,120,71
454,189,91
455,118,106
456,111,82
457,110,98
458,105,102
459,109,100
460,115,108
461,104,103
462,103,105
463,121,65
464,116,66
465,113,67
466,156,62
467,163,57
468,59,66
469,68,66
470,59,57
471,49,66
472,59,75
473,138,64
474,149,64
475,139,55
476,128,64
477,138,73
