0,97,125
1,97,97
2,97,109
3,90,76
4,97,89
5,97,81
6,98,62
7,39,67
8,98,44
9,98,32
10,99,-6
11,97,128
12,97,130
13,97,132
14,98,153
15,98,155
16,98,159
17,98,163
18,97,166
19,97,103
20,90,105
21,7,41
22,60,73
23,52,74
24,45,73
25,35,70
26,66,71
27,50,48
28,58,49
29,41,50
30,35,54
31,28,75
32,64,180
33,36,65
34,4,77
35,18,71
36,55,102
37,86,125
38,87,131
39,76,130
40,69,136
41,79,134
42,74,138
43,59,153
44,90,98
45,89,90
46,24,47
47,72,83
48,71,101
49,71,98
50,29,104
51,90,82
52,43,34
53,32,39
54,16,24
55,78,40
56,66,52
57,53,146
58,12,157
59,78,105
60,85,107
61,63,148
62,66,147
63,27,35
64,71,105
65,58,34
66,57,28
67,50,0
68,22,29
69,55,13
70,18,45
71,13,43
72,87,128
73,77,132
74,71,137
75,80,107
76,65,147
77,68,151
78,67,147
79,82,100
80,76,138
81,81,135
82,88,133
83,85,165
84,86,162
85,87,158
86,88,155
87,89,152
88,76,151
89,74,151
90,72,153
91,70,155
92,61,128
93,2,118
94,97,106
95,71,149
96,70,150
97,87,110
98,74,111
99,86,109
100,63,88
101,49,93
102,70,102
103,29,10
104,35,19
105,40,29
106,65,158
107,76,29
108,75,12
109,72,-5
110,38,72
111,19,82
112,70,68
113,27,59
114,78,77
115,76,96
116,10,89
117,24,86
118,35,87
119,51,85
120,62,82
121,71,78
122,89,64
123,10,106
124,20,58
125,93,103
126,73,89
127,1,81
128,77,72
129,69,104
130,32,65
131,76,92
132,6,138
133,71,65
134,83,86
135,28,169
136,28,181
137,3,112
138,18,160
139,8,60
140,63,189
141,94,106
142,65,95
143,11,74
144,46,68
145,52,69
146,66,151
147,12,122
148,79,201
149,52,194
150,41,189
151,98,12
152,97,202
153,58,69
154,64,68
155,68,67
156,14,58
157,65,60
158,59,58
159,52,57
160,45,59
161,41,61
162,3,59
163,42,67
164,96,115
165,69,122
166,78,103
167,85,116
168,98,54
169,40,177
170,51,183
171,78,194
172,19,172
173,69,63
174,84,75
175,97,195
176,65,198
177,6,130
178,81,152
179,80,153
180,78,156
181,77,159
182,74,162
183,69,143
184,67,142
185,65,141
186,55,136
187,23,123
188,84,70
189,77,57
190,72,59
191,71,142
192,22,145
193,85,55
194,69,171
195,97,74
196,90,70
197,97,68
198,78,87
199,97,186
200,97,175
201,82,175
202,50,158
203,61,111
204,58,166
205,41,112
206,53,120
207,34,127
208,79,185
209,73,93
210,42,166
211,53,174
212,44,148
213,14,137
214,33,152
215,10,147
216,46,132
217,78,82
218,79,99
219,74,103
220,83,92
221,71,49
222,58,43
223,47,42
224,37,45
225,30,51
226,26,68
227,2,95
228,32,78
229,40,79
230,51,79
231,61,77
232,69,74
233,74,71
234,1,100
235,74,106
236,84,80
237,85,98
238,90,102
239,85,100
240,77,109
241,91,103
242,92,106
243,74,65
244,78,66
245,82,66
246,38,63
247,31,59
248,104,76
249,156,65
250,103,105
251,188,40
252,135,70
253,142,71
254,150,72
255,160,69
256,129,68
257,147,48
258,138,49
259,155,50
260,161,54
261,167,74
262,128,180
263,160,64
264,192,76
265,177,70
266,140,101
267,108,124
268,106,130
269,118,128
270,124,133
271,114,133
272,119,136
273,134,154
274,103,98
275,105,90
276,172,48
277,124,82
278,123,101
279,124,98
280,166,104
281,105,82
282,153,37
283,164,41
284,180,23
285,118,42
286,131,52
287,140,146
288,182,156
289,115,105
290,109,107
291,129,145
292,127,144
293,170,37
294,122,106
295,138,36
296,140,30
297,147,0
298,174,29
299,142,13
300,178,46
301,183,43
302,107,127
303,116,131
304,122,135
305,113,107
306,128,144
307,126,148
308,126,144
309,112,100
310,117,136
311,112,134
312,105,132
313,107,165
314,109,161
315,109,157
316,108,154
317,107,152
318,119,149
319,120,150
320,123,151
321,124,153
322,131,128
323,192,117
324,122,147
325,124,147
326,107,110
327,119,111
328,107,109
329,133,87
330,147,93
331,125,102
332,168,9
333,161,19
334,156,31
335,127,158
336,121,31
337,122,12
338,125,-5
339,156,71
340,175,80
341,125,66
342,169,59
343,118,76
344,118,96
345,186,88
346,168,85
347,157,87
348,142,84
349,131,81
350,123,76
351,106,64
352,185,105
353,175,59
354,101,103
355,122,88
356,194,79
357,117,72
358,126,104
359,164,65
360,119,92
361,188,136
362,125,63
363,112,86
364,165,168
365,164,180
366,192,111
367,175,159
368,187,58
369,130,189
370,100,106
371,130,95
372,184,72
373,149,67
374,143,67
375,128,149
376,183,122
377,115,201
378,141,193
379,152,188
380,137,66
381,132,65
382,128,64
383,182,58
384,132,59
385,138,57
386,145,57
387,151,59
388,155,61
389,192,58
390,153,66
391,123,122
392,116,103
393,108,116
394,153,177
395,142,183
396,115,194
397,174,171
398,128,61
399,111,75
400,129,197
401,189,129
402,114,150
403,115,152
404,117,154
405,118,158
406,118,162
407,124,140
408,126,139
409,128,139
410,137,136
411,172,123
412,112,70
413,119,56
414,124,58
415,122,140
416,171,145
417,110,55
418,124,171
419,105,70
420,117,87
421,111,175
422,142,158
423,132,111
424,134,166
425,153,112
426,140,120
427,159,127
428,113,185
429,122,93
430,150,166
431,139,174
432,149,148
433,180,136
434,160,152
435,184,145
436,146,132
437,117,82
438,115,99
439,120,103
440,111,92
441,125,49
442,138,44
443,149,44
444,159,47
445,165,51
446,169,67
447,193,93
448,162,77
449,153,78
450,143,77
451,133,75
452,126,72
453,121,69
454,193,98
455,119,106
456,111,80
457,109,98
458,104,103
459,109,100
460,117,109
461,103,103
462,102,106
463,122,63
464,117,64
465,113,65
466,158,62
467,164,59
468,58,63
469,65,63
470,57,55
471,50,63
472,58,71
473,143,62
474,151,62
475,143,54
476,134,61
477,142,69
