0,99,127
1,87,99
2,92,110
3,83,77
4,86,91
5,87,82
6,93,61
7,50,67
8,94,41
9,93,30
10,92,-4
11,99,130
12,100,133
13,101,135
14,102,141
15,102,143
16,102,147
17,102,151
18,100,162
19,89,104
20,85,106
21,34,42
22,68,74
23,62,75
24,56,75
25,49,70
26,73,71
27,56,47
28,64,48
29,50,49
30,46,54
31,46,76
32,79,175
33,48,65
34,35,75
35,40,71
36,63,103
37,92,127
38,95,133
39,87,132
40,84,138
41,91,136
42,88,139
43,72,153
44,81,99
45,79,92
46,38,47
47,76,82
48,72,103
49,72,99
50,46,105
51,81,84
52,49,35
53,42,39
54,36,27
55,76,39
56,71,52
57,67,147
58,53,149
59,78,107
60,83,108
61,83,146
62,85,145
63,39,35
64,73,107
65,60,34
66,58,27
67,54,4
68,37,32
69,57,17
70,36,45
71,34,44
72,93,131
73,89,134
74,86,139
75,80,108
76,84,145
77,86,145
78,85,145
79,78,102
80,89,140
81,92,137
82,96,135
83,92,162
84,96,151
85,96,146
86,96,143
87,97,141
88,90,143
89,89,144
90,88,146
91,87,148
92,70,130
93,45,111
94,91,107
95,88,144
96,87,144
97,85,111
98,77,112
99,84,110
100,70,88
101,59,94
102,72,103
103,42,14
104,44,22
105,46,29
106,77,156
107,73,28
108,73,14
109,70,-1
110,51,73
111,41,82
112,76,69
113,42,59
114,80,76
115,73,98
116,35,89
117,44,87
118,51,89
119,62,87
120,70,83
121,76,78
122,86,64
123,35,105
124,39,59
125,86,104
126,76,89
127,40,77
128,81,73
129,73,105
130,46,65
131,74,94
132,48,130
133,76,66
134,77,88
135,56,163
136,61,172
137,37,108
138,50,154
139,34,59
140,79,183
141,88,107
142,71,96
143,38,73
144,56,70
145,61,71
146,85,147
147,39,121
148,93,194
149,76,185
150,69,180
151,92,12
152,108,196
153,67,70
154,71,68
155,74,67
156,36,59
157,71,59
158,65,57
159,60,56
160,54,58
161,51,60
162,36,58
163,52,69
164,93,117
165,74,124
166,77,105
167,84,119
168,94,52
169,64,171
170,71,177
171,90,188
172,57,163
173,74,63
174,82,76
175,105,190
176,83,190
177,40,125
178,93,142
179,92,143
180,91,146
181,91,150
182,83,160
183,86,143
184,84,142
185,83,142
186,67,138
187,44,123
188,83,69
189,80,57
190,76,59
191,87,142
192,48,142
193,84,55
194,81,167
195,89,75
196,85,71
197,91,68
198,77,88
199,102,181
200,101,171
201,90,171
202,66,157
203,69,112
204,73,163
205,54,113
206,63,121
207,51,127
208,89,180
209,75,94
210,62,162
211,70,169
212,60,148
213,43,134
214,54,150
215,44,141
216,60,133
217,79,82
218,75,101
219,74,105
220,76,94
221,73,48
222,62,43
223,53,43
224,46,46
225,42,51
226,44,68
227,35,92
228,48,79
229,54,81
230,62,80
231,70,78
232,75,75
233,79,71
234,44,94
235,75,107
236,80,81
237,78,100
238,84,104
239,80,102
240,78,110
241,84,104
242,86,107
243,78,65
244,82,66
245,83,66
246,49,62
247,45,59
248,96,76
249,157,59
250,97,105
251,202,27
252,134,68
253,143,69
254,151,67
255,162,62
256,127,66
257,143,40
258,133,41
259,153,41
260,160,45
261,171,66
262,134,176
263,160,57
264,207,64
265,182,59
266,138,99
267,106,127
268,107,133
269,115,132
270,121,137
271,113,136
272,119,139
273,136,152
274,93,99
275,94,91
276,172,36
277,122,79
278,117,100
279,119,97
280,166,99
281,95,83
282,147,27
283,161,30
284,188,12
285,110,37
286,125,46
287,141,145
288,208,143
289,111,105
290,104,107
291,128,145
292,127,144
293,166,24
294,118,105
295,130,29
296,131,22
297,143,-5
298,178,18
299,137,8
300,178,32
301,192,31
302,107,130
303,114,134
304,120,138
305,109,107
306,128,145
307,125,145
308,126,144
309,105,100
310,118,139
311,113,137
312,107,135
313,110,162
314,110,151
315,109,146
316,108,143
317,108,141
318,119,142
319,120,143
320,121,145
321,122,148
322,129,128
323,217,102
324,122,143
325,123,144
326,102,111
327,117,110
328,103,109
329,131,84
330,145,89
331,121,101
332,169,0
333,161,10
334,149,20
335,129,156
336,111,25
337,115,9
338,118,-6
339,158,65
340,182,71
341,121,64
342,170,49
343,115,73
344,110,96
345,194,79
346,175,78
347,163,81
348,145,81
349,133,78
350,123,74
351,101,62
352,192,97
353,178,47
354,92,104
355,120,86
356,217,64
357,116,70
358,123,102
359,165,56
360,112,91
361,215,122
362,121,61
363,103,86
364,178,161
365,184,171
366,208,99
367,191,150
368,200,46
369,139,184
370,93,107
371,128,92
372,191,60
373,149,64
374,142,65
375,126,146
376,192,114
377,125,195
378,155,186
379,168,180
380,135,65
381,128,63
382,123,62
383,186,45
384,127,53
385,134,50
386,142,49
387,149,51
388,154,53
389,211,44
390,154,62
391,120,122
392,110,103
393,103,118
394,165,171
395,153,178
396,123,189
397,197,159
398,123,58
399,106,74
400,140,191
401,206,118
402,114,141
403,115,143
404,116,146
405,117,150
406,120,159
407,124,142
408,125,142
409,126,141
410,136,136
411,175,117
412,108,67
413,114,53
414,119,54
415,122,142
416,180,138
417,105,53
418,128,168
419,99,70
420,112,86
421,114,171
422,147,155
423,131,109
424,139,163
425,152,109
426,139,118
427,161,123
428,119,180
429,118,91
430,158,162
431,147,169
432,153,146
433,191,128
434,167,147
435,202,135
436,146,130
437,113,80
438,107,99
439,114,102
440,102,93
441,119,44
442,132,37
443,144,35
444,156,37
445,165,41
446,173,57
447,209,81
448,166,70
449,157,73
450,145,74
451,134,73
452,125,70
453,119,67
454,218,83
455,114,105
456,104,80
457,100,98
458,97,103
459,101,100
460,113,109
461,95,103
462,96,106
463,118,61
464,114,62
465,110,64
466,158,55
467,165,49
468,61,65
469,68,65
470,61,58
471,54,66
472,62,72
473,136,57
474,147,56
475,135,47
476,126,57
477,137,66
