0,100,133
1,102,109
2,101,116
3,95,82
4,102,101
5,102,90
6,101,64
7,42,62
8,101,39
9,101,27
10,101,-8
11,100,136
12,100,138
13,99,140
14,99,140
15,99,143
16,99,147
17,99,150
18,98,156
19,102,113
20,94,112
21,9,28
22,64,72
23,55,72
24,48,70
25,38,64
26,71,69
27,54,40
28,63,42
29,45,42
30,39,46
31,31,68
32,70,168
33,40,59
34,7,63
35,22,60
36,59,100
37,89,132
38,90,138
39,79,133
40,71,134
41,81,137
42,74,137
43,61,141
44,96,108
45,95,101
46,27,35
47,76,82
48,77,105
49,76,101
50,33,98
51,95,91
52,47,24
53,35,27
54,17,13
55,82,34
56,71,47
57,54,134
58,17,134
59,82,109
60,88,112
61,61,136
62,63,136
63,31,21
64,76,108
65,62,25
66,61,18
67,53,-5
68,24,20
69,58,8
70,22,31
71,16,32
72,89,135
73,80,135
74,73,136
75,84,111
76,62,136
77,66,138
78,64,136
79,87,108
80,75,138
81,82,139
82,90,139
83,87,156
84,88,150
85,89,146
86,89,142
87,90,139
88,75,138
89,73,139
90,72,141
91,71,143
92,64,125
93,7,97
94,101,114
95,70,137
96,68,138
97,91,115
98,78,112
99,90,113
100,67,86
101,53,90
102,74,104
103,31,1
104,37,11
105,44,17
106,68,147
107,81,22
108,78,9
109,75,-8
110,42,68
111,22,73
112,76,67
113,31,50
114,82,77
115,82,103
116,15,78
117,28,78
118,38,82
119,53,81
120,65,79
121,74,76
122,93,66
123,16,94
124,24,47
125,98,112
126,77,89
127,3,61
128,81,71
129,72,104
130,36,58
131,81,97
132,11,115
133,77,64
134,88,93
135,36,151
136,37,159
137,9,96
138,24,142
139,11,46
140,69,174
141,98,114
142,69,94
143,15,61
144,49,67
145,56,69
146,65,139
147,17,110
148,83,183
149,61,174
150,50,168
151,101,10
152,97,184
153,63,69
154,70,67
155,74,65
156,18,45
157,70,55
158,63,51
159,55,50
160,48,51
161,44,54
162,5,43
163,44,65
164,100,121
165,74,122
166,82,108
167,89,121
168,101,52
169,48,160
170,58,167
171,82,179
172,26,149
173,75,60
174,88,79
175,98,180
176,71,179
177,11,113
178,82,139
179,81,141
180,79,144
181,79,147
182,77,152
183,68,137
184,67,136
185,66,135
186,57,129
187,26,114
188,88,71
189,82,54
190,78,56
191,70,137
192,26,132
193,90,52
194,73,160
195,102,81
196,94,75
197,101,73
198,83,91
199,98,173
200,98,165
201,85,164
202,55,145
203,65,109
204,63,154
205,45,108
206,56,116
207,37,119
208,83,173
209,77,95
210,49,152
211,60,160
212,48,136
213,19,123
214,38,139
215,16,129
216,49,124
217,83,84
218,84,106
219,79,108
220,88,101
221,76,43
222,63,36
223,51,34
224,41,36
225,34,41
226,30,59
227,7,79
228,35,72
229,43,75
230,54,76
231,65,75
232,73,72
233,79,69
234,5,79
235,79,109
236,89,86
237,90,107
238,94,111
239,90,108
240,80,111
241,95,112
242,96,113
243,79,64
244,83,64
245,86,64
246,42,56
247,36,51
248,108,83
249,153,64
250,108,112
251,179,30
252,132,72
253,139,73
254,146,72
255,155,65
256,126,69
257,144,43
258,136,44
259,152,45
260,157,49
261,160,69
262,124,167
263,156,60
264,180,64
265,168,62
266,138,100
267,110,131
268,109,137
269,119,132
270,125,133
271,116,136
272,122,135
273,133,141
274,108,108
275,109,101
276,167,38
277,122,82
278,124,105
279,124,101
280,161,98
281,109,91
282,152,28
283,161,31
284,174,16
285,119,35
286,128,49
287,140,133
288,165,134
289,118,110
290,112,112
291,133,133
292,131,134
293,166,26
294,124,108
295,139,28
296,141,21
297,146,-3
298,170,22
299,142,10
300,171,34
301,175,34
302,110,135
303,118,134
304,123,134
305,116,111
306,132,134
307,128,136
308,130,134
309,115,108
310,121,136
311,115,138
312,108,139
313,109,156
314,109,149
315,109,145
316,109,142
317,108,139
318,121,136
319,122,138
320,124,139
321,125,141
322,132,124
323,174,98
324,125,135
325,126,136
326,110,115
327,121,112
328,111,114
329,130,86
330,143,91
331,125,104
332,164,4
333,160,14
334,155,21
335,127,147
336,122,24
337,123,10
338,126,-7
339,152,69
340,167,74
341,122,67
342,163,52
343,117,77
344,120,103
345,175,80
346,162,81
347,153,84
348,140,83
349,130,80
350,122,77
351,108,66
352,174,95
353,168,49
354,105,112
355,122,89
356,180,63
357,117,73
358,126,104
359,158,59
360,120,98
361,171,116
362,122,64
363,115,93
364,153,150
365,149,158
366,177,97
367,162,141
368,178,48
369,124,173
370,104,114
371,129,95
372,173,63
373,146,69
374,140,70
375,129,137
376,173,110
377,110,182
378,129,172
379,138,166
380,134,69
381,128,67
382,124,65
383,172,47
384,129,57
385,136,53
386,142,53
387,148,54
388,152,56
389,181,45
390,151,66
391,125,122
392,118,109
393,111,121
394,142,159
395,133,166
396,112,179
397,158,148
398,124,61
399,113,79
400,121,178
401,174,114
402,115,138
403,116,140
404,117,142
405,118,146
406,119,152
407,127,135
408,128,134
409,129,133
410,138,128
411,166,114
412,112,71
413,117,55
414,121,57
415,125,135
416,163,131
417,111,54
418,122,160
419,108,75
420,118,91
421,111,164
422,138,145
423,132,110
424,130,153
425,151,108
426,140,116
427,156,119
428,112,173
429,122,95
430,143,151
431,133,159
432,146,136
433,170,123
434,154,138
435,170,128
436,146,124
437,117,84
438,118,107
439,122,108
440,115,102
441,124,45
442,137,38
443,147,38
444,156,40
445,161,44
446,162,60
447,179,81
448,156,74
449,149,77
450,140,77
451,131,76
452,124,73
453,119,70
454,177,80
455,121,109
456,113,86
457,113,107
458,109,111
459,113,108
460,119,111
461,108,112
462,106,113
463,119,64
464,115,65
465,113,66
466,154,58
467,159,53
468,62,61
469,72,61
470,62,51
471,52,61
472,62,71
473,140,63
474,149,63
475,140,55
476,132,63
477,140,71
