0,97,130
1,97,103
2,97,112
3,91,80
4,97,95
5,97,86
6,98,63
7,40,63
8,98,42
9,98,31
10,99,-3
11,97,132
12,97,133
13,97,134
14,100,160
15,100,162
16,100,165
17,100,168
18,99,171
19,97,107
20,91,107
21,10,36
22,62,71
23,54,71
24,47,70
25,37,66
26,68,69
27,50,46
28,59,47
29,42,48
30,36,51
31,29,71
32,69,178
33,37,61
34,6,70
35,20,66
36,56,101
37,87,128
38,88,133
39,78,131
40,73,134
41,81,134
42,76,136
43,61,150
44,91,103
45,89,95
46,24,45
47,73,82
48,73,103
49,72,99
50,30,101
51,90,87
52,44,34
53,32,38
54,17,22
55,79,40
56,67,50
57,55,141
58,17,143
59,80,107
60,86,109
61,68,140
62,70,140
63,27,33
64,73,106
65,59,34
66,58,28
67,50,1
68,23,27
69,55,15
70,19,41
71,15,40
72,87,131
73,80,133
74,75,135
75,81,108
76,69,140
77,72,146
78,71,140
79,83,103
80,78,136
81,83,135
82,89,134
83,87,170
84,89,166
85,89,163
86,90,161
87,91,159
88,79,151
89,78,151
90,76,152
91,75,153
92,63,127
93,7,105
94,97,109
95,75,147
96,74,146
97,88,112
98,76,111
99,87,110
100,64,86
101,50,92
102,71,103
103,30,10
104,35,19
105,41,28
106,67,158
107,77,29
108,75,14
109,72,-2
110,40,69
111,20,77
112,72,67
113,28,56
114,79,77
115,77,99
116,11,84
117,26,82
118,37,85
119,53,83
120,64,80
121,73,77
122,90,66
123,12,100
124,21,55
125,94,107
126,74,89
127,4,70
128,79,72
129,70,104
130,33,62
131,77,95
132,11,123
133,72,64
134,83,90
135,35,159
136,36,168
137,6,103
138,24,149
139,10,54
140,68,185
141,95,109
142,66,94
143,12,68
144,48,66
145,54,67
146,71,147
147,14,115
148,83,197
149,59,184
150,49,177
151,98,14
152,100,199
153,60,66
154,66,65
155,70,65
156,15,53
157,66,57
158,60,54
159,53,54
160,46,55
161,42,58
162,6,52
163,43,65
164,97,118
165,71,122
166,79,105
167,86,118
168,98,53
169,46,168
170,57,176
171,82,192
172,27,157
173,70,61
174,85,77
175,100,194
176,70,191
177,9,120
178,84,155
179,82,156
180,81,158
181,80,160
182,75,165
183,73,138
184,71,137
185,70,137
186,58,133
187,25,118
188,85,70
189,79,56
190,73,58
191,74,138
192,26,137
193,86,55
194,72,171
195,98,78
196,90,73
197,98,71
198,79,89
199,99,187
200,99,178
201,85,177
202,54,153
203,63,110
204,62,163
205,43,110
206,55,118
207,37,123
208,83,185
209,74,94
210,48,160
211,58,169
212,47,143
213,18,128
214,37,145
215,15,135
216,49,128
217,80,83
218,80,102
219,76,105
220,83,97
221,72,48
222,59,42
223,48,41
224,38,44
225,31,48
226,27,64
227,5,86
228,34,74
229,42,77
230,53,77
231,63,75
232,71,72
233,76,70
234,5,88
235,76,107
236,85,84
237,86,102
238,90,106
239,86,103
240,78,110
241,91,106
242,92,109
243,75,64
244,80,65
245,83,66
246,39,60
247,33,56
248,105,79
249,154,62
250,104,107
251,190,34
252,133,69
253,141,69
254,148,68
255,159,65
256,127,67
257,144,46
258,135,47
259,153,47
260,158,51
261,166,70
262,131,177
263,157,60
264,195,68
265,177,64
266,141,100
267,107,128
268,106,133
269,117,131
270,124,134
271,114,134
272,121,136
273,137,150
274,104,102
275,105,95
276,171,44
277,124,81
278,123,102
279,124,99
280,168,100
281,105,87
282,150,34
283,162,37
284,182,19
285,115,41
286,128,50
287,143,140
288,186,141
289,116,107
290,109,109
291,132,140
292,130,141
293,167,32
294,123,106
295,134,34
296,136,28
297,148,0
298,176,26
299,143,14
300,177,40
301,184,38
302,107,131
303,116,133
304,122,135
305,114,108
306,131,140
307,128,147
308,129,141
309,112,103
310,119,136
311,113,134
312,106,134
313,111,170
314,111,167
315,111,164
316,110,161
317,109,159
318,121,151
319,123,152
320,124,153
321,126,154
322,133,126
323,196,102
324,125,147
325,126,147
326,107,112
327,120,111
328,108,110
329,133,85
330,147,90
331,125,102
332,169,8
333,163,17
334,153,28
335,131,157
336,117,30
337,122,13
338,125,-3
339,155,67
340,176,75
341,123,65
342,167,54
343,118,76
344,118,99
345,188,81
346,169,80
347,158,83
348,142,82
349,131,79
350,123,75
351,106,65
352,187,98
353,174,53
354,101,107
355,123,88
356,197,68
357,117,71
358,126,103
359,162,60
360,118,94
361,193,121
362,123,63
363,112,90
364,166,159
365,166,168
366,195,100
367,178,148
368,190,52
369,132,185
370,100,109
371,130,94
372,185,66
373,147,64
374,140,64
375,130,147
376,186,113
377,118,197
378,143,184
379,153,177
380,135,64
381,129,64
382,125,63
383,181,52
384,129,57
385,135,54
386,142,54
387,148,55
388,152,57
389,195,49
390,151,63
391,125,121
392,116,105
393,109,118
394,155,168
395,144,176
396,118,192
397,177,157
398,125,60
399,111,77
400,131,191
401,193,118
402,116,156
403,117,157
404,119,159
405,120,161
406,123,165
407,126,138
408,127,137
409,128,137
410,139,132
411,174,117
412,112,70
413,117,56
414,122,57
415,125,138
416,174,136
417,109,55
418,127,170
419,105,73
420,117,89
421,114,177
422,145,153
423,133,110
424,137,162
425,155,109
426,142,117
427,161,122
428,116,185
429,122,93
430,152,159
431,142,169
432,151,142
433,183,127
434,162,145
435,187,134
436,148,127
437,117,82
438,115,102
439,120,105
440,111,97
441,122,48
442,135,42
443,146,41
444,156,43
445,163,48
446,168,62
447,196,84
448,161,73
449,153,75
450,142,75
451,132,73
452,125,71
453,120,69
454,197,85
455,119,107
456,111,83
457,109,102
458,105,106
459,109,103
460,117,109
461,103,106
462,102,109
463,120,63
464,116,64
465,112,65
466,155,59
467,162,55
468,58,60
469,68,60
470,57,51
471,49,60
472,59,69
473,139,59
474,148,59
475,139,51
476,129,59
477,139,67
