0,99,130
1,102,104
2,101,112
3,94,79
4,102,96
5,102,86
6,100,62
7,33,63
8,100,39
9,100,27
10,100,-10
11,99,132
12,99,135
13,99,137
14,99,137
15,99,139
16,99,143
17,98,146
18,99,157
19,101,108
20,94,108
21,0,28
22,59,73
23,49,74
24,41,72
25,30,65
26,67,70
27,46,40
28,57,42
29,36,42
30,30,46
31,24,69
32,68,171
33,30,59
34,-1,64
35,14,62
36,57,100
37,92,129
38,92,135
39,84,132
40,79,135
41,87,135
42,82,137
43,64,147
44,95,103
45,94,96
46,19,38
47,73,81
48,76,103
49,75,99
50,30,100
51,94,87
52,39,27
53,27,31
54,10,12
55,79,36
56,66,47
57,58,141
58,6,140
59,82,107
60,89,109
61,73,139
62,75,139
63,22,25
64,75,107
65,56,28
66,55,21
67,48,-7
68,17,18
69,53,7
70,13,33
71,8,31
72,92,132
73,85,134
74,80,136
75,84,109
76,74,139
77,77,139
78,76,139
79,86,104
80,83,137
81,88,137
82,93,136
83,89,157
84,91,146
85,91,142
86,92,139
87,93,137
88,83,137
89,81,138
90,80,140
91,79,142
92,67,127
93,-3,100
94,101,110
95,79,138
96,78,139
97,91,112
98,78,111
99,90,111
100,64,85
101,50,91
102,73,103
103,25,0
104,31,10
105,36,20
106,71,151
107,77,24
108,76,8
109,72,-10
110,34,69
111,15,74
112,72,67
113,22,51
114,80,75
115,81,99
116,7,80
117,21,80
118,32,84
119,49,84
120,61,81
121,71,77
122,92,64
123,9,97
124,16,49
125,98,108
126,75,88
127,-6,63
128,78,72
129,72,104
130,26,59
131,80,95
132,0,120
133,72,64
134,87,90
135,28,157
136,27,166
137,0,99
138,17,147
139,3,47
140,66,179
141,98,110
142,67,94
143,7,63
144,41,68
145,49,70
146,76,140
147,10,113
148,80,189
149,53,181
150,41,175
151,100,9
152,97,190
153,57,69
154,65,67
155,70,65
156,10,47
157,64,55
158,57,51
159,48,49
160,40,51
161,35,54
162,-4,44
163,36,66
164,101,118
165,75,122
166,82,106
167,90,118
168,100,52
169,41,166
170,53,173
171,81,183
172,15,155
173,70,60
174,87,76
175,98,184
176,66,185
177,2,117
178,87,137
179,86,139
180,85,141
181,84,144
182,79,155
183,78,138
184,77,137
185,76,137
186,61,133
187,23,117
188,86,69
189,79,55
190,74,57
191,80,138
192,22,136
193,88,53
194,73,163
195,101,78
196,93,72
197,101,71
198,81,89
199,99,176
200,99,166
201,86,166
202,54,151
203,65,110
204,63,158
205,43,109
206,56,118
207,36,122
208,83,176
209,76,94
210,45,157
211,57,165
212,47,142
213,13,127
214,34,144
215,7,133
216,50,128
217,81,82
218,83,103
219,79,105
220,87,97
221,72,45
222,57,37
223,43,36
224,33,38
225,25,43
226,21,60
227,-1,81
228,28,73
229,37,77
230,49,78
231,60,77
232,69,73
233,75,70
234,-5,82
235,79,108
236,87,83
237,90,103
238,93,107
239,89,104
240,81,110
241,95,107
242,96,109
243,75,64
244,80,65
245,84,65
246,32,56
247,26,52
248,108,79
249,157,65
250,107,108
251,185,31
252,133,73
253,141,74
254,149,73
255,159,67
256,127,70
257,148,44
258,138,45
259,157,46
260,161,50
261,164,71
262,127,170
263,159,62
264,185,67
265,172,64
266,139,100
267,107,128
268,105,135
269,114,131
270,118,134
271,111,135
272,115,136
273,132,146
274,108,104
275,110,96
276,173,42
277,123,81
278,123,103
279,124,99
280,163,101
281,109,87
282,157,32
283,167,36
284,179,16
285,120,38
286,129,49
287,138,140
288,171,140
289,117,107
290,111,109
291,122,139
292,120,139
293,172,30
294,123,107
295,142,32
296,144,25
297,149,-4
298,175,22
299,145,10
300,178,38
301,181,35
302,106,132
303,112,133
304,116,135
305,115,109
306,121,139
307,119,139
308,120,138
309,115,104
310,113,137
311,109,136
312,105,136
313,109,157
314,106,146
315,106,142
316,105,139
317,105,136
318,113,137
319,115,138
320,116,140
321,117,142
322,131,126
323,180,102
324,116,138
325,117,138
326,109,112
327,120,111
328,110,111
329,131,86
330,145,91
331,125,103
332,168,4
333,164,14
334,160,25
335,127,150
336,124,27
337,124,9
338,127,-8
339,155,71
340,171,76
341,122,68
342,168,54
343,117,76
344,120,100
345,181,82
346,166,83
347,157,86
348,142,85
349,131,82
350,123,78
351,108,65
352,179,99
353,173,52
354,105,108
355,122,88
356,185,66
357,117,73
358,125,104
359,162,61
360,120,95
361,177,121
362,122,64
363,115,90
364,159,157
365,157,165
366,183,101
367,168,147
368,183,50
369,128,178
370,104,110
371,129,94
372,178,65
373,149,70
374,142,71
375,120,140
376,176,114
377,113,188
378,135,179
379,145,173
380,135,70
381,129,68
382,124,66
383,178,50
384,130,56
385,137,53
386,145,52
387,152,54
388,156,57
389,186,47
390,154,68
391,124,122
392,117,106
393,110,118
394,148,165
395,138,171
396,115,183
397,165,155
398,125,61
399,113,77
400,125,184
401,179,118
402,109,137
403,111,138
404,112,141
405,112,144
406,119,154
407,118,137
408,119,137
409,120,137
410,136,133
411,168,118
412,112,69
413,118,56
414,122,57
415,116,138
416,167,136
417,111,54
418,123,162
419,108,72
420,118,89
421,111,166
422,140,150
423,132,110
424,132,157
425,152,110
426,140,118
427,157,122
428,114,175
429,121,94
430,147,157
431,137,164
432,147,142
433,174,127
434,157,144
435,175,133
436,146,128
437,117,82
438,117,103
439,121,105
440,115,97
441,125,46
442,140,40
443,152,40
444,161,42
445,166,47
446,167,63
447,185,84
448,160,75
449,152,78
450,142,79
451,132,77
452,124,74
453,119,70
454,183,84
455,120,108
456,113,83
457,113,103
458,108,107
459,112,104
460,118,110
461,107,107
462,106,109
463,120,64
464,115,65
465,113,66
466,158,59
467,164,55
468,51,60
469,63,60
470,52,49
471,39,60
472,51,72
473,138,62
474,149,63
475,138,52
476,126,62
477,137,72
