0,96,127
1,98,103
2,99,111
3,92,80
4,98,95
5,98,86
6,100,65
7,41,65
8,100,47
9,100,37
10,101,-1
11,96,129
12,96,131
13,97,133
14,98,149
15,97,151
16,97,154
17,98,157
18,102,164
19,98,107
20,92,108
21,15,37
22,65,72
23,57,73
24,49,72
25,39,67
26,72,70
27,52,48
28,61,49
29,43,50
30,37,54
31,34,71
32,73,173
33,38,62
34,13,70
35,25,66
36,59,100
37,85,127
38,87,131
39,76,129
40,71,133
41,81,133
42,76,135
43,64,146
44,92,103
45,91,95
46,28,48
47,76,82
48,74,102
49,74,98
50,35,99
51,91,87
52,46,41
53,35,43
54,22,23
55,81,47
56,70,53
57,57,137
58,25,142
59,80,106
60,87,109
61,66,139
62,69,139
63,31,39
64,74,105
65,61,41
66,59,35
67,53,3
68,27,29
69,58,17
70,23,45
71,20,41
72,86,129
73,78,131
74,73,134
75,82,108
76,67,139
77,70,142
78,70,139
79,84,104
80,78,135
81,83,134
82,89,133
83,90,163
84,86,155
85,86,153
86,87,150
87,89,148
88,78,144
89,76,144
90,73,146
91,71,147
92,65,124
93,16,106
94,99,109
95,74,142
96,72,142
97,89,111
98,77,110
99,88,110
100,67,86
101,54,91
102,72,102
103,34,11
104,40,21
105,43,35
106,70,152
107,78,37
108,78,16
109,75,0
110,43,71
111,26,76
112,76,68
113,31,57
114,82,77
115,79,99
116,18,83
117,31,81
118,41,84
119,57,83
120,68,81
121,76,77
122,92,67
123,19,98
124,25,56
125,95,107
126,76,88
127,12,71
128,81,74
129,72,103
130,35,63
131,79,95
132,19,124
133,76,65
134,85,90
135,41,156
136,43,166
137,14,102
138,30,147
139,16,55
140,72,181
141,96,109
142,69,94
143,19,66
144,50,69
145,57,69
146,68,143
147,21,113
148,88,192
149,65,181
150,55,175
151,100,17
152,104,194
153,64,68
154,70,67
155,74,66
156,20,54
157,68,58
158,61,55
159,54,54
160,47,56
161,42,58
162,12,52
163,45,67
164,100,117
165,73,120
166,80,105
167,88,117
168,100,56
169,52,166
170,62,173
171,86,187
172,34,156
173,73,62
174,87,78
175,103,189
176,75,187
177,17,119
178,82,146
179,80,147
180,78,149
181,77,152
182,79,159
183,72,137
184,70,136
185,68,136
186,60,130
187,30,116
188,87,71
189,82,59
190,77,60
191,74,137
192,31,135
193,89,59
194,75,166
195,99,79
196,92,74
197,99,72
198,81,89
199,103,181
200,102,172
201,88,171
202,58,150
203,65,109
204,66,159
205,46,108
206,58,116
207,40,121
208,86,180
209,76,93
210,52,156
211,63,165
212,51,139
213,24,127
214,42,142
215,22,134
216,52,125
217,82,83
218,81,102
219,77,104
220,84,97
221,75,52
222,61,47
223,49,46
224,40,48
225,33,52
226,31,64
227,13,86
228,38,75
229,46,77
230,57,77
231,67,76
232,74,73
233,79,71
234,14,88
235,77,106
236,86,84
237,87,102
238,91,106
239,87,104
240,79,109
241,92,107
242,94,109
243,79,65
244,83,67
245,86,68
246,40,61
247,35,58
248,106,80
249,158,66
250,106,108
251,193,39
252,135,73
253,143,74
254,151,73
255,161,69
256,128,71
257,147,50
258,138,50
259,156,52
260,161,55
261,168,74
262,134,175
263,161,63
264,195,73
265,179,69
266,143,101
267,107,127
268,106,132
269,119,130
270,127,133
271,116,133
272,123,135
273,142,148
274,105,103
275,106,96
276,173,51
277,126,83
278,125,103
279,126,99
280,169,101
281,106,87
282,152,43
283,164,46
284,185,24
285,117,48
286,129,54
287,148,139
288,188,146
289,119,107
290,112,109
291,137,139
292,134,139
293,169,41
294,126,106
295,137,43
296,138,37
297,149,4
298,178,31
299,143,18
300,179,48
301,187,43
302,107,129
303,117,132
304,125,134
305,117,108
306,136,139
307,132,143
308,133,139
309,114,104
310,121,135
311,114,134
312,106,133
313,114,164
314,110,156
315,110,153
316,109,150
317,108,148
318,123,144
319,125,145
320,127,146
321,129,148
322,138,126
323,197,109
324,127,142
325,130,142
326,110,112
327,123,111
328,111,110
329,135,87
330,149,92
331,128,103
332,171,12
333,164,23
334,156,37
335,135,154
336,120,38
337,123,17
338,127,0
339,158,72
340,177,79
341,124,69
342,170,60
343,120,77
344,120,100
345,189,86
346,171,84
347,159,87
348,144,85
349,133,82
350,124,78
351,108,67
352,188,101
353,177,59
354,102,107
355,125,89
356,199,73
357,118,74
358,129,104
359,165,64
360,121,95
361,194,127
362,124,66
363,113,90
364,170,160
365,169,170
366,195,105
367,180,151
368,191,57
369,136,183
370,102,109
371,133,95
372,187,70
373,150,70
374,143,70
375,134,143
376,187,117
377,121,193
378,145,184
379,156,178
380,136,70
381,130,68
382,126,67
383,184,58
384,131,58
385,138,55
386,145,55
387,153,57
388,157,59
389,197,54
390,155,68
391,128,121
392,118,106
393,112,118
394,158,169
395,147,176
396,121,188
397,180,161
398,126,63
399,113,78
400,134,189
401,193,122
402,116,147
403,118,148
404,120,150
405,121,152
406,126,160
407,129,137
408,131,137
409,133,136
410,145,132
411,176,119
412,114,72
413,118,59
414,123,60
415,128,137
416,177,139
417,110,59
418,131,167
419,107,74
420,119,90
421,117,172
422,149,152
423,137,110
424,141,161
425,157,110
426,145,118
427,165,123
428,120,181
429,124,94
430,156,159
431,145,168
432,156,142
433,185,130
434,166,145
435,189,138
436,153,127
437,119,84
438,117,103
439,122,105
440,113,97
441,124,52
442,137,48
443,149,48
444,159,50
445,166,54
446,171,67
447,196,89
448,163,77
449,155,79
450,144,79
451,134,77
452,126,74
453,121,71
454,198,91
455,122,107
456,113,84
457,111,103
458,106,106
459,111,104
460,120,109
461,105,107
462,104,109
463,121,66
464,117,67
465,114,68
466,159,61
467,165,59
468,56,61
469,66,61
470,56,51
471,46,61
472,56,71
473,142,62
474,155,62
475,143,52
476,130,61
477,142,71
