0,97,134
1,96,109
2,97,115
3,90,84
4,96,102
5,97,91
6,97,66
7,40,63
8,98,43
9,98,32
10,98,-4
11,97,136
12,98,138
13,98,139
14,99,141
15,99,145
16,99,149
17,99,153
18,97,157
19,96,112
20,90,112
21,9,29
22,63,72
23,54,72
24,47,71
25,37,65
26,69,69
27,50,45
28,60,46
29,41,47
30,36,50
31,31,69
32,70,163
33,38,60
34,9,62
35,23,62
36,58,100
37,89,132
38,90,136
39,82,132
40,78,132
41,85,135
42,81,134
43,63,144
44,90,108
45,89,102
46,24,42
47,74,82
48,73,106
49,73,102
50,34,99
51,89,92
52,42,34
53,31,37
54,15,16
55,78,42
56,68,51
57,58,137
58,23,127
59,79,110
60,85,112
61,73,134
62,75,134
63,27,31
64,73,109
65,57,35
66,56,29
67,48,0
68,21,23
69,53,14
70,20,37
71,14,34
72,89,135
73,83,134
74,79,133
75,81,111
76,74,134
77,76,137
78,76,134
79,82,108
80,82,135
81,86,136
82,91,138
83,87,157
84,90,152
85,91,148
86,91,143
87,92,140
88,82,136
89,81,138
90,79,140
91,78,142
92,65,127
93,12,92
94,96,113
95,79,135
96,78,136
97,87,115
98,76,113
99,86,113
100,65,86
101,52,91
102,72,105
103,27,6
104,33,16
105,39,28
106,69,148
107,75,31
108,74,14
109,71,-3
110,41,69
111,23,74
112,74,67
113,29,53
114,79,77
115,77,103
116,15,78
117,28,81
118,38,84
119,53,84
120,64,81
121,73,78
122,90,68
123,17,94
124,23,51
125,93,112
126,75,90
127,7,59
128,79,74
129,71,105
130,34,60
131,77,98
132,16,109
133,74,64
134,83,94
135,39,146
136,40,152
137,12,93
138,29,137
139,11,47
140,68,168
141,93,113
142,68,95
143,17,63
144,47,68
145,54,69
146,75,137
147,20,108
148,82,177
149,61,167
150,52,160
151,98,14
152,97,179
153,61,68
154,68,66
155,72,65
156,18,48
157,67,57
158,60,54
159,52,53
160,45,55
161,41,57
162,7,43
163,43,66
164,97,121
165,73,123
166,79,109
167,86,121
168,98,55
169,49,155
170,59,161
171,81,174
172,31,141
173,72,61
174,84,80
175,96,176
176,71,172
177,15,109
178,87,138
179,85,141
180,84,144
181,83,148
182,77,153
183,78,134
184,76,133
185,75,133
186,60,132
187,30,113
188,84,72
189,79,57
190,75,58
191,79,135
192,31,129
193,86,57
194,73,158
195,97,83
196,90,76
197,97,75
198,79,92
199,96,170
200,96,163
201,84,162
202,56,145
203,64,110
204,64,152
205,45,109
206,57,117
207,40,119
208,82,169
209,75,96
210,50,149
211,60,156
212,50,137
213,23,120
214,41,137
215,21,123
216,52,126
217,80,85
218,80,107
219,76,108
220,83,102
221,72,49
222,59,43
223,47,42
224,37,43
225,31,47
226,29,61
227,9,77
228,35,73
229,43,76
230,54,77
231,64,76
232,71,73
233,77,71
234,10,75
235,76,110
236,84,87
237,85,107
238,89,111
239,85,108
240,78,112
241,90,111
242,91,113
243,77,65
244,81,66
245,83,67
246,39,59
247,33,54
248,104,84
249,156,63
250,103,112
251,189,28
252,134,72
253,142,73
254,150,71
255,160,65
256,127,70
257,144,44
258,135,45
259,153,45
260,159,49
261,166,69
262,125,164
263,159,59
264,191,61
265,175,62
266,138,101
267,105,133
268,105,137
269,113,134
270,119,135
271,111,137
272,117,137
273,132,144
274,103,109
275,104,102
276,170,41
277,122,82
278,121,106
279,122,102
280,163,99
281,104,92
282,150,33
283,161,36
284,182,15
285,114,42
286,127,50
287,138,138
288,178,128
289,115,110
290,109,112
291,127,136
292,125,137
293,166,30
294,121,109
295,134,35
296,135,28
297,149,0
298,176,23
299,144,13
300,175,37
301,183,33
302,105,136
303,112,136
304,118,136
305,113,112
306,126,137
307,124,139
308,124,137
309,111,108
310,116,137
311,111,138
312,105,139
313,107,157
314,108,153
315,108,149
316,107,144
317,106,141
318,117,138
319,118,140
320,120,142
321,122,145
322,129,127
323,189,92
324,120,137
325,122,138
326,106,115
327,118,113
328,107,114
329,131,86
330,144,91
331,123,105
332,169,5
333,164,16
334,152,27
335,125,149
336,116,31
337,122,14
338,126,-3
339,156,69
340,175,74
341,122,68
342,167,53
343,117,77
344,117,104
345,183,78
346,169,80
347,159,84
348,144,84
349,132,81
350,124,78
351,106,68
352,181,94
353,173,51
354,100,112
355,121,90
356,193,59
357,117,74
358,124,105
359,162,59
360,117,99
361,185,109
362,121,65
363,111,95
364,159,147
365,158,153
366,188,93
367,170,137
368,187,46
369,126,169
370,99,113
371,128,95
372,183,63
373,149,68
374,142,69
375,125,140
376,179,109
377,112,177
378,135,167
379,146,161
380,135,69
381,128,67
382,124,66
383,179,48
384,128,56
385,135,52
386,143,51
387,150,53
388,154,55
389,192,42
390,153,65
391,122,124
392,115,109
393,107,122
394,148,156
395,137,162
396,112,174
397,169,142
398,124,62
399,111,80
400,124,173
401,185,109
402,112,140
403,113,143
404,115,146
405,116,150
406,117,154
407,121,137
408,122,136
409,124,135
410,135,132
411,168,114
412,111,72
413,116,57
414,120,59
415,120,137
416,167,129
417,108,57
418,121,159
419,105,76
420,116,92
421,109,163
422,140,146
423,131,111
424,131,153
425,151,109
426,139,118
427,156,120
428,112,169
429,120,96
430,146,150
431,135,157
432,146,138
433,175,120
434,156,138
435,179,124
436,144,127
437,116,85
438,114,107
439,118,109
440,111,102
441,121,48
442,134,42
443,146,40
444,156,42
445,163,46
446,168,61
447,190,77
448,162,73
449,154,76
450,143,77
451,133,76
452,125,74
453,119,71
454,191,75
455,118,110
456,110,87
457,108,107
458,104,111
459,108,108
460,116,112
461,103,111
462,102,113
463,119,65
464,115,67
465,112,68
466,157,57
467,162,53
468,56,60
469,66,60
470,56,50
471,46,60
472,56,70
473,141,60
474,151,59
475,141,50
476,131,60
477,142,69
