0,99,130
1,99,103
2,98,111
3,91,80
4,99,95
5,99,86
6,98,64
7,37,65
8,98,46
9,99,35
10,99,0
11,99,132
12,99,134
13,99,135
14,99,139
15,99,142
16,99,147
17,99,151
18,98,158
19,98,107
20,91,107
21,3,36
22,60,72
23,52,73
24,44,72
25,33,68
26,67,70
27,48,48
28,58,48
29,39,49
30,33,53
31,26,73
32,67,171
33,34,63
34,1,69
35,16,68
36,56,101
37,90,129
38,91,134
39,82,131
40,76,134
41,84,135
42,79,136
43,63,148
44,92,103
45,91,96
46,22,48
47,73,82
48,74,103
49,73,99
50,30,102
51,91,87
52,44,39
53,31,42
54,12,22
55,81,45
56,66,52
57,57,142
58,10,140
59,80,107
60,87,109
61,68,140
62,70,139
63,26,37
64,74,107
65,60,39
66,59,33
67,48,3
68,19,29
69,53,17
70,16,45
71,10,40
72,91,132
73,83,133
74,77,136
75,82,108
76,69,139
77,72,141
78,71,139
79,83,103
80,80,137
81,85,136
82,92,135
83,88,158
84,90,151
85,90,146
86,91,142
87,92,139
88,80,139
89,78,140
90,76,143
91,75,145
92,66,127
93,0,103
94,98,109
95,76,139
96,74,140
97,89,112
98,77,111
99,88,110
100,64,87
101,50,92
102,72,103
103,26,11
104,33,21
105,41,33
106,69,152
107,78,35
108,75,17
109,71,0
110,37,71
111,18,79
112,72,67
113,25,58
114,79,77
115,78,99
116,8,83
117,24,84
118,35,86
119,51,85
120,63,81
121,72,77
122,90,66
123,10,100
124,18,57
125,94,107
126,74,89
127,-2,69
128,78,73
129,71,104
130,30,63
131,78,95
132,4,122
133,72,65
134,84,90
135,29,157
136,28,166
137,2,102
138,18,148
139,5,54
140,64,179
141,95,109
142,67,95
143,9,70
144,45,68
145,52,69
146,71,142
147,12,115
148,79,189
149,53,180
150,41,174
151,99,17
152,98,191
153,59,68
154,65,66
155,70,66
156,12,56
157,65,58
158,58,55
159,50,55
160,43,56
161,39,59
162,0,51
163,40,67
164,98,118
165,73,122
166,80,105
167,88,118
168,98,55
169,40,166
170,52,172
171,79,183
172,18,155
173,70,62
174,85,78
175,98,185
176,65,185
177,5,118
178,85,139
179,84,141
180,83,144
181,82,148
182,77,155
183,74,138
184,72,138
185,71,137
186,60,134
187,25,118
188,85,71
189,79,58
190,73,59
191,76,138
192,23,137
193,87,57
194,72,163
195,99,79
196,91,73
197,99,72
198,80,89
199,98,177
200,98,167
201,84,166
202,53,152
203,64,110
204,61,158
205,43,110
206,56,118
207,37,123
208,81,176
209,75,94
210,44,157
211,55,165
212,47,143
213,15,128
214,34,144
215,9,134
216,50,129
217,80,83
218,81,102
219,76,105
220,84,97
221,73,51
222,59,45
223,47,44
224,36,46
225,29,51
226,24,66
227,0,85
228,31,76
229,40,78
230,51,78
231,62,76
232,70,73
233,75,70
234,0,86
235,77,107
236,85,84
237,86,102
238,91,106
239,86,103
240,79,110
241,92,106
242,93,108
243,75,65
244,80,66
245,83,67
246,36,61
247,30,58
248,106,80
249,157,65
250,105,107
251,192,37
252,134,72
253,143,73
254,150,72
255,161,68
256,127,69
257,145,48
258,136,49
259,154,50
260,160,53
261,168,73
262,129,171
263,160,62
264,194,70
265,178,68
266,140,101
267,108,129
268,107,134
269,116,131
270,122,134
271,113,135
272,118,136
273,134,148
274,105,103
275,107,96
276,172,49
277,123,82
278,123,103
279,123,100
280,166,102
281,106,87
282,150,40
283,163,43
284,184,23
285,114,46
286,128,52
287,140,142
288,183,141
289,116,107
290,110,109
291,128,139
292,127,139
293,167,38
294,122,107
295,134,40
296,135,34
297,150,4
298,178,29
299,144,18
300,177,45
301,186,41
302,107,132
303,115,133
304,120,136
305,114,108
306,127,139
307,124,141
308,125,139
309,113,103
310,117,137
311,112,136
312,106,135
313,108,158
314,108,151
315,108,146
316,107,142
317,106,139
318,117,139
319,119,140
320,121,143
321,122,145
322,131,128
323,192,104
324,121,139
325,123,140
326,108,112
327,119,111
328,109,110
329,132,87
330,146,93
331,124,103
332,171,11
333,165,21
334,153,34
335,127,152
336,117,36
337,123,17
338,127,0
339,157,71
340,177,79
341,122,67
342,169,58
343,118,77
344,118,99
345,187,84
346,171,84
347,160,86
348,144,85
349,133,81
350,124,77
351,107,66
352,185,100
353,176,57
354,102,107
355,122,89
356,196,70
357,117,73
358,125,104
359,164,63
360,119,95
361,189,122
362,122,64
363,113,90
364,166,157
365,166,166
366,192,102
367,176,148
368,190,54
369,131,179
370,101,109
371,129,95
372,186,70
373,149,68
374,142,68
375,126,142
376,182,115
377,116,189
378,142,180
379,153,174
380,136,68
381,129,66
382,124,65
383,182,56
384,129,58
385,136,55
386,144,55
387,151,57
388,155,59
389,195,52
390,154,66
391,123,122
392,116,105
393,109,119
394,155,166
395,144,172
396,116,183
397,175,155
398,124,61
399,112,78
400,130,185
401,189,119
402,112,139
403,114,141
404,115,144
405,116,148
406,119,155
407,123,138
408,124,137
409,126,137
410,136,134
411,171,118
412,112,71
413,116,57
414,121,58
415,121,138
416,172,137
417,109,57
418,125,163
419,106,73
420,117,89
421,112,167
422,143,152
423,132,111
424,135,159
425,153,111
426,140,118
427,159,123
428,115,176
429,121,94
430,151,158
431,141,165
432,150,143
433,180,128
434,161,145
435,184,134
436,147,129
437,117,83
438,116,102
439,120,105
440,113,97
441,122,51
442,135,46
443,147,45
444,157,47
445,165,51
446,170,65
447,194,86
448,163,76
449,155,78
450,144,78
451,133,76
452,125,73
453,120,70
454,194,87
455,119,107
456,112,84
457,111,102
458,106,106
459,110,103
460,117,110
461,105,106
462,104,108
463,119,64
464,115,65
465,112,66
466,158,61
467,164,58
468,53,61
469,64,60
470,53,51
471,43,61
472,54,70
473,141,60
474,152,60
475,142,51
476,131,59
477,141,69
