0,114,134
1,109,115
2,110,121
3,90,103
4,104,110
5,98,104
6,81,91
7,47,111
8,72,82
9,67,77
10,45,51
11,116,136
12,117,138
13,119,140
14,119,140
15,120,143
16,122,146
17,124,149
18,136,151
19,110,118
20,105,120
21,11,99
22,62,107
23,58,110
24,54,112
25,46,113
26,64,103
27,47,98
28,52,96
29,43,102
30,41,105
31,45,116
32,125,170
33,45,111
34,25,123
35,38,115
36,80,125
37,110,137
38,114,141
39,107,142
40,106,146
41,111,144
42,109,147
43,108,157
44,105,117
45,101,112
46,31,104
47,77,108
48,92,123
49,89,121
50,65,133
51,95,107
52,38,93
53,33,98
54,11,87
55,59,84
56,57,95
57,100,154
58,70,174
59,98,124
60,102,123
61,107,152
62,107,151
63,28,97
64,93,125
65,46,88
66,42,85
67,23,65
68,20,90
69,35,72
70,27,103
71,19,100
72,111,139
73,109,143
74,108,147
75,99,124
76,107,152
77,109,151
78,108,151
79,99,120
80,111,147
81,113,145
82,115,142
83,130,155
84,119,152
85,117,149
86,116,145
87,116,143
88,111,147
89,111,149
90,111,151
91,111,153
92,99,141
93,41,150
94,110,120
95,109,149
96,109,150
97,106,124
98,97,128
99,104,124
100,75,113
101,71,120
102,90,123
103,15,75
104,25,80
105,33,90
106,114,158
107,54,79
108,45,67
109,33,58
110,50,114
111,43,121
112,65,101
113,38,109
114,78,103
115,94,119
116,40,129
117,48,123
118,54,122
119,62,117
120,66,112
121,69,107
122,78,94
123,51,140
124,34,109
125,108,119
126,82,112
127,21,125
128,71,103
129,89,124
130,43,111
131,90,116
132,54,162
133,64,99
134,92,111
135,94,176
136,99,183
137,44,146
138,81,173
139,21,111
140,128,177
141,109,120
142,82,118
143,34,117
144,52,110
145,56,108
146,108,153
147,60,150
148,143,178
149,123,183
150,112,184
151,56,62
152,152,171
153,60,105
154,62,102
155,63,100
156,30,109
157,60,101
158,56,103
159,53,105
160,49,108
161,47,109
162,14,111
163,49,111
164,114,124
165,101,136
166,97,123
167,108,128
168,76,86
169,106,177
170,117,178
171,139,174
172,85,180
173,63,100
174,83,103
175,149,167
176,133,181
177,56,157
178,113,145
179,113,147
180,114,150
181,115,153
182,121,157
183,108,149
184,107,150
185,106,150
186,98,148
187,70,148
188,78,98
189,65,93
190,63,96
191,109,149
192,79,162
193,69,91
194,123,164
195,93,100
196,84,99
197,87,95
198,87,112
199,144,162
200,139,156
201,132,161
202,105,162
203,89,130
204,114,164
205,78,135
206,89,137
207,80,147
208,135,168
209,86,116
210,104,169
211,114,171
212,96,158
213,69,159
214,90,163
215,68,167
216,91,147
217,83,108
218,97,120
219,95,124
220,97,116
221,58,91
222,49,93
223,43,96
224,39,100
225,37,104
226,41,113
227,34,135
228,49,118
229,54,117
230,60,114
231,64,109
232,67,105
233,68,102
234,30,138
235,96,125
236,88,107
237,101,118
238,105,119
239,102,119
240,98,126
241,106,119
242,107,121
243,66,98
244,69,98
245,71,98
246,46,110
247,41,108
248,96,99
249,100,76
250,113,116
251,95,47
252,92,84
253,95,83
254,98,82
255,98,79
256,90,84
257,96,68
258,92,71
259,99,67
260,100,69
261,98,83
262,151,150
263,99,75
264,115,66
265,96,79
266,118,100
267,119,130
268,122,135
269,126,128
270,131,129
271,127,133
272,131,132
273,143,132
274,111,113
275,108,108
276,101,61
277,100,93
278,117,107
279,114,104
280,126,93
281,102,103
282,100,56
283,102,57
284,85,43
285,90,66
286,89,74
287,141,126
288,148,116
289,116,111
290,115,115
291,139,130
292,137,131
293,101,53
294,118,109
295,96,58
296,97,53
297,65,43
298,90,50
299,72,53
300,99,59
301,99,53
302,121,133
303,126,131
304,131,130
305,116,113
306,138,131
307,136,133
308,137,131
309,114,111
310,131,133
311,127,135
312,123,137
313,140,148
314,128,145
315,126,142
316,124,139
317,123,137
318,131,133
319,132,134
320,134,135
321,136,136
322,132,119
323,130,90
324,134,132
325,135,132
326,115,118
327,119,113
328,115,117
329,106,94
330,114,93
331,116,106
332,75,41
333,81,51
334,100,51
335,143,137
336,90,58
337,64,57
338,56,46
339,99,81
340,97,87
341,89,83
342,99,71
343,95,92
344,114,106
345,123,77
346,103,89
347,105,91
348,102,92
349,97,92
350,94,90
351,86,89
352,131,87
353,98,69
354,112,117
355,105,98
356,112,66
357,92,88
358,116,106
359,98,75
360,111,103
361,139,102
362,88,82
363,106,102
364,155,130
365,157,137
366,133,87
367,152,121
368,106,58
369,156,154
370,112,118
371,111,99
372,92,81
373,99,78
374,96,80
375,138,133
376,139,97
377,158,165
378,160,152
379,159,146
380,93,81
381,90,81
382,88,82
383,95,69
384,91,78
385,94,76
386,97,74
387,100,73
388,101,73
389,103,55
390,100,77
391,126,118
392,116,111
393,119,121
394,156,139
395,156,147
396,154,161
397,154,127
398,89,80
399,96,95
400,160,158
401,141,99
402,127,135
403,128,136
404,130,138
405,132,141
406,142,142
407,135,131
408,135,130
409,136,129
410,137,121
411,137,102
412,90,91
413,86,78
414,87,79
415,134,132
416,147,114
417,88,78
418,146,146
419,91,94
420,105,100
421,144,152
422,146,132
423,122,108
424,147,140
425,128,102
426,129,111
427,137,108
428,149,157
429,109,101
430,151,134
431,151,142
432,144,124
433,145,106
434,148,122
435,148,110
436,137,116
437,100,96
438,115,109
439,117,109
440,111,107
441,89,72
442,93,66
443,98,63
444,101,63
445,101,65
446,96,77
447,125,76
448,101,84
449,101,86
450,98,88
451,94,88
452,91,87
453,90,87
454,120,78
455,117,110
456,100,99
457,113,111
458,113,115
459,113,112
460,117,113
461,113,116
462,113,117
463,87,82
464,87,84
465,90,85
466,100,74
467,99,71
468,54,101
469,59,98
470,50,96
471,49,104
472,57,105
473,100,73
474,103,71
475,97,70
476,96,76
477,102,77
