0,100,130
1,115,106
2,109,114
3,104,82
4,116,98
5,114,88
6,108,65
7,37,60
8,106,41
9,107,30
10,107,-7
11,100,132
12,99,135
13,99,136
14,99,136
15,99,139
16,98,142
17,98,145
18,102,156
19,113,110
20,103,110
21,-6,24
22,61,70
23,52,70
24,43,69
25,32,63
26,69,68
27,52,39
28,62,41
29,42,41
30,35,45
31,23,67
32,67,169
33,34,57
34,-10,60
35,11,59
36,59,100
37,91,129
38,91,135
39,81,132
40,73,134
41,83,135
42,76,136
43,61,147
44,108,106
45,108,98
46,22,33
47,77,81
48,82,105
49,80,101
50,29,98
51,106,89
52,48,23
53,33,26
54,7,10
55,87,35
56,70,47
57,54,140
58,-9,135
59,88,109
60,95,111
61,65,139
62,67,139
63,28,19
64,80,108
65,65,25
66,65,17
67,52,-6
68,17,17
69,59,8
70,15,29
71,4,28
72,91,132
73,82,134
74,75,135
75,90,111
76,66,139
77,70,139
78,68,139
79,95,106
80,77,137
81,84,137
82,91,136
83,91,156
84,89,145
85,90,141
86,91,139
87,91,136
88,77,137
89,76,138
90,75,140
91,74,142
92,68,127
93,-20,95
94,111,112
95,73,138
96,71,139
97,98,114
98,82,112
99,97,113
100,67,85
101,52,90
102,77,104
103,26,0
104,35,9
105,45,15
106,69,150
107,86,22
108,82,10
109,79,-8
110,36,66
111,11,72
112,74,66
113,24,48
114,84,76
115,89,101
116,1,77
117,19,78
118,32,82
119,49,82
120,62,79
121,72,76
122,99,67
123,3,94
124,16,46
125,109,110
126,79,89
127,-20,58
128,80,72
129,75,104
130,29,57
131,87,97
132,-16,114
133,75,63
134,97,92
135,21,155
136,16,163
137,-11,95
138,7,144
139,-3,43
140,64,177
141,108,112
142,70,94
143,1,60
144,46,65
145,53,66
146,69,141
147,4,110
148,79,186
149,49,178
150,34,173
151,107,12
152,96,186
153,61,66
154,68,65
155,72,64
156,7,43
157,67,55
158,60,51
159,52,50
160,45,51
161,40,53
162,-15,40
163,41,63
164,108,119
165,78,122
166,89,108
167,96,120
168,106,54
169,36,164
170,49,171
171,81,181
172,2,151
173,72,60
174,94,78
175,99,181
176,64,183
177,-9,113
178,84,137
179,83,138
180,82,141
181,81,144
182,79,154
183,71,138
184,69,137
185,68,137
186,60,133
187,19,115
188,91,71
189,83,54
190,76,56
191,72,138
192,15,134
193,92,53
194,72,162
195,112,81
196,102,75
197,110,73
198,87,90
199,100,174
200,101,165
201,87,165
202,51,150
203,66,110
204,60,157
205,44,108
206,57,117
207,34,121
208,84,174
209,80,95
210,41,156
211,54,163
212,44,141
213,5,124
214,29,142
215,-4,129
216,49,127
217,86,83
218,93,105
219,85,107
220,98,99
221,77,43
222,63,35
223,51,33
224,39,35
225,30,40
226,21,58
227,-12,78
228,28,71
229,38,74
230,50,75
231,62,74
232,71,72
233,77,69
234,-20,76
235,84,109
236,96,85
237,101,105
238,104,109
239,100,107
240,85,111
241,106,110
242,105,111
243,78,63
244,83,64
245,87,65
246,37,55
247,30,50
248,118,82
249,151,65
250,118,111
251,168,33
252,130,72
253,137,73
254,144,72
255,152,67
256,124,69
257,145,45
258,136,46
259,152,47
260,156,51
261,156,71
262,124,167
263,153,61
264,166,66
265,160,64
266,140,101
267,109,129
268,106,135
269,116,131
270,121,134
271,113,135
272,117,137
273,131,146
274,121,106
275,123,98
276,165,43
277,126,82
278,131,105
279,131,101
280,159,101
281,121,89
282,155,34
283,162,37
284,167,19
285,125,39
286,128,50
287,137,140
288,149,135
289,125,109
290,120,111
291,125,139
292,123,139
293,165,31
294,130,108
295,144,34
296,146,27
297,148,0
298,166,26
299,146,14
300,167,39
301,169,37
302,108,132
303,114,133
304,119,135
305,123,110
306,124,139
307,121,140
308,122,139
309,125,107
310,115,137
311,111,137
312,105,136
313,111,155
314,106,145
315,106,141
316,106,138
317,105,136
318,115,137
319,117,138
320,118,140
321,119,142
322,134,127
323,156,98
324,119,138
325,120,139
326,118,114
327,126,112
328,119,113
329,133,87
330,144,92
331,131,104
332,161,8
333,159,18
334,158,27
335,126,149
336,129,28
337,129,13
338,130,-4
339,149,70
340,160,76
341,121,67
342,159,54
343,121,77
344,130,102
345,168,82
346,158,83
347,152,86
348,140,85
349,130,81
350,124,77
351,114,67
352,168,98
353,163,53
354,117,110
355,126,90
356,161,65
357,119,73
358,130,105
359,155,61
360,129,97
361,153,116
362,120,64
363,125,92
364,146,153
365,140,160
366,165,98
367,152,143
368,168,51
369,123,174
370,114,112
371,132,95
372,162,65
373,145,69
374,138,70
375,122,141
376,165,112
377,110,184
378,126,174
379,132,168
380,131,69
381,126,67
382,122,65
383,165,50
384,126,56
385,133,53
386,141,53
387,147,55
388,150,57
389,166,47
390,148,67
391,129,122
392,126,108
393,118,120
394,138,161
395,131,167
396,113,179
397,145,149
398,122,61
399,120,79
400,119,179
401,162,115
402,111,137
403,112,138
404,113,141
405,113,144
406,119,153
407,121,138
408,122,137
409,124,137
410,137,133
411,160,116
412,118,72
413,118,56
414,121,57
415,119,138
416,156,133
417,115,55
418,121,160
419,116,75
420,125,91
421,112,164
422,136,149
423,135,110
424,129,155
425,150,110
426,141,118
427,153,122
428,114,172
429,127,95
430,139,154
431,131,161
432,143,140
433,161,125
434,149,141
435,158,129
436,144,128
437,123,84
438,128,105
439,129,107
440,127,100
441,126,47
442,139,42
443,149,41
444,157,44
445,160,48
446,157,62
447,166,83
448,153,75
449,147,78
450,138,78
451,130,76
452,123,73
453,119,70
454,157,81
455,128,109
456,122,86
457,125,105
458,119,109
459,123,107
460,125,111
461,119,110
462,116,111
463,118,64
464,116,65
465,116,67
466,152,59
467,157,55
468,54,59
469,63,59
470,54,50
471,45,59
472,54,68
473,134,62
474,143,62
475,135,53
476,125,61
477,134,70
