0,103,123
1,100,90
2,99,103
3,92,72
4,100,83
5,100,75
6,99,60
7,37,65
8,99,43
9,99,32
10,100,1
11,103,126
12,102,129
13,101,131
14,98,177
15,98,181
16,98,184
17,97,188
18,97,185
19,100,96
20,92,98
21,4,42
22,60,71
23,52,72
24,43,71
25,33,67
26,67,68
27,49,44
28,58,45
29,39,46
30,33,50
31,25,72
32,61,189
33,34,62
34,-1,75
35,15,67
36,54,97
37,92,123
38,93,130
39,82,130
40,75,137
41,86,134
42,80,140
43,55,159
44,93,90
45,92,83
46,20,42
47,71,79
48,72,95
49,70,92
50,28,100
51,92,77
52,41,28
53,29,33
54,15,26
55,78,34
56,66,49
57,51,148
58,2,155
59,78,99
60,85,101
61,69,154
62,71,154
63,23,29
64,71,100
65,57,28
66,55,21
67,52,5
68,21,29
69,56,15
70,14,40
71,11,43
72,93,127
73,84,132
74,78,139
75,80,101
76,70,155
77,71,162
78,72,154
79,83,93
80,82,140
81,87,135
82,94,132
83,83,183
84,85,186
85,86,183
86,88,179
87,89,176
88,78,168
89,76,168
90,74,169
91,71,170
92,61,126
93,-6,114
94,99,99
95,75,162
96,73,162
97,87,104
98,73,105
99,86,102
100,62,83
101,48,89
102,69,97
103,30,13
104,35,20
105,37,23
106,61,168
107,75,23
108,77,15
109,74,1
110,37,70
111,15,78
112,72,65
113,24,55
114,78,73
115,77,89
116,6,86
117,22,82
118,34,83
119,50,81
120,62,78
121,71,74
122,91,62
123,6,101
124,17,54
125,96,96
126,72,84
127,-5,78
128,78,69
129,67,99
130,30,62
131,76,86
132,-3,134
133,72,63
134,84,81
135,23,170
136,20,184
137,-4,108
138,13,160
139,4,58
140,57,199
141,96,99
142,64,90
143,7,70
144,45,68
145,52,69
146,69,162
147,7,118
148,73,216
149,43,202
150,32,194
151,100,16
152,94,218
153,59,68
154,65,66
155,69,64
156,10,54
157,65,57
158,58,54
159,51,54
160,44,56
161,39,58
162,-1,58
163,40,66
164,99,110
165,68,118
166,78,96
167,86,111
168,99,53
169,33,181
170,44,190
171,74,206
172,11,172
173,70,60
174,85,72
175,95,210
176,56,210
177,-2,127
178,83,173
179,81,175
180,78,177
181,76,179
182,70,177
183,75,146
184,73,146
185,71,145
186,55,136
187,21,119
188,85,67
189,78,53
190,73,56
191,77,146
192,19,143
193,87,51
194,65,182
195,100,70
196,92,67
197,99,65
198,78,82
199,96,200
200,96,191
201,80,189
202,46,162
203,60,107
204,54,172
205,42,108
206,53,116
207,35,124
208,77,197
209,72,88
210,38,169
211,48,180
212,42,149
213,10,134
214,30,152
215,3,144
216,47,129
217,79,78
218,80,92
219,75,96
220,85,86
221,71,44
222,58,38
223,46,38
224,36,41
225,28,47
226,23,65
227,-3,91
228,30,75
229,39,76
230,50,76
231,61,74
232,69,71
233,75,67
234,-6,97
235,75,100
236,85,76
237,87,90
238,92,95
239,87,93
240,77,103
241,93,96
242,94,99
243,75,62
244,80,62
245,83,62
246,37,60
247,30,56
248,107,72
249,154,66
250,106,98
251,182,46
252,133,72
253,140,73
254,148,72
255,157,69
256,127,69
257,145,46
258,136,47
259,153,49
260,158,53
261,164,75
262,128,189
263,157,64
264,186,78
265,173,70
266,139,98
267,112,123
268,109,130
269,120,129
270,123,137
271,114,134
272,117,140
273,136,159
274,107,91
275,108,84
276,171,45
277,123,79
278,125,95
279,126,93
280,163,101
281,107,77
282,153,31
283,164,36
284,176,30
285,118,35
286,128,50
287,140,148
288,175,156
289,118,99
290,111,101
291,122,155
292,119,154
293,169,32
294,124,100
295,139,29
296,141,23
297,146,7
298,171,33
299,141,18
300,176,43
301,178,47
302,111,127
303,117,132
304,121,139
305,115,101
306,121,155
307,119,161
308,118,154
309,115,94
310,115,140
311,112,135
312,107,132
313,110,183
314,108,185
315,108,182
316,107,178
317,106,175
318,113,166
319,115,167
320,118,167
321,120,168
322,133,126
323,184,117
324,115,161
325,117,161
326,109,104
327,121,106
328,110,103
329,132,84
330,145,90
331,127,97
332,164,17
333,159,24
334,157,25
335,130,168
336,121,24
337,122,16
338,125,3
339,154,71
340,171,81
341,123,66
342,166,58
343,117,74
344,120,90
345,181,88
346,166,85
347,156,85
348,142,83
349,131,79
350,122,75
351,107,62
352,181,104
353,172,57
354,103,96
355,123,85
356,186,81
357,117,70
358,127,99
359,160,64
360,121,87
361,181,135
362,122,63
363,114,81
364,160,170
365,160,183
366,187,111
367,169,160
368,182,61
369,129,199
370,102,99
371,130,91
372,180,73
373,147,68
374,141,69
375,121,161
376,178,120
377,114,215
378,140,201
379,150,193
380,134,68
381,129,66
382,125,65
383,178,58
384,129,58
385,135,57
386,142,57
387,148,58
388,152,61
389,185,62
390,151,67
391,126,118
392,118,97
393,111,112
394,151,181
395,141,189
396,114,206
397,167,172
398,125,61
399,112,72
400,129,208
401,184,128
402,110,171
403,113,173
404,115,175
405,116,177
406,122,177
407,119,146
408,121,146
409,124,145
410,137,136
411,167,121
412,112,67
413,117,54
414,122,57
415,117,146
416,166,144
417,110,52
418,125,181
419,107,67
420,118,83
421,111,189
422,143,161
423,133,107
424,136,172
425,151,109
426,139,117
427,155,125
428,113,196
429,123,89
430,149,169
431,139,179
432,148,149
433,175,135
434,157,153
435,178,145
436,144,130
437,117,78
438,117,92
439,122,97
440,114,86
441,124,45
442,137,40
443,148,40
444,157,44
445,163,49
446,166,67
447,187,94
448,160,77
449,152,78
450,142,78
451,132,75
452,124,72
453,119,68
454,185,99
455,121,100
456,113,76
457,112,91
458,107,96
459,111,93
460,119,103
461,105,96
462,104,99
463,120,63
464,115,63
465,112,63
466,155,62
467,161,58
468,57,62
469,67,62
470,56,53
471,46,63
472,58,71
473,137,63
474,148,64
475,138,54
476,126,62
477,136,72
