0,102,126
1,98,96
2,98,107
3,91,76
4,99,89
5,99,81
6,98,63
7,34,67
8,99,44
9,99,33
10,100,-5
11,101,128
12,101,131
13,101,132
14,101,146
15,101,149
16,101,153
17,101,157
18,97,162
19,98,101
20,91,102
21,4,39
22,58,75
23,49,76
24,41,74
25,30,69
26,65,72
27,46,47
28,56,48
29,36,49
30,30,53
31,24,74
32,65,175
33,31,64
34,0,74
35,14,69
36,54,100
37,93,125
38,93,131
39,84,130
40,77,134
41,86,133
42,81,136
43,60,149
44,92,96
45,91,89
46,19,47
47,72,82
48,73,99
49,72,96
50,27,103
51,91,82
52,40,36
53,27,40
54,13,23
55,78,43
56,65,52
57,54,142
58,7,149
59,80,103
60,86,105
61,70,141
62,72,141
63,23,35
64,73,104
65,56,36
66,54,30
67,49,0
68,19,28
69,54,14
70,13,44
71,9,41
72,93,128
73,85,131
74,79,135
75,82,105
76,71,141
77,74,143
78,73,141
79,83,98
80,82,136
81,87,134
82,93,132
83,86,162
84,90,156
85,91,152
86,92,148
87,93,145
88,82,143
89,80,144
90,78,146
91,76,148
92,63,125
93,-1,111
94,98,104
95,78,142
96,76,143
97,88,108
98,75,109
99,87,106
100,62,87
101,47,92
102,71,101
103,27,9
104,33,18
105,36,30
106,66,154
107,75,32
108,75,13
109,72,-4
110,34,73
111,15,80
112,70,70
113,22,58
114,78,76
115,78,95
116,6,87
117,20,85
118,32,87
119,48,86
120,61,83
121,70,78
122,90,65
123,7,103
124,16,57
125,94,101
126,73,88
127,-2,76
128,77,74
129,69,102
130,27,64
131,77,91
132,1,130
133,71,67
134,84,86
135,27,163
136,26,173
137,0,107
138,16,154
139,4,57
140,63,183
141,95,104
142,65,94
143,7,71
144,41,71
145,49,72
146,72,144
147,8,119
148,78,194
149,52,186
150,40,181
151,100,13
152,95,195
153,56,71
154,63,70
155,68,68
156,10,56
157,63,59
158,56,55
159,48,55
160,40,56
161,36,59
162,0,56
163,37,69
164,97,113
165,71,119
166,79,101
167,87,114
168,98,54
169,39,171
170,50,177
171,78,188
172,16,163
173,69,64
174,85,75
175,96,189
176,64,190
177,1,125
178,87,144
179,85,146
180,83,149
181,82,153
182,75,159
183,76,138
184,74,138
185,73,137
186,57,133
187,20,121
188,84,70
189,77,58
190,72,60
191,77,138
192,20,141
193,86,57
194,69,167
195,99,75
196,91,71
197,99,69
198,78,87
199,96,181
200,97,171
201,82,171
202,51,154
203,62,109
204,59,162
205,40,110
206,53,117
207,33,124
208,79,180
209,73,92
210,43,161
211,53,169
212,44,144
213,11,132
214,32,148
215,6,141
216,47,129
217,79,81
218,81,97
219,76,101
220,84,91
221,70,50
222,56,44
223,43,43
224,33,45
225,25,50
226,21,67
227,-1,91
228,28,77
229,37,79
230,49,80
231,60,78
232,68,75
233,74,72
234,-2,94
235,76,104
236,85,80
237,87,96
238,91,100
239,87,98
240,78,107
241,92,101
242,93,103
243,74,66
244,79,67
245,82,67
246,33,61
247,27,58
248,106,76
249,160,67
250,104,102
251,189,38
252,137,74
253,145,75
254,153,74
255,163,69
256,131,72
257,147,47
258,138,49
259,156,49
260,162,53
261,169,74
262,127,174
263,163,64
264,191,73
265,178,69
266,140,99
267,110,125
268,108,131
269,117,129
270,121,133
271,113,133
272,117,135
273,133,149
274,105,96
275,106,89
276,172,47
277,124,81
278,122,99
279,123,96
280,166,101
281,106,82
282,151,37
283,163,40
284,182,22
285,116,44
286,130,53
287,139,141
288,178,147
289,115,103
290,109,105
291,124,141
292,122,141
293,168,36
294,122,103
295,136,37
296,136,31
297,150,0
298,176,27
299,144,14
300,177,45
301,184,40
302,109,128
303,115,131
304,119,134
305,113,105
306,123,141
307,122,144
308,121,141
309,112,98
310,115,136
311,112,133
312,107,132
313,108,161
314,110,156
315,110,152
316,109,148
317,107,145
318,116,144
319,117,145
320,119,146
321,121,148
322,131,125
323,188,109
324,118,142
325,120,143
326,107,108
327,119,108
328,108,106
329,133,86
330,147,91
331,124,100
332,170,9
333,164,18
334,154,31
335,127,154
336,118,33
337,124,13
338,127,-4
339,160,72
340,177,80
341,126,69
342,170,58
343,118,76
344,118,95
345,185,85
346,172,84
347,161,86
348,146,85
349,135,82
350,126,78
351,107,65
352,184,101
353,175,58
354,102,101
355,122,87
356,191,74
357,119,73
358,125,102
359,166,64
360,119,91
361,184,128
362,126,66
363,113,85
364,162,161
365,161,171
366,190,106
367,173,152
368,188,56
369,128,183
370,100,104
371,130,93
372,185,72
373,152,70
374,145,71
375,123,145
376,182,117
377,113,194
378,137,184
379,148,179
380,139,70
381,132,69
382,128,68
383,181,57
384,132,60
385,139,56
386,146,56
387,153,57
388,158,59
389,191,54
390,157,68
391,123,119
392,116,101
393,108,114
394,151,170
395,140,176
396,114,188
397,170,161
398,128,64
399,112,75
400,126,189
401,187,123
402,112,144
403,114,146
404,116,149
405,117,153
406,119,158
407,120,138
408,122,138
409,123,137
410,136,132
411,171,119
412,112,70
413,118,58
414,124,60
415,118,138
416,170,139
417,110,57
418,123,166
419,106,71
420,117,86
421,111,170
422,141,153
423,132,108
424,133,161
425,153,109
426,140,117
427,159,123
428,113,180
429,122,92
430,148,160
431,138,168
432,148,143
433,179,131
434,159,146
435,182,138
436,146,128
437,117,81
438,115,97
439,119,101
440,112,91
441,124,51
442,137,45
443,149,43
444,159,45
445,166,50
446,171,67
447,191,89
448,165,77
449,157,79
450,146,79
451,136,78
452,128,75
453,122,72
454,190,92
455,119,104
456,112,80
457,110,96
458,105,101
459,109,98
460,116,106
461,104,101
462,102,103
463,123,66
464,118,67
465,114,67
466,160,62
467,166,58
468,53,64
469,64,64
470,53,54
471,41,64
472,53,74
473,144,64
474,154,64
475,144,55
476,134,64
477,144,73
