0,97,131
1,94,103
2,96,112
3,88,80
4,94,96
5,94,86
6,95,63
7,42,62
8,94,41
9,94,30
10,93,-3
11,97,133
12,97,137
13,97,139
14,97,139
15,97,142
16,97,145
17,97,148
18,100,155
19,95,107
20,90,108
21,16,34
22,62,72
23,55,72
24,48,71
25,39,65
26,69,70
27,51,43
28,60,44
29,43,44
30,38,48
31,33,70
32,74,165
33,40,59
34,15,67
35,25,64
36,60,101
37,90,129
38,91,137
39,83,133
40,79,137
41,86,138
42,83,139
43,69,148
44,88,103
45,87,96
46,28,41
47,74,81
48,74,104
49,73,100
50,38,102
51,87,87
52,44,32
53,34,35
54,20,20
55,77,39
56,68,49
57,64,143
58,29,136
59,80,108
60,86,110
61,76,143
62,77,142
63,30,29
64,74,108
65,58,32
66,57,26
67,47,1
68,24,26
69,51,14
70,24,38
71,19,37
72,90,133
73,85,135
74,81,138
75,82,109
76,77,143
77,79,143
78,78,142
79,82,104
80,84,140
81,88,139
82,92,139
83,91,155
84,91,148
85,91,145
86,91,141
87,92,139
88,84,140
89,83,141
90,81,143
91,80,145
92,69,129
93,20,100
94,96,109
95,81,141
96,80,142
97,88,112
98,78,112
99,87,111
100,66,86
101,54,92
102,72,104
103,30,9
104,34,17
105,41,25
106,75,150
107,74,28
108,70,14
109,68,-2
110,42,69
111,26,76
112,73,67
113,32,53
114,79,76
115,77,100
116,19,82
117,30,82
118,40,85
119,54,84
120,64,81
121,72,77
122,87,65
123,22,99
124,26,52
125,92,107
126,75,89
127,16,66
128,78,72
129,72,105
130,36,59
131,76,96
132,23,117
133,73,64
134,81,91
135,43,152
136,45,159
137,17,99
138,33,144
139,17,51
140,73,171
141,93,109
142,69,95
143,19,66
144,48,67
145,54,68
146,78,144
147,25,114
148,87,180
149,66,171
150,56,166
151,93,13
152,103,181
153,61,68
154,67,67
155,71,65
156,21,50
157,67,55
158,60,52
159,53,51
160,47,52
161,43,55
162,15,49
163,44,65
164,96,118
165,75,123
166,80,106
167,87,119
168,95,53
169,53,160
170,63,165
171,86,176
172,36,150
173,71,61
174,83,77
175,102,177
176,75,176
177,21,116
178,87,139
179,86,141
180,85,144
181,85,147
182,82,153
183,80,141
184,78,140
185,77,140
186,66,135
187,34,118
188,83,70
189,78,56
190,74,57
191,81,141
192,36,134
193,85,54
194,77,159
195,94,78
196,87,73
197,94,71
198,78,89
199,101,170
200,100,162
201,88,162
202,61,150
203,66,111
204,68,155
205,49,110
206,60,119
207,44,123
208,86,170
209,75,94
210,54,154
211,64,160
212,54,143
213,28,126
214,45,142
215,25,130
216,56,130
217,79,83
218,79,103
219,76,106
220,81,98
221,72,46
222,59,40
223,48,39
224,40,41
225,34,45
226,32,62
227,15,83
228,37,74
229,44,77
230,54,78
231,63,76
232,71,73
233,76,70
234,18,83
235,77,108
236,82,84
237,84,103
238,89,106
239,85,104
240,80,111
241,90,107
242,91,109
243,76,64
244,79,65
245,82,66
246,41,57
247,36,53
248,101,79
249,158,59
250,102,107
251,189,29
252,135,69
253,143,70
254,151,68
255,161,62
256,128,67
257,145,40
258,135,41
259,154,41
260,160,45
261,168,67
262,130,165
263,160,56
264,194,63
265,177,60
266,137,99
267,104,129
268,103,137
269,111,133
270,116,136
271,109,138
272,113,139
273,132,147
274,101,103
275,102,96
276,171,37
277,121,80
278,120,103
279,121,99
280,163,99
281,101,87
282,151,28
283,162,31
284,179,15
285,114,37
286,127,46
287,137,142
288,191,134
289,113,107
290,107,109
291,121,142
292,120,142
293,167,26
294,120,107
295,135,29
296,136,23
297,143,-1
298,173,21
299,138,11
300,176,34
301,182,33
302,103,133
303,110,135
304,114,138
305,112,108
306,120,142
307,118,142
308,119,142
309,110,103
310,112,140
311,108,139
312,103,139
313,109,155
314,105,148
315,104,144
316,104,141
317,103,139
318,112,140
319,114,141
320,115,143
321,116,145
322,128,128
323,198,96
324,116,141
325,117,141
326,105,112
327,118,112
328,106,110
329,130,85
330,144,90
331,122,103
332,165,4
333,159,14
334,153,22
335,126,150
336,116,26
337,117,12
338,120,-4
339,158,66
340,177,73
341,123,65
342,168,49
343,115,75
344,115,99
345,186,79
346,172,79
347,161,83
348,145,82
349,133,79
350,124,75
351,103,65
352,184,96
353,174,48
354,99,107
355,120,87
356,197,62
357,117,71
358,123,104
359,164,56
360,116,95
361,196,115
362,122,62
363,109,90
364,168,152
365,171,159
366,195,96
367,180,142
368,188,47
369,133,171
370,98,109
371,127,93
372,184,61
373,150,64
374,143,66
375,119,143
376,183,111
377,119,180
378,145,172
379,157,167
380,136,65
381,129,64
382,125,63
383,180,46
384,128,53
385,135,49
386,143,48
387,151,49
388,156,52
389,194,44
390,155,62
391,121,123
392,113,105
393,106,119
394,156,160
395,145,166
396,119,176
397,182,148
398,124,58
399,108,76
400,133,177
401,193,113
402,108,139
403,109,141
404,110,143
405,111,147
406,118,153
407,117,140
408,118,140
409,119,139
410,133,134
411,170,115
412,109,69
413,115,54
414,120,55
415,116,141
416,172,132
417,107,53
418,125,159
419,102,72
420,114,88
421,113,162
422,142,149
423,130,110
424,135,155
425,150,108
426,138,117
427,157,121
428,116,170
429,119,93
430,152,153
431,141,160
432,148,142
433,181,123
434,161,141
435,189,128
436,144,128
437,114,82
438,112,102
439,117,105
440,108,97
441,121,44
442,135,37
443,147,36
444,157,37
445,164,42
446,169,58
447,195,79
448,164,71
449,155,74
450,144,75
451,134,74
452,125,71
453,119,68
454,198,79
455,117,107
456,108,83
457,106,102
458,102,106
459,106,103
460,115,110
461,101,106
462,101,108
463,119,62
464,114,63
465,111,64
466,158,54
467,164,50
468,57,60
469,67,59
470,57,50
471,48,60
472,58,69
473,139,57
474,149,56
475,138,48
476,128,57
477,139,66
