0,94,116
1,96,94
2,95,100
3,92,73
4,97,88
5,97,79
6,97,58
7,49,54
8,98,39
9,99,29
10,101,-2
11,94,117
12,93,119
13,93,120
14,93,126
15,93,128
16,92,131
17,92,133
18,91,137
19,96,97
20,91,97
21,21,23
22,66,62
23,60,62
24,53,61
25,45,56
26,72,60
27,58,38
28,66,39
29,51,39
30,46,42
31,39,59
32,68,143
33,46,51
34,18,52
35,31,52
36,63,88
37,88,115
38,88,119
39,82,116
40,78,118
41,84,119
42,80,120
43,67,128
44,92,93
45,91,87
46,36,34
47,76,72
48,78,92
49,77,89
50,43,86
51,92,80
52,53,28
53,43,30
54,29,11
55,83,36
56,72,43
57,64,123
58,24,113
59,83,96
60,87,98
61,73,121
62,74,121
63,39,24
64,78,95
65,66,29
66,65,23
67,59,-1
68,34,18
69,63,11
70,31,30
71,26,28
72,88,117
73,83,118
74,79,119
75,84,97
76,73,121
77,75,123
78,75,121
79,85,93
80,80,120
81,84,120
82,88,120
83,84,137
84,86,132
85,87,130
86,87,127
87,88,125
88,80,124
89,79,124
90,78,126
91,77,127
92,71,112
93,16,80
94,95,98
95,78,123
96,77,123
97,88,100
98,80,99
99,88,99
100,69,76
101,58,80
102,76,92
103,41,3
104,46,12
105,50,22
106,71,131
107,81,26
108,80,12
109,79,-3
110,48,59
111,32,63
112,76,58
113,39,45
114,81,68
115,81,90
116,25,67
117,36,69
118,45,73
119,58,73
120,68,71
121,75,68
122,91,59
123,26,82
124,33,43
125,93,97
126,78,78
127,15,51
128,80,64
129,75,92
130,43,51
131,81,86
132,19,96
133,76,55
134,86,82
135,41,129
136,39,134
137,18,81
138,32,121
139,22,39
140,66,147
141,93,98
142,72,83
143,25,53
144,54,58
145,60,59
146,74,124
147,28,95
148,76,154
149,58,146
150,50,142
151,100,14
152,88,156
153,65,59
154,71,57
155,74,56
156,28,40
157,71,48
158,65,45
159,60,45
160,54,46
161,50,48
162,16,35
163,51,56
164,94,105
165,77,108
166,83,95
167,87,106
168,98,49
169,49,137
170,58,142
171,76,151
172,31,126
173,74,53
174,86,70
175,89,152
176,66,151
177,21,96
178,84,124
179,83,126
180,82,128
181,81,130
182,77,134
183,77,120
184,76,120
185,75,120
186,67,117
187,38,99
188,86,63
189,81,49
190,77,50
191,77,121
192,37,114
193,88,49
194,72,138
195,97,72
196,91,67
197,97,66
198,82,80
199,90,148
200,90,142
201,81,142
202,59,129
203,69,97
204,65,134
205,53,95
206,63,103
207,48,105
208,78,147
209,78,84
210,53,132
211,60,137
212,55,122
213,30,105
214,46,121
215,25,109
216,58,112
217,82,74
218,83,92
219,80,94
220,86,88
221,76,41
222,66,36
223,56,34
224,48,36
225,42,39
226,38,52
227,17,67
228,43,63
229,50,66
230,59,67
231,67,66
232,74,64
233,78,61
234,15,65
235,80,96
236,87,76
237,88,93
238,90,96
239,87,94
240,82,98
241,91,96
242,92,98
243,78,56
244,82,57
245,85,59
246,48,50
247,43,46
248,102,73
249,143,59
250,100,97
251,166,31
252,124,66
253,130,67
254,136,66
255,144,60
256,119,64
257,136,42
258,128,43
259,143,44
260,146,47
261,148,64
262,110,144
263,145,56
264,166,60
265,154,58
266,124,91
267,99,115
268,98,119
269,104,117
270,107,120
271,102,120
272,105,121
273,114,130
274,101,94
275,103,88
276,155,41
277,114,74
278,112,94
279,113,90
280,142,91
281,103,80
282,143,34
283,151,36
284,162,19
285,114,39
286,121,47
287,119,125
288,151,118
289,107,97
290,103,98
291,110,124
292,109,123
293,154,32
294,111,97
295,131,35
296,133,29
297,139,3
298,157,25
299,134,15
300,159,37
301,162,35
302,99,117
303,103,119
304,106,120
305,105,98
306,110,124
307,108,125
308,108,123
309,106,94
310,104,121
311,101,121
312,98,120
313,97,137
314,98,133
315,98,130
316,98,128
317,97,126
318,104,125
319,104,126
320,105,127
321,106,128
322,115,114
323,161,88
324,106,124
325,107,125
326,101,100
327,109,100
328,102,99
329,120,78
330,129,83
331,113,93
332,153,9
333,149,19
334,145,29
335,110,133
336,117,30
337,118,15
338,122,0
339,141,64
340,153,69
341,116,62
342,151,50
343,110,69
344,110,91
345,160,74
346,150,75
347,142,78
348,131,77
349,122,74
350,116,71
351,103,60
352,157,88
353,155,49
354,99,97
355,112,80
356,166,59
357,112,67
358,113,94
359,147,55
360,110,87
361,157,103
362,115,59
363,107,83
364,136,133
365,135,138
366,162,88
367,144,125
368,164,47
369,111,148
370,98,98
371,117,85
372,158,58
373,137,63
374,131,64
375,108,126
376,153,101
377,100,155
378,117,148
379,125,144
380,125,64
381,120,62
382,117,60
383,159,46
384,121,52
385,127,48
386,133,48
387,139,50
388,142,52
389,167,43
390,140,61
391,110,109
392,107,96
393,101,106
394,127,139
395,119,143
396,101,152
397,143,130
398,117,56
399,106,71
400,109,152
401,158,102
402,101,125
403,102,127
404,102,129
405,103,131
406,104,135
407,107,122
408,108,122
409,109,122
410,118,119
411,144,104
412,106,64
413,112,53
414,115,54
415,106,122
416,142,118
417,107,52
418,108,140
419,103,67
420,109,81
421,99,142
422,121,131
423,118,99
424,115,136
425,132,99
426,123,106
427,135,109
428,101,148
429,111,85
430,126,134
431,118,139
432,126,125
433,150,111
434,134,125
435,153,114
436,125,114
437,109,75
438,108,93
439,110,95
440,107,89
441,118,45
442,129,40
443,139,40
444,146,41
445,150,45
446,150,57
447,164,74
448,145,68
449,139,71
450,131,71
451,123,70
452,117,67
453,113,64
454,163,73
455,109,97
456,106,76
457,105,93
458,101,96
459,104,94
460,107,99
461,100,97
462,99,98
463,113,59
464,110,60
465,108,62
466,144,54
467,148,51
468,62,51
469,70,51
470,62,42
471,53,51
472,61,60
473,126,55
474,135,55
475,126,45
476,117,54
477,126,64
