0,97,126
1,96,99
2,95,109
3,90,77
4,97,91
5,97,83
6,98,64
7,42,64
8,98,47
9,99,37
10,100,2
11,97,128
12,96,131
13,96,133
14,95,157
15,95,160
16,95,164
17,95,169
18,91,172
19,96,103
20,89,104
21,9,38
22,62,70
23,55,71
24,47,70
25,37,67
26,69,69
27,53,50
28,62,51
29,45,52
30,39,55
31,29,72
32,59,178
33,39,63
34,2,71
35,20,68
36,54,98
37,86,124
38,87,131
39,75,128
40,67,133
41,78,133
42,72,136
43,54,151
44,90,98
45,89,91
46,27,49
47,72,80
48,70,99
49,70,96
50,29,98
51,90,84
52,48,39
53,36,43
54,18,24
55,82,45
56,69,54
57,50,142
58,6,145
59,77,103
60,83,106
61,59,145
62,62,145
63,31,39
64,70,103
65,63,39
66,62,33
67,53,5
68,24,30
69,57,18
70,21,46
71,15,42
72,86,128
73,76,131
74,69,135
75,78,105
76,60,145
77,64,150
78,63,145
79,81,99
80,73,137
81,80,134
82,87,133
83,79,170
84,83,167
85,84,163
86,85,158
87,86,156
88,73,152
89,71,153
90,68,155
91,66,157
92,59,125
93,0,107
94,95,106
95,68,149
96,66,149
97,85,109
98,72,108
99,84,107
100,62,85
101,48,89
102,68,100
103,32,12
104,38,22
105,45,34
106,60,158
107,80,35
108,77,18
109,75,2
110,41,69
111,20,77
112,74,67
113,30,58
114,78,76
115,76,95
116,9,82
117,26,81
118,37,83
119,53,82
120,64,79
121,73,76
122,90,65
123,9,98
124,23,58
125,92,103
126,72,87
127,0,72
128,79,72
129,67,101
130,34,64
131,75,91
132,1,125
133,74,65
134,82,87
135,23,161
136,22,171
137,0,103
138,14,151
139,8,55
140,56,187
141,93,106
142,64,92
143,12,70
144,49,66
145,55,66
146,61,151
147,9,114
148,71,200
149,45,188
150,34,181
151,100,19
152,89,203
153,61,66
154,67,66
155,71,65
156,16,57
157,67,61
158,61,60
159,55,60
160,48,60
161,44,61
162,3,54
163,45,65
164,95,115
165,67,119
166,77,101
167,83,115
168,98,56
169,34,171
170,44,178
171,71,193
172,13,161
173,72,63
174,84,76
175,90,196
176,56,195
177,1,120
178,79,154
179,77,156
180,75,159
181,73,163
182,68,165
183,66,140
184,64,140
185,62,138
186,53,132
187,21,116
188,84,70
189,80,58
190,75,60
191,68,141
192,19,137
193,88,57
194,63,171
195,97,76
196,90,72
197,97,70
198,77,87
199,91,188
200,91,179
201,76,177
202,46,154
203,60,108
204,53,163
205,41,107
206,52,116
207,34,121
208,73,185
209,72,91
210,38,160
211,48,170
212,41,143
213,11,128
214,30,145
215,5,136
216,45,127
217,78,81
218,78,98
219,73,101
220,82,93
221,75,51
222,62,47
223,51,46
224,42,48
225,34,52
226,28,66
227,0,86
228,34,74
229,42,76
230,53,76
231,63,74
232,71,72
233,77,70
234,0,90
235,73,104
236,84,81
237,84,98
238,88,102
239,84,100
240,75,106
241,90,103
242,90,105
243,77,65
244,81,66
245,84,66
246,41,62
247,35,58
248,104,78
249,155,68
250,102,105
251,186,47
252,132,72
253,140,73
254,148,74
255,158,72
256,126,70
257,145,53
258,136,53
259,154,55
260,159,59
261,165,77
262,123,181
263,158,67
264,189,79
265,175,73
266,137,102
267,107,125
268,105,132
269,116,130
270,122,135
271,112,134
272,117,138
273,130,155
274,103,99
275,104,92
276,171,54
277,121,83
278,121,101
279,122,98
280,162,105
281,104,84
282,152,43
283,163,47
284,179,31
285,116,45
286,128,55
287,136,146
288,178,153
289,114,105
290,107,107
291,125,148
292,123,148
293,168,43
294,121,106
295,136,42
296,138,36
297,147,9
298,173,36
299,142,22
300,176,52
301,181,49
302,107,129
303,114,132
304,120,137
305,112,107
306,124,148
307,122,153
308,122,148
309,111,101
310,115,138
311,110,135
312,104,133
313,104,171
314,106,168
315,106,163
316,105,159
317,104,156
318,114,153
319,117,155
320,119,157
321,121,159
322,128,128
323,188,116
324,118,151
325,120,152
326,105,110
327,118,110
328,106,108
329,130,88
330,143,94
331,123,102
332,167,19
333,161,27
334,155,38
335,124,161
336,119,36
337,122,20
338,126,4
339,154,73
340,174,83
341,121,68
342,167,63
343,115,77
344,116,97
345,183,91
346,168,87
347,158,88
348,142,86
349,130,82
350,122,78
351,105,66
352,181,106
353,174,63
354,100,103
355,120,89
356,191,81
357,115,73
358,124,104
359,162,68
360,117,94
361,184,134
362,121,65
363,111,88
364,159,167
365,159,178
366,189,111
367,170,158
368,185,63
369,124,190
370,98,106
371,127,95
372,182,76
373,147,69
374,141,69
375,124,154
376,179,122
377,108,202
378,135,192
379,146,186
380,134,68
381,128,67
382,123,66
383,179,63
384,128,62
385,135,61
386,142,62
387,149,63
388,153,65
389,190,62
390,151,69
391,121,122
392,114,103
393,106,116
394,148,176
395,137,183
396,109,195
397,169,168
398,123,64
399,110,77
400,123,197
401,185,128
402,110,155
403,112,157
404,114,161
405,115,165
406,115,167
407,120,143
408,123,142
409,125,141
410,133,136
411,167,123
412,110,71
413,115,58
414,120,60
415,118,142
416,167,144
417,108,57
418,119,174
419,105,72
420,115,88
421,106,178
422,138,158
423,130,111
424,130,167
425,149,113
426,137,120
427,154,127
428,108,187
429,120,94
430,145,165
431,134,174
432,144,148
433,176,135
434,155,151
435,180,144
436,142,132
437,115,83
438,113,100
439,118,103
440,111,94
441,122,52
442,136,48
443,148,49
444,158,52
445,164,56
446,167,70
447,190,95
448,161,79
449,152,80
450,142,79
451,131,77
452,123,74
453,118,71
454,190,98
455,117,106
456,110,82
457,108,99
458,103,103
459,108,101
460,115,108
461,102,103
462,101,106
463,118,65
464,114,66
465,111,66
466,156,66
467,162,63
468,56,63
469,65,63
470,55,56
471,47,63
472,56,70
473,139,65
474,149,65
475,140,57
476,130,64
477,139,72
