0,98,129
1,101,100
2,100,109
3,94,78
4,101,92
5,101,84
6,101,63
7,39,63
8,100,43
9,101,32
10,101,-5
11,98,131
12,98,134
13,98,136
14,99,136
15,99,138
16,98,141
17,99,144
18,100,160
19,100,104
20,94,105
21,8,32
22,62,72
23,54,72
24,46,71
25,36,66
26,69,69
27,51,44
28,60,46
29,42,46
30,36,50
31,29,71
32,71,172
33,36,61
34,3,68
35,19,65
36,60,100
37,91,128
38,92,134
39,83,131
40,78,134
41,86,135
42,82,136
43,66,148
44,95,100
45,94,93
46,24,42
47,76,81
48,77,101
49,76,98
50,34,101
51,94,85
52,45,32
53,33,35
54,17,17
55,81,40
56,68,50
57,60,142
58,9,145
59,84,105
60,90,107
61,74,140
62,75,140
63,28,30
64,77,105
65,60,32
66,59,26
67,52,-1
68,24,24
69,58,12
70,19,39
71,15,36
72,91,131
73,85,133
74,80,135
75,86,106
76,74,140
77,77,140
78,76,139
79,87,101
80,83,137
81,87,136
82,92,136
83,90,159
84,91,144
85,91,141
86,92,138
87,93,136
88,83,137
89,82,139
90,81,140
91,79,142
92,68,126
93,0,105
94,100,107
95,80,138
96,79,139
97,91,110
98,80,110
99,91,108
100,67,86
101,54,91
102,75,101
103,31,5
104,38,15
105,41,26
106,72,153
107,79,28
108,78,12
109,75,-5
110,39,69
111,20,77
112,73,67
113,28,54
114,82,75
115,82,97
116,11,83
117,26,82
118,37,85
119,53,84
120,65,81
121,73,77
122,93,64
123,12,100
124,21,53
125,97,104
126,77,87
127,0,68
128,80,72
129,74,103
130,32,61
131,81,93
132,3,125
133,73,64
134,87,88
135,32,160
136,30,170
137,2,103
138,20,151
139,9,51
140,68,180
141,98,106
142,70,93
143,11,67
144,47,67
145,54,68
146,76,141
147,14,116
148,83,191
149,57,183
150,45,178
151,101,12
152,100,192
153,60,68
154,67,66
155,71,65
156,14,51
157,67,57
158,60,54
159,53,53
160,46,54
161,41,57
162,3,48
163,42,65
164,100,116
165,76,121
166,84,103
167,90,116
168,101,53
169,44,168
170,56,174
171,83,185
172,19,160
173,71,61
174,88,76
175,100,186
176,69,187
177,5,121
178,87,136
179,86,138
180,85,140
181,85,143
182,80,157
183,78,138
184,77,138
185,75,137
186,63,134
187,27,119
188,88,69
189,80,56
190,75,58
191,80,138
192,25,138
193,89,55
194,75,165
195,101,76
196,94,71
197,101,70
198,83,87
199,101,178
200,100,169
201,87,168
202,56,153
203,67,109
204,65,160
205,47,110
206,59,117
207,40,123
208,85,177
209,78,93
210,48,159
211,59,166
212,50,144
213,16,130
214,38,146
215,9,137
216,53,129
217,83,81
218,84,100
219,80,103
220,87,94
221,74,47
222,60,41
223,48,40
224,38,42
225,31,47
226,27,63
227,2,85
228,33,74
229,42,77
230,53,77
231,63,76
232,71,73
233,77,70
234,0,86
235,80,105
236,88,82
237,90,99
238,94,103
239,90,101
240,82,108
241,95,104
242,96,106
243,76,64
244,81,65
245,85,66
246,38,59
247,32,55
248,108,78
249,158,63
250,106,105
251,189,32
252,137,72
253,144,72
254,151,71
255,162,66
256,131,70
257,147,44
258,138,45
259,155,46
260,161,50
261,168,72
262,129,172
263,161,61
264,193,67
265,178,67
266,141,100
267,106,128
268,105,134
269,114,132
270,119,136
271,112,136
272,117,138
273,134,149
274,107,100
275,108,93
276,172,44
277,125,81
278,123,102
279,124,98
280,166,101
281,108,85
282,152,33
283,163,36
284,180,18
285,118,40
286,131,50
287,140,143
288,186,143
289,117,106
290,111,107
291,126,141
292,124,141
293,168,32
294,123,106
295,137,33
296,138,27
297,148,-1
298,174,25
299,143,13
300,177,41
301,183,37
302,106,131
303,113,134
304,118,137
305,115,107
306,125,141
307,122,141
308,123,141
309,114,102
310,115,138
311,111,137
312,105,136
313,110,160
314,106,144
315,106,141
316,106,138
317,105,136
318,116,138
319,117,139
320,118,141
321,119,143
322,131,127
323,194,104
324,119,139
325,120,140
326,109,110
327,120,110
328,110,109
329,133,86
330,147,91
331,125,102
332,168,6
333,162,16
334,155,27
335,128,153
336,120,29
337,123,12
338,127,-4
339,158,69
340,177,78
341,127,68
342,169,55
343,119,75
344,119,98
345,187,82
346,171,83
347,160,85
348,145,83
349,134,81
350,126,77
351,108,65
352,186,99
353,176,55
354,104,104
355,123,88
356,195,67
357,120,72
358,126,103
359,165,61
360,120,93
361,191,123
362,127,65
363,114,88
364,167,159
365,167,169
366,194,101
367,178,150
368,188,51
369,131,180
370,103,106
371,130,94
372,186,69
373,150,66
374,144,67
375,123,142
376,185,115
377,117,191
378,142,182
379,153,177
380,138,68
381,133,67
382,129,66
383,182,54
384,132,57
385,138,53
386,144,52
387,151,53
388,156,56
389,193,48
390,155,65
391,124,121
392,117,104
393,110,117
394,154,168
395,143,174
396,117,185
397,177,158
398,129,62
399,113,76
400,130,187
401,192,119
402,111,137
403,112,139
404,113,141
405,113,144
406,120,157
407,121,139
408,122,139
409,123,139
410,137,134
411,173,118
412,113,69
413,120,57
414,126,58
415,119,140
416,173,138
417,112,55
418,125,165
419,108,72
420,118,88
421,113,168
422,143,153
423,133,110
424,135,160
425,154,110
426,141,118
427,160,123
428,116,177
429,123,93
430,151,159
431,140,166
432,150,144
433,182,129
434,161,146
435,187,136
436,147,129
437,118,82
438,116,100
439,120,104
440,114,95
441,126,48
442,138,41
443,149,40
444,158,42
445,165,47
446,171,64
447,195,84
448,164,75
449,155,77
450,145,77
451,136,76
452,129,73
453,123,70
454,194,85
455,120,106
456,113,82
457,112,100
458,107,104
459,111,101
460,118,109
461,106,104
462,105,106
463,124,65
464,119,66
465,116,66
466,159,59
467,164,55
468,56,61
469,67,61
470,56,51
471,45,61
472,56,71
473,139,61
474,150,61
475,140,51
476,129,61
477,139,71
