0,102,112
1,98,91
2,99,101
3,90,72
4,97,84
5,97,76
6,96,58
7,41,64
8,96,40
9,95,30
10,93,-4
11,103,116
12,103,120
13,103,124
14,103,125
15,104,129
16,105,135
17,105,141
18,102,149
19,99,95
20,93,97
21,9,38
22,63,70
23,55,71
24,48,70
25,38,67
26,69,68
27,52,48
28,61,49
29,44,49
30,39,53
31,31,72
32,74,161
33,39,63
34,8,70
35,22,68
36,60,95
37,94,112
38,96,121
39,85,118
40,80,124
41,89,124
42,84,127
43,69,141
44,92,91
45,90,85
46,27,47
47,74,77
48,76,95
49,75,92
50,36,97
51,90,78
52,46,36
53,35,40
54,15,23
55,80,41
56,68,52
57,63,136
58,22,139
59,82,98
60,89,99
61,75,134
62,77,133
63,30,36
64,76,98
65,60,36
66,59,30
67,45,2
68,21,29
69,51,15
70,22,45
71,15,41
72,95,117
73,87,121
74,82,126
75,85,99
76,76,133
77,80,134
78,78,133
79,85,94
80,86,129
81,90,126
82,96,124
83,93,149
84,97,141
85,96,135
86,96,129
87,97,125
88,86,129
89,85,131
90,83,134
91,83,137
92,70,120
93,11,104
94,99,98
95,82,131
96,81,132
97,91,102
98,80,103
99,90,101
100,66,82
101,53,87
102,74,95
103,26,11
104,33,20
105,43,31
106,75,144
107,77,31
108,71,13
109,66,-2
110,41,69
111,23,78
112,74,65
113,30,57
114,79,71
115,79,90
116,15,82
117,29,81
118,39,82
119,54,81
120,65,77
121,73,73
122,89,60
123,17,98
124,24,57
125,95,95
126,76,82
127,6,71
128,79,69
129,74,97
130,35,63
131,79,87
132,15,122
133,74,63
134,84,81
135,39,152
136,40,161
137,11,101
138,29,144
139,11,54
140,73,169
141,96,98
142,69,89
143,16,71
144,49,66
145,55,67
146,78,135
147,20,112
148,88,178
149,64,172
150,53,167
151,94,12
152,105,179
153,61,66
154,68,65
155,72,64
156,18,57
157,67,59
158,61,58
159,55,58
160,48,59
161,44,60
162,6,53
163,44,65
164,100,107
165,76,114
166,82,96
167,90,108
168,96,50
169,50,159
170,61,164
171,87,172
172,30,153
173,72,61
174,85,71
175,104,173
176,75,175
177,14,117
178,91,127
179,90,130
180,89,134
181,89,140
182,83,147
183,80,131
184,78,130
185,77,129
186,65,127
187,32,114
188,84,65
189,80,55
190,75,57
191,82,131
192,32,133
193,87,53
194,78,154
195,97,70
196,90,66
197,97,64
198,80,82
199,104,165
200,103,157
201,90,157
202,60,145
203,68,103
204,68,151
205,48,105
206,61,112
207,43,118
208,88,165
209,76,87
210,53,151
211,63,156
212,54,137
213,24,125
214,43,139
215,19,132
216,56,123
217,80,77
218,82,93
219,78,96
220,84,87
221,73,48
222,61,44
223,50,43
224,40,45
225,34,50
226,29,65
227,8,85
228,36,74
229,44,76
230,54,75
231,64,73
232,72,71
233,77,67
234,9,87
235,79,99
236,85,76
237,87,91
238,92,95
239,88,93
240,82,101
241,93,95
242,94,98
243,77,62
244,81,63
245,84,63
246,41,61
247,35,57
248,104,71
249,152,58
250,105,96
251,189,30
252,132,66
253,138,66
254,146,65
255,156,61
256,126,64
257,140,45
258,132,46
259,148,46
260,154,48
261,164,65
262,133,159
263,155,56
264,194,62
265,175,61
266,139,91
267,110,111
268,110,120
269,119,116
270,124,121
271,116,122
272,120,125
273,136,138
274,104,91
275,105,84
276,166,42
277,123,74
278,122,92
279,123,89
280,165,92
281,104,77
282,143,35
283,156,37
284,180,16
285,111,43
286,126,49
287,141,132
288,190,133
289,116,96
290,110,98
291,129,130
292,127,129
293,161,32
294,123,96
295,129,36
296,130,30
297,143,-2
298,173,22
299,138,11
300,173,39
301,182,34
302,110,116
303,117,119
304,122,123
305,114,98
306,128,129
307,125,130
308,126,129
309,113,92
310,119,126
311,114,124
312,109,124
313,112,148
314,113,141
315,112,134
316,111,129
317,109,125
318,119,126
319,120,128
320,123,131
321,124,135
322,132,117
323,197,97
324,122,127
325,123,129
326,108,101
327,120,101
328,109,100
329,132,79
330,145,83
331,125,93
332,165,5
333,159,14
334,147,29
335,130,142
336,113,33
337,117,11
338,119,-5
339,152,64
340,173,71
341,122,62
342,163,51
343,116,69
344,118,88
345,187,75
346,166,75
347,154,78
348,139,77
349,129,74
350,121,71
351,105,59
352,186,91
353,171,51
354,102,95
355,122,80
356,197,63
357,115,67
358,125,94
359,159,56
360,118,85
361,196,115
362,123,60
363,111,80
364,170,147
365,172,156
366,195,94
367,181,138
368,189,47
369,136,166
370,102,97
371,129,86
372,183,62
373,144,61
374,138,62
375,127,132
376,185,106
377,122,177
378,147,168
379,159,163
380,133,62
381,128,61
382,125,61
383,179,49
384,128,55
385,133,53
386,139,52
387,145,53
388,149,54
389,195,45
390,148,60
391,124,111
392,116,94
393,110,107
394,159,154
395,148,160
396,122,171
397,182,147
398,124,58
399,110,70
400,136,173
401,194,110
402,115,125
403,116,128
404,118,133
405,120,138
406,122,145
407,124,127
408,126,126
409,127,126
410,137,124
411,172,108
412,110,64
413,116,54
414,121,55
415,122,127
416,175,126
417,107,54
418,128,152
419,104,66
420,116,80
421,116,156
422,146,141
423,133,100
424,138,147
425,153,100
426,141,108
427,160,113
428,120,164
429,121,85
430,154,146
431,144,153
432,151,133
433,183,118
434,163,134
435,190,125
436,147,119
437,116,75
438,115,91
439,120,94
440,112,86
441,120,47
442,131,42
443,141,41
444,151,42
445,158,45
446,166,58
447,196,78
448,158,68
449,150,71
450,139,71
451,130,70
452,123,68
453,119,65
454,198,80
455,119,97
456,110,75
457,110,90
458,106,94
459,110,92
460,117,99
461,104,95
462,104,97
463,120,60
464,115,61
465,111,62
466,152,55
467,158,52
468,56,63
469,65,62
470,55,55
471,47,63
472,57,70
473,133,57
474,141,57
475,133,50
476,125,57
477,133,65
