0,98,129
1,96,104
2,97,112
3,89,81
4,96,97
5,96,87
6,96,64
7,38,63
8,95,42
9,95,30
10,94,-7
11,98,132
12,98,135
13,98,138
14,98,139
15,98,142
16,98,147
17,99,152
18,99,154
19,97,108
20,91,108
21,5,30
22,60,73
23,52,73
24,44,72
25,35,65
26,67,70
27,50,44
28,59,46
29,41,46
30,36,49
31,28,70
32,71,164
33,36,60
34,4,64
35,19,64
36,57,101
37,89,128
38,91,135
39,81,131
40,76,135
41,85,136
42,80,138
43,66,146
44,90,104
45,89,97
46,24,43
47,72,81
48,74,104
49,73,100
50,32,101
51,89,88
52,44,34
53,33,37
54,12,16
55,78,42
56,67,50
57,60,140
58,18,134
59,81,108
60,87,110
61,72,141
62,73,141
63,28,32
64,75,108
65,59,35
66,57,28
67,44,-2
68,18,23
69,50,12
70,19,39
71,11,34
72,90,132
73,83,134
74,78,136
75,83,109
76,73,141
77,75,142
78,74,140
79,83,105
80,82,139
81,86,138
82,92,138
83,89,154
84,90,152
85,90,147
86,91,142
87,92,138
88,82,139
89,80,141
90,79,143
91,77,146
92,68,127
93,7,97
94,97,110
95,78,140
96,77,141
97,89,112
98,78,112
99,88,111
100,64,86
101,51,91
102,73,104
103,24,4
104,30,15
105,41,28
106,72,149
107,76,31
108,70,12
109,67,-6
110,38,69
111,19,75
112,71,68
113,27,54
114,78,76
115,78,101
116,11,80
117,25,81
118,35,85
119,51,84
120,62,81
121,70,77
122,88,66
123,14,97
124,21,52
125,93,108
126,74,89
127,2,63
128,77,73
129,72,104
130,32,60
131,77,96
132,11,115
133,72,64
134,83,91
135,37,151
136,38,157
137,7,97
138,26,142
139,7,48
140,70,169
141,94,109
142,67,94
143,11,65
144,45,68
145,52,70
146,74,143
147,17,112
148,84,177
149,61,169
150,51,165
151,94,11
152,100,178
153,59,70
154,65,68
155,69,66
156,14,51
157,66,56
158,59,53
159,52,52
160,45,53
161,41,56
162,2,45
163,41,66
164,97,118
165,75,122
166,80,107
167,88,119
168,95,53
169,48,159
170,59,164
171,83,173
172,27,148
173,70,61
174,83,78
175,99,174
176,72,173
177,11,114
178,86,138
179,85,141
180,84,145
181,83,149
182,80,152
183,77,139
184,75,139
185,73,138
186,63,133
187,28,116
188,83,70
189,77,57
190,73,58
191,78,140
192,29,133
193,85,56
194,75,158
195,96,79
196,89,74
197,96,72
198,79,90
199,99,168
200,99,161
201,87,161
202,58,148
203,65,110
204,66,154
205,45,110
206,58,118
207,40,122
208,84,168
209,75,94
210,51,152
211,61,158
212,51,141
213,20,124
214,40,141
215,16,129
216,53,128
217,79,83
218,81,104
219,77,106
220,83,98
221,72,48
222,59,42
223,47,40
224,38,42
225,31,47
226,26,62
227,4,81
228,32,74
229,40,77
230,51,78
231,61,77
232,69,73
233,74,70
234,5,80
235,78,108
236,84,84
237,85,103
238,90,107
239,86,105
240,80,111
241,91,107
242,92,109
243,74,64
244,78,66
245,81,66
246,38,58
247,32,54
248,103,80
249,158,63
250,103,108
251,188,27
252,135,72
253,143,72
254,151,71
255,161,64
256,128,69
257,145,42
258,135,44
259,154,44
260,160,48
261,168,68
262,128,163
263,160,59
264,192,62
265,177,61
266,138,99
267,106,128
268,105,135
269,114,131
270,120,135
271,111,136
272,116,138
273,131,145
274,103,104
275,104,97
276,171,39
277,121,80
278,120,103
279,121,99
280,164,99
281,103,88
282,150,31
283,162,33
284,179,13
285,114,40
286,127,49
287,137,139
288,184,132
289,113,107
290,108,109
291,125,141
292,123,141
293,167,27
294,120,107
295,134,32
296,135,25
297,145,-4
298,174,20
299,140,10
300,176,35
301,182,32
302,106,132
303,113,134
304,118,136
305,112,109
306,124,141
307,122,142
308,122,141
309,110,104
310,115,139
311,110,138
312,104,138
313,108,153
314,107,152
315,106,147
316,105,142
317,104,138
318,115,139
319,116,141
320,118,143
321,120,146
322,128,126
323,193,95
324,118,140
325,120,141
326,106,112
327,117,111
328,106,111
329,130,85
330,144,90
331,122,103
332,166,2
333,160,13
334,153,24
335,125,148
336,115,28
337,119,11
338,121,-7
339,157,68
340,176,73
341,123,67
342,168,51
343,115,75
344,116,100
345,186,78
346,171,80
347,160,84
348,145,83
349,133,81
350,124,77
351,104,65
352,184,95
353,174,49
354,100,108
355,120,88
356,195,60
357,117,73
358,123,104
359,164,58
360,116,95
361,190,113
362,123,64
363,110,91
364,163,150
365,164,156
366,192,95
367,175,141
368,188,46
369,129,168
370,100,109
371,127,93
372,184,61
373,150,68
374,143,69
375,123,143
376,182,110
377,115,176
378,139,169
379,150,164
380,136,68
381,130,66
382,125,65
383,181,47
384,129,55
385,136,52
386,144,51
387,151,52
388,155,55
389,193,42
390,155,65
391,121,122
392,114,106
393,107,118
394,152,157
395,141,163
396,116,173
397,175,146
398,125,60
399,109,77
400,128,173
401,189,112
402,110,139
403,112,141
404,113,145
405,114,149
406,118,151
407,120,139
408,122,139
409,123,138
410,134,132
411,170,114
412,110,70
413,116,56
414,121,57
415,118,140
416,170,131
417,107,55
418,123,157
419,104,73
420,115,89
421,111,160
422,141,147
423,130,109
424,133,153
425,151,108
426,138,117
427,157,120
428,115,168
429,119,94
430,148,151
431,138,157
432,147,139
433,179,122
434,158,139
435,184,127
436,144,127
437,114,82
438,113,103
439,117,106
440,110,98
441,122,47
442,135,40
443,147,38
444,157,40
445,164,44
446,169,60
447,193,78
448,163,73
449,155,76
450,144,77
451,134,76
452,126,73
453,120,70
454,194,77
455,117,108
456,109,84
457,108,103
458,104,107
459,108,104
460,115,110
461,103,107
462,102,109
463,120,64
464,115,65
465,112,66
466,158,57
467,164,52
468,58,62
469,68,62
470,58,51
471,47,61
472,58,72
473,142,60
474,153,60
475,141,50
476,131,60
477,142,70
