0,96,129
1,95,100
2,97,110
3,88,78
4,95,93
5,95,84
6,96,63
7,43,66
8,96,40
9,95,29
10,94,-5
11,96,131
12,96,134
13,97,136
14,97,142
15,97,146
16,97,150
17,98,155
18,100,161
19,96,104
20,90,105
21,12,34
22,65,74
23,56,75
24,48,73
25,39,68
26,72,71
27,53,45
28,62,46
29,44,47
30,38,51
31,32,73
32,73,169
33,40,63
34,12,68
35,24,67
36,58,101
37,89,128
38,90,134
39,82,132
40,78,137
41,85,136
42,82,139
43,68,150
44,89,100
45,87,93
46,26,43
47,73,81
48,73,102
49,72,99
50,35,102
51,88,85
52,44,32
53,33,36
54,17,20
55,79,41
56,71,50
57,62,143
58,28,137
59,80,106
60,86,108
61,74,144
62,76,144
63,29,30
64,74,106
65,59,34
66,57,26
67,46,0
68,21,25
69,50,13
70,21,39
71,16,37
72,89,132
73,84,134
74,80,138
75,82,107
76,75,144
77,77,145
78,77,143
79,82,102
80,83,139
81,87,137
82,91,136
83,90,161
84,90,155
85,90,150
86,90,145
87,91,142
88,83,143
89,81,144
90,80,147
91,78,149
92,68,127
93,17,101
94,96,107
95,80,143
96,79,144
97,88,110
98,77,111
99,87,109
100,64,86
101,52,92
102,72,103
103,27,8
104,31,16
105,41,25
106,73,154
107,76,29
108,70,12
109,67,-3
110,42,72
111,24,78
112,77,68
113,31,55
114,78,76
115,77,98
116,17,83
117,29,84
118,39,86
119,54,85
120,65,82
121,74,78
122,88,65
123,19,99
124,25,54
125,92,104
126,74,88
127,12,68
128,80,73
129,71,104
130,36,63
131,76,94
132,21,118
133,78,65
134,81,88
135,42,154
136,44,161
137,15,100
138,33,145
139,14,52
140,72,175
141,93,107
142,67,94
143,18,68
144,49,70
145,56,71
146,76,147
147,23,114
148,87,184
149,65,174
150,55,169
151,95,12
152,103,186
153,64,70
154,70,68
155,75,67
156,19,52
157,71,58
158,63,55
159,56,55
160,49,56
161,45,59
162,11,50
163,45,68
164,97,116
165,74,122
166,79,104
167,87,117
168,96,52
169,52,162
170,62,168
171,86,180
172,35,151
173,75,62
174,83,76
175,102,182
176,75,180
177,19,116
178,87,142
179,85,145
180,84,148
181,83,153
182,81,158
183,79,141
184,77,141
185,76,140
186,64,135
187,33,118
188,83,70
189,82,56
190,78,58
191,80,141
192,35,135
193,87,54
194,77,163
195,95,77
196,88,72
197,96,70
198,78,88
199,102,175
200,101,168
201,88,167
202,59,151
203,65,110
204,67,158
205,47,110
206,59,118
207,43,123
208,86,174
209,74,93
210,53,156
211,63,162
212,53,143
213,27,126
214,44,143
215,25,131
216,55,129
217,79,82
218,79,101
219,76,104
220,81,95
221,75,48
222,61,41
223,49,40
224,39,43
225,33,48
226,31,65
227,13,84
228,36,76
229,44,79
230,55,79
231,65,78
232,73,74
233,79,71
234,15,84
235,77,107
236,83,82
237,84,100
238,89,104
239,85,101
240,79,109
241,90,104
242,91,106
243,80,65
244,83,65
245,85,66
246,42,61
247,35,56
248,103,78
249,161,62
250,103,105
251,191,31
252,136,71
253,144,72
254,153,71
255,164,64
256,129,68
257,148,42
258,138,43
259,157,43
260,163,47
261,169,69
262,132,168
263,163,59
264,193,65
265,179,62
266,139,99
267,103,128
268,103,134
269,112,131
270,118,135
271,110,135
272,115,137
273,134,149
274,102,100
275,103,93
276,174,39
277,123,80
278,121,101
279,122,98
280,165,100
281,103,85
282,153,30
283,166,33
284,182,17
285,116,39
286,129,48
287,139,142
288,185,135
289,114,105
290,108,107
291,124,141
292,123,141
293,170,27
294,121,105
295,137,32
296,139,25
297,146,-1
298,177,22
299,142,11
300,179,35
301,185,34
302,103,131
303,111,133
304,116,136
305,112,107
306,123,141
307,121,143
308,122,141
309,111,101
310,114,138
311,109,136
312,103,136
313,111,160
314,106,154
315,106,149
316,104,145
317,103,142
318,114,141
319,116,143
320,118,145
321,119,148
322,130,127
323,194,98
324,118,141
325,119,142
326,106,110
327,118,110
328,107,109
329,132,85
330,146,90
331,123,102
332,168,5
333,163,14
334,156,23
335,129,153
336,118,28
337,119,11
338,122,-4
339,160,69
340,178,75
341,124,66
342,171,51
343,117,75
344,116,97
345,186,80
346,172,81
347,161,85
348,145,84
349,133,81
350,124,77
351,104,64
352,184,97
353,177,50
354,99,104
355,121,87
356,196,65
357,118,72
358,124,103
359,167,58
360,117,93
361,191,116
362,124,63
363,110,88
364,166,153
365,167,160
366,192,97
367,176,143
368,189,49
369,134,175
370,99,106
371,129,93
372,186,63
373,152,67
374,145,68
375,123,144
376,182,111
377,120,184
378,145,175
379,155,169
380,138,67
381,131,65
382,126,64
383,183,47
384,131,55
385,139,51
386,146,51
387,154,52
388,159,54
389,195,46
390,157,65
391,122,121
392,114,103
393,107,117
394,156,162
395,145,168
396,120,180
397,177,150
398,126,60
399,110,76
400,133,180
401,189,114
402,109,141
403,111,144
404,112,147
405,114,151
406,121,157
407,119,139
408,121,139
409,122,138
410,135,134
411,170,116
412,111,69
413,117,55
414,123,56
415,118,139
416,171,133
417,109,54
418,127,163
419,104,72
420,116,87
421,114,167
422,144,151
423,132,109
424,136,158
425,152,108
426,139,117
427,158,121
428,118,174
429,120,92
430,152,155
431,142,162
432,149,142
433,179,124
434,161,142
435,185,129
436,145,128
437,115,81
438,113,100
439,118,103
440,110,94
441,124,46
442,137,39
443,150,38
444,160,40
445,168,44
446,172,60
447,194,81
448,165,74
449,156,77
450,145,77
451,135,75
452,126,72
453,121,69
454,195,81
455,118,106
456,109,82
457,107,99
458,103,103
459,107,101
460,115,108
461,102,104
462,101,106
463,121,63
464,116,64
465,113,66
466,161,57
467,167,52
468,62,62
469,73,62
470,61,52
471,51,63
472,63,72
473,146,58
474,157,59
475,146,49
476,135,58
477,146,68
