0,97,132
1,97,100
2,98,111
3,90,78
4,97,93
5,97,84
6,98,63
7,42,66
8,98,42
9,97,31
10,97,1
11,97,133
12,97,135
13,98,136
14,98,141
15,97,144
16,97,147
17,97,150
18,102,161
19,98,105
20,92,106
21,19,42
22,64,74
23,56,75
24,48,74
25,39,69
26,70,72
27,53,46
28,62,47
29,44,48
30,39,52
31,33,74
32,73,173
33,40,63
34,15,75
35,26,70
36,59,102
37,89,131
38,90,135
39,82,133
40,77,136
41,85,136
42,81,137
43,66,149
44,91,100
45,89,93
46,29,46
47,75,83
48,74,102
49,74,99
50,36,103
51,90,85
52,46,35
53,36,39
54,24,27
55,80,40
56,70,52
57,60,142
58,27,146
59,81,106
60,87,108
61,73,140
62,75,140
63,32,35
64,75,107
65,60,34
66,59,28
67,52,6
68,27,31
69,55,17
70,25,44
71,21,43
72,89,133
73,83,135
74,79,137
75,83,108
76,74,140
77,76,142
78,75,140
79,84,102
80,82,138
81,86,137
82,91,136
83,91,160
84,89,149
85,89,146
86,90,143
87,91,141
88,82,141
89,80,142
90,79,143
91,77,145
92,67,128
93,18,110
94,98,108
95,79,140
96,77,141
97,89,111
98,78,111
99,88,110
100,67,88
101,54,93
102,73,103
103,34,15
104,38,22
105,43,29
106,72,154
107,77,29
108,75,17
109,72,2
110,42,72
111,25,81
112,75,70
113,32,58
114,81,77
115,78,98
116,19,87
117,30,85
118,39,87
119,54,86
120,65,83
121,74,79
122,90,65
123,20,103
124,27,57
125,94,105
126,76,89
127,16,76
128,80,74
129,72,105
130,36,64
131,78,94
132,21,128
133,76,67
134,83,89
135,41,160
136,43,169
137,16,107
138,31,151
139,18,58
140,72,181
141,95,107
142,69,95
143,20,72
144,49,69
145,55,70
146,75,143
147,22,118
148,88,191
149,64,183
150,54,177
151,97,16
152,105,193
153,62,70
154,69,69
155,73,68
156,22,57
157,69,59
158,62,55
159,55,54
160,48,56
161,44,59
162,16,58
163,45,68
164,99,117
165,74,122
166,81,105
167,88,118
168,98,54
169,51,168
170,61,174
171,86,186
172,34,160
173,74,63
174,85,77
175,104,187
176,75,188
177,19,123
178,86,141
179,84,142
180,83,145
181,82,148
182,81,158
183,77,139
184,76,138
185,74,138
186,62,134
187,32,120
188,86,71
189,81,58
190,76,60
191,79,139
192,33,139
193,87,56
194,76,165
195,97,77
196,90,72
197,98,70
198,80,89
199,103,179
200,102,169
201,89,169
202,58,153
203,66,111
204,67,160
205,47,111
206,59,119
207,42,124
208,86,178
209,76,94
210,52,159
211,63,166
212,52,144
213,25,131
214,42,146
215,23,138
216,53,130
217,81,83
218,81,101
219,77,104
220,83,95
221,74,49
222,61,42
223,50,42
224,41,44
225,34,50
226,32,67
227,14,90
228,37,77
229,44,79
230,55,80
231,65,78
232,73,75
233,78,72
234,17,93
235,78,107
236,85,82
237,86,100
238,91,104
239,87,102
240,80,110
241,92,105
242,93,107
243,78,66
244,82,67
245,84,67
246,42,61
247,36,58
248,104,78
249,158,64
250,105,106
251,188,39
252,136,72
253,143,73
254,151,72
255,161,66
256,129,70
257,146,44
258,136,45
259,155,46
260,160,50
261,167,71
262,134,173
263,160,61
264,194,71
265,176,65
266,141,100
267,106,130
268,105,135
269,115,133
270,122,135
271,113,136
272,119,137
273,138,148
274,104,100
275,105,93
276,170,43
277,124,82
278,123,101
279,125,98
280,167,101
281,104,85
282,150,33
283,162,37
284,179,24
285,116,40
286,129,49
287,144,141
288,190,144
289,117,106
290,111,108
291,131,139
292,129,139
293,166,32
294,124,106
295,135,33
296,136,27
297,145,4
298,173,28
299,140,15
300,175,40
301,182,40
302,105,133
303,114,134
304,121,136
305,115,107
306,130,139
307,126,141
308,128,139
309,113,101
310,118,137
311,112,136
312,105,136
313,113,160
314,107,149
315,106,146
316,106,143
317,105,141
318,118,140
319,120,141
320,121,143
321,123,145
322,134,127
323,198,107
324,123,140
325,125,140
326,108,111
327,121,111
328,109,110
329,134,86
330,147,91
331,126,102
332,166,12
333,160,19
334,153,27
335,132,153
336,118,29
337,120,16
338,123,1
339,157,70
340,176,77
341,125,67
342,168,55
343,118,76
344,118,97
345,187,84
346,170,83
347,160,86
348,145,84
349,133,81
350,125,77
351,106,65
352,187,100
353,174,53
354,101,105
355,123,88
356,197,73
357,119,73
358,127,104
359,164,61
360,119,93
361,196,125
362,124,64
363,112,88
364,171,158
365,172,168
366,196,103
367,181,149
368,188,55
369,136,180
370,101,107
371,131,94
372,184,65
373,150,68
374,143,69
375,128,142
376,186,115
377,122,191
378,148,182
379,159,176
380,137,68
381,131,67
382,127,65
383,181,51
384,131,56
385,137,53
386,144,52
387,151,54
388,156,57
389,194,54
390,155,66
391,126,122
392,117,104
393,110,118
394,159,167
395,148,174
396,121,185
397,182,158
398,126,61
399,112,76
400,136,187
401,194,120
402,112,140
403,114,142
404,115,144
405,116,148
406,123,157
407,125,138
408,126,138
409,127,137
410,140,133
411,174,118
412,112,70
413,118,56
414,123,58
415,123,138
416,176,137
417,110,55
418,129,165
419,105,72
420,117,88
421,116,169
422,147,152
423,135,110
424,139,159
425,155,109
426,143,118
427,162,122
428,120,178
429,123,93
430,156,158
431,145,166
432,153,142
433,184,128
434,165,145
435,190,136
436,150,128
437,117,82
438,115,100
439,121,104
440,112,94
441,123,47
442,136,41
443,147,40
444,157,43
445,164,47
446,169,63
447,196,87
448,163,75
449,155,77
450,144,78
451,135,76
452,127,73
453,121,70
454,198,90
455,121,106
456,111,82
457,109,100
458,105,104
459,109,101
460,119,109
461,104,104
462,103,107
463,121,64
464,117,65
465,114,67
466,158,59
467,164,55
468,60,63
469,70,63
470,60,53
471,51,64
472,61,73
473,143,62
474,153,62
475,142,52
476,132,61
477,143,71
