0,100,134
1,103,109
2,102,115
3,97,85
4,103,102
5,103,93
6,102,69
7,53,62
8,102,51
9,102,42
10,103,14
11,100,137
12,100,140
13,99,142
14,99,143
15,99,147
16,99,151
17,99,157
18,100,164
19,103,112
20,95,112
21,26,39
22,73,68
23,66,70
24,59,70
25,51,65
26,79,66
27,59,49
28,67,49
29,52,51
30,48,54
31,45,70
32,72,172
33,50,60
34,24,67
35,37,64
36,66,101
37,92,133
38,92,140
39,83,135
40,78,138
41,86,140
42,80,141
43,67,148
44,97,109
45,96,102
46,37,48
47,80,83
48,79,106
49,78,102
50,47,99
51,96,93
52,51,42
53,42,44
54,33,29
55,84,46
56,75,52
57,63,140
58,28,129
59,84,110
60,90,112
61,70,142
62,72,142
63,38,39
64,79,109
65,64,42
66,62,36
67,62,16
68,38,35
69,65,28
70,33,44
71,31,43
72,92,137
73,84,138
74,79,139
75,86,111
76,71,142
77,74,145
78,73,142
79,88,107
80,81,142
81,87,142
82,93,142
83,90,163
84,90,156
85,91,151
86,92,146
87,93,142
88,81,142
89,80,144
90,78,147
91,77,150
92,72,128
93,22,94
94,102,114
95,77,142
96,76,143
97,92,115
98,81,113
99,91,113
100,73,87
101,62,91
102,77,105
103,44,21
104,48,29
105,48,36
106,73,154
107,80,37
108,83,28
109,81,14
110,54,68
111,39,75
112,82,65
113,42,56
114,85,78
115,84,103
116,30,80
117,43,81
118,52,84
119,65,83
120,75,79
121,81,76
122,95,70
123,31,95
124,37,55
125,99,112
126,81,90
127,21,65
128,86,72
129,76,105
130,47,60
131,83,99
132,24,110
133,82,62
134,90,95
135,42,151
136,40,158
137,24,95
138,35,139
139,27,54
140,69,181
141,99,113
142,74,95
143,32,64
144,60,66
145,66,66
146,73,146
147,33,108
148,83,193
149,59,179
150,50,170
151,103,28
152,100,194
153,71,65
154,77,63
155,80,62
156,32,52
157,75,56
158,69,55
159,62,55
160,56,56
161,53,58
162,23,51
163,56,64
164,101,121
165,78,124
166,84,108
167,91,122
168,102,60
169,50,162
170,59,171
171,83,187
172,34,145
173,80,60
174,91,81
175,100,189
176,70,187
177,26,110
178,87,142
179,85,145
180,84,149
181,83,154
182,80,159
183,76,142
184,75,141
185,73,140
186,67,133
187,42,113
188,90,74
189,86,57
190,82,57
191,77,142
192,40,130
193,91,58
194,76,165
195,103,84
196,96,78
197,103,77
198,85,92
199,100,181
200,100,171
201,88,170
202,60,150
203,71,111
204,67,158
205,56,109
206,65,118
207,51,120
208,85,179
209,81,96
210,53,155
211,62,164
212,55,140
213,34,120
214,47,140
215,29,124
216,60,127
217,86,85
218,86,106
219,81,108
220,90,103
221,79,51
222,67,47
223,56,47
224,48,49
225,44,52
226,43,62
227,23,80
228,49,73
229,56,76
230,66,75
231,74,73
232,80,70
233,85,68
234,21,79
235,81,110
236,91,88
237,91,107
238,95,111
239,91,108
240,83,112
241,96,111
242,97,113
243,84,62
244,88,65
245,90,67
246,51,59
247,46,56
248,109,85
249,146,61
250,109,111
251,168,40
252,125,67
253,132,68
254,139,68
255,147,63
256,120,65
257,140,48
258,131,48
259,146,49
260,150,52
261,151,69
262,127,171
263,148,58
264,171,67
265,157,63
266,134,101
267,108,132
268,107,140
269,116,135
270,121,137
271,113,140
272,118,141
273,130,147
274,109,109
275,110,102
276,158,50
277,121,82
278,124,105
279,124,102
280,151,99
281,110,93
282,147,43
283,155,45
284,163,29
285,119,46
286,124,51
287,135,140
288,164,128
289,119,109
290,113,112
291,127,142
292,125,142
293,158,42
294,124,109
295,136,42
296,138,38
297,141,17
298,160,35
299,138,28
300,162,46
301,165,44
302,108,137
303,114,138
304,119,139
305,117,111
306,126,142
307,123,144
308,124,142
309,116,107
310,117,142
311,112,142
312,106,142
313,110,163
314,108,156
315,107,151
316,107,146
317,106,142
318,116,142
319,118,144
320,119,146
321,121,149
322,128,128
323,169,94
324,120,142
325,122,143
326,111,115
327,121,113
328,112,113
329,127,86
330,137,91
331,125,105
332,155,21
333,152,30
334,151,39
335,125,153
336,123,38
337,122,28
338,124,14
339,144,67
340,155,74
341,117,64
342,154,56
343,117,78
344,120,103
345,167,81
346,152,80
347,145,83
348,132,81
349,124,78
350,118,75
351,109,70
352,166,95
353,158,55
354,106,112
355,121,90
356,171,66
357,114,71
358,125,105
359,150,58
360,121,98
361,167,110
362,117,61
363,115,95
364,154,149
365,153,156
366,170,95
367,160,138
368,168,54
369,129,179
370,105,113
371,126,95
372,160,64
373,139,64
374,133,64
375,124,145
376,164,108
377,116,191
378,137,177
379,145,168
380,127,64
381,122,62
382,119,62
383,161,53
384,124,55
385,130,52
386,137,52
387,143,54
388,146,55
389,170,51
390,143,63
391,123,124
392,119,108
393,111,122
394,146,160
395,139,169
396,116,186
397,159,144
398,119,59
399,113,81
400,128,185
401,168,109
402,112,142
403,113,145
404,114,149
405,115,153
406,119,159
407,122,141
408,123,140
409,124,140
410,132,133
411,155,113
412,113,74
413,115,57
414,118,57
415,120,142
416,156,129
417,110,57
418,123,164
419,109,78
420,118,92
421,112,169
422,137,149
423,130,110
424,131,157
425,143,109
426,135,117
427,147,120
428,115,178
429,122,96
430,144,153
431,136,162
432,142,139
433,162,120
434,150,139
435,165,124
436,138,127
437,117,85
438,118,106
439,122,108
440,116,102
441,121,50
442,133,47
443,143,47
444,150,48
445,154,51
446,152,61
447,171,81
448,147,72
449,141,75
450,132,74
451,124,72
452,119,69
453,115,68
454,170,80
455,121,110
456,114,88
457,114,107
458,110,110
459,113,108
460,119,112
461,108,111
462,107,113
463,115,62
464,113,64
465,112,66
466,147,57
467,151,55
468,66,58
469,72,58
470,65,52
471,59,59
472,66,65
473,132,57
474,140,58
475,133,51
476,125,57
477,132,64
