0,95,129
1,93,100
2,96,110
3,88,76
4,93,91
5,93,82
6,95,59
7,49,66
8,96,35
9,95,24
10,95,-8
11,96,133
12,96,138
13,97,142
14,97,145
15,97,151
16,98,157
17,99,163
18,99,171
19,94,105
20,89,106
21,25,39
22,72,68
23,64,70
24,56,71
25,47,69
26,78,65
27,56,46
28,65,46
29,48,49
30,44,53
31,42,74
32,75,181
33,46,65
34,24,73
35,35,68
36,63,102
37,88,128
38,91,139
39,82,132
40,79,137
41,87,140
42,84,142
43,70,156
44,87,100
45,86,92
46,32,45
47,76,80
48,74,102
49,74,99
50,43,104
51,87,83
52,45,33
53,37,37
54,29,23
55,78,34
56,73,48
57,65,149
58,41,149
59,81,106
60,86,108
61,78,145
62,79,145
63,32,32
64,75,107
65,58,31
66,56,24
67,53,0
68,31,27
69,56,11
70,28,41
71,27,41
72,89,134
73,84,136
74,81,139
75,83,108
76,79,145
77,80,147
78,80,145
79,82,102
80,85,143
81,88,142
82,92,142
83,90,170
84,91,162
85,91,156
86,91,150
87,92,145
88,85,144
89,84,147
90,82,150
91,81,153
92,70,131
93,31,110
94,95,107
95,83,144
96,82,146
97,88,111
98,79,112
99,87,110
100,69,86
101,58,93
102,74,103
103,37,9
104,40,17
105,42,26
106,75,161
107,74,23
108,74,9
109,72,-6
110,50,71
111,36,80
112,82,62
113,38,57
114,81,74
115,77,98
116,28,87
117,40,85
118,48,87
119,62,84
120,72,79
121,80,74
122,89,62
123,30,104
124,33,56
125,91,105
126,77,87
127,26,75
128,85,69
129,74,104
130,43,65
131,77,93
132,35,129
133,82,60
134,81,87
135,50,165
136,53,175
137,27,107
138,43,156
139,26,56
140,75,189
141,92,107
142,71,94
143,31,70
144,56,67
145,63,66
146,79,148
147,33,120
148,88,200
149,69,190
150,61,183
151,95,8
152,104,202
153,70,64
154,76,62
155,80,60
156,29,54
157,75,59
158,68,60
159,62,61
160,55,63
161,51,64
162,24,55
163,52,67
164,96,118
165,76,124
166,80,104
167,87,119
168,96,48
169,58,174
170,66,181
171,86,194
172,47,164
173,80,59
174,84,74
175,102,196
176,77,196
177,31,125
178,88,144
179,87,148
180,85,153
181,85,158
182,81,166
183,82,143
184,80,142
185,78,141
186,67,139
187,41,123
188,85,67
189,84,51
190,81,54
191,83,144
192,43,143
193,89,49
194,78,173
195,94,74
196,88,69
197,95,67
198,79,87
199,101,187
200,100,178
201,89,178
202,63,159
203,69,112
204,70,167
205,53,113
206,63,121
207,50,127
208,87,186
209,76,93
210,59,165
211,67,173
212,58,149
213,37,134
214,51,151
215,36,141
216,60,133
217,81,81
218,79,101
219,77,104
220,81,94
221,76,43
222,62,40
223,51,41
224,43,44
225,38,49
226,39,66
227,25,90
228,45,77
229,53,78
230,63,77
231,72,73
232,79,69
233,84,66
234,29,92
235,78,107
236,83,81
237,83,100
238,88,104
239,84,102
240,80,110
241,89,105
242,91,107
243,84,59
244,87,60
245,88,61
246,48,65
247,42,58
248,101,75
249,157,57
250,102,105
251,189,26
252,135,64
253,143,65
254,150,64
255,161,60
256,129,63
257,144,40
258,135,42
259,152,40
260,159,43
261,168,65
262,132,179
263,160,55
264,193,62
265,177,59
266,137,97
267,103,127
268,103,138
269,111,131
270,116,135
271,108,139
272,112,140
273,134,154
274,99,99
275,100,91
276,169,33
277,122,77
278,120,100
279,121,96
280,163,97
281,100,82
282,148,22
283,160,26
284,179,11
285,113,32
286,129,46
287,139,145
288,191,142
289,114,104
290,108,107
291,120,142
292,118,142
293,164,20
294,120,104
295,133,24
296,133,16
297,142,-8
298,172,16
299,138,4
300,174,29
301,182,29
302,103,133
303,109,135
304,114,138
305,112,106
306,119,142
307,118,145
308,117,142
309,109,100
310,111,141
311,107,141
312,102,142
313,110,169
314,107,161
315,106,155
316,104,149
317,103,144
318,111,143
319,113,145
320,115,148
321,117,151
322,129,128
323,199,101
324,114,143
325,116,144
326,105,111
327,118,110
328,106,109
329,131,82
330,144,88
331,122,100
332,164,-1
333,158,7
334,150,15
335,128,159
336,115,20
337,117,5
338,120,-10
339,157,63
340,176,71
341,125,61
342,168,47
343,116,72
344,114,95
345,185,77
346,171,76
347,160,79
348,144,78
349,133,75
350,124,72
351,103,60
352,184,95
353,174,45
354,98,104
355,120,85
356,198,63
357,117,67
358,124,102
359,164,55
360,115,91
361,197,121
362,125,58
363,108,86
364,169,161
365,173,171
366,194,98
367,180,150
368,188,45
369,135,188
370,98,107
371,128,91
372,184,61
373,149,59
374,142,60
375,119,146
376,183,112
377,121,200
378,148,189
379,160,182
380,136,60
381,131,59
382,127,59
383,180,44
384,131,55
385,137,54
386,143,53
387,149,53
388,154,54
389,195,43
390,153,58
391,121,122
392,114,102
393,106,118
394,158,172
395,147,180
396,120,194
397,183,159
398,127,57
399,108,73
400,135,195
401,193,116
402,108,143
403,110,147
404,112,152
405,113,157
406,121,165
407,115,141
408,117,140
409,119,139
410,135,136
411,169,116
412,109,65
413,117,50
414,123,52
415,114,142
416,172,137
417,108,49
418,127,172
419,102,68
420,114,85
421,114,177
422,144,156
423,131,109
424,137,165
425,150,107
426,138,117
427,157,122
428,117,186
429,120,90
430,153,162
431,143,171
432,149,146
433,181,126
434,161,147
435,189,134
436,144,129
437,114,78
438,112,98
439,117,102
440,107,93
441,122,41
442,134,34
443,145,32
444,155,34
445,163,38
446,170,56
447,195,80
448,163,68
449,155,71
450,144,71
451,134,70
452,126,67
453,121,64
454,199,82
455,117,105
456,108,79
457,105,98
458,102,103
459,106,100
460,115,108
461,100,104
462,100,106
463,122,58
464,116,59
465,112,60
466,157,54
467,163,48
468,71,61
469,79,60
470,70,55
471,63,63
472,73,68
473,148,56
474,156,56
475,149,50
476,141,56
477,148,62
