0,97,128
1,96,106
2,96,114
3,90,82
4,96,99
5,96,89
6,96,66
7,43,63
8,97,44
9,97,33
10,98,-1
11,97,130
12,97,132
13,97,133
14,98,154
15,97,156
16,97,159
17,97,162
18,96,167
19,96,111
20,89,111
21,19,34
22,62,70
23,55,71
24,49,70
25,40,65
26,68,69
27,55,47
28,62,48
29,47,48
30,42,51
31,34,70
32,67,176
33,41,61
34,14,67
35,26,64
36,57,100
37,85,127
38,86,132
39,74,130
40,67,133
41,77,133
42,71,135
43,60,149
44,90,106
45,89,99
46,33,42
47,73,82
48,72,104
49,71,100
50,35,99
51,89,90
52,51,35
53,41,37
54,26,20
55,81,44
56,68,52
57,54,140
58,21,139
59,77,109
60,84,111
61,60,140
62,62,140
63,38,31
64,71,107
65,64,37
66,64,30
67,54,2
68,30,26
69,58,15
70,29,39
71,23,37
72,85,130
73,76,132
74,69,134
75,79,110
76,61,140
77,64,145
78,63,140
79,81,106
80,73,135
81,79,134
82,87,133
83,85,166
84,84,161
85,85,158
86,86,155
87,87,153
88,73,148
89,71,148
90,69,149
91,67,151
92,62,126
93,14,101
94,96,113
95,69,145
96,66,145
97,86,114
98,74,112
99,85,113
100,65,86
101,52,90
102,70,104
103,37,9
104,41,18
105,50,28
106,66,155
107,80,34
108,76,15
109,74,0
110,43,68
111,26,75
112,72,67
113,35,54
114,79,77
115,76,101
116,18,81
117,30,80
118,39,83
119,52,82
120,62,80
121,70,76
122,89,68
123,19,97
124,29,53
125,92,110
126,74,89
127,13,67
128,77,73
129,69,104
130,38,61
131,76,97
132,16,120
133,72,65
134,82,92
135,35,158
136,36,167
137,13,99
138,26,147
139,19,51
140,66,184
141,93,112
142,67,94
143,20,66
144,50,66
145,56,67
146,63,145
147,20,112
148,80,196
149,57,184
150,47,177
151,97,16
152,96,198
153,61,66
154,67,66
155,70,65
156,24,51
157,67,58
158,61,56
159,55,55
160,49,56
161,45,58
162,15,49
163,46,65
164,96,119
165,70,122
166,77,107
167,85,120
168,97,55
169,45,168
170,55,176
171,79,190
172,28,155
173,70,62
174,84,79
175,96,192
176,67,191
177,15,116
178,79,151
179,77,152
180,76,154
181,75,157
182,74,161
183,66,137
184,64,137
185,62,136
186,57,133
187,29,116
188,84,72
189,79,58
190,74,59
191,68,137
192,28,135
193,86,57
194,70,168
195,96,81
196,89,75
197,96,74
198,78,90
199,96,184
200,96,175
201,83,173
202,53,152
203,63,110
204,61,161
205,45,109
206,55,117
207,39,121
208,80,182
209,74,95
210,47,158
211,57,168
212,47,142
213,22,126
214,38,144
215,19,133
216,50,127
217,79,84
218,79,105
219,74,107
220,82,100
221,74,50
222,63,44
223,53,42
224,45,43
225,38,47
226,33,62
227,13,83
228,37,73
229,44,76
230,53,76
231,62,75
232,69,73
233,75,70
234,13,84
235,74,109
236,84,85
237,84,105
238,88,109
239,84,107
240,76,111
241,90,110
242,91,112
243,75,65
244,79,66
245,81,67
246,43,59
247,38,55
248,103,82
249,154,65
250,103,111
251,180,36
252,132,71
253,139,72
254,147,72
255,157,67
256,125,69
257,144,46
258,134,48
259,152,48
260,157,51
261,162,72
262,125,177
263,157,62
264,183,69
265,170,66
266,136,101
267,108,126
268,107,132
269,120,129
270,128,132
271,117,132
272,124,134
273,132,149
274,102,106
275,103,99
276,168,43
277,120,83
278,121,104
279,121,101
280,160,101
281,103,90
282,150,35
283,161,37
284,174,22
285,115,44
286,127,52
287,138,141
288,173,141
289,115,109
290,109,111
291,138,139
292,135,139
293,165,32
294,121,108
295,135,37
296,136,30
297,143,3
298,169,27
299,139,16
300,172,40
301,176,39
302,108,129
303,119,131
304,126,133
305,113,110
306,136,139
307,132,145
308,134,139
309,111,106
310,122,135
311,115,133
312,106,133
313,107,166
314,109,161
315,109,158
316,109,155
317,108,153
318,123,148
319,125,148
320,127,149
321,128,151
322,130,127
323,182,103
324,128,144
325,130,144
326,106,114
327,119,112
328,107,113
329,129,87
330,142,92
331,123,104
332,162,10
333,157,19
334,153,28
335,126,156
336,118,33
337,119,16
338,122,0
339,153,70
340,170,77
341,121,67
342,164,55
343,115,78
344,116,102
345,178,83
346,165,83
347,155,85
348,140,84
349,130,81
350,121,77
351,104,68
352,177,99
353,169,54
354,100,110
355,120,90
356,184,69
357,115,73
358,124,105
359,160,62
360,117,97
361,179,122
362,121,64
363,110,92
364,157,159
365,157,168
366,182,101
367,167,148
368,179,53
369,126,185
370,99,112
371,127,95
372,176,67
373,147,67
374,140,68
375,134,145
376,175,114
377,112,196
378,136,185
379,145,178
380,133,67
381,127,66
382,123,65
383,174,52
384,128,58
385,135,55
386,142,55
387,149,56
388,153,59
389,183,51
390,151,66
391,122,123
392,115,107
393,107,120
394,147,169
395,137,177
396,113,190
397,165,156
398,123,62
399,109,79
400,125,191
401,180,118
402,116,151
403,118,152
404,119,154
405,120,157
406,118,162
407,130,136
408,132,136
409,134,135
410,135,133
411,165,118
412,109,72
413,115,58
414,120,59
415,129,136
416,165,137
417,108,57
418,122,169
419,103,75
420,115,91
421,109,174
422,139,153
423,130,111
424,131,162
425,149,110
426,138,118
427,154,123
428,112,183
429,119,95
430,145,160
431,135,168
432,145,142
433,172,127
434,155,145
435,175,134
436,143,128
437,114,84
438,114,105
439,118,107
440,110,100
441,122,50
442,135,44
443,146,42
444,155,44
445,162,48
446,164,64
447,184,85
448,158,75
449,150,78
450,140,77
451,130,76
452,123,73
453,118,70
454,184,86
455,118,109
456,109,86
457,108,105
458,104,109
459,108,107
460,116,111
461,102,110
462,102,112
463,118,64
464,114,66
465,111,67
466,155,60
467,160,56
468,59,61
469,66,61
470,60,54
471,53,60
472,59,67
473,139,62
474,147,63
475,139,55
476,131,62
477,139,69
