0,93,132
1,84,113
2,91,118
3,82,85
4,84,105
5,85,94
6,91,66
7,52,55
8,92,45
9,91,36
10,92,-2
11,94,135
12,95,138
13,97,139
14,98,151
15,98,154
16,98,159
17,99,164
18,100,166
19,86,116
20,81,115
21,43,27
22,73,62
23,66,63
24,59,63
25,52,57
26,79,61
27,60,42
28,68,43
29,53,42
30,49,45
31,48,61
32,78,171
33,51,51
34,44,58
35,45,55
36,63,98
37,85,130
38,88,137
39,80,131
40,77,133
41,84,136
42,81,136
43,71,143
44,79,112
45,77,105
46,41,38
47,76,79
48,69,105
49,70,100
50,48,94
51,79,94
52,51,35
53,44,35
54,43,16
55,78,45
56,76,47
57,66,134
58,59,122
59,74,110
60,79,113
61,75,136
62,77,137
63,42,29
64,70,107
65,61,38
66,60,32
67,57,1
68,43,24
69,59,16
70,40,33
71,42,33
72,86,134
73,82,134
74,79,134
75,75,111
76,76,136
77,78,142
78,78,137
79,75,110
80,83,137
81,86,138
82,90,138
83,90,165
84,90,162
85,90,157
86,90,153
87,91,149
88,83,144
89,82,145
90,81,147
91,80,150
92,68,124
93,53,86
94,88,117
95,81,141
96,80,141
97,82,116
98,73,111
99,80,115
100,70,82
101,60,87
102,70,103
103,47,7
104,49,18
105,49,28
106,76,151
107,75,36
108,73,16
109,72,-1
110,54,61
111,43,66
112,82,60
113,46,47
114,79,75
115,71,104
116,41,73
117,45,73
118,51,78
119,62,77
120,71,74
121,77,71
122,85,67
123,40,88
124,43,45
125,83,116
126,75,87
127,49,54
128,82,69
129,71,102
130,49,51
131,72,99
132,55,103
133,82,57
134,75,96
135,60,146
136,66,153
137,44,88
138,55,134
139,43,44
140,79,178
141,85,117
142,70,92
143,43,55
144,59,59
145,65,59
146,78,143
147,43,103
148,91,191
149,76,175
150,71,165
151,91,16
152,104,194
153,72,58
154,78,57
155,81,57
156,42,43
157,76,50
158,69,47
159,62,46
160,56,47
161,53,49
162,45,39
163,55,57
164,93,122
165,73,122
166,73,109
167,83,122
168,92,55
169,67,158
170,73,168
171,88,186
172,62,139
173,80,55
174,80,80
175,103,190
176,82,184
177,46,103
178,86,147
179,85,149
180,84,153
181,84,157
182,82,159
183,79,136
184,77,135
185,76,134
186,66,128
187,46,109
188,82,71
189,84,53
190,82,53
191,80,137
192,51,126
193,86,55
194,80,164
195,87,84
196,83,77
197,89,75
198,76,91
199,101,183
200,101,174
201,89,171
202,67,145
203,67,108
204,74,155
205,54,106
206,63,115
207,52,116
208,88,180
209,73,94
210,65,150
211,72,161
212,61,135
213,46,115
214,57,135
215,50,119
216,60,123
217,78,84
218,72,108
219,70,108
220,73,104
221,78,47
222,65,41
223,55,39
224,48,40
225,45,42
226,47,53
227,43,72
228,50,66
229,56,69
230,64,69
231,73,68
232,79,66
233,83,64
234,52,70
235,72,109
236,78,88
237,75,110
238,80,114
239,76,111
240,74,111
241,81,115
242,83,116
243,84,58
244,85,61
245,85,64
246,51,50
247,48,47
248,94,85
249,151,60
250,97,115
251,191,22
252,128,66
253,136,67
254,144,67
255,156,62
256,122,65
257,139,45
258,130,46
259,148,47
260,154,50
261,163,66
262,133,175
263,155,57
264,196,57
265,174,60
266,136,98
267,104,130
268,106,136
269,117,130
270,127,131
271,117,135
272,126,134
273,142,144
274,91,113
275,91,105
276,163,45
277,119,79
278,117,106
279,118,101
280,162,95
281,92,94
282,140,39
283,153,40
284,178,11
285,106,47
286,122,49
287,148,135
288,200,127
289,112,111
290,105,114
291,141,132
292,139,133
293,157,35
294,119,108
295,124,41
296,125,35
297,138,-1
298,168,22
299,131,14
300,170,41
301,181,31
302,105,133
303,117,133
304,127,132
305,110,112
306,140,132
307,135,139
308,138,133
309,104,111
310,125,135
311,116,136
312,107,138
313,112,165
314,111,162
315,109,157
316,108,153
317,107,149
318,125,142
319,126,143
320,128,145
321,130,148
322,133,125
323,207,87
324,132,138
325,133,138
326,102,117
327,118,112
328,103,115
329,128,83
330,141,87
331,121,103
332,161,2
333,152,16
334,142,33
335,134,153
336,107,38
337,112,15
338,116,-3
339,151,65
340,174,71
341,117,63
342,162,53
343,112,75
344,109,105
345,185,74
346,166,77
347,154,80
348,138,79
349,127,76
350,119,73
351,99,67
352,185,90
353,170,52
354,91,116
355,118,87
356,205,52
357,112,70
358,124,103
359,159,58
360,111,99
361,206,106
362,118,61
363,101,96
364,174,152
365,178,159
366,199,90
367,186,140
368,189,43
369,135,183
370,92,117
371,126,92
372,184,61
373,142,63
374,135,63
375,137,140
376,186,106
377,121,193
378,149,180
379,162,172
380,129,63
381,123,61
382,119,61
383,178,49
384,125,54
385,132,51
386,139,50
387,146,52
388,150,54
389,200,35
390,147,62
391,123,122
392,110,111
393,105,122
394,161,164
395,149,173
396,120,189
397,190,145
398,120,58
399,104,80
400,136,188
401,199,107
402,117,146
403,118,149
404,119,152
405,121,157
406,125,160
407,134,133
408,135,132
409,136,131
410,142,129
411,173,111
412,105,71
413,111,56
414,116,56
415,133,134
416,178,130
417,102,57
418,130,167
419,96,77
420,110,91
421,115,173
422,149,148
423,131,108
424,141,158
425,150,107
426,140,116
427,160,118
428,118,181
429,117,94
430,157,155
431,146,165
432,155,137
433,186,119
434,167,139
435,195,124
436,149,124
437,111,84
438,106,110
439,114,109
440,100,105
441,116,50
442,127,45
443,139,43
444,149,44
445,157,48
446,165,59
447,199,73
448,158,70
449,149,72
450,138,72
451,128,71
452,120,68
453,115,66
454,207,69
455,115,110
456,102,88
457,98,111
458,96,115
459,100,112
460,114,112
461,94,115
462,95,116
463,115,61
464,110,63
465,107,65
466,153,56
467,158,53
468,68,52
469,76,52
470,68,45
471,60,52
472,68,59
473,143,56
474,151,56
475,143,49
476,134,55
477,142,63
