0,97,131
1,101,117
2,99,121
3,94,89
4,101,109
5,101,98
6,100,69
7,44,61
8,99,48
9,100,37
10,100,0
11,97,133
12,97,135
13,96,136
14,96,152
15,96,155
16,96,158
17,96,162
18,96,169
19,101,120
20,91,118
21,12,29
22,64,68
23,57,68
24,50,68
25,40,63
26,70,68
27,55,48
28,63,50
29,47,49
30,42,52
31,32,68
32,65,175
33,41,59
34,9,61
35,23,63
36,56,100
37,84,129
38,84,134
39,71,129
40,62,129
41,74,133
42,65,132
43,54,143
44,94,116
45,94,109
46,31,46
47,74,82
48,71,108
49,71,103
50,32,96
51,94,98
52,52,39
53,40,41
54,20,17
55,84,48
56,70,53
57,47,133
58,14,127
59,77,113
60,84,116
61,50,130
62,52,131
63,36,36
64,70,110
65,66,41
66,66,35
67,53,3
68,26,26
69,58,18
70,26,42
71,18,35
72,84,132
73,72,131
74,64,131
75,78,114
76,51,130
77,57,139
78,53,131
79,83,113
80,66,133
81,75,134
82,85,135
83,83,168
84,83,161
85,84,157
86,84,154
87,85,151
88,67,144
89,66,145
90,64,146
91,62,149
92,58,125
93,6,90
94,100,120
95,61,139
96,59,138
97,87,119
98,72,113
99,85,118
100,65,86
101,52,89
102,68,106
103,33,8
104,38,20
105,49,33
106,61,153
107,83,38
108,77,18
109,75,0
110,43,66
111,23,73
112,74,67
113,33,55
114,80,79
115,78,108
116,15,76
117,29,78
118,40,81
119,55,81
120,65,78
121,73,76
122,92,71
123,15,91
124,27,54
125,96,119
126,74,91
127,6,58
128,79,72
129,67,105
130,37,59
131,77,102
132,9,108
133,74,64
134,86,99
135,31,150
136,32,158
137,8,92
138,21,139
139,13,47
140,65,183
141,96,120
142,66,95
143,15,64
144,51,63
145,58,64
146,55,139
147,15,106
148,79,194
149,55,180
150,44,170
151,100,19
152,95,196
153,63,64
154,69,64
155,72,64
156,20,52
157,68,58
158,62,56
159,56,55
160,50,55
161,45,57
162,8,42
163,47,62
164,98,125
165,68,123
166,77,113
167,85,124
168,99,58
169,43,162
170,53,172
171,79,190
172,22,144
173,72,62
174,86,83
175,96,192
176,66,188
177,9,108
178,75,148
179,74,150
180,73,153
181,72,157
182,70,162
183,58,131
184,56,130
185,55,129
186,51,128
187,24,112
188,86,74
189,81,59
190,76,59
191,59,132
192,23,129
193,88,59
194,68,168
195,101,88
196,93,80
197,100,79
198,80,94
199,96,185
200,96,176
201,81,175
202,49,146
203,60,110
204,57,158
205,42,108
206,52,116
207,34,118
208,80,183
209,73,97
210,44,153
211,54,165
212,42,135
213,16,119
214,33,138
215,13,124
216,45,123
217,80,87
218,80,112
219,74,111
220,86,108
221,76,52
222,65,47
223,54,45
224,45,46
225,37,49
226,31,62
227,8,76
228,37,71
229,45,74
230,56,74
231,65,73
232,72,72
233,77,70
234,5,73
235,73,112
236,87,91
237,88,114
238,91,117
239,87,115
240,75,114
241,93,119
242,93,119
243,77,65
244,81,66
245,84,67
246,43,58
247,38,55
248,107,89
249,150,61
250,108,118
251,169,30
252,130,68
253,137,68
254,143,68
255,152,64
256,124,67
257,141,49
258,133,50
259,148,50
260,153,52
261,157,68
262,124,174
263,152,59
264,172,62
265,164,62
266,137,100
267,109,129
268,108,134
269,120,128
270,127,128
271,117,132
272,124,131
273,134,142
274,108,116
275,109,108
276,162,44
277,121,82
278,126,108
279,126,103
280,157,96
281,108,98
282,147,39
283,156,40
284,165,19
285,115,48
286,126,53
287,140,132
288,161,126
289,120,113
290,113,116
291,137,129
292,134,130
293,159,35
294,126,110
295,133,42
296,134,35
297,142,4
298,163,27
299,139,19
300,165,40
301,167,36
302,109,131
303,119,130
304,126,129
305,118,114
306,136,129
307,131,138
308,133,130
309,116,113
310,123,132
311,116,133
312,107,135
313,108,168
314,108,161
315,108,157
316,107,153
317,106,151
318,122,143
319,123,144
320,125,146
321,126,148
322,133,125
323,168,89
324,127,138
325,129,138
326,110,119
327,123,113
328,112,118
329,128,86
330,140,89
331,127,105
332,158,10
333,155,21
334,149,33
335,127,152
336,117,39
337,121,19
338,124,1
339,149,66
340,164,72
341,120,65
342,159,54
343,116,79
344,121,108
345,169,76
346,160,78
347,152,81
348,139,81
349,129,78
350,122,76
351,107,71
352,170,91
353,164,52
354,105,119
355,121,90
356,170,58
357,116,72
358,127,105
359,155,59
360,121,102
361,165,107
362,121,63
363,115,99
364,150,148
365,147,155
366,172,91
367,159,137
368,170,48
369,124,181
370,103,120
371,128,95
372,169,62
373,143,64
374,137,64
375,132,138
376,169,105
377,110,193
378,130,177
379,138,167
380,131,64
381,126,63
382,122,63
383,167,50
384,127,58
385,133,56
386,139,55
387,145,56
388,149,57
389,170,43
390,147,63
391,125,123
392,120,112
393,111,124
394,141,160
395,133,170
396,111,189
397,154,142
398,123,61
399,112,83
400,121,186
401,169,107
402,115,148
403,116,149
404,118,152
405,118,156
406,119,161
407,130,130
408,131,129
409,133,128
410,138,128
411,162,111
412,111,74
413,115,58
414,120,59
415,128,131
416,160,127
417,109,59
418,122,166
419,107,80
420,118,94
421,110,174
422,138,145
423,132,109
424,130,156
425,149,107
426,139,116
427,154,117
428,111,182
429,122,97
430,141,151
431,132,163
432,144,134
433,166,117
434,152,136
435,165,122
436,144,122
437,116,87
438,119,112
439,123,111
440,115,108
441,121,52
442,133,47
443,143,46
444,152,46
445,157,49
446,159,60
447,172,76
448,154,71
449,147,74
450,138,74
451,129,73
452,122,71
453,118,69
454,169,73
455,123,112
456,113,91
457,113,114
458,109,117
459,113,114
460,121,114
461,107,118
462,106,119
463,118,64
464,114,66
465,112,67
466,151,58
467,156,55
468,55,59
469,62,59
470,55,52
471,47,59
472,54,66
473,138,59
474,145,59
475,137,52
476,130,59
477,138,65
