0,100,133
1,103,112
2,100,117
3,96,86
4,103,105
5,103,94
6,101,67
7,44,59
8,101,47
9,101,37
10,101,-1
11,100,136
12,99,139
13,99,141
14,99,141
15,99,145
16,99,150
17,99,155
18,97,159
19,102,115
20,93,114
21,12,24
22,66,66
23,58,66
24,50,66
25,41,61
26,72,64
27,55,45
28,64,46
29,46,46
30,41,48
31,34,65
32,68,168
33,41,56
34,8,57
35,25,59
36,60,98
37,90,131
38,90,138
39,80,132
40,73,134
41,82,137
42,75,137
43,61,141
44,96,112
45,96,105
46,30,42
47,76,80
48,77,106
49,76,101
50,36,95
51,96,95
52,50,36
53,38,38
54,21,12
55,84,45
56,71,49
57,55,134
58,10,124
59,82,110
60,88,113
61,63,136
62,65,136
63,34,33
64,76,108
65,65,38
66,64,32
67,56,0
68,28,22
69,61,15
70,26,38
71,19,31
72,90,135
73,81,135
74,74,135
75,83,112
76,64,136
77,68,139
78,66,136
79,87,110
80,76,138
81,83,139
82,90,140
83,87,158
84,88,153
85,89,149
86,90,144
87,90,140
88,76,138
89,75,140
90,73,142
91,72,144
92,66,124
93,3,86
94,101,116
95,72,137
96,70,138
97,90,116
98,77,112
99,89,114
100,68,84
101,55,88
102,74,104
103,35,4
104,42,16
105,47,30
106,68,148
107,82,36
108,80,16
109,77,-1
110,44,64
111,25,69
112,77,63
113,33,51
114,82,76
115,82,105
116,16,73
117,30,75
118,40,79
119,55,79
120,66,76
121,75,73
122,94,68
123,16,89
124,27,49
125,98,115
126,77,88
127,3,53
128,81,70
129,72,103
130,38,56
131,81,99
132,5,104
133,77,60
134,89,96
135,31,147
136,29,154
137,7,88
138,20,136
139,13,43
140,66,175
141,98,116
142,70,93
143,18,59
144,52,62
145,58,62
146,67,140
147,16,104
148,79,185
149,54,173
150,43,166
151,101,17
152,95,187
153,65,62
154,71,61
155,75,60
156,21,47
157,70,54
158,63,52
159,56,51
160,49,52
161,45,54
162,6,37
163,47,60
164,100,122
165,74,122
166,82,110
167,89,121
168,100,56
169,43,158
170,54,166
171,80,181
172,19,141
173,75,58
174,89,81
175,96,183
176,66,180
177,8,105
178,83,139
179,82,142
180,80,146
181,79,150
182,76,154
183,70,137
184,68,136
185,67,135
186,59,128
187,28,110
188,88,72
189,83,55
190,78,55
191,71,137
192,25,127
193,90,57
194,71,160
195,102,85
196,95,78
197,102,77
198,83,92
199,97,176
200,97,167
201,84,165
202,53,145
203,65,108
204,61,153
205,47,106
206,58,115
207,39,117
208,82,174
209,77,95
210,46,150
211,57,159
212,47,135
213,18,117
214,36,136
215,12,121
216,51,123
217,83,84
218,84,109
219,79,109
220,89,105
221,77,49
222,64,43
223,53,42
224,43,43
225,37,46
226,32,57
227,6,72
228,38,69
229,46,71
230,56,72
231,66,71
232,74,68
233,79,67
234,3,69
235,79,110
236,89,88
237,90,110
238,93,114
239,90,111
240,80,112
241,95,115
242,95,115
243,80,61
244,84,63
245,86,65
246,43,55
247,38,52
248,108,86
249,145,60
250,108,114
251,166,28
252,124,66
253,132,67
254,139,66
255,147,62
256,119,65
257,138,46
258,129,46
259,145,47
260,149,50
261,151,67
262,122,167
263,147,58
264,169,60
265,157,61
266,134,99
267,109,131
268,107,138
269,116,133
270,120,135
271,113,138
272,117,138
273,129,141
274,109,112
275,110,105
276,159,44
277,120,81
278,122,106
279,123,102
280,154,97
281,109,95
282,147,37
283,155,39
284,162,17
285,117,45
286,121,50
287,134,134
288,159,126
289,117,111
290,112,113
291,126,138
292,124,138
293,157,34
294,122,109
295,134,39
296,136,33
297,141,3
298,159,26
299,137,18
300,161,40
301,164,35
302,108,135
303,114,136
304,119,136
305,115,112
306,125,138
307,122,140
308,123,138
309,115,110
310,116,139
311,111,140
312,106,140
313,107,158
314,108,154
315,108,149
316,107,144
317,106,141
318,116,139
319,117,141
320,119,143
321,120,146
322,128,125
323,165,89
324,119,138
325,121,139
326,109,116
327,120,112
328,111,115
329,126,85
330,138,89
331,123,104
332,155,9
333,151,21
334,149,31
335,123,148
336,120,36
337,121,18
338,123,0
339,144,65
340,157,72
341,115,63
342,154,53
343,115,77
344,119,105
345,167,76
346,155,78
347,147,81
348,135,80
349,125,77
350,118,74
351,107,69
352,167,92
353,158,52
354,106,115
355,120,89
356,167,57
357,114,71
358,123,104
359,149,58
360,119,100
361,163,107
362,115,60
363,115,97
364,150,148
365,147,154
366,169,91
367,158,137
368,167,47
369,123,174
370,104,116
371,125,94
372,160,62
373,138,62
374,132,62
375,123,141
376,165,106
377,110,184
378,129,172
379,137,165
380,126,62
381,120,61
382,116,61
383,161,50
384,121,55
385,128,52
386,135,52
387,141,53
388,144,55
389,167,41
390,142,61
391,122,122
392,117,110
393,110,121
394,140,158
395,132,166
396,111,181
397,154,142
398,117,58
399,112,81
400,120,179
401,167,107
402,111,140
403,113,143
404,114,146
405,115,150
406,116,154
407,121,138
408,122,137
409,124,136
410,133,129
411,158,112
412,111,72
413,112,56
414,115,56
415,119,139
416,157,128
417,108,56
418,119,160
419,108,78
420,117,92
421,109,165
422,134,145
423,129,109
424,128,153
425,145,107
426,135,116
427,150,118
428,111,174
429,120,96
430,139,150
431,131,159
432,141,135
433,163,118
434,149,137
435,164,122
436,140,124
437,116,85
438,117,109
439,120,109
440,115,105
441,119,49
442,131,44
443,142,43
444,150,44
445,154,47
446,153,60
447,170,76
448,149,70
449,142,73
450,133,73
451,124,71
452,118,69
453,114,67
454,166,72
455,120,110
456,113,89
457,113,111
458,109,114
459,113,111
460,118,112
461,108,115
462,107,115
463,113,61
464,111,63
465,110,65
466,146,56
467,151,53
468,57,56
469,64,56
470,57,49
471,49,55
472,56,63
473,131,56
474,139,56
475,132,49
476,123,56
477,131,63
