0,98,132
1,97,111
2,98,117
3,91,85
4,97,103
5,97,93
6,97,66
7,47,60
8,97,46
9,97,35
10,98,-1
11,98,134
12,99,136
13,99,137
14,99,154
15,99,157
16,99,160
17,100,164
18,99,169
19,97,115
20,90,114
21,20,31
22,67,67
23,60,68
24,53,67
25,44,63
26,73,66
27,56,47
28,64,48
29,48,48
30,43,51
31,37,67
32,70,175
33,44,59
34,16,63
35,29,61
36,57,98
37,86,130
38,87,134
39,75,129
40,67,129
41,77,133
42,70,131
43,59,142
44,91,111
45,90,103
46,33,44
47,75,81
48,72,105
49,72,100
50,34,95
51,90,93
52,49,37
53,39,39
54,27,18
55,81,45
56,71,51
57,53,131
58,23,134
59,77,110
60,84,112
61,57,130
62,59,130
63,35,34
64,71,107
65,63,38
66,62,32
67,55,1
68,31,26
69,59,16
70,28,40
71,24,36
72,86,133
73,76,131
74,69,130
75,79,111
76,58,130
77,63,139
78,60,131
79,82,109
80,71,132
81,78,134
82,88,135
83,87,167
84,87,163
85,87,159
86,87,155
87,88,152
88,72,145
89,71,145
90,69,147
91,68,149
92,61,122
93,16,95
94,97,116
95,67,139
96,65,139
97,87,115
98,73,110
99,85,114
100,67,84
101,53,88
102,70,103
103,38,8
104,42,19
105,47,31
106,66,152
107,79,35
108,77,16
109,74,-1
110,47,65
111,30,71
112,77,65
113,36,53
114,80,77
115,77,104
116,20,77
117,34,77
118,44,80
119,58,80
120,68,77
121,75,75
122,90,68
123,19,92
124,31,52
125,93,115
126,75,88
127,15,62
128,81,71
129,69,102
130,41,59
131,77,98
132,18,114
133,77,62
134,83,95
135,38,153
136,41,162
137,14,95
138,28,142
139,20,49
140,70,183
141,94,116
142,67,93
143,23,62
144,54,63
145,60,63
146,62,140
147,19,108
148,84,195
149,62,181
150,53,173
151,97,16
152,100,198
153,66,63
154,71,63
155,75,63
156,25,49
157,70,57
158,63,54
159,57,54
160,51,55
161,48,56
162,17,45
163,50,62
164,98,121
165,70,120
166,78,109
167,86,120
168,97,56
169,50,164
170,60,173
171,84,191
172,31,150
173,74,60
174,85,80
175,100,193
176,72,189
177,15,112
178,79,149
179,78,151
180,77,154
181,77,158
182,75,161
183,63,131
184,62,130
185,61,129
186,55,126
187,27,112
188,86,72
189,82,57
190,77,58
191,65,131
192,28,131
193,88,57
194,72,167
195,97,84
196,91,77
197,97,76
198,79,91
199,100,186
200,99,176
201,85,175
202,55,146
203,63,108
204,63,157
205,44,106
206,55,114
207,38,117
208,84,183
209,74,94
210,51,154
211,61,165
212,48,134
213,21,121
214,39,138
215,20,128
216,49,121
217,80,84
218,79,108
219,74,108
220,83,103
221,76,50
222,64,45
223,53,43
224,45,45
225,39,48
226,36,60
227,14,79
228,42,70
229,49,73
230,59,73
231,68,72
232,75,70
233,79,68
234,15,78
235,74,109
236,85,87
237,85,109
238,89,113
239,85,110
240,76,110
241,91,114
242,91,115
243,79,63
244,83,65
245,85,66
246,46,57
247,41,54
248,104,85
249,149,61
250,105,114
251,177,31
252,130,67
253,137,67
254,144,67
255,153,63
256,124,67
257,140,47
258,132,48
259,147,48
260,152,51
261,160,67
262,129,176
263,152,59
264,183,64
265,168,62
266,139,98
267,111,130
268,111,135
269,123,130
270,131,130
271,121,133
272,129,132
273,140,141
274,103,111
275,104,103
276,162,44
277,121,81
278,123,105
279,124,100
280,163,95
281,104,93
282,145,36
283,155,39
284,169,18
285,112,44
286,124,51
287,147,131
288,179,134
289,118,110
290,111,112
291,143,131
292,140,132
293,159,34
294,124,107
295,131,37
296,132,31
297,141,1
298,164,26
299,136,16
300,167,40
301,172,37
302,111,133
303,122,132
304,130,131
305,116,111
306,141,131
307,136,140
308,139,132
309,113,109
310,128,133
311,120,134
312,111,136
313,112,167
314,113,163
315,112,159
316,111,155
317,110,153
318,127,145
319,129,146
320,131,148
321,132,150
322,137,122
323,185,96
324,133,140
325,135,140
326,109,115
327,123,110
328,110,114
329,130,84
330,143,88
331,126,103
332,158,8
333,153,19
334,147,30
335,133,152
336,114,33
337,118,16
338,121,-1
339,150,66
340,169,72
341,119,65
342,160,54
343,115,77
344,118,104
345,178,78
346,165,77
347,156,80
348,141,79
349,130,77
350,122,75
351,105,68
352,179,92
353,166,52
354,101,115
355,121,88
356,184,62
357,116,71
358,127,102
359,155,59
360,118,98
361,184,114
362,119,63
363,111,95
364,162,154
365,161,163
366,186,95
367,173,143
368,178,49
369,129,184
370,101,116
371,129,93
372,175,63
373,143,62
374,137,63
375,138,141
376,180,108
377,115,196
378,138,182
379,148,174
380,131,63
381,125,63
382,121,63
383,171,50
384,126,58
385,133,55
386,139,55
387,144,55
388,148,57
389,181,45
390,146,62
391,127,120
392,117,109
393,111,120
394,151,164
395,140,174
396,116,191
397,171,151
398,121,61
399,110,80
400,128,190
401,185,112
402,119,150
403,121,152
404,122,155
405,123,159
406,124,161
407,136,131
408,137,131
409,138,130
410,144,125
411,171,112
412,110,72
413,114,57
414,118,58
415,134,132
416,171,131
417,107,57
418,127,168
419,104,77
420,116,91
421,114,175
422,145,146
423,134,108
424,137,158
425,153,106
426,142,114
427,160,117
428,115,184
429,121,94
430,149,154
431,139,165
432,152,134
433,178,121
434,161,138
435,181,128
436,150,121
437,115,84
438,115,108
439,121,108
440,111,104
441,119,50
442,131,44
443,142,43
444,151,45
445,157,48
446,161,61
447,185,79
448,156,70
449,149,72
450,139,73
451,130,72
452,122,70
453,117,68
454,185,78
455,121,109
456,110,87
457,109,110
458,105,113
459,110,110
460,120,111
461,104,114
462,103,115
463,117,63
464,113,65
465,111,66
466,150,58
467,156,55
468,59,58
469,66,58
470,59,51
471,52,57
472,59,64
473,138,58
474,145,58
475,137,52
476,130,59
477,138,64
