0,100,134
1,96,112
2,97,118
3,91,84
4,96,104
5,97,93
6,98,65
7,49,57
8,99,43
9,99,33
10,99,0
11,100,136
12,100,138
13,100,139
14,100,149
15,100,153
16,100,157
17,100,162
18,98,169
19,97,116
20,90,114
21,23,29
22,68,64
23,62,65
24,55,64
25,46,60
26,73,63
27,58,44
28,65,44
29,50,45
30,46,48
31,40,65
32,71,173
33,47,56
34,20,61
35,32,59
36,62,99
37,90,132
38,90,137
39,80,133
40,74,135
41,83,137
42,77,137
43,64,147
44,90,112
45,89,104
46,37,42
47,77,80
48,74,107
49,74,102
50,41,96
51,90,94
52,52,34
53,43,37
54,30,17
55,83,41
56,72,48
57,59,138
58,29,130
59,79,111
60,85,114
61,66,139
62,68,140
63,40,32
64,74,109
65,65,35
66,64,29
67,58,2
68,35,25
69,62,16
70,33,38
71,28,35
72,90,135
73,81,135
74,75,136
75,81,113
76,67,139
77,71,144
78,69,140
79,83,110
80,78,138
81,84,138
82,91,138
83,87,168
84,90,161
85,90,156
86,91,152
87,92,149
88,79,145
89,77,146
90,75,149
91,74,151
92,67,127
93,21,92
94,97,117
95,74,143
96,73,143
97,87,117
98,76,113
99,86,115
100,70,84
101,58,88
102,73,105
103,41,8
104,45,18
105,50,28
106,70,155
107,81,31
108,79,16
109,77,0
110,50,63
111,32,70
112,77,62
113,39,51
114,82,76
115,79,105
116,25,76
117,37,75
118,46,79
119,59,79
120,69,76
121,76,73
122,91,66
123,26,91
124,34,49
125,93,115
126,77,89
127,18,59
128,81,70
129,72,104
130,44,56
131,79,99
132,24,110
133,77,59
134,84,96
135,44,151
136,45,159
137,20,92
138,35,140
139,24,46
140,70,180
141,94,116
142,71,93
143,26,59
144,56,60
145,62,60
146,70,145
147,28,106
148,82,192
149,62,178
150,54,170
151,99,17
152,98,194
153,67,60
154,72,59
155,75,59
156,29,47
157,71,53
158,65,51
159,59,50
160,53,51
161,50,53
162,20,42
163,52,59
164,97,123
165,73,124
166,80,110
167,87,123
168,98,54
169,52,162
170,61,171
171,82,188
172,37,147
173,75,57
174,86,79
175,98,190
176,71,186
177,23,109
178,84,147
179,83,149
180,82,153
181,81,157
182,77,162
183,72,138
184,70,138
185,69,137
186,62,131
187,37,111
188,87,70
189,82,54
190,78,54
191,74,139
192,37,129
193,88,55
194,74,167
195,97,83
196,91,76
197,98,74
198,81,92
199,98,183
200,98,175
201,85,173
202,59,148
203,66,110
204,66,158
205,51,107
206,60,117
207,46,118
208,83,181
209,77,95
210,54,154
211,62,164
212,54,138
213,30,119
214,45,139
215,28,125
216,56,125
217,82,84
218,81,109
219,77,110
220,83,104
221,77,47
222,65,41
223,55,41
224,47,42
225,42,46
226,39,57
227,19,76
228,44,68
229,51,71
230,60,71
231,69,70
232,75,68
233,79,66
234,20,75
235,77,111
236,86,87
237,85,110
238,89,114
239,86,111
240,78,113
241,90,115
242,91,116
243,79,60
244,83,62
245,85,64
246,48,55
247,43,51
248,103,84
249,147,60
250,104,115
251,178,31
252,128,66
253,135,66
254,142,66
255,151,63
256,122,64
257,139,47
258,131,47
259,146,48
260,151,51
261,158,68
262,126,174
263,150,59
264,183,63
265,166,62
266,135,100
267,111,132
268,110,137
269,120,133
270,126,134
271,117,136
272,123,137
273,135,148
274,103,112
275,104,104
276,161,45
277,120,81
278,121,107
279,122,103
280,157,98
281,104,94
282,144,38
283,154,40
284,171,18
285,113,45
286,124,50
287,141,139
288,176,133
289,115,112
290,110,114
291,133,138
292,131,138
293,158,35
294,122,110
295,131,39
296,132,32
297,142,3
298,165,26
299,137,17
300,165,41
301,173,36
302,110,135
303,119,135
304,124,135
305,114,113
306,132,138
307,128,143
308,130,138
309,111,111
310,121,137
311,116,137
312,109,138
313,109,168
314,110,160
315,110,156
316,109,151
317,108,148
318,121,144
319,122,145
320,124,148
321,125,150
322,131,128
323,184,94
324,125,142
325,127,142
326,108,117
327,120,114
328,109,116
329,127,85
330,140,89
331,123,105
332,160,9
333,154,19
334,146,31
335,128,156
336,115,35
337,119,16
338,122,0
339,148,65
340,166,73
341,118,63
342,158,54
343,115,76
344,116,105
345,176,78
346,162,78
347,152,81
348,138,80
349,128,77
350,120,74
351,105,66
352,175,94
353,164,53
354,101,115
355,119,89
356,185,61
357,115,70
358,124,105
359,154,59
360,116,100
361,182,113
362,118,60
363,110,96
364,158,153
365,158,161
366,183,95
367,168,143
368,178,48
369,127,182
370,100,116
371,126,94
372,173,63
373,141,62
374,135,62
375,130,144
376,174,109
377,114,193
378,137,180
379,147,172
380,129,61
381,124,61
382,120,61
383,169,50
384,125,56
385,131,54
386,137,54
387,143,55
388,147,57
389,183,44
390,144,61
391,124,125
392,115,111
393,109,124
394,148,164
395,138,172
396,114,188
397,168,150
398,120,58
399,109,80
400,126,187
401,181,112
402,115,146
403,117,149
404,118,152
405,119,157
406,120,163
407,127,137
408,129,136
409,130,136
410,137,133
411,163,114
412,110,71
413,113,55
414,118,56
415,126,138
416,165,132
417,107,56
418,123,168
419,104,76
420,114,92
421,111,174
422,141,150
423,131,111
424,133,160
425,147,109
426,138,118
427,153,120
428,113,182
429,119,96
430,146,156
431,136,165
432,146,139
433,172,122
434,155,141
435,176,128
436,144,126
437,114,84
438,113,109
439,118,110
440,110,105
441,119,49
442,131,45
443,141,44
444,149,45
445,155,49
446,159,61
447,183,79
448,154,71
449,147,73
450,137,73
451,128,71
452,121,69
453,116,67
454,185,77
455,119,112
456,109,88
457,108,111
458,105,114
459,108,112
460,117,113
461,103,115
462,102,116
463,116,61
464,112,63
465,110,65
466,149,58
467,154,55
468,63,54
469,71,54
470,63,47
471,55,54
472,63,62
473,135,57
474,142,57
475,135,50
476,127,57
477,135,63
