0,101,134
1,99,117
2,99,121
3,93,89
4,99,109
5,99,98
6,100,69
7,44,60
8,100,44
9,101,33
10,102,-5
11,101,135
12,101,137
13,101,137
14,100,155
15,101,158
16,101,161
17,101,165
18,100,169
19,99,120
20,91,118
21,21,23
22,66,68
23,59,68
24,52,67
25,42,62
26,72,67
27,55,45
28,64,47
29,47,46
30,42,48
31,37,66
32,72,174
33,42,58
34,19,56
35,30,60
36,60,100
37,89,132
38,90,135
39,78,132
40,70,131
41,81,134
42,73,133
43,62,143
44,93,116
45,92,108
46,33,39
47,77,82
48,74,108
49,73,103
50,38,95
51,92,98
52,50,33
53,40,35
54,26,11
55,83,44
56,71,52
57,56,133
58,30,124
59,79,113
60,85,116
61,60,132
62,62,133
63,37,29
64,73,110
65,64,36
66,63,30
67,56,-3
68,31,20
69,60,12
70,29,35
71,25,29
72,89,134
73,79,133
74,72,132
75,80,114
76,61,133
77,65,141
78,63,134
79,83,113
80,75,134
81,82,135
82,91,136
83,88,167
84,88,163
85,88,160
86,89,156
87,90,154
88,75,146
89,73,147
90,71,148
91,69,150
92,64,125
93,21,86
94,99,121
95,70,141
96,68,141
97,88,119
98,75,114
99,87,118
100,69,85
101,56,89
102,72,106
103,37,1
104,42,13
105,48,27
106,69,152
107,81,34
108,79,13
109,77,-6
110,45,66
111,30,71
112,76,65
113,35,51
114,82,78
115,79,108
116,24,73
117,34,76
118,43,80
119,57,80
120,67,78
121,75,75
122,93,70
123,24,89
124,31,49
125,95,119
126,77,90
127,18,52
128,81,72
129,71,105
130,39,58
131,79,102
132,25,104
133,76,63
134,85,99
135,43,148
136,45,155
137,20,88
138,34,136
139,22,42
140,72,181
141,96,120
142,70,94
143,25,60
144,52,63
145,58,64
146,64,141
147,25,104
148,85,193
149,64,177
150,56,168
151,101,14
152,100,196
153,65,64
154,70,63
155,74,63
156,27,46
157,69,58
158,63,55
159,56,54
160,50,54
161,46,55
162,18,36
163,47,62
164,100,125
165,72,123
166,79,113
167,87,125
168,100,56
169,53,160
170,62,170
171,84,189
172,37,142
173,74,61
174,87,83
175,100,192
176,73,187
177,22,105
178,82,150
179,80,152
180,78,155
181,77,158
182,77,161
183,67,133
184,66,132
185,64,131
186,59,128
187,33,110
188,88,74
189,82,58
190,77,58
191,69,133
192,34,127
193,90,58
194,74,166
195,100,88
196,93,80
197,100,79
198,81,94
199,100,185
200,100,176
201,86,174
202,58,146
203,65,110
204,65,157
205,48,107
206,58,116
207,42,117
208,84,182
209,76,97
210,53,152
211,63,163
212,51,135
213,27,117
214,43,136
215,27,121
216,52,123
217,82,87
218,81,112
219,76,111
220,85,108
221,76,50
222,64,43
223,53,41
224,44,42
225,38,45
226,35,59
227,19,72
228,40,70
229,48,73
230,58,73
231,67,72
232,74,71
233,79,69
234,20,69
235,76,112
236,87,91
237,87,114
238,91,118
239,87,115
240,77,114
241,93,119
242,93,119
243,79,64
244,83,65
245,86,67
246,43,57
247,38,52
248,106,89
249,154,61
250,108,118
251,182,26
252,134,67
253,141,68
254,147,68
255,157,63
256,128,66
257,144,47
258,136,47
259,152,48
260,157,50
261,163,68
262,128,175
263,156,59
264,184,60
265,171,61
266,140,101
267,113,132
268,112,135
269,124,131
270,131,131
271,121,134
272,128,133
273,139,144
274,106,116
275,107,109
276,166,43
277,124,83
278,126,109
279,126,104
280,163,97
281,107,98
282,149,36
283,159,38
284,175,14
285,118,43
286,129,50
287,146,135
288,174,128
289,120,114
290,114,117
291,140,131
292,138,132
293,163,32
294,127,111
295,136,37
296,137,30
297,147,-1
298,170,23
299,142,14
300,171,38
301,177,33
302,113,134
303,123,133
304,130,132
305,119,115
306,139,131
307,135,140
308,137,132
309,116,114
310,127,133
311,120,135
312,112,136
313,112,168
314,114,163
315,113,160
316,112,156
317,111,153
318,126,145
319,128,146
320,130,148
321,132,149
322,136,127
323,183,90
324,131,140
325,133,140
326,111,120
327,125,114
328,112,118
329,132,86
330,144,90
331,128,106
332,165,4
333,159,17
334,152,29
335,132,153
336,120,33
337,123,14
338,127,-5
339,153,66
340,170,72
341,124,64
342,164,53
343,118,79
344,120,108
345,178,77
346,166,78
347,156,82
348,142,81
349,132,78
350,125,75
351,108,70
352,178,92
353,169,51
354,103,120
355,124,91
356,186,56
357,119,71
358,129,106
359,160,59
360,121,102
361,180,108
362,124,61
363,114,100
364,159,152
365,158,159
366,183,92
367,169,140
368,181,46
369,129,183
370,103,120
371,131,95
372,177,62
373,147,64
374,141,64
375,137,140
376,177,107
377,115,194
378,137,180
379,146,171
380,135,63
381,130,62
382,126,62
383,174,48
384,131,57
385,137,55
386,143,55
387,149,56
388,152,57
389,185,39
390,151,62
391,128,124
392,120,113
393,112,125
394,149,163
395,139,173
396,115,190
397,167,145
398,126,59
399,113,83
400,127,188
401,181,109
402,119,150
403,121,152
404,123,155
405,124,158
406,123,162
407,133,132
408,135,131
409,137,131
410,143,130
411,169,113
412,113,74
413,119,55
414,123,56
415,132,133
416,168,130
417,112,56
418,126,168
419,107,80
420,119,95
421,113,175
422,143,147
423,135,111
424,135,158
425,153,109
426,143,118
427,159,120
428,115,183
429,124,98
430,148,154
431,138,165
432,150,137
433,175,120
434,159,139
435,177,125
436,149,125
437,118,87
438,118,113
439,123,112
440,114,109
441,124,48
442,136,44
443,146,43
444,155,44
445,161,47
446,164,60
447,184,76
448,159,71
449,151,74
450,142,74
451,133,72
452,126,70
453,121,67
454,184,72
455,123,113
456,113,91
457,112,115
458,108,118
459,112,115
460,122,115
461,106,119
462,105,120
463,122,61
464,118,63
465,115,65
466,155,58
467,160,54
468,56,58
469,64,58
470,57,51
471,48,58
472,56,65
473,140,59
474,148,59
475,140,52
476,132,59
477,140,66
