0,110,131
1,122,101
2,111,111
3,110,78
4,123,93
5,120,84
6,109,63
7,42,52
8,107,41
9,109,31
10,107,-2
11,109,135
12,107,139
13,105,141
14,105,150
15,105,154
16,105,160
17,104,165
18,99,163
19,119,106
20,108,106
21,-1,21
22,65,62
23,57,62
24,50,61
25,37,55
26,72,61
27,57,35
28,66,37
29,48,35
30,41,38
31,30,61
32,66,173
33,38,49
34,-6,56
35,19,54
36,66,96
37,101,129
38,99,138
39,89,133
40,79,136
41,90,139
42,81,140
43,63,148
44,116,101
45,116,93
46,30,32
47,81,77
48,89,100
49,86,96
50,38,94
51,113,85
52,55,22
53,41,25
54,14,7
55,90,33
56,73,42
57,59,141
58,-13,135
59,94,105
60,100,108
61,65,142
62,67,142
63,37,20
64,86,104
65,71,24
66,70,18
67,61,-7
68,27,13
69,69,6
70,24,28
71,12,25
72,100,134
73,90,136
74,80,138
75,95,107
76,66,142
77,71,145
78,68,142
79,102,101
80,81,141
81,89,141
82,98,141
83,89,162
84,94,163
85,96,158
86,96,153
87,96,149
88,80,145
89,79,146
90,77,149
91,75,151
92,74,125
93,-22,93
94,115,108
95,74,144
96,73,144
97,102,111
98,86,109
99,101,109
100,72,81
101,59,86
102,83,100
103,35,-2
104,45,6
105,52,16
106,70,154
107,90,22
108,89,10
109,84,-6
110,42,59
111,19,67
112,76,60
113,31,43
114,87,73
115,97,96
116,8,72
117,27,73
118,40,77
119,57,76
120,68,74
121,77,71
122,102,64
123,10,90
124,24,42
125,115,105
126,83,85
127,-19,56
128,84,67
129,80,101
130,34,49
131,94,92
132,-20,113
133,76,57
134,104,87
135,20,156
136,12,165
137,-9,91
138,7,144
139,2,40
140,61,181
141,112,108
142,75,90
143,9,56
144,51,56
145,58,57
146,69,146
147,9,107
148,73,192
149,43,183
150,29,176
151,109,14
152,89,193
153,64,57
154,70,57
155,74,57
156,15,40
157,70,49
158,63,45
159,57,44
160,49,44
161,44,46
162,-12,37
163,46,54
164,110,117
165,83,120
166,95,103
167,101,117
168,106,53
169,34,166
170,46,174
171,78,186
172,-1,152
173,74,54
174,98,75
175,94,187
176,58,188
177,-8,110
178,88,147
179,87,150
180,85,154
181,84,158
182,79,158
183,73,141
184,72,140
185,71,139
186,66,132
187,27,111
188,95,68
189,85,50
190,78,51
191,74,142
192,19,132
193,95,50
194,71,165
195,116,77
196,106,71
197,113,70
198,93,86
199,96,179
200,98,170
201,85,169
202,53,151
203,72,107
204,60,159
205,53,104
206,64,114
207,42,118
208,81,178
209,85,90
210,42,157
211,53,166
212,48,141
213,9,121
214,33,142
215,-3,127
216,56,126
217,91,80
218,100,100
219,92,102
220,107,94
221,80,40
222,68,33
223,57,30
224,46,31
225,37,35
226,28,52
227,-8,74
228,35,65
229,45,68
230,56,69
231,67,67
232,74,66
233,80,64
234,-22,74
235,90,105
236,102,81
237,109,100
238,110,105
239,107,102
240,90,108
241,112,105
242,110,108
243,79,57
244,85,59
245,90,60
246,41,47
247,36,43
248,121,79
249,133,71
250,119,107
251,137,43
252,119,73
253,124,75
254,129,75
255,133,73
256,116,70
257,133,54
258,127,53
259,137,57
260,138,61
261,135,77
262,112,172
263,135,69
264,134,74
265,138,72
266,130,102
267,116,131
268,112,140
269,119,135
270,120,139
271,114,141
272,116,143
273,119,150
274,126,102
275,128,94
276,145,55
277,120,82
278,129,103
279,128,99
280,140,104
281,125,86
282,141,45
283,145,49
284,140,29
285,121,45
286,121,55
287,123,144
288,114,141
289,123,107
290,119,109
291,118,147
292,117,147
293,147,45
294,126,106
295,134,44
296,136,37
297,134,7
298,144,34
299,135,20
300,146,52
301,142,46
302,114,136
303,117,138
304,118,141
305,121,108
306,118,147
307,117,149
308,116,146
309,126,103
310,113,144
311,112,143
312,109,142
313,106,162
314,111,164
315,112,159
316,111,154
317,109,150
318,114,148
319,115,150
320,117,152
321,118,155
322,125,128
323,118,106
324,114,147
325,116,148
326,117,112
327,122,111
328,118,110
329,124,87
330,132,93
331,126,103
332,139,17
333,141,25
334,144,40
335,116,155
336,126,36
337,124,17
338,124,1
339,132,75
340,137,82
341,114,68
342,140,64
343,118,76
344,129,99
345,141,87
346,137,88
347,133,89
348,126,87
349,120,82
350,116,78
351,114,65
352,142,103
353,142,63
354,121,106
355,122,88
356,124,74
357,113,73
358,124,104
359,136,69
360,128,94
361,116,123
362,113,65
363,127,89
364,121,157
365,113,165
366,134,105
367,124,148
368,138,60
369,111,179
370,117,108
371,124,95
372,138,73
373,129,72
374,125,71
375,118,151
376,139,117
377,100,191
378,109,180
379,111,174
380,121,70
381,117,68
382,114,66
383,142,61
384,119,61
385,123,60
386,128,61
387,132,63
388,134,66
389,132,58
390,132,71
391,123,122
392,125,105
393,117,118
394,117,166
395,114,173
396,105,185
397,113,155
398,115,63
399,119,77
400,106,186
401,131,121
402,112,149
403,114,152
404,115,156
405,116,160
406,112,159
407,116,145
408,118,144
409,120,143
410,125,135
411,138,120
412,116,71
413,114,58
414,115,60
415,114,145
416,130,137
417,113,56
418,111,165
419,117,73
420,123,89
421,106,169
422,121,153
423,127,111
424,116,160
425,135,112
426,130,119
427,135,124
428,106,177
429,124,94
430,121,158
431,116,165
432,126,144
433,134,129
434,128,145
435,127,135
436,129,130
437,120,83
438,128,102
439,127,105
440,129,96
441,120,52
442,130,50
443,136,51
444,141,54
445,142,59
446,137,71
447,134,90
448,134,80
449,131,81
450,125,80
451,119,77
452,115,74
453,113,70
454,119,90
455,125,107
456,123,83
457,128,101
458,122,105
459,125,103
460,122,109
461,122,106
462,118,108
463,112,65
464,111,66
465,112,67
466,134,68
467,138,65
468,52,49
469,60,50
470,52,42
471,44,49
472,52,56
473,121,64
474,128,65
475,122,57
476,115,62
477,121,70
