0,94,133
1,92,116
2,97,120
3,88,88
4,91,108
5,92,97
6,95,68
7,50,58
8,96,48
9,95,38
10,95,-3
11,95,136
12,96,138
13,98,139
14,99,146
15,99,150
16,99,154
17,100,159
18,105,166
19,93,119
20,87,117
21,32,26
22,72,66
23,64,67
24,57,67
25,49,60
26,78,65
27,57,43
28,65,45
29,49,44
30,46,47
31,45,64
32,80,175
33,48,55
34,32,59
35,39,56
36,63,100
37,86,131
38,89,137
39,80,131
40,77,131
41,84,136
42,80,135
43,71,143
44,86,115
45,85,107
46,36,38
47,78,81
48,73,108
49,73,103
50,43,97
51,86,97
52,47,34
53,39,34
54,35,14
55,78,44
56,73,48
57,65,134
58,45,127
59,78,112
60,84,116
61,73,132
62,75,133
63,37,28
64,73,110
65,59,36
66,57,30
67,56,0
68,37,23
69,59,16
70,34,33
71,33,32
72,87,134
73,82,133
74,78,133
75,80,114
76,74,132
77,77,138
78,76,133
79,80,113
80,82,136
81,86,137
82,91,139
83,94,165
84,91,157
85,90,152
86,90,148
87,91,145
88,82,140
89,81,141
90,80,143
91,79,145
92,69,126
93,38,88
94,95,120
95,80,137
96,78,137
97,87,119
98,76,113
99,85,117
100,71,85
101,59,89
102,73,105
103,42,5
104,45,17
105,44,27
106,77,152
107,74,34
108,75,16
109,73,-2
110,52,64
111,39,69
112,81,63
113,41,49
114,82,77
115,76,107
116,32,75
117,42,76
118,49,81
119,62,80
120,72,78
121,78,75
122,89,70
123,31,91
124,37,46
125,90,118
126,77,90
127,34,55
128,82,72
129,73,104
130,46,54
131,76,101
132,41,107
133,81,61
134,81,99
135,54,151
136,57,159
137,31,90
138,45,139
139,32,44
140,80,184
141,92,119
142,71,94
143,36,56
144,57,63
145,64,63
146,76,138
147,33,106
148,93,197
149,74,181
150,67,171
151,95,16
152,108,200
153,70,63
154,76,61
155,80,61
156,35,43
157,74,54
158,67,50
159,59,49
160,53,50
161,50,52
162,32,39
163,53,61
164,98,124
165,75,123
166,78,112
167,88,124
168,96,57
169,63,163
170,71,173
171,92,192
172,51,144
173,78,58
174,84,82
175,107,195
176,82,190
177,34,107
178,86,143
179,85,145
180,84,148
181,84,152
182,85,160
183,78,134
184,76,133
185,75,131
186,66,129
187,40,112
188,85,73
189,83,56
190,80,56
191,79,135
192,43,129
193,87,57
194,82,167
195,93,87
196,88,79
197,94,78
198,79,94
199,106,187
200,106,176
201,93,174
202,67,147
203,68,110
204,74,158
205,52,108
206,62,117
207,48,119
208,91,184
209,76,96
210,63,154
211,72,165
212,59,136
213,37,119
214,52,138
215,38,123
216,58,124
217,81,86
218,78,111
219,75,111
220,80,107
221,76,48
222,63,42
223,52,40
224,45,41
225,41,44
226,43,55
227,30,74
228,48,69
229,54,72
230,64,73
231,72,71
232,78,69
233,82,68
234,37,71
235,76,112
236,83,90
237,82,113
238,86,117
239,82,114
240,78,113
241,87,118
242,89,118
243,83,61
244,85,64
245,86,67
246,48,54
247,44,50
248,100,88
249,154,60
250,103,117
251,188,22
252,130,67
253,138,68
254,146,67
255,157,61
256,123,65
257,141,44
258,132,45
259,150,45
260,156,48
261,165,65
262,138,178
263,157,56
264,195,58
265,174,58
266,141,99
267,106,131
268,108,137
269,120,132
270,130,132
271,119,136
272,128,134
273,147,143
274,99,115
275,99,107
276,166,41
277,122,81
278,122,108
279,123,103
280,166,96
281,99,97
282,145,35
283,157,36
284,177,11
285,110,44
286,123,49
287,153,134
288,200,130
289,117,113
290,110,115
291,144,132
292,141,133
293,161,31
294,124,109
295,129,37
296,130,31
297,141,-2
298,169,22
299,135,15
300,171,36
301,180,31
302,107,134
303,119,134
304,129,133
305,116,114
306,143,132
307,137,137
308,140,133
309,111,113
310,127,135
311,118,137
312,108,138
313,117,165
314,112,157
315,111,153
316,110,148
317,109,145
318,128,140
319,129,141
320,131,143
321,133,145
322,139,125
323,205,88
324,134,137
325,136,137
326,108,118
327,123,113
328,109,117
329,131,84
330,145,88
331,126,105
332,162,2
333,154,16
334,147,29
335,139,152
336,111,35
337,116,16
338,119,-4
339,153,65
340,174,69
341,118,64
342,164,50
343,116,77
344,115,107
345,186,75
346,168,76
347,157,80
348,141,80
349,130,77
350,122,74
351,103,70
352,187,91
353,171,48
354,98,118
355,122,89
356,201,53
357,115,71
358,128,104
359,160,56
360,116,101
361,204,108
362,118,61
363,108,98
364,177,155
365,180,164
366,199,91
367,189,143
368,188,43
369,140,187
370,98,119
371,130,94
372,182,58
373,145,64
374,138,64
375,139,138
376,189,107
377,125,199
378,152,185
379,165,176
380,131,64
381,124,62
382,120,62
383,177,45
384,126,55
385,133,52
386,141,51
387,148,52
388,152,54
389,195,35
390,150,62
391,129,123
392,116,112
393,110,124
394,165,167
395,153,177
396,124,193
397,191,149
398,120,59
399,108,82
400,139,193
401,200,109
402,119,143
403,120,145
404,122,148
405,123,152
406,129,160
407,136,133
408,137,132
409,138,132
410,148,129
411,177,112
412,109,73
413,112,56
414,117,56
415,134,134
416,182,131
417,105,57
418,134,168
419,102,79
420,115,93
421,120,174
422,153,148
423,136,109
424,145,159
425,156,108
426,146,116
427,166,119
428,122,185
429,122,96
430,161,157
431,150,168
432,160,137
433,190,120
434,171,140
435,197,126
436,155,124
437,115,86
438,113,112
439,120,111
440,107,108
441,118,48
442,130,43
443,142,41
444,152,42
445,160,45
446,166,57
447,198,74
448,160,69
449,151,72
450,140,73
451,130,72
452,122,69
453,116,67
454,203,70
455,121,112
456,107,90
457,105,114
458,103,117
459,107,114
460,120,113
461,101,118
462,101,119
463,115,62
464,112,64
465,109,66
466,155,55
467,160,51
468,65,55
469,73,55
470,65,47
471,56,55
472,65,63
473,142,56
474,151,56
475,142,49
476,134,56
477,143,64
