0,97,131
1,103,110
2,101,117
3,95,83
4,103,102
5,103,91
6,101,65
7,41,61
8,100,46
9,100,35
10,99,-4
11,97,134
12,97,137
13,97,139
14,97,139
15,97,143
16,97,148
17,97,154
18,97,164
19,102,114
20,93,114
21,7,31
22,64,68
23,56,69
24,48,69
25,38,64
26,71,66
27,53,47
28,62,48
29,44,48
30,38,51
31,31,69
32,66,178
33,38,59
34,4,66
35,21,63
36,57,101
37,86,129
38,87,136
39,75,131
40,68,133
41,78,136
42,72,136
43,55,146
44,96,110
45,96,102
46,26,45
47,75,82
48,75,106
49,74,101
50,31,99
51,95,92
52,47,37
53,35,40
54,16,17
55,83,45
56,70,51
57,48,137
58,8,140
59,80,111
60,87,113
61,60,136
62,62,136
63,30,34
64,73,109
65,63,39
66,62,33
67,52,0
68,24,26
69,58,15
70,21,41
71,14,37
72,86,133
73,77,134
74,70,135
75,82,112
76,61,136
77,65,139
78,63,137
79,86,109
80,73,137
81,80,137
82,88,138
83,85,164
84,86,153
85,86,147
86,87,142
87,88,138
88,73,137
89,72,139
90,70,141
91,69,144
92,61,127
93,0,100
94,102,116
95,69,137
96,67,138
97,90,116
98,75,113
99,88,115
100,66,86
101,52,91
102,72,104
103,31,6
104,38,18
105,44,31
106,63,153
107,81,35
108,78,14
109,74,-3
110,42,67
111,22,74
112,76,65
113,30,54
114,81,77
115,81,104
116,12,80
117,28,80
118,39,83
119,55,82
120,66,78
121,75,75
122,93,67
123,12,97
124,23,53
125,98,114
126,75,89
127,-1,64
128,81,71
129,70,104
130,35,59
131,80,99
132,2,120
133,75,62
134,88,95
135,28,159
136,28,169
137,3,99
138,17,149
139,9,50
140,65,187
141,98,115
142,67,95
143,14,65
144,49,64
145,56,65
146,64,140
147,12,113
148,80,198
149,54,187
150,42,180
151,100,14
152,96,198
153,63,64
154,69,63
155,73,62
156,17,51
157,68,57
158,61,54
159,54,54
160,47,55
161,43,56
162,1,46
163,45,63
164,100,122
165,70,123
166,81,110
167,88,122
168,100,55
169,40,170
170,52,179
171,80,192
172,17,157
173,73,60
174,88,79
175,97,193
176,66,194
177,5,117
178,80,138
179,78,141
180,77,144
181,76,149
182,73,160
183,67,136
184,65,136
185,63,135
186,52,131
187,23,117
188,87,71
189,82,56
190,76,57
191,69,137
192,21,136
193,90,56
194,69,169
195,102,82
196,94,76
197,101,74
198,82,91
199,97,184
200,97,174
201,83,173
202,49,151
203,62,110
204,58,161
205,42,110
206,53,118
207,34,122
208,81,184
209,76,95
210,43,159
211,54,169
212,42,140
213,13,127
214,32,144
215,9,133
216,45,127
217,82,84
218,83,108
219,77,109
220,88,103
221,76,50
222,62,45
223,51,43
224,41,45
225,33,48
226,29,61
227,2,82
228,36,72
229,44,75
230,55,75
231,65,73
232,73,70
233,79,68
234,-1,82
235,77,110
236,88,87
237,90,109
238,93,113
239,89,110
240,78,112
241,95,114
242,95,115
243,78,62
244,83,64
245,86,65
246,40,58
247,35,54
248,108,83
249,150,59
250,109,113
251,171,29
252,130,67
253,137,67
254,144,66
255,153,61
256,125,65
257,141,45
258,132,47
259,148,46
260,153,48
261,158,66
262,125,175
263,153,56
264,174,63
265,165,61
266,137,99
267,108,129
268,106,136
269,118,131
270,124,133
271,114,136
272,120,136
273,132,143
274,109,110
275,110,102
276,162,42
277,121,81
278,125,105
279,125,100
280,159,97
281,109,92
282,146,35
283,156,37
284,166,16
285,115,45
286,125,50
287,139,135
288,165,135
289,119,110
290,113,112
291,131,136
292,129,136
293,159,32
294,125,108
295,133,37
296,134,31
297,141,0
298,164,24
299,138,14
300,165,38
301,169,35
302,107,133
303,116,133
304,122,134
305,118,111
306,130,136
307,127,138
308,128,136
309,117,109
310,119,137
311,113,137
312,106,138
313,108,163
314,108,152
315,107,147
316,106,142
317,105,138
318,118,137
319,120,139
320,122,141
321,124,144
322,132,125
323,171,96
324,123,136
325,125,137
326,111,116
327,122,112
328,112,114
329,129,85
330,141,89
331,126,103
332,157,6
333,154,17
334,148,29
335,126,151
336,117,35
337,121,14
338,123,-3
339,150,64
340,165,71
341,121,64
342,159,51
343,116,76
344,121,103
345,172,77
346,161,77
347,152,80
348,139,80
349,129,77
350,122,74
351,107,67
352,172,93
353,164,50
354,106,114
355,121,88
356,173,61
357,117,71
358,126,103
359,155,56
360,121,98
361,169,115
362,120,61
363,115,94
364,154,154
365,151,163
366,175,95
367,163,143
368,172,47
369,126,184
370,105,115
371,128,93
372,170,62
373,144,62
374,138,62
375,128,139
376,171,109
377,112,196
378,133,183
379,141,174
380,132,62
381,126,62
382,122,62
383,168,49
384,127,56
385,133,53
386,139,52
387,145,53
388,149,54
389,173,43
390,148,60
391,125,122
392,120,109
393,111,122
394,144,165
395,135,174
396,113,190
397,159,151
398,123,59
399,112,79
400,123,190
401,173,112
402,112,137
403,114,140
404,116,144
405,117,149
406,118,158
407,125,136
408,127,135
409,128,134
410,137,129
411,164,113
412,111,71
413,115,56
414,120,57
415,123,136
416,163,132
417,109,56
418,122,166
419,108,75
420,118,91
421,110,172
422,138,148
423,132,109
424,130,158
425,149,107
426,139,116
427,155,119
428,112,182
429,122,94
430,143,155
431,134,166
432,145,137
433,169,122
434,154,140
435,169,128
436,144,124
437,117,84
438,119,107
439,123,108
440,116,102
441,121,49
442,132,43
443,143,41
444,151,42
445,157,45
446,159,59
447,175,79
448,154,70
449,148,72
450,138,73
451,130,72
452,123,70
453,118,68
454,172,78
455,122,109
456,113,86
457,114,108
458,110,112
459,114,109
460,120,111
461,109,113
462,107,114
463,118,62
464,114,64
465,112,65
466,151,55
467,156,52
468,56,59
469,65,59
470,56,52
471,48,59
472,56,66
473,140,56
474,147,56
475,140,50
476,132,57
477,140,63
