0,99,132
1,98,111
2,98,116
3,92,84
4,98,103
5,98,92
6,98,65
7,49,59
8,98,46
9,98,36
10,98,-4
11,99,135
12,99,139
13,99,141
14,99,141
15,99,146
16,99,151
17,99,157
18,98,164
19,98,114
20,91,113
21,19,26
22,69,65
23,62,67
24,55,66
25,46,61
26,75,63
27,57,46
28,65,47
29,50,48
30,45,50
31,39,66
32,72,173
33,46,56
34,16,60
35,30,59
36,62,100
37,90,130
38,91,138
39,81,133
40,76,136
41,84,139
42,79,139
43,67,148
44,92,110
45,91,103
46,35,45
47,77,80
48,75,106
49,75,101
50,41,98
51,92,93
52,52,41
53,41,41
54,25,14
55,83,48
56,73,49
57,62,141
58,25,129
59,81,110
60,86,113
61,69,141
62,71,141
63,38,36
64,75,109
65,65,42
66,64,36
67,55,0
68,31,24
69,60,15
70,30,39
71,24,33
72,90,134
73,83,136
74,77,138
75,83,111
76,70,141
77,73,143
78,72,141
79,84,109
80,80,140
81,86,140
82,92,140
83,89,164
84,91,156
85,91,150
86,91,145
87,92,141
88,81,141
89,79,143
90,78,145
91,76,148
92,69,128
93,16,90
94,98,115
95,76,141
96,75,142
97,89,116
98,78,113
99,88,114
100,69,84
101,58,89
102,74,104
103,37,5
104,42,17
105,49,34
106,73,154
107,81,39
108,78,15
109,75,-3
110,49,65
111,31,71
112,79,62
113,38,52
114,82,76
115,80,104
116,22,76
117,36,78
118,45,82
119,59,80
120,69,77
121,77,74
122,91,67
123,24,93
124,32,51
125,95,114
126,77,88
127,14,57
128,82,70
129,73,104
130,43,56
131,79,99
132,19,109
133,79,59
134,85,95
135,41,152
136,41,159
137,17,92
138,32,140
139,20,45
140,70,180
141,95,115
142,71,94
143,24,59
144,56,62
145,62,62
146,72,145
147,26,108
148,83,192
149,61,178
150,52,170
151,98,15
152,99,194
153,68,61
154,74,60
155,77,59
156,27,47
157,72,53
158,65,51
159,59,51
160,53,52
161,49,54
162,15,40
163,52,61
164,98,122
165,76,124
166,81,109
167,88,122
168,98,55
169,50,163
170,60,172
171,83,187
172,32,146
173,76,57
174,87,79
175,99,189
176,71,186
177,20,109
178,86,140
179,85,144
180,83,148
181,83,153
182,80,160
183,75,140
184,73,139
185,72,139
186,65,134
187,36,114
188,87,71
189,84,55
190,79,55
191,76,141
192,36,131
193,89,57
194,76,166
195,98,83
196,92,76
197,98,75
198,81,91
199,99,181
200,98,172
201,87,171
202,59,151
203,67,110
204,67,159
205,52,109
206,61,118
207,46,120
208,84,180
209,77,95
210,53,155
211,62,165
212,54,141
213,29,121
214,45,141
215,24,125
216,57,128
217,82,84
218,82,108
219,78,109
220,85,103
221,78,50
222,66,46
223,55,45
224,46,46
225,41,48
226,38,58
227,15,76
228,43,70
229,51,73
230,60,73
231,69,70
232,76,68
233,81,66
234,14,73
235,78,110
236,87,87
237,87,109
238,91,112
239,87,110
240,80,112
241,92,113
242,93,114
243,81,60
244,84,63
245,86,65
246,47,55
247,43,53
248,105,84
249,147,58
250,105,113
251,176,26
252,126,65
253,133,66
254,140,66
255,150,60
256,120,63
257,140,45
258,131,46
259,147,46
260,151,49
261,155,65
262,125,173
263,150,55
264,179,59
265,164,59
266,134,99
267,107,130
268,106,138
269,115,132
270,120,135
271,113,138
272,117,139
273,129,148
274,104,110
275,105,103
276,162,43
277,119,80
278,120,106
279,121,101
280,154,97
281,105,93
282,147,38
283,156,39
284,170,14
285,114,46
286,123,49
287,134,140
288,169,129
289,115,110
290,110,113
291,127,140
292,125,140
293,160,33
294,120,109
295,133,40
296,135,34
297,141,0
298,165,23
299,137,15
300,167,38
301,171,33
302,107,134
303,114,136
304,119,137
305,113,111
306,126,140
307,123,142
308,124,140
309,112,109
310,116,140
311,111,140
312,106,140
313,108,163
314,108,156
315,108,150
316,107,145
317,106,141
318,116,140
319,118,142
320,120,145
321,121,148
322,127,128
323,177,90
324,120,140
325,121,141
326,107,116
327,118,113
328,108,114
329,127,84
330,138,89
331,122,104
332,159,4
333,154,17
334,149,31
335,124,154
336,117,37
337,119,15
338,122,-3
339,146,64
340,163,71
341,116,62
342,158,51
343,115,76
344,117,104
345,173,76
346,158,77
347,148,81
348,135,80
349,125,77
350,118,74
351,105,67
352,171,92
353,164,50
354,102,114
355,119,88
356,180,56
357,113,70
358,122,104
359,153,55
360,117,99
361,174,108
362,117,59
363,111,95
364,154,152
365,154,159
366,177,91
367,163,140
368,175,44
369,127,181
370,101,115
371,125,93
372,170,59
373,140,61
374,133,62
375,124,144
376,168,107
377,114,192
378,135,179
379,144,171
380,127,61
381,122,60
382,118,59
383,169,46
384,124,53
385,131,51
386,137,50
387,143,52
388,147,53
389,179,39
390,144,60
391,121,124
392,115,109
393,108,122
394,145,163
395,137,172
396,114,187
397,162,146
398,119,57
399,110,79
400,125,186
401,174,108
402,112,140
403,113,144
404,114,148
405,115,153
406,117,159
407,121,139
408,123,139
409,124,138
410,131,134
411,159,113
412,110,71
413,113,55
414,117,55
415,120,140
416,159,130
417,107,57
418,121,166
419,105,76
420,115,91
421,110,171
422,137,150
423,128,110
424,130,159
425,144,108
426,134,117
427,150,120
428,113,179
429,119,95
430,143,155
431,134,165
432,142,140
433,166,120
434,151,140
435,170,124
436,139,127
437,114,84
438,114,108
439,118,108
440,111,103
441,119,49
442,131,44
443,142,43
444,151,44
445,156,46
446,158,57
447,179,75
448,151,69
449,144,72
450,134,72
451,125,70
452,119,68
453,114,66
454,179,72
455,118,110
456,110,87
457,110,109
458,106,112
459,109,110
460,116,112
461,104,113
462,104,114
463,114,60
464,111,63
465,109,65
466,149,54
467,154,51
468,62,55
469,69,55
470,61,48
471,54,56
472,62,63
473,134,55
474,142,55
475,135,48
476,127,55
477,134,62
