0,99,121
1,98,102
2,98,111
3,92,78
4,98,95
5,99,85
6,99,63
7,43,61
8,99,42
9,99,31
10,100,-2
11,99,126
12,99,131
13,99,136
14,99,141
15,99,147
16,99,153
17,99,160
18,98,165
19,98,107
20,91,107
21,14,34
22,63,68
23,56,68
24,49,68
25,39,65
26,69,66
27,53,45
28,62,46
29,45,46
30,39,49
31,32,69
32,68,174
33,40,60
34,11,67
35,24,64
36,59,99
37,89,120
38,91,132
39,79,126
40,73,131
41,84,134
42,79,136
43,63,150
44,92,102
45,91,95
46,28,41
47,74,81
48,74,102
49,73,98
50,35,99
51,91,86
52,48,32
53,36,35
54,21,19
55,82,40
56,69,50
57,58,143
58,18,141
59,80,106
60,86,109
61,69,141
62,72,141
63,32,30
64,73,106
65,62,33
66,61,26
67,53,0
68,26,25
69,57,13
70,23,38
71,18,37
72,90,126
73,81,130
74,76,134
75,82,108
76,70,141
77,73,144
78,73,141
79,83,103
80,81,138
81,86,136
82,92,136
83,87,164
84,89,159
85,90,152
86,91,146
87,92,141
88,81,141
89,79,143
90,76,147
91,74,150
92,66,127
93,10,103
94,98,109
95,77,141
96,75,142
97,88,112
98,76,111
99,87,110
100,66,85
101,53,90
102,72,102
103,33,8
104,38,16
105,45,26
106,69,155
107,80,29
108,77,13
109,75,-2
110,43,67
111,24,75
112,74,65
113,31,53
114,80,75
115,78,98
116,16,81
117,30,80
118,40,83
119,55,81
120,66,79
121,74,75
122,91,64
123,18,97
124,25,52
125,94,107
126,75,88
127,9,68
128,80,70
129,71,103
130,36,60
131,78,94
132,12,121
133,74,62
134,84,89
135,34,157
136,34,167
137,11,100
138,25,147
139,14,51
140,66,181
141,95,109
142,68,93
143,17,66
144,49,63
145,55,63
146,71,145
147,19,113
148,80,192
149,56,182
150,45,176
151,100,14
152,97,194
153,62,63
154,67,63
155,72,62
156,20,51
157,67,57
158,61,55
159,55,55
160,48,55
161,44,57
162,10,50
163,45,62
164,98,118
165,73,122
166,80,105
167,88,118
168,99,53
169,44,167
170,55,174
171,80,187
172,25,156
173,72,60
174,86,76
175,98,188
176,67,188
177,13,117
178,86,141
179,84,145
180,82,150
181,80,155
182,77,160
183,75,139
184,72,138
185,70,137
186,61,134
187,30,116
188,86,69
189,80,55
190,75,57
191,77,140
192,29,136
193,88,54
194,72,167
195,99,77
196,91,72
197,99,70
198,80,88
199,98,181
200,98,172
201,85,171
202,55,153
203,64,110
204,62,160
205,47,109
206,58,117
207,41,122
208,82,179
209,75,93
210,48,158
211,58,166
212,49,143
213,21,126
214,39,144
215,17,133
216,52,128
217,80,82
218,81,101
219,76,104
220,84,96
221,75,47
222,62,41
223,51,40
224,42,41
225,35,46
226,30,62
227,10,84
228,37,72
229,45,74
230,55,74
231,64,73
232,72,71
233,77,68
234,9,86
235,76,107
236,86,82
237,86,101
238,91,105
239,87,103
240,79,109
241,92,106
242,93,108
243,77,62
244,82,63
245,85,64
246,42,58
247,36,54
248,105,79
249,154,65
250,105,107
251,183,39
252,134,70
253,141,71
254,148,71
255,157,68
256,127,68
257,144,48
258,136,49
259,153,50
260,158,53
261,163,73
262,126,175
263,157,63
264,185,72
265,172,68
266,137,101
267,109,120
268,107,132
269,119,126
270,125,131
271,114,134
272,120,137
273,132,151
274,105,103
275,106,95
276,169,46
277,122,82
278,122,103
279,123,99
280,160,102
281,106,86
282,151,36
283,162,39
284,177,24
285,117,42
286,129,52
287,138,144
288,174,145
289,116,107
290,110,109
291,129,142
292,127,142
293,166,34
294,122,107
295,136,36
296,138,29
297,147,3
298,172,29
299,142,16
300,173,43
301,178,42
302,108,126
303,117,130
304,122,134
305,114,108
306,128,142
307,126,144
308,126,141
309,113,103
310,117,138
311,112,136
312,106,136
313,108,164
314,110,159
315,109,153
316,108,146
317,107,141
318,118,141
319,120,144
320,123,147
321,125,151
322,130,128
323,182,108
324,121,141
325,123,143
326,108,112
327,119,112
328,109,110
329,130,87
330,143,92
331,124,103
332,166,12
333,161,20
334,154,29
335,126,156
336,119,31
337,122,15
338,125,0
339,154,70
340,171,79
341,123,66
342,165,57
343,116,76
344,118,99
345,179,86
346,166,84
347,156,86
348,142,84
349,131,81
350,123,77
351,106,65
352,177,102
353,171,57
354,102,107
355,121,89
356,186,73
357,117,72
358,125,104
359,161,64
360,118,95
361,179,126
362,123,64
363,112,90
364,159,160
365,158,169
366,183,105
367,168,151
368,182,56
369,128,183
370,101,109
371,128,95
372,178,71
373,147,66
374,141,66
375,128,146
376,175,117
377,114,193
378,137,184
379,147,178
380,135,66
381,129,65
382,125,64
383,176,56
384,130,60
385,137,58
386,143,58
387,149,59
388,153,61
389,185,55
390,151,66
391,123,123
392,116,105
393,109,119
394,149,169
395,139,176
396,114,188
397,166,159
398,125,62
399,111,77
400,127,189
401,180,122
402,113,141
403,115,145
404,117,150
405,119,156
406,119,161
407,123,139
408,126,138
409,128,137
410,135,136
411,165,120
412,111,70
413,117,57
414,122,59
415,121,140
416,165,139
417,110,55
418,123,168
419,106,72
420,116,89
421,111,171
422,140,154
423,131,111
424,132,162
425,149,111
426,138,119
427,154,124
428,113,180
429,121,94
430,147,160
431,137,168
432,146,145
433,172,130
434,155,147
435,175,137
436,143,130
437,116,83
438,115,102
439,120,105
440,112,97
441,123,49
442,136,44
443,147,43
444,156,45
445,163,50
446,165,66
447,185,88
448,159,76
449,151,78
450,142,77
451,132,75
452,125,72
453,119,69
454,184,91
455,119,108
456,111,83
457,110,102
458,105,106
459,110,103
460,117,110
461,104,106
462,103,108
463,120,64
464,116,65
465,113,65
466,155,62
467,161,58
468,54,58
469,61,58
470,54,52
471,47,58
472,54,65
473,142,61
474,150,62
475,143,55
476,135,61
477,142,68
