0,97,134
1,104,116
2,102,120
3,97,89
4,104,109
5,104,98
6,102,69
7,46,58
8,102,50
9,103,40
10,103,-2
11,97,136
12,97,138
13,97,139
14,97,143
15,98,147
16,98,152
17,98,156
18,97,163
19,103,118
20,94,117
21,17,21
22,69,66
23,61,66
24,53,66
25,43,60
26,75,64
27,56,46
28,65,47
29,48,46
30,43,49
31,37,64
32,69,168
33,42,55
34,15,54
35,28,57
36,61,99
37,87,132
38,88,137
39,78,133
40,72,134
41,80,137
42,75,136
43,61,143
44,97,115
45,97,109
46,33,43
47,77,81
48,76,108
49,76,103
50,39,95
51,97,99
52,51,40
53,40,40
54,25,11
55,85,50
56,73,50
57,56,135
58,22,116
59,82,113
60,88,115
61,63,136
62,66,136
63,37,35
64,76,110
65,66,43
66,65,37
67,57,0
68,31,22
69,62,17
70,29,38
71,23,30
72,87,135
73,79,135
74,73,135
75,83,114
76,65,136
77,68,140
78,67,137
79,87,112
80,76,137
81,82,138
82,89,139
83,86,162
84,87,155
85,88,151
86,88,146
87,89,143
88,76,140
89,75,141
90,73,144
91,71,146
92,66,126
93,14,79
94,102,119
95,72,138
96,70,139
97,91,118
98,77,114
99,89,117
100,70,84
101,57,88
102,74,105
103,37,4
104,43,18
105,49,34
106,68,150
107,83,41
108,81,18
109,78,-2
110,47,64
111,29,68
112,79,63
113,36,51
114,83,77
115,82,108
116,21,72
117,34,75
118,44,80
119,59,79
120,70,77
121,77,74
122,95,71
123,23,87
124,30,49
125,99,118
126,78,89
127,12,48
128,83,71
129,73,104
130,40,55
131,81,102
132,17,97
133,79,60
134,89,100
135,39,143
136,39,148
137,16,84
138,30,131
139,18,41
140,68,174
141,99,119
142,71,94
143,22,57
144,54,62
145,61,62
146,67,141
147,24,101
148,80,184
149,59,170
150,49,161
151,103,18
152,95,186
153,68,62
154,74,61
155,77,61
156,25,46
157,72,54
158,65,51
159,57,50
160,50,51
161,46,52
162,13,33
163,49,60
164,101,124
165,74,124
166,82,112
167,89,124
168,102,58
169,48,155
170,57,164
171,81,181
172,30,134
173,76,58
174,89,83
175,96,183
176,69,178
177,18,100
178,82,141
179,81,144
180,79,148
181,78,152
182,76,157
183,70,136
184,68,136
185,67,135
186,60,130
187,33,109
188,89,74
189,85,57
190,80,57
191,71,137
192,33,124
193,92,59
194,72,162
195,103,89
196,96,80
197,103,79
198,83,94
199,97,177
200,97,169
201,84,168
202,55,144
203,66,109
204,63,154
205,49,107
206,59,116
207,43,117
208,82,175
209,78,96
210,50,149
211,59,159
212,49,135
213,26,113
214,41,134
215,23,115
216,53,123
217,84,86
218,85,111
219,79,111
220,89,108
221,79,51
222,66,46
223,54,44
224,45,45
225,39,47
226,35,56
227,14,69
228,41,68
229,49,72
230,60,72
231,70,71
232,77,69
233,82,67
234,12,63
235,78,112
236,90,91
237,91,114
238,94,116
239,91,114
240,80,114
241,96,117
242,96,118
243,82,61
244,86,64
245,88,67
246,44,54
247,40,51
248,109,89
249,151,57
250,110,117
251,169,23
252,129,66
253,136,66
254,143,66
255,153,59
256,124,65
257,143,45
258,134,47
259,150,46
260,154,48
261,157,64
262,121,166
263,153,54
264,170,54
265,164,57
266,135,99
267,107,131
268,106,137
269,115,131
270,121,131
271,113,135
272,118,134
273,130,141
274,110,115
275,111,109
276,163,42
277,122,81
278,125,108
279,125,103
280,154,94
281,111,98
282,150,39
283,158,39
284,166,13
285,119,51
286,127,51
287,135,133
288,155,114
289,120,112
290,114,115
291,128,132
292,126,132
293,161,33
294,125,109
295,137,43
296,139,37
297,144,0
298,164,23
299,141,18
300,166,37
301,168,31
302,107,134
303,114,133
304,119,133
305,118,113
306,127,132
307,124,136
308,125,133
309,117,112
310,117,135
311,112,137
312,105,138
313,107,161
314,108,154
315,107,150
316,106,145
317,105,142
318,117,138
319,118,139
320,120,141
321,122,143
322,129,125
323,164,79
324,121,136
325,122,136
326,111,118
327,122,113
328,113,117
329,128,84
330,139,88
331,126,105
332,159,5
333,155,18
334,152,33
335,124,149
336,122,42
337,124,18
338,126,-1
339,149,63
340,163,68
341,120,63
342,159,50
343,117,77
344,122,107
345,167,72
346,160,75
347,151,80
348,138,79
349,129,77
350,122,74
351,109,71
352,166,87
353,164,48
354,107,118
355,122,89
356,168,49
357,118,72
358,126,104
359,155,54
360,122,101
361,160,96
362,121,61
363,116,99
364,145,140
365,142,144
366,168,83
367,152,128
368,169,41
369,121,172
370,106,119
371,127,93
372,168,57
373,143,62
374,137,62
375,126,137
376,163,100
377,109,183
378,127,166
379,134,157
380,131,62
381,125,61
382,122,61
383,167,45
384,127,54
385,134,51
386,141,50
387,147,50
388,150,52
389,170,34
390,148,60
391,123,123
392,120,112
393,111,124
394,137,152
395,129,161
396,110,180
397,149,131
398,123,58
399,114,83
400,119,176
401,164,98
402,112,140
403,113,143
404,115,146
405,116,150
406,117,156
407,122,133
408,124,132
409,125,131
410,133,129
411,156,107
412,113,73
413,117,58
414,120,57
415,121,134
416,154,122
417,112,60
418,119,160
419,109,80
420,119,94
421,109,167
422,134,142
423,131,109
424,127,152
425,145,106
426,136,115
427,149,115
428,110,174
429,122,96
430,138,146
431,129,156
432,140,133
433,159,111
434,146,132
435,159,113
436,140,122
437,118,86
438,119,111
439,123,110
440,117,108
441,123,52
442,135,46
443,145,44
444,153,44
445,158,46
446,159,56
447,170,69
448,154,68
449,147,71
450,137,72
451,129,70
452,123,69
453,118,68
454,166,63
455,123,111
456,115,91
457,115,113
458,111,116
459,114,113
460,121,113
461,109,117
462,108,118
463,119,62
464,115,65
465,114,67
466,152,53
467,156,50
468,57,54
469,66,54
470,58,46
471,49,54
472,57,62
473,137,55
474,145,55
475,137,48
476,129,55
477,138,61
