0,102,136
1,108,116
2,102,120
3,100,88
4,109,108
5,108,97
6,105,68
7,44,58
8,104,42
9,106,31
10,107,-8
11,102,138
12,101,141
13,100,142
14,99,142
15,100,146
16,99,150
17,98,154
18,93,161
19,106,119
20,97,118
21,11,17
22,65,67
23,58,67
24,51,66
25,40,61
26,71,66
27,58,40
28,67,42
29,50,41
30,43,45
31,33,65
32,64,168
33,41,56
34,5,53
35,23,58
36,60,100
37,93,134
38,92,140
39,83,135
40,75,136
41,84,139
42,76,139
43,58,144
44,102,115
45,102,108
46,35,36
47,77,81
48,79,109
49,78,104
50,35,96
51,101,97
52,57,28
53,45,30
54,23,5
55,89,41
56,73,47
57,53,137
58,4,120
59,84,114
60,90,116
61,63,136
62,65,137
63,41,24
64,78,111
65,72,31
66,72,24
67,61,-7
68,31,16
69,66,9
70,29,32
71,19,25
72,93,137
73,83,137
74,76,137
75,85,115
76,64,137
77,69,139
78,66,137
79,90,114
80,77,139
81,84,141
82,92,142
83,83,160
84,89,153
85,90,149
86,91,145
87,91,142
88,77,139
89,76,141
90,74,143
91,73,145
92,66,128
93,-3,81
94,104,119
95,71,138
96,70,139
97,92,119
98,78,115
99,91,118
100,68,85
101,55,89
102,76,107
103,39,-2
104,46,10
105,56,21
106,65,151
107,89,29
108,85,11
109,82,-8
110,44,64
111,23,70
112,76,65
113,35,48
114,83,77
115,86,108
116,14,72
117,29,77
118,40,80
119,55,80
120,66,78
121,75,75
122,97,69
123,14,89
124,28,46
125,102,118
126,78,90
127,-2,47
128,81,72
129,73,106
130,37,55
131,85,102
132,-1,100
133,75,62
134,93,99
135,28,147
136,25,152
137,2,86
138,17,135
139,11,38
140,61,173
141,101,119
142,70,95
143,15,59
144,52,62
145,59,63
146,67,140
147,14,104
148,73,181
149,50,170
150,39,163
151,106,12
152,87,182
153,65,63
154,70,63
155,74,63
156,21,44
157,70,54
158,64,49
159,58,48
160,51,49
161,46,52
162,3,30
163,48,60
164,101,125
165,74,125
166,85,113
167,91,125
168,104,55
169,40,157
170,50,165
171,75,179
172,13,138
173,74,59
174,92,82
175,89,180
176,61,177
177,4,103
178,84,141
179,83,143
180,82,146
181,81,150
182,73,156
183,70,138
184,69,137
185,68,136
186,58,131
187,27,111
188,90,73
189,83,56
190,78,56
191,71,138
192,23,127
193,92,56
194,67,162
195,107,87
196,99,79
197,106,78
198,85,94
199,91,175
200,92,167
201,79,167
202,51,147
203,66,111
204,58,155
205,47,108
206,58,118
207,38,119
208,77,174
209,79,97
210,44,151
211,53,160
212,45,137
213,15,116
214,34,137
215,8,119
216,50,126
217,85,86
218,88,112
219,82,112
220,94,108
221,79,46
222,69,39
223,58,36
224,49,37
225,40,41
226,31,57
227,3,69
228,37,69
229,46,72
230,56,73
231,66,72
232,73,70
233,78,69
234,-3,64
235,81,113
236,93,90
237,95,114
238,97,117
239,94,115
240,82,115
241,100,118
242,99,119
243,78,63
244,83,65
245,87,66
246,43,54
247,39,49
248,112,88
249,144,59
250,111,117
251,159,23
252,125,68
253,133,68
254,139,67
255,145,61
256,120,67
257,137,44
258,129,46
259,144,46
260,147,48
261,150,66
262,111,165
263,145,56
264,156,56
265,154,60
266,131,101
267,109,133
268,106,139
269,113,133
270,116,133
271,110,138
272,113,136
273,120,143
274,113,115
275,115,108
276,156,42
277,119,82
278,123,109
279,122,104
280,147,97
281,114,97
282,146,35
283,153,37
284,158,12
285,118,43
286,121,50
287,125,136
288,134,118
289,118,113
290,113,116
291,118,133
292,117,134
293,155,32
294,121,111
295,135,37
296,137,30
297,143,-3
298,158,20
299,141,12
300,158,39
301,159,30
302,108,137
303,112,135
304,114,135
305,116,115
306,118,134
307,116,137
308,116,134
309,117,113
310,111,138
311,109,139
312,105,141
313,101,160
314,105,152
315,106,148
316,106,144
317,105,141
318,111,138
319,113,139
320,114,140
321,114,143
322,123,127
323,144,82
324,114,136
325,115,136
326,110,119
327,119,115
328,112,118
329,125,85
330,135,90
331,122,107
332,154,2
333,152,14
334,148,29
335,115,149
336,122,33
337,126,12
338,128,-6
339,143,65
340,155,72
341,116,65
342,152,51
343,116,78
344,121,108
345,156,74
346,154,78
347,148,82
348,136,81
349,127,78
350,121,75
351,110,69
352,155,90
353,155,50
354,109,118
355,119,90
356,152,51
357,116,72
358,121,106
359,147,56
360,121,102
361,139,99
362,115,62
363,118,99
364,129,142
365,123,147
366,152,86
367,136,131
368,158,42
369,109,170
370,107,119
371,123,95
372,156,61
373,139,63
374,133,65
375,116,138
376,151,103
377,98,179
378,111,166
379,116,158
380,126,65
381,121,63
382,117,63
383,157,48
384,121,55
385,127,52
386,134,51
387,140,51
388,143,53
389,157,36
390,142,61
391,119,125
392,118,113
393,110,125
394,121,152
395,115,161
396,101,177
397,128,134
398,117,59
399,114,82
400,106,173
401,148,102
402,108,139
403,110,142
404,110,145
405,110,148
406,109,155
407,115,135
408,116,134
409,117,133
410,126,131
411,147,111
412,113,73
413,113,56
414,115,57
415,114,136
416,140,125
417,111,56
418,110,160
419,111,79
420,118,94
421,102,166
422,123,144
423,126,111
424,117,152
425,139,108
426,130,117
427,140,118
428,102,172
429,120,97
430,124,147
431,117,156
432,130,135
433,146,115
434,134,134
435,142,116
436,132,125
437,117,86
438,120,112
439,121,112
440,119,108
441,119,48
442,131,43
443,141,41
444,148,43
445,152,46
446,150,58
447,155,71
448,148,70
449,143,73
450,134,74
451,126,73
452,119,71
453,115,68
454,147,66
455,120,113
456,116,90
457,117,113
458,112,116
459,116,114
460,118,115
461,111,118
462,109,118
463,114,63
464,112,64
465,112,66
466,145,55
467,149,52
468,56,55
469,64,55
470,56,47
471,48,55
472,56,64
473,129,57
474,137,57
475,128,50
476,121,58
477,129,65
