0,99,133
1,109,113
2,104,119
3,102,86
4,110,106
5,110,95
6,106,67
7,44,56
8,106,42
9,107,31
10,109,-6
11,99,137
12,98,140
13,97,142
14,97,142
15,97,146
16,97,151
17,96,156
18,95,160
19,108,116
20,99,116
21,7,15
22,65,66
23,57,66
24,50,65
25,40,58
26,72,64
27,58,39
28,67,41
29,49,40
30,43,43
31,32,63
32,64,169
33,41,53
34,1,51
35,22,56
36,62,99
37,90,131
38,90,139
39,81,134
40,74,136
41,83,139
42,77,139
43,61,146
44,103,113
45,103,105
46,32,35
47,78,80
48,82,108
49,80,103
50,36,96
51,103,95
52,55,28
53,43,30
54,21,3
55,89,39
56,74,46
57,56,139
58,-2,122
59,87,112
60,92,115
61,66,140
62,67,140
63,38,24
64,80,110
65,71,30
66,71,23
67,62,-8
68,30,13
69,67,8
70,27,31
71,17,23
72,90,135
73,82,136
74,75,138
75,88,114
76,67,140
77,70,142
78,68,140
79,92,111
80,77,140
81,83,141
82,90,141
83,85,160
84,88,155
85,89,150
86,89,145
87,90,141
88,77,140
89,76,142
90,75,144
91,74,147
92,69,128
93,-9,80
94,106,118
95,73,140
96,72,141
97,95,118
98,81,115
99,94,117
100,70,84
101,56,88
102,78,106
103,38,-4
104,46,8
105,53,21
106,67,151
107,89,27
108,88,10
109,85,-8
110,43,62
111,21,68
112,77,62
113,34,47
114,85,76
115,88,106
116,11,70
117,28,75
118,39,79
119,55,79
120,67,77
121,75,74
122,98,68
123,12,88
124,26,45
125,104,116
126,80,89
127,-6,46
128,82,70
129,76,105
130,37,53
131,86,100
132,-7,100
133,77,60
134,95,97
135,24,148
136,19,154
137,-1,85
138,12,136
139,9,35
140,61,175
141,103,117
142,72,94
143,13,57
144,52,60
145,58,61
146,69,143
147,12,103
148,73,185
149,47,173
150,34,166
151,108,13
152,89,186
153,65,61
154,71,60
155,75,60
156,19,42
157,71,52
158,64,49
159,58,48
160,51,49
161,47,51
162,0,29
163,47,58
164,103,124
165,77,125
166,87,112
167,93,124
168,105,54
169,36,159
170,48,167
171,75,181
172,7,140
173,75,57
174,93,80
175,91,183
176,60,180
177,0,102
178,83,141
179,82,143
180,81,147
181,80,151
182,76,156
183,72,140
184,70,139
185,69,138
186,62,133
187,26,111
188,92,71
189,85,53
190,79,54
191,73,140
192,21,128
193,93,54
194,69,162
195,109,85
196,100,78
197,107,77
198,87,92
199,93,176
200,94,168
201,82,167
202,51,148
203,68,111
204,59,156
205,48,108
206,60,118
207,39,119
208,78,175
209,81,96
210,42,153
211,53,161
212,46,139
213,12,116
214,33,139
215,2,119
216,52,127
217,86,85
218,90,110
219,84,111
220,95,106
221,80,44
222,68,38
223,57,35
224,47,36
225,39,40
226,31,54
227,-1,67
228,36,67
229,45,71
230,56,72
231,66,71
232,74,69
233,80,66
234,-8,62
235,83,112
236,94,89
237,97,111
238,99,115
239,96,112
240,85,114
241,101,116
242,100,117
243,80,60
244,85,62
245,88,64
246,44,52
247,38,47
248,114,87
249,145,58
250,112,116
251,161,27
252,126,66
253,133,66
254,139,66
255,146,60
256,121,64
257,138,41
258,130,42
259,145,42
260,149,46
261,150,66
262,114,168
263,147,55
264,160,60
265,154,60
266,132,102
267,106,131
268,104,139
269,112,134
270,115,137
271,108,139
272,111,140
273,121,147
274,114,113
275,116,106
276,156,39
277,121,82
278,123,109
279,123,105
280,149,100
281,115,96
282,147,30
283,153,33
284,160,15
285,120,37
286,123,46
287,126,140
288,140,124
289,118,113
290,113,116
291,117,141
292,116,141
293,155,28
294,122,112
295,136,31
296,138,25
297,145,0
298,159,24
299,142,14
300,158,35
301,161,33
302,105,136
303,110,137
304,113,138
305,116,115
306,116,141
307,115,143
308,115,141
309,118,112
310,110,141
311,107,141
312,102,142
313,103,160
314,103,155
315,104,150
316,103,145
317,102,142
318,110,141
319,111,143
320,112,145
321,113,148
322,124,130
323,149,87
324,112,141
325,113,142
326,111,119
327,119,116
328,112,117
329,126,86
330,136,92
331,123,107
332,156,6
333,153,17
334,149,24
335,116,152
336,124,27
337,128,14
338,130,-4
339,144,64
340,155,72
341,118,63
342,152,49
343,117,77
344,122,107
345,160,77
346,154,79
347,148,83
348,136,81
349,127,78
350,121,74
351,112,68
352,158,94
353,155,48
354,111,116
355,120,91
356,156,55
357,117,71
358,122,107
359,149,55
360,122,102
361,145,105
362,117,60
363,119,98
364,135,148
365,130,153
366,157,91
367,141,137
368,161,45
369,113,174
370,108,117
371,124,96
372,156,61
373,139,61
374,133,62
375,115,144
376,154,108
377,101,184
378,116,171
379,122,164
380,128,62
381,122,61
382,119,60
383,157,46
384,123,52
385,129,49
386,136,48
387,142,49
388,145,51
389,160,40
390,143,60
391,120,126
392,119,112
393,111,125
394,127,158
395,120,166
396,104,180
397,135,141
398,119,57
399,116,82
400,110,178
401,152,107
402,107,141
403,108,144
404,109,148
405,109,152
406,110,156
407,114,140
408,115,140
409,116,139
410,126,135
411,149,114
412,114,72
413,115,53
414,117,54
415,112,141
416,144,130
417,112,53
418,112,162
419,113,78
420,119,94
421,104,167
422,126,149
423,126,112
424,119,156
425,140,111
426,131,120
427,142,121
428,105,174
429,121,98
430,129,152
431,121,160
432,132,140
433,149,120
434,137,139
435,147,122
436,133,129
437,118,86
438,120,111
439,121,112
440,120,106
441,121,44
442,133,38
443,142,37
444,149,39
445,153,43
446,151,57
447,159,75
448,148,70
449,143,73
450,134,73
451,126,71
452,120,69
453,116,67
454,152,71
455,120,113
456,117,89
457,118,112
458,113,115
459,117,113
460,118,115
461,113,116
462,110,117
463,115,60
464,114,62
465,113,65
466,146,53
467,150,50
468,56,54
469,64,54
470,57,46
471,48,53
472,55,61
473,129,54
474,137,55
475,129,46
476,120,54
477,129,62
