0,98,131
1,100,109
2,99,116
3,95,84
4,101,102
5,101,92
6,101,67
7,46,59
8,101,47
9,102,37
10,103,-2
11,98,134
12,98,137
13,98,140
14,98,140
15,98,144
16,98,148
17,98,153
18,98,162
19,100,113
20,93,112
21,19,26
22,69,67
23,61,68
24,53,67
25,44,62
26,75,65
27,56,44
28,65,45
29,48,45
30,43,48
31,37,67
32,70,173
33,43,56
34,15,60
35,29,60
36,62,100
37,90,129
38,90,137
39,81,132
40,76,136
41,84,138
42,79,139
43,65,148
44,94,109
45,94,102
46,32,40
47,77,81
48,78,106
49,77,102
50,40,99
51,94,93
52,49,33
53,39,36
54,27,13
55,84,42
56,73,49
57,60,140
58,19,130
59,83,110
60,88,112
61,69,141
62,71,141
63,35,30
64,77,109
65,63,35
66,62,29
67,59,0
68,33,23
69,64,15
70,28,36
71,24,32
72,90,134
73,82,135
74,77,137
75,85,111
76,70,141
77,73,142
78,72,141
79,86,108
80,80,140
81,85,140
82,91,140
83,88,161
84,89,152
85,90,147
86,90,143
87,91,140
88,80,140
89,79,142
90,77,144
91,76,146
92,69,128
93,12,91
94,100,114
95,76,140
96,75,141
97,90,115
98,79,113
99,89,114
100,70,85
101,57,90
102,76,105
103,40,4
104,45,17
105,46,27
106,71,153
107,81,32
108,82,16
109,79,-2
110,47,65
111,30,72
112,80,64
113,36,51
114,83,77
115,82,104
116,21,77
117,35,79
118,44,83
119,59,82
120,70,79
121,78,75
122,94,68
123,22,93
124,30,49
125,96,113
126,78,89
127,12,57
128,84,72
129,74,105
130,40,56
131,81,99
132,14,110
133,80,61
134,88,95
135,37,153
136,36,160
137,14,92
138,27,141
139,19,45
140,68,180
141,97,114
142,72,95
143,23,60
144,54,63
145,61,64
146,72,144
147,23,109
148,81,190
149,58,179
150,48,171
151,102,17
152,97,192
153,67,63
154,74,62
155,78,61
156,25,47
157,72,55
158,65,52
159,58,51
160,51,52
161,47,54
162,14,40
163,49,61
164,99,121
165,76,124
166,83,109
167,90,122
168,101,57
169,47,163
170,57,172
171,81,186
172,26,147
173,77,58
174,89,80
175,97,188
176,69,185
177,16,109
178,85,140
179,84,142
180,83,146
181,82,150
182,79,158
183,75,140
184,73,139
185,72,139
186,64,134
187,33,114
188,88,72
189,85,55
190,80,56
191,76,140
192,32,132
193,91,56
194,74,165
195,101,83
196,94,77
197,101,76
198,83,92
199,97,180
200,98,171
201,85,170
202,57,151
203,68,111
204,64,159
205,50,109
206,61,118
207,44,121
208,83,179
209,78,96
210,50,156
211,60,165
212,52,141
213,25,121
214,42,142
215,20,125
216,55,128
217,83,85
218,84,107
219,80,108
220,87,103
221,78,47
222,65,41
223,53,40
224,44,42
225,38,45
226,36,58
227,13,76
228,41,71
229,49,74
230,60,74
231,69,72
232,77,70
233,82,68
234,12,73
235,80,110
236,88,87
237,89,108
238,92,111
239,89,109
240,82,112
241,94,112
242,94,113
243,82,61
244,86,64
245,88,66
246,45,55
247,40,51
248,107,85
249,150,59
250,106,112
251,176,28
252,127,66
253,135,67
254,142,67
255,152,61
256,122,64
257,142,44
258,133,45
259,150,45
260,154,48
261,157,67
262,124,173
263,152,56
264,178,61
265,164,60
266,135,101
267,106,129
268,105,137
269,114,132
270,119,135
271,111,137
272,116,138
273,129,148
274,106,109
275,108,102
276,165,41
277,121,82
278,121,106
279,122,102
280,156,100
281,107,93
282,151,35
283,160,37
284,170,16
285,118,44
286,125,48
287,135,141
288,167,131
289,115,110
290,110,113
291,124,140
292,123,140
293,163,31
294,121,109
295,138,37
296,140,31
297,144,1
298,166,25
299,140,17
300,168,37
301,173,34
302,106,133
303,113,135
304,118,137
305,113,112
306,123,140
307,121,141
308,122,140
309,113,108
310,115,139
311,110,139
312,104,139
313,107,161
314,106,152
315,105,147
316,105,143
317,104,139
318,115,139
319,116,141
320,117,143
321,118,145
322,127,128
323,176,92
324,118,139
325,119,140
326,108,116
327,118,113
328,109,114
329,128,86
330,140,91
331,122,105
332,160,7
333,156,19
334,154,29
335,124,153
336,122,34
337,123,17
338,126,-1
339,148,65
340,163,72
341,118,63
342,160,51
343,116,77
344,118,104
345,173,78
346,159,79
347,150,83
348,136,82
349,126,78
350,120,75
351,108,68
352,171,95
353,165,50
354,103,113
355,120,90
356,179,58
357,115,71
358,123,105
359,155,56
360,118,99
361,172,111
362,118,60
363,113,95
364,153,153
365,152,160
366,176,94
367,161,142
368,176,46
369,125,180
370,102,114
371,126,95
372,169,61
373,142,62
374,135,63
375,122,142
376,169,110
377,112,190
378,133,179
379,142,171
380,129,62
381,123,61
382,120,60
383,169,47
384,125,54
385,132,51
386,140,51
387,146,52
388,149,53
389,179,41
390,147,61
391,121,124
392,115,109
393,109,122
394,144,164
395,135,172
396,112,186
397,160,147
398,121,57
399,112,80
400,123,185
401,173,111
402,110,139
403,111,142
404,112,145
405,113,149
406,116,158
407,120,139
408,121,138
409,122,137
410,132,134
411,160,115
412,112,72
413,115,55
414,118,55
415,118,139
416,159,133
417,110,56
418,120,165
419,108,77
420,116,92
421,109,170
422,136,151
423,129,111
424,129,159
425,146,110
426,135,118
427,151,122
428,112,179
429,120,96
430,142,156
431,133,165
432,142,141
433,166,122
434,151,142
435,169,126
436,140,128
437,116,85
438,115,107
439,119,109
440,113,103
441,122,48
442,135,42
443,146,41
444,154,42
445,159,45
446,159,58
447,178,77
448,153,71
449,145,74
450,136,74
451,127,71
452,120,69
453,116,67
454,177,75
455,118,111
456,112,88
457,111,108
458,107,111
459,110,109
460,116,113
461,106,112
462,104,113
463,116,60
464,113,63
465,111,66
466,151,55
467,156,51
468,59,57
469,68,57
470,59,49
471,51,57
472,59,64
473,137,56
474,145,56
475,137,49
476,129,55
477,137,63
