0,102,134
1,111,116
2,105,123
3,102,88
4,112,108
5,111,97
6,106,68
7,41,56
8,106,41
9,107,29
10,109,-12
11,102,138
12,100,141
13,99,143
14,99,156
15,100,160
16,100,165
17,99,170
18,95,172
19,109,120
20,99,119
21,-1,11
22,64,67
23,56,68
24,48,66
25,36,58
26,71,65
27,55,37
28,65,38
29,46,38
30,39,41
31,28,63
32,61,178
33,37,52
34,-6,49
35,16,54
36,58,101
37,92,132
38,90,140
39,79,134
40,70,137
41,81,140
42,73,141
43,57,153
44,104,116
45,104,108
46,27,32
47,76,82
48,80,110
49,78,105
50,30,97
51,103,97
52,52,24
53,38,26
54,11,-1
55,88,37
56,72,44
57,51,146
58,-6,127
59,86,116
60,92,118
61,59,143
62,61,144
63,33,19
64,78,113
65,68,27
66,68,20
67,56,-14
68,21,8
69,61,2
70,20,26
71,8,18
72,91,136
73,80,137
74,71,139
75,87,117
76,60,144
77,65,149
78,62,144
79,92,114
80,74,142
81,81,142
82,90,142
83,84,170
84,88,169
85,89,164
86,90,159
87,90,155
88,74,150
89,72,151
90,70,154
91,69,156
92,65,133
93,-15,83
94,107,121
95,68,147
96,66,148
97,94,122
98,79,118
99,93,120
100,66,85
101,52,90
102,76,108
103,30,-10
104,38,2
105,49,17
106,64,160
107,87,25
108,84,6
109,81,-14
110,40,63
111,17,68
112,76,63
113,29,44
114,83,77
115,87,108
116,4,70
117,25,76
118,38,81
119,55,82
120,67,79
121,75,76
122,98,69
123,5,89
124,21,41
125,105,120
126,78,91
127,-14,45
128,82,72
129,73,108
130,33,52
131,85,102
132,-12,104
133,76,60
134,94,99
135,20,155
136,15,162
137,-8,86
138,8,142
139,0,33
140,58,185
141,104,121
142,69,96
143,6,53
144,50,62
145,57,63
146,63,150
147,6,106
148,71,197
149,43,183
150,30,175
151,108,9
152,89,198
153,64,63
154,70,62
155,74,61
156,12,37
157,69,51
158,62,46
159,55,45
160,48,46
161,43,49
162,-9,26
163,44,59
164,104,128
165,75,129
166,86,115
167,92,128
168,105,54
169,32,167
170,44,176
171,74,192
172,3,147
173,74,57
174,92,82
175,91,194
176,57,191
177,-6,105
178,81,153
179,80,155
180,79,159
181,77,164
182,73,166
183,66,142
184,64,141
185,63,140
186,57,138
187,20,114
188,90,73
189,84,53
190,78,53
191,67,143
192,16,132
193,93,54
194,66,172
195,109,87
196,100,79
197,108,78
198,85,94
199,93,187
200,94,179
201,80,177
202,47,155
203,65,113
204,55,164
205,43,110
206,56,121
207,34,122
208,77,185
209,79,98
210,38,160
211,49,169
212,42,145
213,7,120
214,28,144
215,-1,123
216,48,131
217,85,86
218,90,113
219,83,113
220,95,108
221,78,43
222,66,35
223,54,33
224,44,34
225,35,38
226,26,53
227,-8,68
228,34,68
229,43,72
230,55,74
231,65,73
232,73,70
233,79,68
234,-15,63
235,82,115
236,94,90
237,97,114
238,99,118
239,96,115
240,83,117
241,102,119
242,101,120
243,79,61
244,84,63
245,88,65
246,40,51
247,34,46
248,115,89
249,148,65
250,114,120
251,168,27
252,127,70
253,134,72
254,141,72
255,149,66
256,122,68
257,143,46
258,134,47
259,150,47
260,153,51
261,152,71
262,116,178
263,150,62
264,166,63
265,156,61
266,136,106
267,110,133
268,107,141
269,117,135
270,120,139
271,112,141
272,115,142
273,123,155
274,117,116
275,119,109
276,163,39
277,123,85
278,126,112
279,126,108
280,154,105
281,117,98
282,154,31
283,161,33
284,166,13
285,125,39
286,127,50
287,128,147
288,144,133
289,121,117
290,116,119
291,120,146
292,118,146
293,164,26
294,125,115
295,143,32
296,146,25
297,149,-4
298,166,22
299,146,12
300,166,34
301,168,33
302,109,137
303,115,139
304,118,141
305,119,118
306,119,146
307,118,151
308,117,146
309,121,116
310,113,143
311,110,143
312,105,143
313,104,171
314,108,169
315,108,164
316,107,159
317,106,155
318,113,151
319,115,153
320,117,156
321,118,158
322,127,135
323,154,93
324,115,149
325,117,150
326,113,122
327,121,119
328,114,121
329,129,89
330,140,95
331,126,111
332,161,3
333,159,15
334,157,23
335,118,161
336,129,27
337,130,11
338,132,-8
339,146,70
340,156,75
341,119,66
342,157,53
343,119,80
344,125,110
345,166,81
346,154,83
347,148,87
348,136,86
349,127,82
350,121,78
351,113,70
352,165,99
353,160,50
354,113,120
355,123,94
356,161,59
357,117,74
358,125,110
359,152,61
360,125,104
361,150,112
362,119,63
363,122,100
364,138,158
365,133,164
366,163,97
367,146,146
368,167,47
369,115,185
370,110,121
371,128,99
372,158,61
373,141,68
374,135,68
375,120,152
376,160,114
377,103,196
378,119,182
379,126,175
380,129,67
381,123,65
382,120,63
383,162,46
384,125,59
385,132,58
386,139,58
387,144,59
388,147,60
389,166,41
390,145,67
391,123,131
392,122,116
393,113,129
394,130,168
395,123,176
396,105,192
397,139,150
398,121,61
399,117,84
400,112,190
401,159,114
402,110,154
403,112,156
404,113,160
405,114,165
406,112,166
407,117,144
408,119,143
409,121,142
410,128,141
411,154,120
412,116,75
413,117,55
414,120,57
415,115,145
416,149,137
417,114,55
418,114,172
419,114,80
420,122,97
421,104,177
422,128,157
423,130,117
424,121,165
425,145,115
426,134,125
427,146,127
428,106,185
429,123,100
430,132,161
431,124,170
432,135,148
433,155,127
434,141,147
435,153,130
436,136,134
437,120,89
438,123,114
439,124,115
440,123,109
441,125,46
442,138,41
443,148,41
444,155,42
445,158,46
446,154,61
447,165,80
448,150,75
449,144,78
450,135,78
451,126,75
452,121,72
453,117,70
454,157,76
455,123,117
456,119,92
457,120,115
458,115,119
459,119,116
460,120,119
461,114,119
462,112,121
463,117,63
464,115,65
465,114,67
466,149,61
467,154,55
468,52,53
469,61,54
470,53,44
471,43,53
472,51,63
473,136,62
474,142,62
475,138,56
476,130,62
477,134,68
