0,100,130
1,100,109
2,99,116
3,93,83
4,101,101
5,100,91
6,99,65
7,40,61
8,99,47
9,99,37
10,99,-3
11,100,132
12,100,134
13,99,136
14,99,136
15,99,139
16,99,143
17,99,148
18,98,159
19,100,113
20,92,112
21,13,31
22,64,68
23,56,69
24,49,69
25,38,64
26,70,66
27,51,45
28,61,46
29,43,46
30,38,50
31,32,69
32,70,171
33,37,58
34,11,64
35,23,63
36,60,100
37,91,128
38,91,134
39,81,131
40,74,134
41,83,135
42,77,136
43,64,147
44,94,109
45,93,101
46,28,44
47,75,81
48,75,105
49,74,101
50,37,99
51,93,91
52,47,36
53,36,39
54,21,17
55,82,45
56,68,50
57,58,141
58,19,135
59,80,110
60,87,112
61,66,139
62,68,138
63,32,34
64,74,108
65,62,38
66,61,32
67,53,0
68,27,26
69,58,16
70,24,40
71,19,37
72,91,131
73,82,133
74,75,135
75,82,111
76,67,139
77,71,139
78,68,138
79,85,108
80,78,137
81,84,136
82,92,136
83,89,158
84,90,147
85,91,143
86,91,139
87,92,136
88,78,137
89,77,138
90,76,140
91,75,143
92,67,128
93,9,97
94,100,114
95,73,137
96,72,138
97,89,115
98,77,113
99,88,114
100,67,86
101,55,90
102,73,104
103,33,7
104,40,19
105,45,30
106,71,151
107,80,35
108,78,15
109,74,-2
110,42,67
111,25,74
112,74,64
113,31,53
114,81,77
115,80,103
116,18,79
117,30,80
118,41,83
119,55,82
120,66,79
121,74,75
122,92,67
123,19,96
124,25,53
125,96,112
126,76,89
127,7,63
128,80,71
129,72,104
130,35,59
131,79,98
132,13,116
133,74,61
134,86,94
135,36,154
136,36,162
137,12,97
138,27,144
139,15,49
140,68,179
141,96,114
142,69,94
143,17,64
144,49,64
145,56,65
146,70,141
147,21,111
148,81,190
149,58,180
150,47,173
151,99,16
152,97,191
153,62,64
154,68,62
155,72,62
156,20,51
157,66,55
158,60,52
159,53,51
160,46,52
161,41,55
162,9,45
163,44,63
164,99,121
165,74,124
166,80,109
167,89,121
168,99,56
169,46,164
170,56,172
171,81,185
172,27,151
173,71,59
174,87,79
175,97,186
176,69,186
177,15,114
178,85,136
179,84,138
180,83,142
181,82,146
182,79,155
183,72,137
184,70,137
185,69,136
186,61,134
187,32,115
188,86,71
189,80,56
190,75,56
191,73,137
192,30,133
193,88,56
194,74,163
195,100,82
196,92,75
197,99,74
198,81,91
199,98,178
200,98,168
201,86,167
202,56,150
203,66,110
204,64,158
205,48,109
206,59,118
207,42,121
208,83,177
209,76,95
210,49,156
211,59,164
212,50,141
213,23,124
214,40,142
215,19,129
216,53,128
217,82,84
218,82,107
219,77,108
220,86,102
221,74,49
222,61,43
223,50,42
224,40,44
225,34,47
226,30,61
227,10,80
228,37,72
229,45,75
230,55,75
231,65,73
232,72,70
233,77,68
234,8,80
235,77,110
236,87,86
237,88,107
238,92,111
239,88,109
240,79,112
241,93,112
242,94,113
243,77,62
244,81,64
245,85,66
246,39,57
247,34,54
248,106,83
249,150,62
250,107,112
251,174,33
252,128,69
253,135,70
254,143,69
255,152,65
256,121,67
257,140,47
258,131,47
259,148,49
260,153,52
261,158,70
262,124,171
263,152,60
264,176,66
265,166,65
266,134,101
267,109,128
268,107,134
269,117,131
270,122,134
271,114,135
272,119,136
273,129,147
274,107,109
275,108,101
276,162,47
277,120,82
278,123,106
279,123,101
280,155,100
281,107,91
282,146,39
283,156,42
284,168,19
285,113,46
286,123,51
287,135,140
288,165,136
289,117,110
290,111,112
291,128,139
292,126,139
293,159,37
294,122,109
295,132,40
296,133,34
297,142,1
298,164,28
299,137,17
300,166,44
301,170,39
302,108,132
303,116,133
304,121,135
305,115,111
306,127,139
307,124,140
308,125,139
309,114,108
310,117,137
311,112,136
312,106,136
313,107,158
314,108,148
315,107,143
316,107,139
317,106,136
318,117,137
319,119,139
320,120,141
321,121,144
322,128,128
323,174,99
324,121,138
325,122,139
326,109,115
327,120,113
328,110,114
329,127,86
330,139,91
331,124,104
332,158,9
333,154,21
334,148,34
335,123,151
336,116,36
337,120,16
338,122,-2
339,149,68
340,166,75
341,117,65
342,159,56
343,115,77
344,119,103
345,171,81
346,161,81
347,152,84
348,138,83
349,127,79
350,120,76
351,106,67
352,170,97
353,164,55
354,104,112
355,120,89
356,176,65
357,114,72
358,124,105
359,155,60
360,119,98
361,170,117
362,117,62
363,113,94
364,153,154
365,151,163
366,175,98
367,161,144
368,173,51
369,125,179
370,103,114
371,126,95
372,171,66
373,142,65
374,135,66
375,125,141
376,168,112
377,112,190
378,133,180
379,142,173
380,129,65
381,123,64
382,119,63
383,168,53
384,124,56
385,131,53
386,138,52
387,145,54
388,149,56
389,176,47
390,147,64
391,122,124
392,117,109
393,109,121
394,144,164
395,135,172
396,113,184
397,159,151
398,119,60
399,111,79
400,123,186
401,172,115
402,112,136
403,113,139
404,114,142
405,115,146
406,116,155
407,123,138
408,125,137
409,126,137
410,133,134
411,160,116
412,110,71
413,112,57
414,116,57
415,121,138
416,159,134
417,107,57
418,120,163
419,106,75
420,116,91
421,109,167
422,136,150
423,129,110
424,128,158
425,145,109
426,136,118
427,151,122
428,112,176
429,120,95
430,142,156
431,133,164
432,142,141
433,166,124
434,151,142
435,168,130
436,141,128
437,115,84
438,116,107
439,120,108
440,114,102
441,118,50
442,131,45
443,142,45
444,151,46
445,157,50
446,159,63
447,176,82
448,154,73
449,147,76
450,137,75
451,127,74
452,120,71
453,115,69
454,175,82
455,120,110
456,111,86
457,112,108
458,107,111
459,111,109
460,118,112
461,106,112
462,105,113
463,114,63
464,111,64
465,110,66
466,151,58
467,155,56
468,53,56
469,61,56
470,52,49
471,44,56
472,53,63
473,137,59
474,145,59
475,136,51
476,129,59
477,137,66
