0,103,128
1,99,112
2,99,119
3,92,85
4,99,104
5,99,93
6,99,67
7,44,64
8,99,47
9,99,37
10,99,0
11,103,131
12,103,134
13,102,136
14,102,153
15,102,156
16,102,160
17,102,165
18,101,169
19,99,116
20,91,116
21,16,38
22,65,71
23,57,71
24,50,71
25,40,67
26,72,68
27,54,49
28,63,49
29,46,50
30,40,54
31,33,72
32,70,181
33,41,63
34,12,72
35,25,67
36,58,103
37,91,127
38,91,134
39,78,131
40,70,135
41,81,135
42,73,137
43,62,152
44,92,112
45,91,104
46,30,48
47,76,84
48,73,108
49,72,104
50,34,102
51,92,94
52,48,38
53,37,41
54,23,23
55,82,45
56,70,53
57,55,144
58,18,149
59,79,113
60,85,115
61,60,142
62,63,142
63,33,37
64,72,111
65,63,39
66,61,32
67,54,4
68,28,30
69,58,18
70,25,44
71,21,42
72,91,131
73,80,133
74,71,136
75,80,114
76,62,142
77,66,147
78,64,142
79,83,111
80,75,138
81,83,136
82,92,136
83,89,168
84,89,164
85,90,159
86,91,156
87,92,153
88,75,149
89,74,150
90,71,152
91,70,154
92,64,131
93,11,108
94,99,118
95,70,146
96,68,147
97,88,118
98,75,116
99,87,117
100,67,89
101,54,93
102,71,107
103,35,12
104,40,22
105,45,32
106,69,158
107,80,34
108,77,18
109,75,0
110,44,70
111,25,78
112,76,66
113,33,58
114,81,79
115,78,106
116,17,85
117,30,83
118,40,86
119,55,85
120,66,81
121,74,77
122,92,69
123,17,101
124,27,57
125,95,116
126,76,92
127,11,72
128,81,73
129,70,108
130,37,63
131,78,101
132,13,128
133,76,63
134,85,96
135,33,165
136,34,176
137,10,105
138,23,155
139,16,56
140,68,191
141,96,117
142,68,97
143,19,69
144,51,66
145,57,67
146,64,148
147,17,118
148,83,203
149,57,193
150,46,186
151,99,18
152,101,204
153,64,66
154,70,65
155,74,64
156,21,55
157,69,59
158,63,57
159,56,57
160,50,59
161,45,60
162,13,53
163,47,65
164,100,124
165,71,127
166,79,112
167,88,125
168,99,57
169,44,175
170,56,183
171,83,196
172,25,165
173,74,62
174,86,82
175,101,197
176,69,199
177,12,123
178,83,151
179,81,153
180,80,156
181,78,160
182,77,164
183,67,140
184,65,139
185,63,138
186,58,137
187,27,120
188,87,74
189,82,57
190,77,58
191,69,140
192,26,141
193,89,57
194,73,172
195,99,84
196,92,77
197,99,76
198,80,94
199,101,188
200,101,177
201,87,177
202,55,156
203,63,114
204,63,165
205,45,113
206,56,122
207,38,126
208,84,187
209,75,98
210,47,164
211,58,173
212,47,146
213,19,132
214,37,149
215,15,140
216,50,131
217,81,87
218,80,110
219,75,111
220,84,105
221,76,50
222,63,45
223,51,45
224,42,47
225,36,51
226,32,65
227,10,88
228,37,76
229,45,78
230,56,78
231,66,76
232,74,73
233,79,70
234,11,90
235,75,113
236,86,89
237,86,111
238,90,115
239,86,112
240,77,115
241,92,115
242,93,117
243,79,64
244,83,65
245,85,67
246,43,62
247,37,58
248,106,85
249,155,65
250,108,116
251,185,36
252,133,70
253,141,71
254,148,71
255,159,67
256,127,68
257,145,49
258,136,49
259,153,50
260,159,54
261,166,72
262,132,181
263,158,63
264,190,71
265,175,66
266,142,103
267,115,128
268,113,134
269,126,131
270,133,135
271,122,136
272,128,138
273,141,152
274,106,112
275,107,104
276,170,46
277,124,84
278,127,108
279,127,104
280,166,101
281,106,93
282,150,37
283,162,40
284,177,22
285,116,44
286,129,52
287,147,144
288,189,148
289,121,113
290,114,115
291,139,143
292,136,143
293,166,35
294,127,111
295,135,38
296,136,31
297,145,3
298,171,29
299,140,18
300,175,42
301,180,41
302,115,131
303,124,134
304,131,137
305,119,114
306,138,143
307,134,147
308,135,143
309,116,111
310,126,138
311,120,137
312,112,136
313,112,168
314,114,163
315,114,159
316,113,155
317,112,153
318,126,149
319,128,150
320,130,152
321,131,154
322,138,131
323,194,107
324,130,147
325,132,147
326,111,118
327,125,115
328,113,117
329,133,88
330,146,93
331,129,107
332,165,11
333,159,21
334,153,31
335,134,158
336,118,34
337,121,17
338,124,0
339,155,70
340,174,77
341,123,66
342,167,57
343,118,79
344,121,106
345,184,84
346,169,83
347,158,86
348,143,84
349,132,81
350,124,77
351,107,69
352,185,100
353,173,55
354,104,116
355,124,92
356,193,71
357,118,73
358,130,107
359,162,63
360,121,100
361,193,127
362,123,64
363,114,96
364,171,165
365,171,177
366,193,105
367,181,155
368,185,55
369,134,191
370,103,117
371,132,97
372,183,67
373,147,67
374,141,67
375,136,148
376,186,117
377,119,203
378,146,193
379,158,187
380,134,66
381,128,65
382,125,64
383,180,53
384,130,59
385,137,57
386,144,58
387,150,59
388,154,61
389,190,52
390,151,66
391,129,126
392,121,112
393,112,124
394,159,175
395,147,183
396,119,196
397,181,165
398,125,62
399,112,81
400,133,199
401,192,123
402,120,151
403,122,153
404,123,156
405,124,159
406,124,164
407,133,140
408,135,140
409,137,139
410,144,136
411,175,120
412,112,74
413,117,57
414,122,58
415,131,140
416,177,141
417,109,57
418,128,172
419,106,77
420,119,94
421,115,177
422,148,156
423,137,113
424,139,165
425,155,112
426,145,121
427,163,125
428,117,187
429,124,98
430,155,164
431,144,173
432,155,146
433,185,131
434,166,149
435,189,140
436,152,131
437,118,86
438,118,110
439,124,111
440,114,105
441,123,50
442,136,45
443,147,45
444,156,47
445,163,51
446,168,65
447,193,87
448,161,75
449,153,77
450,142,77
451,133,75
452,125,72
453,120,70
454,193,89
455,124,113
456,112,89
457,112,111
458,108,115
459,113,112
460,122,115
461,107,115
462,106,117
463,120,64
464,116,66
465,113,67
466,156,62
467,162,58
468,57,61
469,65,61
470,57,54
471,49,62
472,57,68
473,143,62
474,150,62
475,142,55
476,135,62
477,143,69
