0,99,127
1,96,110
2,97,116
3,90,83
4,96,102
5,96,92
6,98,65
7,45,57
8,98,47
9,98,38
10,99,0
11,99,130
12,99,133
13,99,135
14,99,144
15,99,148
16,99,152
17,99,157
18,98,165
19,96,114
20,89,113
21,21,30
22,65,63
23,59,63
24,51,64
25,41,60
26,71,62
27,54,43
28,63,44
29,46,44
30,40,47
31,35,65
32,69,175
33,41,55
34,16,62
35,28,59
36,60,99
37,88,125
38,89,132
39,78,128
40,71,132
41,81,133
42,75,135
43,64,148
44,90,110
45,89,102
46,31,39
47,75,80
48,72,106
49,72,101
50,38,97
51,89,92
52,48,32
53,37,34
54,28,18
55,81,40
56,70,48
57,58,140
58,21,135
59,78,110
60,84,113
61,64,139
62,66,139
63,34,29
64,72,108
65,62,33
66,60,27
67,56,3
68,33,27
69,60,18
70,27,36
71,26,37
72,88,129
73,79,131
74,73,134
75,79,111
76,65,139
77,69,142
78,67,139
79,82,109
80,76,136
81,82,135
82,90,134
83,88,164
84,89,156
85,89,151
86,90,147
87,90,144
88,77,142
89,75,143
90,74,145
91,73,148
92,65,127
93,15,95
94,97,115
95,72,141
96,71,141
97,86,116
98,74,113
99,85,114
100,68,84
101,56,89
102,71,104
103,39,9
104,43,21
105,45,26
106,70,154
107,79,30
108,78,18
109,75,0
110,45,62
111,28,70
112,75,61
113,34,50
114,81,75
115,77,104
116,21,77
117,32,75
118,41,78
119,56,78
120,67,75
121,74,72
122,90,67
123,21,93
124,29,49
125,92,114
126,75,88
127,15,61
128,80,69
129,70,104
130,38,55
131,77,98
132,17,114
133,74,58
134,83,94
135,36,155
136,36,164
137,15,95
138,27,144
139,21,48
140,66,184
141,93,115
142,69,93
143,23,60
144,52,58
145,58,59
146,67,144
147,22,109
148,80,197
149,57,184
150,47,176
151,98,18
152,98,199
153,64,59
154,69,58
155,73,58
156,25,47
157,69,54
158,63,52
159,56,51
160,50,52
161,46,54
162,17,44
163,48,58
164,97,122
165,72,124
166,78,109
167,86,122
168,98,56
169,46,166
170,55,175
171,80,191
172,28,152
173,72,56
174,85,79
175,98,193
176,68,191
177,17,112
178,83,143
179,82,145
180,81,148
181,80,153
182,77,160
183,70,137
184,68,136
185,66,135
186,60,133
187,32,114
188,86,70
189,81,53
190,76,54
191,72,137
192,31,132
193,88,54
194,73,167
195,97,82
196,90,75
197,97,74
198,79,91
199,98,184
200,98,173
201,85,172
202,56,150
203,64,110
204,64,160
205,48,108
206,58,117
207,42,120
208,82,182
209,75,95
210,49,157
211,58,167
212,50,140
213,24,122
214,40,142
215,20,129
216,53,126
217,80,83
218,79,107
219,74,108
220,82,103
221,75,46
222,62,40
223,51,39
224,42,40
225,36,44
226,33,57
227,14,78
228,39,68
229,47,70
230,57,70
231,66,69
232,73,67
233,78,65
234,14,77
235,74,110
236,85,86
237,84,108
238,88,112
239,84,109
240,76,112
241,90,113
242,91,114
243,77,59
244,82,61
245,84,63
246,43,55
247,38,50
248,103,83
249,150,60
250,105,113
251,181,30
252,130,67
253,137,67
254,144,67
255,154,62
256,125,65
257,141,47
258,133,48
259,149,49
260,154,51
261,160,67
262,128,176
263,154,58
264,185,63
265,170,61
266,136,99
267,109,126
268,109,133
269,120,130
270,127,134
271,117,135
272,124,137
273,136,148
274,103,110
275,104,102
276,164,44
277,121,80
278,122,106
279,123,101
280,158,97
281,104,92
282,146,38
283,157,40
284,173,18
285,114,44
286,127,51
287,142,140
288,182,136
289,117,110
290,110,113
291,136,141
292,133,141
293,161,35
294,123,109
295,132,38
296,134,33
297,143,3
298,167,27
299,137,18
300,169,41
301,175,37
302,109,130
303,119,133
304,126,135
305,115,112
306,134,141
307,130,144
308,132,141
309,112,109
310,122,137
311,116,136
312,108,135
313,109,164
314,109,156
315,109,152
316,108,147
317,108,144
318,122,143
319,123,145
320,125,147
321,126,149
322,132,127
323,188,96
324,127,142
325,128,143
326,108,116
327,121,113
328,109,114
329,128,84
330,140,89
331,124,104
332,162,9
333,155,21
334,149,32
335,129,154
336,116,35
337,119,18
338,123,0
339,150,66
340,168,72
341,121,63
342,161,54
343,115,76
344,117,104
345,178,78
346,162,78
347,152,81
348,138,80
349,128,77
350,121,74
351,105,67
352,177,94
353,168,52
354,101,114
355,120,88
356,188,61
357,116,71
358,125,104
359,157,58
360,117,98
361,186,115
362,122,61
363,111,95
364,164,156
365,165,166
366,185,96
367,173,145
368,180,49
369,130,185
370,100,115
371,127,94
372,177,62
373,143,63
374,137,63
375,132,145
376,176,110
377,116,197
378,142,185
379,153,177
380,131,63
381,126,62
382,123,61
383,174,50
384,128,56
385,134,54
386,140,54
387,146,55
388,150,56
389,185,44
390,147,62
391,124,124
392,116,109
393,109,122
394,154,168
395,143,176
396,116,191
397,174,153
398,124,59
399,110,79
400,130,192
401,184,113
402,116,144
403,117,146
404,118,149
405,118,154
406,120,160
407,129,139
408,131,138
409,133,138
410,138,133
411,165,114
412,110,71
413,116,56
414,121,57
415,128,139
416,169,133
417,108,57
418,124,168
419,104,75
420,115,91
421,111,173
422,143,151
423,132,110
424,135,160
425,148,108
426,139,117
427,155,120
428,114,182
429,120,95
430,150,158
431,140,168
432,149,141
433,175,123
434,159,142
435,181,130
436,145,127
437,115,84
438,114,108
439,120,109
440,111,103
441,121,49
442,133,45
443,143,44
444,152,46
445,158,49
446,162,60
447,186,79
448,156,71
449,148,73
450,138,73
451,129,71
452,123,69
453,118,67
454,188,79
455,120,110
456,110,87
457,109,109
458,105,112
459,109,110
460,118,112
461,103,113
462,103,114
463,119,61
464,114,63
465,111,65
466,152,57
467,157,54
468,58,55
469,65,55
470,58,49
471,51,55
472,59,62
473,136,58
474,143,58
475,136,51
476,129,57
477,136,65
