0,99,132
1,103,109
2,100,116
3,95,83
4,104,100
5,103,90
6,100,65
7,41,61
8,99,45
9,100,34
10,98,-4
11,99,134
12,99,136
13,99,137
14,98,152
15,99,155
16,99,159
17,98,164
18,97,170
19,102,113
20,94,113
21,1,31
22,62,68
23,55,68
24,47,68
25,36,64
26,69,67
27,52,46
28,61,47
29,44,48
30,38,51
31,28,68
32,64,181
33,38,60
34,-1,67
35,17,63
36,55,100
37,87,130
38,87,135
39,75,131
40,67,133
41,78,135
42,70,135
43,54,149
44,96,109
45,96,101
46,26,43
47,73,82
48,74,105
49,73,101
50,28,99
51,96,91
52,48,34
53,36,37
54,12,16
55,83,40
56,68,50
57,47,139
58,0,145
59,79,110
60,86,113
61,57,137
62,59,138
63,31,32
64,72,108
65,63,34
66,63,27
67,51,-2
68,21,24
69,57,13
70,20,39
71,10,36
72,87,133
73,77,133
74,69,134
75,81,111
76,58,137
77,63,143
78,60,138
79,85,108
80,71,136
81,79,136
82,88,136
83,84,169
84,86,162
85,87,158
86,88,153
87,88,151
88,72,145
89,71,147
90,69,149
91,68,151
92,59,127
93,-8,103
94,101,115
95,66,142
96,65,143
97,89,116
98,74,113
99,88,114
100,64,86
101,49,90
102,70,104
103,28,5
104,36,16
105,45,27
106,61,157
107,82,29
108,77,13
109,73,-5
110,40,66
111,17,73
112,73,65
113,28,54
114,80,77
115,80,103
116,7,81
117,24,79
118,35,82
119,51,81
120,63,79
121,72,75
122,92,67
123,7,97
124,21,52
125,98,113
126,74,89
127,-8,66
128,78,71
129,68,104
130,33,60
131,79,98
132,-5,123
133,73,62
134,88,93
135,23,162
136,22,173
137,-3,101
138,11,152
139,4,50
140,63,190
141,98,115
142,66,94
143,9,64
144,49,63
145,56,64
146,62,144
147,6,114
148,78,201
149,50,190
150,37,183
151,99,14
152,95,202
153,62,64
154,67,63
155,71,63
156,13,50
157,67,57
158,60,56
159,54,56
160,48,57
161,43,58
162,-4,47
163,45,62
164,100,122
165,69,123
166,80,109
167,87,122
168,99,55
169,37,173
170,49,181
171,78,195
172,10,161
173,71,60
174,87,79
175,96,196
176,64,196
177,-2,120
178,79,148
179,78,150
180,77,154
181,76,158
182,71,164
183,64,136
184,62,136
185,61,135
186,51,132
187,18,117
188,86,71
189,80,55
190,74,57
191,65,137
192,15,138
193,88,55
194,67,172
195,102,81
196,94,75
197,101,74
198,81,91
199,97,188
200,97,179
201,82,178
202,47,153
203,61,111
204,56,164
205,40,110
206,52,118
207,31,122
208,80,187
209,74,95
210,40,162
211,52,172
212,40,142
213,7,129
214,28,146
215,1,137
216,43,127
217,81,84
218,83,107
219,76,108
220,88,102
221,74,47
222,62,42
223,51,41
224,41,43
225,33,47
226,26,61
227,-3,84
228,33,72
229,41,74
230,52,74
231,63,73
232,70,71
233,76,68
234,-8,84
235,76,110
236,88,86
237,90,108
238,94,112
239,89,109
240,77,112
241,96,112
242,96,114
243,76,62
244,80,64
245,84,65
246,40,59
247,34,54
248,108,83
249,148,63
250,108,113
251,169,35
252,129,69
253,136,69
254,142,69
255,151,65
256,122,68
257,139,47
258,131,48
259,147,48
260,152,52
261,156,70
262,124,180
263,150,61
264,173,69
265,163,64
266,137,101
267,110,130
268,109,135
269,119,131
270,125,133
271,117,135
272,122,135
273,133,148
274,110,109
275,111,101
276,162,44
277,120,82
278,125,105
279,125,101
280,159,100
281,109,91
282,146,35
283,156,38
284,165,21
285,114,41
286,123,52
287,139,138
288,161,143
289,119,110
290,113,113
291,132,137
292,130,137
293,159,33
294,125,108
295,133,35
296,134,29
297,140,1
298,162,28
299,137,15
300,165,40
301,168,40
302,110,133
303,118,133
304,124,134
305,117,111
306,131,137
307,128,143
308,129,138
309,116,108
310,121,136
311,115,136
312,108,137
313,108,169
314,109,162
315,109,158
316,108,153
317,107,151
318,120,146
319,122,147
320,123,149
321,125,151
322,133,127
323,168,104
324,124,143
325,126,143
326,110,116
327,122,113
328,111,114
329,128,87
330,141,91
331,126,104
332,156,9
333,153,20
334,149,29
335,127,156
336,117,31
337,120,14
338,122,-3
339,148,68
340,163,75
341,118,66
342,158,55
343,115,77
344,121,103
345,171,83
346,160,80
347,152,83
348,138,82
349,128,79
350,120,76
351,107,67
352,172,98
353,163,54
354,106,113
355,121,90
356,170,69
357,115,72
358,126,105
359,154,61
360,121,98
361,166,123
362,118,63
363,115,94
364,152,160
365,148,170
366,174,102
367,161,150
368,170,54
369,124,188
370,104,115
371,128,95
372,168,66
373,142,64
374,136,65
375,129,144
376,171,114
377,110,199
378,130,187
379,138,180
380,130,65
381,124,64
382,120,64
383,167,52
384,124,59
385,131,57
386,137,56
387,143,57
388,147,59
389,171,50
390,145,64
391,125,123
392,119,109
393,111,122
394,142,170
395,133,179
396,112,194
397,156,159
398,120,61
399,112,79
400,121,194
401,171,120
402,115,148
403,116,151
404,117,154
405,118,158
406,119,163
407,127,136
408,128,135
409,130,135
410,138,132
411,164,118
412,111,72
413,113,56
414,117,58
415,125,137
416,162,137
417,107,55
418,122,171
419,107,75
420,118,91
421,110,177
422,138,152
423,132,111
424,130,163
425,150,110
426,139,118
427,155,122
428,112,187
429,121,95
430,142,160
431,133,170
432,145,141
433,168,128
434,153,145
435,168,136
436,144,127
437,116,85
438,119,107
439,122,108
440,116,102
441,119,49
442,132,43
443,142,43
444,151,44
445,156,48
446,158,63
447,174,86
448,153,73
449,146,75
450,137,75
451,128,74
452,121,72
453,116,69
454,169,86
455,122,110
456,113,86
457,114,108
458,109,112
459,114,109
460,120,112
461,108,112
462,107,114
463,115,63
464,112,65
465,110,66
466,149,60
467,154,56
468,61,59
469,67,60
470,61,53
471,54,59
472,60,66
473,135,60
474,143,60
475,135,53
476,128,60
477,135,67
