0,98,128
1,101,109
2,98,116
3,94,83
4,101,101
5,101,90
6,100,65
7,43,61
8,100,44
9,100,33
10,101,-4
11,98,130
12,98,133
13,97,134
14,97,149
15,97,152
16,97,155
17,97,159
18,93,169
19,100,113
20,91,112
21,14,28
22,64,67
23,56,67
24,49,67
25,39,63
26,70,66
27,55,45
28,63,47
29,47,47
30,41,50
31,32,68
32,63,177
33,40,59
34,9,63
35,23,62
36,57,99
37,86,127
38,86,132
39,74,128
40,65,130
41,76,132
42,68,133
43,54,146
44,94,109
45,94,101
46,31,42
47,74,81
48,73,104
49,72,100
50,32,97
51,94,91
52,51,34
53,40,36
54,23,15
55,84,43
56,70,50
57,48,136
58,10,135
59,78,109
60,85,112
61,55,134
62,57,135
63,36,31
64,72,107
65,66,35
66,65,29
67,57,-1
68,30,23
69,61,13
70,26,38
71,20,34
72,86,130
73,75,131
74,67,132
75,80,111
76,56,135
77,61,141
78,58,135
79,84,108
80,70,134
81,77,134
82,86,134
83,81,168
84,85,159
85,85,155
86,86,151
87,87,149
88,70,144
89,69,145
90,67,147
91,65,149
92,60,125
93,3,96
94,99,115
95,64,141
96,63,141
97,87,115
98,73,111
99,86,113
100,65,84
101,52,89
102,70,103
103,37,4
104,43,15
105,49,28
106,61,155
107,83,32
108,80,13
109,77,-4
110,43,66
111,23,72
112,75,65
113,33,53
114,80,76
115,79,102
116,15,77
117,29,78
118,39,81
119,54,80
120,65,78
121,73,75
122,92,67
123,14,93
124,27,51
125,96,113
126,74,88
127,5,61
128,80,71
129,69,103
130,36,59
131,79,97
132,5,115
133,75,62
134,86,93
135,29,156
136,28,165
137,6,95
138,19,144
139,15,47
140,61,185
141,96,114
142,66,93
143,16,63
144,51,62
145,57,63
146,59,142
147,14,109
148,75,196
149,51,184
150,41,176
151,101,14
152,90,197
153,63,63
154,69,63
155,73,62
156,21,50
157,68,57
158,62,55
159,56,54
160,49,55
161,45,56
162,8,43
163,46,62
164,97,121
165,69,122
166,79,108
167,86,121
168,99,54
169,40,167
170,50,176
171,75,191
172,19,152
173,73,60
174,87,79
175,91,192
176,62,191
177,7,113
178,78,147
179,76,149
180,75,152
181,74,155
182,69,163
183,62,134
184,60,133
185,59,132
186,52,130
187,24,114
188,86,71
189,81,56
190,76,57
191,63,134
192,22,133
193,89,56
194,66,169
195,101,82
196,93,75
197,100,74
198,80,90
199,92,185
200,93,176
201,79,175
202,49,150
203,61,109
204,56,160
205,43,108
206,53,116
207,35,119
208,77,184
209,74,94
210,43,157
211,52,167
212,42,138
213,15,123
214,33,141
215,11,129
216,46,124
217,81,83
218,82,106
219,76,107
220,86,101
221,76,48
222,64,43
223,54,41
224,44,42
225,37,46
226,31,60
227,7,79
228,36,71
229,45,73
230,55,73
231,64,72
232,72,70
233,77,68
234,3,78
235,75,109
236,87,86
237,88,107
238,91,111
239,87,109
240,76,111
241,93,112
242,93,114
243,77,62
244,82,64
245,85,65
246,42,58
247,37,53
248,106,83
249,146,61
250,106,112
251,166,33
252,127,66
253,134,67
254,141,67
255,149,64
256,122,65
257,139,45
258,131,46
259,146,47
260,151,50
261,154,68
262,118,175
263,149,60
264,168,65
265,160,62
266,134,100
267,109,127
268,107,132
269,118,128
270,123,129
271,115,132
272,120,132
273,128,145
274,106,109
275,108,101
276,160,42
277,119,81
278,122,105
279,122,100
280,154,98
281,107,91
282,146,33
283,155,36
284,162,19
285,116,41
286,124,50
287,134,135
288,152,134
289,116,109
290,110,112
291,129,133
292,127,133
293,158,30
294,121,108
295,134,34
296,135,28
297,140,1
298,160,26
299,137,15
300,162,38
301,165,37
302,108,130
303,116,130
304,122,131
305,114,111
306,128,133
307,124,140
308,126,134
309,113,108
310,118,133
311,113,133
312,106,134
313,104,168
314,107,158
315,107,154
316,106,150
317,105,148
318,117,143
319,119,144
320,120,145
321,122,148
322,128,125
323,162,97
324,121,139
325,123,139
326,108,115
327,119,112
328,109,114
329,126,85
330,138,90
331,123,103
332,154,8
333,151,18
334,148,27
335,122,154
336,118,30
337,120,14
338,123,-2
339,146,66
340,161,73
341,118,63
342,156,53
343,114,76
344,118,103
345,166,79
346,157,79
347,150,82
348,137,81
349,127,78
350,120,75
351,106,67
352,166,95
353,160,51
354,103,113
355,119,89
356,166,64
357,115,71
358,123,103
359,152,60
360,118,97
361,158,115
362,118,61
363,113,94
364,143,153
365,138,162
366,167,97
367,151,143
368,166,50
369,117,183
370,102,114
371,125,94
372,165,63
373,140,62
374,134,62
375,126,140
376,163,110
377,104,194
378,122,181
379,129,173
380,129,62
381,123,61
382,120,61
383,163,49
384,124,56
385,130,54
386,137,54
387,142,55
388,146,57
389,167,47
390,144,62
391,122,122
392,116,108
393,108,121
394,133,164
395,125,173
396,106,190
397,145,150
398,120,59
399,111,79
400,114,189
401,163,113
402,112,146
403,113,148
404,115,150
405,115,154
406,115,162
407,124,133
408,125,132
409,127,131
410,133,129
411,157,114
412,110,71
413,114,55
414,117,56
415,122,133
416,153,132
417,108,55
418,116,168
419,106,75
420,116,91
421,105,175
422,132,148
423,128,109
424,124,159
425,144,108
426,135,116
427,148,120
428,106,183
429,119,94
430,135,155
431,126,165
432,138,137
433,159,123
434,145,140
435,158,129
436,139,124
437,114,84
438,116,106
439,119,108
440,113,102
441,120,47
442,132,42
443,142,41
444,150,43
445,155,47
446,155,61
447,168,81
448,151,71
449,144,73
450,135,73
451,127,72
452,120,69
453,116,67
454,164,81
455,119,109
456,111,86
457,111,107
458,107,111
459,111,109
460,117,111
461,105,112
462,104,114
463,116,61
464,112,63
465,111,65
466,148,59
467,153,54
468,54,58
469,62,58
470,55,52
471,47,58
472,54,65
473,132,58
474,140,58
475,132,51
476,124,58
477,132,65
