0,99,132
1,98,113
2,98,117
3,92,87
4,98,106
5,98,96
6,99,68
7,45,59
8,99,47
9,99,37
10,100,1
11,99,135
12,99,138
13,99,140
14,99,140
15,99,144
16,99,149
17,99,153
18,98,155
19,98,116
20,91,114
21,22,25
22,67,67
23,60,68
24,52,67
25,43,61
26,74,66
27,56,44
28,65,46
29,48,45
30,43,47
31,38,65
32,72,160
33,42,55
34,20,56
35,31,59
36,63,99
37,90,130
38,91,137
39,81,132
40,75,133
41,84,137
42,79,137
43,67,140
44,92,113
45,91,106
46,34,42
47,77,81
48,76,107
49,76,102
50,42,95
51,92,96
52,51,37
53,41,38
54,27,15
55,83,48
56,73,50
57,62,134
58,29,118
59,81,111
60,86,114
61,69,136
62,70,137
63,38,33
64,76,109
65,64,40
66,63,34
67,56,2
68,32,24
69,60,17
70,31,38
71,26,32
72,90,134
73,82,134
74,77,135
75,82,112
76,70,136
77,73,139
78,71,137
79,84,111
80,80,138
81,85,138
82,91,139
83,89,154
84,89,153
85,90,148
86,91,143
87,91,139
88,80,138
89,78,140
90,77,142
91,75,144
92,69,125
93,22,83
94,98,117
95,76,137
96,74,138
97,89,116
98,78,113
99,88,115
100,70,84
101,58,89
102,74,105
103,38,7
104,42,18
105,49,31
106,72,146
107,81,38
108,78,18
109,76,1
110,46,65
111,31,70
112,78,65
113,37,50
114,82,77
115,80,106
116,25,73
117,35,76
118,44,81
119,58,80
120,68,78
121,75,75
122,92,70
123,27,88
124,32,49
125,94,115
126,78,89
127,19,52
128,81,72
129,74,104
130,40,56
131,80,100
132,25,100
133,78,62
134,85,97
135,43,141
136,44,146
137,22,86
138,35,130
139,23,43
140,71,166
141,95,116
142,72,94
143,25,59
144,53,63
145,59,64
146,71,140
147,29,102
148,83,175
149,63,163
150,54,156
151,99,19
152,98,176
153,66,63
154,72,63
155,76,62
156,28,47
157,71,54
158,64,50
159,57,49
160,50,50
161,46,52
162,19,37
163,48,61
164,98,122
165,76,122
166,81,110
167,88,122
168,99,57
169,53,150
170,62,158
171,83,172
172,36,134
173,76,59
174,87,82
175,98,173
176,72,170
177,24,101
178,85,139
179,84,142
180,82,145
181,81,149
182,80,151
183,74,137
184,73,136
185,71,135
186,65,129
187,38,108
188,87,73
189,83,57
190,79,57
191,76,137
192,37,123
193,89,59
194,76,155
195,98,86
196,92,79
197,99,78
198,82,93
199,98,168
200,98,161
201,86,160
202,60,142
203,68,109
204,67,149
205,52,106
206,62,115
207,47,116
208,84,167
209,78,96
210,54,145
211,63,153
212,55,133
213,31,113
214,46,132
215,28,116
216,57,123
217,82,85
218,82,109
219,78,110
220,85,106
221,77,50
222,65,44
223,54,42
224,45,42
225,39,45
226,36,57
227,20,71
228,41,69
229,49,73
230,59,73
231,68,72
232,75,70
233,80,69
234,20,67
235,78,111
236,87,89
237,87,111
238,90,114
239,87,111
240,80,112
241,92,115
242,93,116
243,80,63
244,84,65
245,86,67
246,44,54
247,40,51
248,105,87
249,150,60
250,105,115
251,175,27
252,128,67
253,135,68
254,142,67
255,152,62
256,122,65
257,142,45
258,133,46
259,150,46
260,154,49
261,157,66
262,123,161
263,153,57
264,177,58
265,165,59
266,134,99
267,108,130
268,106,137
269,116,131
270,121,132
271,113,136
272,118,136
273,130,140
274,104,113
275,105,106
276,164,44
277,120,82
278,121,107
279,121,103
280,155,96
281,105,96
282,148,38
283,158,40
284,170,17
285,116,47
286,125,50
287,135,134
288,168,120
289,115,111
290,110,114
291,127,135
292,126,135
293,162,34
294,121,109
295,135,40
296,136,34
297,143,4
298,166,26
299,139,19
300,168,39
301,172,34
302,107,134
303,114,134
304,120,134
305,114,112
306,126,135
307,124,138
308,125,135
309,112,111
310,117,137
311,112,138
312,106,139
313,107,154
314,108,152
315,107,148
316,107,143
317,106,139
318,117,137
319,118,139
320,120,141
321,121,143
322,128,125
323,176,84
324,120,136
325,122,137
326,107,116
327,119,113
328,109,115
329,127,85
330,139,89
331,122,105
332,160,9
333,155,20
334,151,32
335,124,146
336,119,37
337,120,19
338,123,1
339,149,66
340,164,71
341,118,64
342,160,52
343,115,78
344,117,106
345,172,75
346,159,78
347,150,82
348,136,81
349,126,78
350,119,75
351,106,70
352,170,90
353,165,50
354,102,116
355,119,90
356,178,54
357,114,72
358,123,104
359,156,57
360,117,101
361,173,101
362,118,61
363,111,98
364,153,142
365,153,147
366,176,88
367,162,131
368,175,45
369,125,166
370,101,116
371,126,94
372,171,60
373,142,64
374,135,64
375,125,139
376,168,104
377,112,175
378,133,164
379,142,157
380,129,63
381,123,62
382,120,61
383,170,47
384,126,54
385,133,51
386,140,50
387,146,51
388,150,54
389,178,39
390,147,62
391,121,123
392,115,111
393,108,122
394,144,151
395,134,159
396,112,172
397,161,135
398,121,58
399,110,82
400,123,170
401,173,103
402,112,138
403,113,141
404,115,144
405,116,148
406,117,151
407,122,135
408,123,134
409,125,133
410,133,129
411,159,110
412,110,73
413,114,57
414,118,56
415,120,136
416,160,124
417,108,58
418,120,155
419,105,79
420,115,93
421,109,160
422,136,142
423,129,109
424,129,149
425,145,107
426,135,116
427,150,117
428,112,167
429,119,96
430,142,146
431,133,153
432,142,134
433,166,115
434,151,133
435,169,117
436,140,123
437,115,86
438,114,110
439,119,110
440,111,106
441,120,50
442,133,45
443,145,43
444,153,44
445,158,47
446,160,58
447,178,73
448,153,70
449,145,73
450,136,74
451,127,72
452,120,70
453,116,68
454,177,69
455,118,111
456,110,90
457,109,111
458,106,114
459,109,112
460,116,113
461,104,115
462,104,116
463,116,62
464,112,64
465,110,67
466,152,55
467,156,52
468,59,56
469,67,56
470,60,49
471,51,56
472,58,64
473,137,56
474,145,56
475,137,49
476,129,56
477,137,64
