0,94,129
1,84,101
2,92,112
3,83,77
4,83,92
5,86,83
6,93,60
7,54,66
8,95,38
9,94,27
10,93,-8
11,95,132
12,96,137
13,97,140
14,97,141
15,97,145
16,97,149
17,98,155
18,99,165
19,87,106
20,85,109
21,43,41
22,72,71
23,65,72
24,60,73
25,53,69
26,77,68
27,60,47
28,68,47
29,54,48
30,50,52
31,50,75
32,80,180
33,52,64
34,46,76
35,46,70
36,65,105
37,87,129
38,90,138
39,81,134
40,78,140
41,86,140
42,83,143
43,74,158
44,79,101
45,77,94
46,43,46
47,78,82
48,72,105
49,72,101
50,50,108
51,80,84
52,52,33
53,46,38
54,43,25
55,78,36
56,74,50
57,69,151
58,63,152
59,78,109
60,83,111
61,78,149
62,80,148
63,44,33
64,74,110
65,62,32
66,61,26
67,59,2
68,43,30
69,60,14
70,42,43
71,41,44
72,88,133
73,83,137
74,80,142
75,80,111
76,79,149
77,81,149
78,80,148
79,77,105
80,85,144
81,88,142
82,92,141
83,91,165
84,91,155
85,90,150
86,91,145
87,92,142
88,85,144
89,84,146
90,82,149
91,81,152
92,71,133
93,57,113
94,90,109
95,83,146
96,82,147
97,85,114
98,78,115
99,84,112
100,72,88
101,62,96
102,73,106
103,48,12
104,49,20
105,50,28
106,78,161
107,75,25
108,75,11
109,73,-4
110,55,72
111,46,82
112,80,66
113,47,57
114,81,76
115,73,100
116,43,90
117,48,88
118,53,89
119,64,86
120,72,82
121,79,76
122,87,63
123,43,107
124,44,57
125,84,106
126,77,90
127,52,77
128,83,71
129,74,107
130,51,64
131,73,95
132,60,132
133,81,62
134,76,89
135,62,168
136,69,177
137,47,111
138,58,158
139,43,59
140,80,188
141,87,109
142,73,97
143,45,73
144,59,67
145,64,68
146,80,151
147,46,124
148,93,198
149,79,190
150,74,185
151,93,9
152,107,199
153,70,67
154,75,65
155,79,64
156,43,57
157,75,58
158,69,56
159,63,56
160,58,57
161,55,60
162,46,58
163,56,67
164,93,119
165,75,127
166,77,107
167,85,121
168,95,50
169,68,176
170,74,182
171,89,192
172,66,167
173,79,60
174,82,76
175,103,193
176,84,195
177,50,128
178,88,143
179,87,146
180,86,149
181,85,154
182,84,164
183,81,146
184,79,146
185,77,145
186,69,142
187,50,126
188,84,69
189,83,54
190,81,56
191,83,146
192,55,146
193,87,51
194,82,172
195,88,75
196,85,70
197,91,68
198,77,89
199,101,184
200,100,174
201,90,174
202,69,161
203,70,115
204,75,168
205,57,116
206,65,124
207,55,131
208,89,184
209,76,95
210,66,167
211,73,174
212,64,152
213,50,137
214,59,154
215,54,144
216,63,137
217,79,83
218,75,103
219,74,107
220,74,96
221,77,46
222,65,41
223,56,41
224,50,44
225,46,49
226,49,67
227,46,93
228,52,79
229,57,80
230,65,79
231,72,76
232,78,72
233,82,69
234,56,95
235,76,110
236,79,82
237,76,102
238,83,106
239,79,104
240,79,113
241,83,106
242,86,109
243,82,62
244,85,63
245,86,63
246,53,62
247,49,57
248,96,76
249,158,53
250,97,107
251,206,20
252,136,62
253,144,62
254,152,61
255,164,56
256,129,60
257,144,36
258,135,37
259,154,37
260,161,40
261,173,61
262,135,178
263,162,51
264,211,59
265,185,53
266,139,98
267,103,126
268,104,136
269,114,131
270,121,136
271,112,137
272,118,140
273,138,153
274,91,100
275,92,92
276,174,29
277,123,78
278,117,101
279,119,97
280,168,97
281,93,83
282,149,21
283,163,23
284,190,5
285,112,32
286,128,42
287,144,146
288,217,143
289,111,106
290,105,109
291,129,144
292,128,144
293,168,16
294,119,106
295,132,23
296,133,16
297,143,-11
298,179,11
299,137,2
300,181,24
301,194,24
302,103,131
303,113,134
304,120,138
305,110,108
306,129,144
307,124,145
308,127,144
309,104,102
310,117,141
311,111,140
312,104,139
313,110,165
314,106,153
315,105,148
316,104,143
317,104,140
318,117,141
319,118,143
320,120,145
321,121,148
322,130,129
323,226,99
324,122,143
325,123,143
326,103,112
327,118,112
328,104,111
329,133,82
330,146,88
331,122,101
332,170,-6
333,161,4
334,152,13
335,130,158
336,112,20
337,115,5
338,119,-12
339,159,59
340,185,66
341,124,59
342,172,42
343,116,72
344,110,96
345,197,75
346,177,73
347,165,78
348,147,77
349,134,74
350,125,71
351,102,61
352,196,94
353,180,40
354,91,106
355,121,85
356,223,58
357,117,67
358,125,103
359,167,50
360,112,92
361,224,120
362,124,56
363,103,86
364,182,162
365,189,173
366,214,96
367,196,151
368,203,40
369,139,187
370,93,109
371,129,92
372,195,54
373,150,56
374,143,57
375,126,146
376,196,112
377,124,198
378,156,189
379,171,183
380,136,57
381,130,56
382,126,56
383,188,37
384,130,50
385,137,47
386,143,47
387,151,47
388,156,48
389,216,37
390,155,55
391,121,123
392,110,104
393,103,120
394,168,173
395,155,180
396,122,192
397,204,160
398,126,53
399,106,73
400,141,194
401,213,116
402,111,140
403,112,143
404,113,146
405,114,151
406,121,162
407,124,142
408,125,141
409,126,141
410,138,137
411,178,116
412,109,66
413,116,49
414,122,50
415,122,143
416,184,138
417,106,49
418,129,170
419,99,69
420,112,86
421,115,174
422,150,157
423,133,109
424,141,165
425,153,108
426,140,118
427,163,123
428,119,183
429,119,91
430,161,163
431,149,171
432,155,147
433,195,127
434,170,148
435,208,134
436,148,130
437,114,79
438,106,100
439,114,103
440,101,94
441,121,39
442,134,32
443,146,30
444,157,31
445,166,35
446,175,52
447,213,77
448,168,65
449,158,68
450,146,69
451,135,67
452,127,65
453,120,63
454,226,78
455,115,107
456,104,80
457,98,100
458,96,105
459,100,102
460,114,110
461,94,105
462,95,108
463,120,56
464,115,58
465,111,60
466,159,50
467,166,44
468,67,61
469,75,60
470,67,53
471,60,61
472,68,68
473,143,50
474,152,50
475,142,43
476,134,51
477,143,57
