0,103,131
1,115,109
2,106,117
3,104,82
4,116,101
5,114,91
6,105,63
7,39,54
8,104,40
9,105,29
10,106,-10
11,103,134
12,101,137
13,100,139
14,100,147
15,100,151
16,100,155
17,99,160
18,94,168
19,112,113
20,101,113
21,-11,15
22,62,65
23,54,65
24,46,63
25,33,57
26,69,63
27,54,38
28,63,40
29,45,38
30,37,41
31,24,62
32,58,177
33,35,51
34,-16,53
35,11,53
36,57,99
37,94,130
38,93,137
39,82,134
40,74,138
41,84,139
42,77,140
43,54,152
44,108,109
45,108,101
46,23,31
47,74,79
48,81,106
49,79,102
50,27,97
51,106,91
52,50,24
53,36,26
54,5,1
55,87,36
56,70,44
57,49,144
58,-20,130
59,87,111
60,93,114
61,63,144
62,66,144
63,29,19
64,78,110
65,67,27
66,67,20
67,54,-12
68,17,11
69,61,4
70,15,26
71,1,22
72,94,134
73,83,136
74,76,139
75,88,113
76,65,144
77,69,147
78,67,144
79,94,109
80,78,141
81,85,140
82,92,139
83,83,167
84,89,159
85,90,155
86,91,150
87,92,147
88,77,146
89,76,147
90,74,149
91,72,152
92,65,130
93,-31,87
94,109,115
95,72,145
96,70,146
97,95,117
98,79,114
99,94,115
100,65,83
101,50,88
102,76,105
103,26,-7
104,36,4
105,47,17
106,62,158
107,87,24
108,83,6
109,80,-12
110,38,61
111,12,67
112,73,60
113,25,43
114,82,74
115,89,103
116,-2,72
117,21,74
118,36,79
119,53,79
120,65,76
121,74,72
122,97,65
123,0,90
124,16,41
125,108,113
126,77,88
127,-29,49
128,81,68
129,73,105
130,30,50
131,87,98
132,-28,108
133,73,58
134,97,94
135,13,157
136,6,164
137,-19,89
138,0,144
139,-8,36
140,54,185
141,106,115
142,68,93
143,0,53
144,48,59
145,55,60
146,67,148
147,0,107
148,68,194
149,37,184
150,23,176
151,106,9
152,85,195
153,61,60
154,67,59
155,71,58
156,5,38
157,67,51
158,61,49
159,54,48
160,47,48
161,42,49
162,-22,30
163,43,57
164,104,123
165,75,126
166,88,110
167,93,123
168,103,52
169,27,168
170,40,177
171,71,190
172,-8,150
173,71,55
174,92,78
175,88,191
176,52,190
177,-17,108
178,84,146
179,83,149
180,81,153
181,79,156
182,71,164
183,71,142
184,69,141
185,68,141
186,56,136
187,16,114
188,89,69
189,81,51
190,75,51
191,72,142
192,10,133
193,91,51
194,64,170
195,111,81
196,100,74
197,108,73
198,86,90
199,91,184
200,92,175
201,78,175
202,44,155
203,64,111
204,52,164
205,42,109
206,55,119
207,32,122
208,74,183
209,79,95
210,34,160
211,45,169
212,39,144
213,0,122
214,24,144
215,-12,126
216,46,130
217,84,83
218,92,107
219,84,109
220,99,102
221,77,42
222,65,35
223,53,33
224,42,33
225,32,36
226,22,52
227,-19,71
228,30,66
229,40,70
230,52,71
231,63,69
232,71,67
233,77,65
234,-31,68
235,83,111
236,95,85
237,101,108
238,102,112
239,99,109
240,83,114
241,105,112
242,103,114
243,76,58
244,82,60
245,87,62
246,38,50
247,31,44
248,116,83
249,140,60
250,114,113
251,148,27
252,123,66
253,129,67
254,135,67
255,141,62
256,119,64
257,135,44
258,128,45
259,141,45
260,144,48
261,145,67
262,110,174
263,142,57
264,145,61
265,149,60
266,130,101
267,110,131
268,107,138
269,115,134
270,117,137
271,111,139
272,113,140
273,118,150
274,119,109
275,121,101
276,151,39
277,118,80
278,125,106
279,124,102
280,144,100
281,119,91
282,143,32
283,149,34
284,149,14
285,117,38
286,121,48
287,123,143
288,122,129
289,119,111
290,115,113
291,116,145
292,114,144
293,151,28
294,123,110
295,133,32
296,134,26
297,139,-3
298,151,22
299,138,12
300,153,35
301,151,33
302,109,134
303,113,136
304,115,139
305,117,112
306,115,145
307,115,147
308,114,144
309,121,109
310,110,141
311,108,140
312,105,139
313,102,166
314,107,159
315,107,154
316,106,150
317,105,147
318,110,146
319,112,147
320,114,149
321,115,152
322,123,129
323,129,92
324,111,145
325,113,146
326,113,116
327,119,114
328,114,115
329,123,85
330,133,90
331,123,105
332,147,3
333,147,15
334,145,25
335,114,157
336,120,27
337,124,11
338,125,-8
339,139,65
340,149,72
341,116,63
342,147,50
343,115,75
344,125,104
345,149,78
346,147,79
347,141,83
348,131,81
349,123,78
350,118,74
351,111,65
352,149,94
353,150,48
354,115,113
355,119,89
356,137,58
357,114,70
358,121,105
359,144,56
360,123,98
361,126,110
362,116,60
363,122,94
364,124,152
365,116,159
366,143,94
367,128,141
368,148,46
369,109,180
370,111,115
371,123,94
372,151,61
373,135,63
374,130,63
375,116,148
376,145,109
377,97,192
378,108,178
379,112,170
380,125,62
381,120,61
382,117,60
383,152,46
384,121,55
385,126,54
386,132,53
387,137,54
388,140,55
389,144,41
390,138,61
391,120,125
392,121,110
393,112,123
394,118,163
395,113,171
396,101,188
397,119,146
398,118,58
399,116,78
400,104,185
401,138,110
402,108,146
403,110,149
404,112,152
405,112,156
406,109,162
407,114,142
408,116,142
409,118,141
410,124,135
411,142,115
412,113,70
413,113,53
414,116,54
415,112,142
416,135,132
417,110,53
418,109,168
419,113,75
420,119,91
421,102,173
422,121,152
423,125,111
424,115,161
425,137,110
426,129,119
427,137,122
428,103,181
429,120,95
430,122,156
431,116,165
432,127,143
433,139,122
434,130,142
435,133,126
436,130,129
437,117,83
438,123,107
439,123,109
440,124,102
441,119,45
442,130,40
443,138,39
444,144,41
445,147,44
446,146,58
447,144,77
448,142,71
449,137,74
450,130,74
451,123,71
452,118,69
453,114,66
454,132,75
455,121,111
456,118,86
457,122,108
458,116,112
459,120,109
460,118,113
461,116,112
462,113,114
463,114,60
464,112,62
465,111,64
466,141,56
467,145,51
468,61,54
469,68,54
470,62,46
471,54,53
472,60,61
473,131,57
474,136,58
475,131,51
476,125,57
477,130,64
