0,96,135
1,91,120
2,95,123
3,86,91
4,91,113
5,91,101
6,94,70
7,49,58
8,95,48
9,94,38
10,95,-3
11,96,137
12,97,138
13,98,140
14,98,143
15,98,147
16,98,151
17,99,155
18,101,159
19,92,122
20,86,120
21,31,22
22,71,67
23,63,67
24,56,67
25,47,60
26,77,66
27,56,45
28,65,47
29,49,45
30,45,47
31,43,64
32,77,166
33,47,55
34,31,54
35,37,56
36,62,100
37,86,132
38,88,137
39,80,130
40,75,129
41,82,134
42,78,132
43,69,138
44,85,119
45,84,112
46,36,37
47,77,82
48,72,109
49,72,104
50,43,95
51,85,101
52,47,35
53,39,34
54,33,12
55,78,49
56,73,51
57,63,130
58,46,117
59,77,114
60,82,118
61,68,126
62,70,128
63,37,27
64,72,111
65,59,40
66,57,33
67,53,0
68,34,22
69,56,16
70,33,32
71,31,30
72,87,134
73,81,132
74,76,130
75,78,115
76,69,127
77,73,132
78,71,128
79,79,115
80,79,133
81,84,136
82,90,138
83,91,157
84,89,153
85,88,149
86,89,145
87,90,141
88,79,135
89,78,136
90,76,138
91,75,140
92,68,125
93,39,80
94,93,123
95,76,132
96,74,132
97,85,121
98,75,114
99,84,119
100,70,84
101,58,88
102,72,106
103,39,4
104,42,17
105,45,28
106,75,146
107,74,39
108,73,17
109,71,-2
110,50,64
111,37,68
112,80,65
113,40,48
114,81,78
115,75,110
116,32,72
117,40,75
118,48,80
119,61,80
120,71,77
121,77,75
122,88,72
123,32,87
124,36,46
125,88,122
126,76,90
127,34,49
128,82,73
129,72,105
130,45,54
131,75,104
132,42,98
133,80,62
134,80,102
135,52,143
136,56,148
137,32,85
138,45,131
139,31,41
140,77,173
141,90,122
142,71,94
143,34,55
144,56,63
145,63,64
146,71,133
147,34,101
148,89,184
149,72,169
150,65,160
151,94,17
152,103,187
153,70,63
154,75,62
155,79,62
156,33,42
157,73,55
158,66,52
159,59,50
160,53,51
161,49,53
162,31,34
163,52,61
164,96,126
165,74,124
166,76,114
167,86,125
168,95,58
169,62,154
170,69,163
171,88,181
172,50,134
173,78,59
174,83,84
175,102,184
176,80,178
177,35,101
178,84,138
179,82,141
180,81,144
181,81,148
182,82,153
183,74,130
184,73,129
185,72,128
186,64,127
187,39,108
188,84,75
189,83,58
190,80,58
191,76,131
192,42,123
193,87,60
194,79,159
195,92,91
196,87,82
197,93,81
198,78,95
199,101,177
200,101,167
201,90,165
202,64,141
203,67,109
204,72,151
205,51,107
206,61,115
207,47,116
208,88,174
209,76,97
210,61,146
211,69,157
212,57,132
213,37,113
214,50,133
215,39,116
216,57,122
217,80,87
218,76,114
219,73,113
220,79,111
221,76,51
222,63,44
223,52,42
224,45,41
225,41,43
226,42,55
227,31,70
228,46,68
229,53,72
230,62,73
231,71,71
232,78,70
233,82,69
234,37,64
235,74,113
236,82,93
237,81,117
238,85,119
239,81,117
240,76,115
241,86,121
242,88,121
243,82,63
244,84,66
245,85,68
246,48,54
247,43,50
248,99,91
249,154,59
250,102,120
251,192,19
252,131,68
253,139,68
254,147,67
255,158,61
256,123,67
257,142,45
258,132,46
259,151,46
260,157,48
261,166,65
262,132,168
263,157,57
264,196,53
265,176,58
266,139,99
267,107,133
268,108,137
269,120,132
270,130,131
271,119,136
272,128,134
273,142,138
274,98,119
275,98,112
276,169,41
277,121,81
278,121,110
279,122,104
280,165,95
281,98,101
282,146,36
283,159,37
284,182,8
285,110,48
286,124,50
287,148,131
288,195,119
289,116,115
290,109,117
291,144,128
292,142,129
293,164,31
294,123,111
295,130,40
296,131,33
297,144,-2
298,173,20
299,138,14
300,174,36
301,184,28
302,108,135
303,120,134
304,129,132
305,114,115
306,143,129
307,137,134
308,141,130
309,110,116
310,127,134
311,118,137
312,109,139
313,112,158
314,111,154
315,110,150
316,109,145
317,109,142
318,127,136
319,128,137
320,130,139
321,132,141
322,135,125
323,202,80
324,134,133
325,135,133
326,106,121
327,121,114
328,108,119
329,130,84
330,144,88
331,124,106
332,167,0
333,159,15
334,149,29
335,134,146
336,111,38
337,117,16
338,121,-4
339,154,65
340,176,69
341,118,66
342,165,51
343,115,78
344,114,110
345,186,72
346,170,75
347,158,80
348,142,80
349,131,78
350,122,75
351,102,71
352,186,88
353,173,49
354,97,122
355,120,90
356,201,47
357,115,73
358,126,104
359,160,56
360,115,104
361,200,99
362,118,63
363,107,102
364,172,146
365,173,151
366,197,85
367,183,134
368,190,39
369,133,176
370,97,122
371,128,94
372,185,58
373,145,63
374,139,64
375,139,134
376,187,102
377,119,185
378,145,172
379,158,163
380,132,64
381,125,63
382,120,63
383,180,45
384,127,55
385,134,52
386,141,51
387,148,52
388,152,54
389,198,31
390,150,61
391,126,123
392,115,115
393,108,125
394,158,157
395,146,166
396,118,182
397,185,137
398,121,60
399,107,84
400,132,180
401,196,102
402,118,139
403,120,142
404,121,145
405,123,149
406,124,153
407,135,131
408,137,130
409,138,130
410,144,127
411,175,109
412,108,75
413,112,58
414,117,58
415,134,132
416,178,125
417,105,59
418,128,160
419,101,82
420,114,95
421,115,166
422,148,142
423,134,109
424,139,152
425,154,107
426,143,115
427,163,116
428,117,175
429,120,97
430,155,149
431,144,159
432,155,133
433,186,115
434,167,134
435,192,118
436,152,122
437,114,87
438,112,115
439,119,113
440,106,111
441,118,51
442,131,44
443,143,42
444,154,43
445,161,46
446,167,57
447,197,69
448,161,69
449,152,72
450,141,73
451,130,72
452,122,71
453,116,69
454,202,63
455,119,113
456,106,93
457,105,117
458,102,120
459,106,118
460,118,115
461,100,121
462,100,121
463,115,64
464,112,66
465,109,68
466,155,55
467,160,52
468,65,55
469,73,55
470,65,48
471,56,56
472,65,63
473,141,56
474,149,56
475,140,49
476,133,57
477,141,63
