0,96,126
1,96,105
2,97,114
3,90,81
4,96,97
5,96,87
6,97,64
7,44,66
8,98,46
9,97,35
10,98,0
11,96,129
12,97,132
13,97,134
14,97,152
15,97,155
16,97,159
17,97,164
18,100,170
19,97,110
20,90,110
21,18,42
22,64,73
23,57,74
24,50,73
25,41,69
26,71,71
27,53,50
28,62,50
29,45,51
30,40,55
31,35,74
32,70,183
33,41,64
34,15,76
35,27,70
36,58,103
37,85,125
38,86,133
39,74,129
40,67,133
41,78,134
42,71,136
43,62,154
44,90,105
45,89,97
46,30,50
47,75,83
48,72,105
49,71,101
50,35,104
51,89,88
52,47,41
53,37,44
54,24,27
55,80,47
56,70,54
57,56,145
58,24,152
59,78,109
60,85,111
61,61,142
62,64,142
63,33,39
64,72,109
65,61,42
66,60,36
67,53,5
68,28,32
69,57,18
70,26,47
71,22,45
72,85,129
73,76,132
74,69,135
75,80,111
76,62,142
77,65,147
78,65,142
79,82,106
80,74,137
81,80,135
82,88,134
83,88,169
84,85,163
85,85,159
86,86,155
87,88,152
88,74,149
89,72,150
90,70,152
91,68,154
92,64,130
93,16,113
94,97,112
95,70,146
96,67,147
97,87,114
98,75,113
99,86,113
100,66,88
101,53,94
102,70,105
103,35,14
104,39,23
105,44,35
106,69,160
107,77,37
108,76,17
109,73,0
110,44,72
111,27,81
112,75,68
113,33,59
114,80,78
115,77,101
116,19,88
117,32,85
118,41,87
119,56,86
120,66,82
121,74,78
122,90,67
123,19,104
124,28,59
125,93,109
126,75,90
127,14,77
128,80,74
129,70,106
130,38,64
131,76,97
132,19,132
133,75,66
134,83,91
135,38,166
136,40,177
137,14,109
138,29,157
139,18,59
140,69,192
141,94,112
142,68,96
143,21,72
144,50,69
145,56,69
146,64,149
147,21,120
148,84,203
149,60,193
150,51,187
151,97,16
152,101,205
153,63,69
154,69,67
155,73,67
156,23,59
157,68,60
158,62,57
159,55,57
160,49,58
161,45,60
162,15,58
163,46,67
164,98,120
165,71,125
166,78,108
167,86,121
168,98,56
169,48,176
170,58,184
171,83,197
172,31,167
173,73,63
174,85,79
175,101,198
176,71,199
177,17,127
178,80,151
179,78,153
180,76,156
181,75,160
182,77,166
183,67,139
184,65,138
185,63,138
186,58,137
187,30,122
188,85,72
189,81,59
190,76,60
191,69,139
192,30,143
193,87,58
194,73,174
195,97,79
196,90,74
197,97,72
198,79,91
199,100,189
200,100,179
201,86,178
202,56,158
203,64,113
204,64,167
205,46,113
206,57,121
207,40,127
208,84,188
209,74,96
210,50,166
211,60,175
212,49,147
213,23,134
214,40,150
215,21,143
216,51,132
217,80,84
218,79,105
219,74,107
220,82,99
221,74,52
222,62,47
223,51,46
224,41,48
225,36,53
226,33,67
227,14,92
228,39,77
229,46,79
230,56,79
231,65,77
232,73,74
233,78,71
234,15,95
235,75,110
236,84,85
237,85,104
238,89,109
239,85,106
240,77,112
241,91,109
242,92,111
243,78,66
244,82,67
245,84,67
246,43,62
247,37,59
248,104,80
249,157,63
250,105,110
251,188,37
252,135,70
253,143,71
254,150,70
255,160,66
256,128,68
257,146,46
258,137,48
259,154,48
260,160,51
261,167,71
262,132,182
263,159,61
264,192,71
265,176,66
266,141,101
267,109,125
268,109,132
269,123,128
270,132,132
271,120,134
272,128,136
273,140,152
274,103,105
275,104,97
276,171,45
277,123,82
278,124,104
279,125,100
280,166,101
281,104,88
282,151,36
283,163,39
284,180,21
285,115,45
286,129,52
287,146,143
288,188,148
289,118,108
290,111,111
291,144,141
292,141,141
293,168,34
294,125,107
295,135,38
296,136,31
297,145,2
298,173,27
299,140,16
300,177,42
301,182,40
302,109,129
303,121,131
304,130,134
305,116,110
306,143,141
307,137,146
308,140,141
309,113,105
310,127,136
311,118,135
312,108,134
313,112,169
314,110,163
315,109,158
316,109,154
317,108,151
318,127,148
319,128,149
320,130,151
321,132,153
322,135,128
323,195,109
324,133,145
325,135,145
326,109,114
327,122,112
328,110,112
329,132,87
330,146,91
331,127,104
332,166,9
333,160,19
334,154,30
335,133,159
336,118,34
337,120,15
338,123,0
339,156,69
340,176,76
341,124,67
342,168,55
343,117,77
344,118,100
345,185,84
346,170,82
347,159,85
348,144,83
349,133,80
350,124,77
351,105,66
352,185,100
353,174,55
354,101,109
355,123,89
356,195,72
357,118,73
358,128,104
359,163,61
360,119,96
361,193,128
362,123,64
363,111,91
364,169,164
365,170,175
366,193,105
367,180,154
368,187,54
369,134,191
370,100,111
371,130,95
372,184,67
373,149,66
374,143,66
375,139,147
376,185,116
377,119,203
378,145,192
379,157,185
380,136,66
381,130,65
382,126,65
383,181,53
384,131,57
385,138,55
386,144,54
387,151,55
388,155,57
389,193,53
390,154,65
391,127,124
392,118,107
393,110,120
394,158,174
395,147,183
396,119,196
397,179,164
398,126,61
399,111,78
400,133,198
401,192,123
402,118,150
403,119,152
404,121,155
405,121,159
406,124,165
407,136,138
408,138,137
409,139,136
410,142,135
411,173,119
412,111,71
413,117,57
414,122,58
415,134,138
416,175,140
417,109,57
418,128,173
419,105,73
420,117,90
421,115,178
422,147,156
423,135,111
424,139,166
425,154,110
426,143,119
427,162,124
428,118,188
429,123,94
430,155,164
431,144,173
432,154,145
433,183,131
434,165,148
435,188,139
436,150,130
437,117,83
438,115,104
439,121,106
440,111,98
441,123,50
442,136,44
443,148,43
444,158,45
445,165,49
446,169,63
447,193,88
448,162,74
449,154,77
450,144,77
451,134,75
452,126,72
453,120,70
454,195,90
455,121,108
456,111,84
457,109,104
458,105,108
459,109,105
460,119,111
461,103,109
462,103,111
463,121,64
464,116,65
465,113,67
466,157,59
467,163,56
468,59,63
469,67,63
470,58,56
471,50,63
472,59,71
473,143,60
474,151,60
475,143,53
476,135,60
477,143,67
