0,98,131
1,95,108
2,96,114
3,89,82
4,95,100
5,95,89
6,96,63
7,46,61
8,96,41
9,95,30
10,96,-9
11,99,134
12,99,137
13,99,140
14,99,140
15,99,143
16,100,147
17,100,151
18,99,157
19,96,111
20,89,111
21,22,27
22,66,67
23,59,68
24,53,68
25,44,63
26,71,65
27,55,43
28,63,44
29,47,44
30,43,48
31,38,68
32,74,169
33,44,58
34,20,62
35,31,62
36,62,100
37,90,130
38,92,137
39,83,133
40,79,135
41,86,138
42,82,138
43,70,146
44,89,108
45,88,100
46,33,40
47,76,80
48,75,105
49,74,101
50,41,99
51,88,90
52,49,31
53,39,34
54,27,13
55,79,39
56,70,47
57,64,140
58,32,133
59,80,109
60,86,111
61,74,140
62,76,140
63,36,29
64,75,108
65,61,32
66,60,26
67,52,-4
68,30,21
69,56,11
70,29,36
71,25,32
72,91,134
73,85,135
74,80,137
75,82,110
76,75,140
77,78,141
78,77,140
79,83,107
80,84,139
81,88,139
82,93,139
83,91,157
84,92,151
85,92,147
86,92,143
87,93,140
88,84,139
89,82,141
90,81,143
91,80,145
92,70,127
93,24,95
94,96,113
95,81,140
96,79,140
97,88,114
98,78,112
99,87,113
100,68,85
101,57,90
102,74,104
103,36,2
104,40,14
105,46,25
106,75,150
107,77,28
108,74,10
109,72,-8
110,47,66
111,32,74
112,75,63
113,36,51
114,80,75
115,78,103
116,24,78
117,36,80
118,45,83
119,58,81
120,68,78
121,75,74
122,89,65
123,26,95
124,31,50
125,92,111
126,76,88
127,21,60
128,80,70
129,74,104
130,41,58
131,78,97
132,27,113
133,75,60
134,83,93
135,44,153
136,46,160
137,22,95
138,36,143
139,23,46
140,73,176
141,93,113
142,70,94
143,26,63
144,53,63
145,59,63
146,77,143
147,28,111
148,86,187
149,65,176
150,56,170
151,95,10
152,101,188
153,64,63
154,69,62
155,73,61
156,27,48
157,69,54
158,63,51
159,57,51
160,51,52
161,47,55
162,20,42
163,49,62
164,97,120
165,76,123
166,80,108
167,88,120
168,96,52
169,54,162
170,63,169
171,85,182
172,38,149
173,73,58
174,84,78
175,100,183
176,75,182
177,25,112
178,88,139
179,87,142
180,86,145
181,85,149
182,82,154
183,79,139
184,77,138
185,76,138
186,66,133
187,37,115
188,85,69
189,80,53
190,75,55
191,81,140
192,37,133
193,86,53
194,78,162
195,95,80
196,89,74
197,95,72
198,80,90
199,100,175
200,100,166
201,88,165
202,62,149
203,68,110
204,69,156
205,51,109
206,62,118
207,46,121
208,86,174
209,77,94
210,56,155
211,65,162
212,56,141
213,31,123
214,46,142
215,29,128
216,57,128
217,81,83
218,80,106
219,77,108
220,82,101
221,74,45
222,62,40
223,52,39
224,44,41
225,38,45
226,36,60
227,20,79
228,42,72
229,49,74
230,58,74
231,67,72
232,73,69
233,78,67
234,23,77
235,78,109
236,84,85
237,84,107
238,89,110
239,85,108
240,80,111
241,90,111
242,91,112
243,77,60
244,81,62
245,84,63
246,46,57
247,40,52
248,102,81
249,153,59
250,103,111
251,184,22
252,133,67
253,140,67
254,147,66
255,157,61
256,126,65
257,142,43
258,133,44
259,150,44
260,156,47
261,163,65
262,127,169
263,156,57
264,188,57
265,172,58
266,136,98
267,107,130
268,106,137
269,116,132
270,121,134
271,113,137
272,118,137
273,133,145
274,101,107
275,102,100
276,166,38
277,120,79
278,119,104
279,120,99
280,160,96
281,102,90
282,146,31
283,157,33
284,176,8
285,112,40
286,126,48
287,138,138
288,183,130
289,114,108
290,108,111
291,128,138
292,126,138
293,162,27
294,120,107
295,131,33
296,132,26
297,143,-7
298,170,17
299,137,8
300,171,34
301,178,28
302,107,134
303,114,135
304,120,136
305,112,109
306,127,138
307,124,140
308,125,138
309,110,106
310,117,138
311,112,139
312,106,139
313,109,157
314,108,151
315,108,146
316,107,142
317,106,139
318,117,139
319,119,140
320,120,142
321,122,144
322,129,126
323,190,90
324,121,139
325,122,139
326,106,114
327,118,111
328,107,112
329,128,83
330,141,87
331,122,102
332,163,-1
333,157,10
334,148,24
335,126,149
336,113,29
337,118,9
338,121,-10
339,153,65
340,172,70
341,122,63
342,164,50
343,114,74
344,115,101
345,180,74
346,167,76
347,157,80
348,142,79
349,131,77
350,123,73
351,103,65
352,179,91
353,170,48
354,99,111
355,119,87
356,191,54
357,117,69
358,123,103
359,160,56
360,115,96
361,188,110
362,122,60
363,109,92
364,163,152
365,164,159
366,188,91
367,174,140
368,183,41
369,130,177
370,99,112
371,126,92
372,180,59
373,146,63
374,140,63
375,126,141
376,178,107
377,116,187
378,140,177
379,152,170
380,134,63
381,128,61
382,124,61
383,176,45
384,128,54
385,135,52
386,141,51
387,147,52
388,151,54
389,189,36
390,150,61
391,121,122
392,114,107
393,107,120
394,152,162
395,141,169
396,116,182
397,174,147
398,124,57
399,108,77
400,129,182
401,185,109
402,112,139
403,114,141
404,115,144
405,116,148
406,118,154
407,122,138
408,124,137
409,125,136
410,135,131
411,167,112
412,109,69
413,115,53
414,121,54
415,121,138
416,169,130
417,107,53
418,123,161
419,102,73
420,114,89
421,111,165
422,141,148
423,130,108
424,133,156
425,148,106
426,137,116
427,155,118
428,114,174
429,118,93
430,148,153
431,138,162
432,147,139
433,176,120
434,158,139
435,182,125
436,144,125
437,114,82
438,112,105
439,117,106
440,109,100
441,120,46
442,132,40
443,143,39
444,153,40
445,160,43
446,165,57
447,189,74
448,159,69
449,151,72
450,141,73
451,132,71
452,124,69
453,119,66
454,191,72
455,117,108
456,108,84
457,107,106
458,103,110
459,107,107
460,115,110
461,102,110
462,101,112
463,119,60
464,115,62
465,111,63
466,154,56
467,159,51
468,62,57
469,70,57
470,61,50
471,54,57
472,62,64
473,140,57
474,148,57
475,140,49
476,132,57
477,140,64
