0,99,132
1,99,115
2,99,120
3,92,87
4,99,107
5,99,96
6,98,66
7,45,60
8,98,43
9,98,32
10,99,-6
11,99,135
12,99,137
13,99,139
14,99,139
15,99,142
16,99,146
17,98,151
18,99,159
19,99,119
20,91,117
21,12,24
22,66,67
23,58,67
24,51,67
25,42,62
26,73,65
27,55,43
28,64,44
29,47,44
30,41,48
31,35,66
32,71,170
33,43,57
34,10,59
35,26,59
36,59,101
37,89,131
38,90,136
39,80,132
40,73,133
41,82,136
42,76,136
43,63,143
44,93,115
45,91,107
46,30,38
47,75,82
48,74,109
49,74,104
50,35,98
51,92,96
52,48,31
53,37,33
54,20,11
55,82,40
56,71,48
57,56,137
58,20,128
59,80,114
60,86,116
61,65,135
62,67,136
63,33,27
64,74,111
65,62,33
66,61,26
67,52,-3
68,26,21
69,57,11
70,25,34
71,18,31
72,89,134
73,81,134
74,75,134
75,82,115
76,66,136
77,70,138
78,68,136
79,84,113
80,78,136
81,84,137
82,91,138
83,88,159
84,88,150
85,89,146
86,90,141
87,91,138
88,77,137
89,76,138
90,74,140
91,73,143
92,65,128
93,11,89
94,99,120
95,73,136
96,71,137
97,89,119
98,76,115
99,87,118
100,67,85
101,54,90
102,72,106
103,32,2
104,38,13
105,45,24
106,69,149
107,80,30
108,76,12
109,74,-6
110,45,65
111,26,71
112,77,63
113,34,50
114,81,77
115,79,108
116,17,76
117,32,78
118,41,81
119,56,80
120,67,77
121,75,74
122,91,68
123,18,92
124,27,48
125,95,118
126,76,90
127,8,55
128,81,70
129,72,106
130,39,57
131,79,102
132,15,108
133,78,61
134,85,98
135,37,150
136,38,157
137,12,92
138,27,139
139,14,44
140,70,178
141,96,119
142,69,95
143,19,59
144,52,63
145,58,63
146,68,139
147,20,107
148,84,188
149,61,176
150,50,168
151,99,13
152,99,190
153,65,63
154,71,61
155,75,61
156,21,45
157,70,54
158,63,52
159,56,52
160,50,53
161,46,55
162,9,38
163,48,61
164,98,125
165,73,125
166,80,113
167,88,125
168,98,54
169,48,161
170,59,169
171,83,184
172,28,145
173,75,58
174,86,81
175,99,185
176,72,183
177,15,109
178,83,137
179,82,140
180,81,143
181,80,147
182,78,155
183,72,136
184,70,135
185,69,134
186,59,132
187,29,113
188,86,72
189,82,54
190,78,55
191,73,136
192,29,130
193,89,54
194,74,162
195,99,86
196,91,78
197,98,76
198,81,94
199,99,178
200,99,168
201,86,167
202,56,147
203,65,111
204,64,156
205,46,109
206,57,118
207,39,120
208,84,177
209,76,97
210,50,153
211,60,162
212,49,138
213,22,120
214,39,139
215,19,125
216,50,126
217,81,86
218,82,112
219,77,112
220,85,107
221,76,46
222,63,40
223,52,39
224,43,40
225,37,44
226,33,58
227,10,75
228,39,70
229,47,73
230,57,73
231,67,71
232,74,69
233,80,67
234,9,72
235,77,113
236,86,89
237,87,113
238,91,117
239,87,114
240,79,115
241,92,118
242,93,119
243,80,61
244,84,63
245,86,65
246,44,56
247,38,51
248,105,87
249,150,60
250,106,117
251,180,25
252,130,67
253,138,68
254,145,67
255,154,63
256,124,65
257,142,45
258,133,46
259,150,46
260,155,49
261,160,67
262,126,171
263,153,58
264,183,59
265,169,61
266,137,101
267,109,130
268,108,136
269,118,131
270,124,132
271,115,135
272,120,135
273,133,143
274,105,115
275,106,107
276,166,42
277,121,82
278,122,109
279,123,104
280,159,98
281,106,96
282,148,34
283,159,36
284,174,13
285,115,42
286,126,49
287,139,136
288,173,129
289,117,113
290,111,116
291,131,134
292,129,134
293,163,30
294,123,111
295,134,35
296,135,28
297,144,-2
298,169,22
299,140,13
300,170,37
301,176,33
302,109,134
303,117,134
304,122,134
305,115,114
306,130,134
307,126,136
308,128,134
309,113,113
310,119,136
311,114,137
312,107,138
313,108,159
314,108,150
315,108,145
316,107,141
317,107,138
318,119,136
319,121,137
320,122,139
321,123,142
322,130,127
323,181,90
324,123,135
325,125,136
326,108,119
327,120,115
328,110,118
329,129,86
330,141,90
331,124,106
332,163,3
333,157,16
334,151,27
335,126,149
336,117,31
337,121,13
338,124,-5
339,150,66
340,168,72
341,120,64
342,162,52
343,115,77
344,118,107
345,177,76
346,163,78
347,154,82
348,140,81
349,129,78
350,122,75
351,106,68
352,176,92
353,168,50
354,103,118
355,120,90
356,184,56
357,116,71
358,125,106
359,157,58
360,118,102
361,178,109
362,120,61
363,112,98
364,158,150
365,156,157
366,181,92
367,167,140
368,180,45
369,127,178
370,102,119
371,127,95
372,175,61
373,144,63
374,138,63
375,128,137
376,174,108
377,114,188
378,135,176
379,145,168
380,132,63
381,126,62
382,122,61
383,173,48
384,127,55
385,134,53
386,140,53
387,146,54
388,150,56
389,184,39
390,148,61
391,123,125
392,117,113
393,109,125
394,147,161
395,137,169
396,114,184
397,165,145
398,122,59
399,111,81
400,125,183
401,178,109
402,113,137
403,115,139
404,116,143
405,117,146
406,118,155
407,125,134
408,126,134
409,128,133
410,136,131
411,165,113
412,110,72
413,115,55
414,119,56
415,123,135
416,165,130
417,108,55
418,122,163
419,105,78
420,116,94
421,111,167
422,139,147
423,131,111
424,131,156
425,149,109
426,138,118
427,156,120
428,113,177
429,120,97
430,145,153
431,136,162
432,146,138
433,172,120
434,155,139
435,174,125
436,144,126
437,115,86
438,116,111
439,120,112
440,113,107
441,121,47
442,133,42
443,144,41
444,153,43
445,159,46
446,162,59
447,183,76
448,156,71
449,149,73
450,139,74
451,130,72
452,122,70
453,117,67
454,183,72
455,120,113
456,111,90
457,111,113
458,107,116
459,111,114
460,118,115
461,105,117
462,104,118
463,117,61
464,114,63
465,111,65
466,152,57
467,157,53
468,60,57
469,67,57
470,60,50
471,52,57
472,60,63
473,137,57
474,145,57
475,137,50
476,129,57
477,137,64
