0,96,134
1,90,110
2,93,116
3,85,84
4,89,103
5,90,92
6,93,65
7,51,58
8,93,46
9,92,36
10,92,-4
11,96,137
12,97,139
13,97,141
14,97,141
15,97,143
16,97,146
17,98,150
18,99,159
19,91,114
20,85,113
21,32,26
22,71,64
23,65,65
24,58,65
25,50,60
26,76,62
27,56,45
28,64,46
29,50,46
30,47,48
31,47,65
32,77,168
33,50,55
34,32,58
35,42,58
36,64,99
37,88,133
38,90,139
39,83,134
40,79,136
41,86,138
42,82,138
43,71,145
44,84,110
45,82,103
46,38,42
47,76,79
48,73,105
49,73,101
50,46,97
51,83,93
52,47,38
53,40,39
54,35,14
55,76,46
56,72,48
57,66,138
58,47,124
59,78,110
60,83,112
61,75,138
62,77,139
63,37,33
64,74,108
65,58,40
66,56,34
67,54,0
68,37,24
69,57,16
70,35,37
71,33,33
72,89,136
73,84,136
74,80,137
75,80,111
76,76,138
77,78,140
78,77,139
79,79,109
80,83,139
81,87,140
82,92,140
83,91,158
84,90,149
85,90,146
86,91,143
87,92,140
88,83,139
89,82,140
90,81,142
91,80,144
92,70,127
93,39,87
94,92,115
95,81,139
96,79,140
97,85,115
98,77,112
99,84,114
100,70,84
101,60,89
102,73,104
103,41,5
104,44,18
105,44,31
106,77,150
107,71,36
108,73,15
109,71,-3
110,53,63
111,42,69
112,79,61
113,43,50
114,80,75
115,75,104
116,34,75
117,44,77
118,51,81
119,63,79
120,72,76
121,77,73
122,87,67
123,35,91
124,39,49
125,87,113
126,76,88
127,35,54
128,81,70
129,74,103
130,48,55
131,75,98
132,42,105
133,79,58
134,79,95
135,54,147
136,57,153
137,34,89
138,47,136
139,32,44
140,77,175
141,89,114
142,72,93
143,40,57
144,58,61
145,64,61
146,77,141
147,38,105
148,89,186
149,72,173
150,65,165
151,92,15
152,102,188
153,70,60
154,75,58
155,78,58
156,37,45
157,73,52
158,67,50
159,60,50
160,54,51
161,51,53
162,32,38
163,54,60
164,94,121
165,75,123
166,77,109
167,85,122
168,93,55
169,62,158
170,69,166
171,87,182
172,52,140
173,77,55
174,82,79
175,101,184
176,79,180
177,37,105
178,87,140
179,86,142
180,85,144
181,84,147
182,83,155
183,79,138
184,78,138
185,77,137
186,67,132
187,44,112
188,83,70
189,81,54
190,78,54
191,81,139
192,47,128
193,85,56
194,80,161
195,91,83
196,86,76
197,92,74
198,78,91
199,100,177
200,100,167
201,89,166
202,66,147
203,68,109
204,72,155
205,55,107
206,63,117
207,52,119
208,87,175
209,76,94
210,62,151
211,69,160
212,60,138
213,41,118
214,53,138
215,41,121
216,60,126
217,79,83
218,77,107
219,75,108
220,78,103
221,74,48
222,62,44
223,52,43
224,45,44
225,42,46
226,45,56
227,32,74
228,49,69
229,55,72
230,64,71
231,72,69
232,77,67
233,81,65
234,38,70
235,76,110
236,81,87
237,80,109
238,84,112
239,81,109
240,78,112
241,85,113
242,87,114
243,81,59
244,83,62
245,84,64
246,50,54
247,46,51
248,97,84
249,151,57
250,99,113
251,185,21
252,129,65
253,136,65
254,144,65
255,155,60
256,122,64
257,139,44
258,130,45
259,148,44
260,153,47
261,162,65
262,129,170
263,154,54
264,190,55
265,172,59
266,134,99
267,104,133
268,105,139
269,114,135
270,121,136
271,113,139
272,119,139
273,133,146
274,96,110
275,96,103
276,164,41
277,119,79
278,116,106
279,118,101
280,159,97
281,97,93
282,143,35
283,155,37
284,174,9
285,109,46
286,123,49
287,139,140
288,190,126
289,111,110
290,105,112
291,131,138
292,130,139
293,159,31
294,118,109
295,127,38
296,128,32
297,138,-3
298,167,19
299,132,13
300,170,37
301,177,29
302,105,136
303,113,137
304,120,137
305,110,111
306,131,138
307,126,140
308,129,139
309,106,109
310,119,139
311,112,140
312,105,140
313,109,158
314,106,149
315,106,146
316,105,143
317,105,140
318,119,140
319,120,141
320,121,142
321,122,144
322,127,127
323,197,86
324,124,139
325,125,140
326,103,115
327,116,113
328,104,114
329,127,83
330,140,88
331,119,104
332,159,0
333,152,14
334,145,29
335,127,151
336,110,36
337,113,14
338,116,-5
339,151,63
340,172,70
341,118,63
342,162,50
343,113,75
344,111,104
345,181,73
346,165,76
347,154,80
348,138,79
349,127,76
350,119,74
351,100,66
352,180,91
353,169,49
354,95,113
355,117,88
356,195,51
357,113,70
358,121,104
359,158,55
360,112,98
361,195,105
362,118,60
363,104,95
364,167,151
365,170,157
366,191,89
367,178,138
368,184,41
369,132,178
370,95,114
371,125,93
372,180,60
373,143,60
374,136,61
375,128,141
376,180,106
377,118,187
378,145,176
379,157,168
380,130,61
381,124,60
382,120,61
383,176,47
384,125,54
385,132,50
386,139,49
387,145,50
388,150,52
389,191,34
390,147,59
391,119,124
392,111,109
393,104,122
394,156,161
395,145,170
396,118,183
397,181,143
398,121,58
399,105,79
400,132,183
401,190,106
402,112,140
403,113,142
404,114,144
405,115,147
406,119,155
407,125,138
408,126,138
409,127,137
410,134,133
411,167,112
412,107,70
413,111,56
414,117,56
415,124,139
416,171,129
417,103,57
418,125,163
419,99,76
420,111,91
421,112,167
422,143,149
423,128,109
424,135,157
425,147,108
426,136,117
427,155,119
428,115,176
429,116,94
430,151,154
431,141,163
432,148,140
433,179,119
434,160,140
435,187,122
436,143,127
437,111,83
438,108,108
439,114,109
440,104,103
441,117,49
442,129,43
443,140,41
444,150,41
445,157,44
446,164,57
447,192,72
448,157,68
449,148,71
450,137,72
451,128,70
452,120,69
453,115,67
454,196,68
455,114,110
456,104,87
457,102,109
458,99,112
459,103,110
460,113,112
461,97,113
462,98,114
463,115,61
464,111,63
465,108,65
466,152,53
467,157,50
468,66,55
469,74,54
470,66,48
471,58,55
472,66,62
473,142,55
474,150,54
475,142,48
476,134,55
477,142,61
