0,107,140
1,87,119
2,94,121
3,83,90
4,86,112
5,87,100
6,91,70
7,54,56
8,91,49
9,90,39
10,90,-2
11,107,143
12,107,146
13,108,148
14,108,149
15,108,155
16,107,162
17,107,168
18,104,167
19,89,121
20,83,119
21,36,21
22,73,64
23,66,64
24,60,63
25,53,58
26,77,63
27,57,47
28,65,48
29,51,48
30,49,49
31,49,63
32,84,168
33,52,54
34,41,52
35,44,57
36,64,98
37,97,137
38,99,145
39,90,136
40,85,135
41,92,142
42,88,140
43,75,140
44,82,118
45,80,111
46,39,44
47,76,80
48,70,107
49,70,102
50,49,92
51,81,100
52,47,41
53,41,42
54,36,12
55,75,50
56,72,51
57,70,132
58,61,111
59,75,112
60,80,116
61,78,133
62,80,134
63,38,36
64,71,109
65,58,44
66,55,38
67,51,0
68,36,22
69,54,17
70,37,40
71,36,29
72,98,141
73,91,139
74,86,137
75,76,114
76,79,134
77,82,140
78,81,135
79,76,114
80,89,141
81,94,144
82,100,147
83,95,165
84,97,166
85,98,160
86,99,153
87,100,148
88,88,141
89,87,144
90,85,146
91,84,149
92,71,125
93,53,76
94,91,122
95,85,138
96,83,139
97,84,120
98,73,113
99,82,118
100,71,83
101,62,87
102,71,104
103,40,4
104,42,17
105,44,35
106,80,150
107,70,41
108,69,18
109,67,-1
110,55,61
111,44,67
112,79,62
113,45,51
114,80,77
115,72,108
116,41,69
117,46,73
118,52,77
119,64,77
120,72,75
121,77,72
122,85,71
123,41,84
124,41,50
125,86,121
126,75,89
127,46,46
128,81,70
129,72,103
130,50,54
131,73,102
132,56,92
133,79,59
134,76,101
135,65,139
136,71,143
137,44,81
138,59,126
139,38,39
140,84,175
141,88,121
142,71,93
143,42,57
144,60,59
145,65,60
146,80,140
147,45,98
148,95,188
149,81,169
150,76,158
151,89,18
152,109,192
153,71,60
154,76,59
155,78,59
156,39,47
157,73,54
158,68,51
159,61,50
160,56,51
161,54,52
162,40,32
163,56,58
164,96,125
165,75,123
166,74,112
167,85,124
168,92,58
169,72,151
170,78,163
171,93,184
172,66,129
173,77,57
174,81,83
175,107,188
176,86,180
177,48,96
178,93,145
179,92,149
180,90,154
181,89,159
182,86,159
183,84,137
184,82,135
185,81,134
186,70,127
187,49,105
188,82,74
189,81,57
190,79,56
191,85,139
192,55,120
193,83,59
194,85,162
195,88,90
196,84,81
197,90,80
198,76,94
199,106,181
200,105,173
201,94,170
202,72,141
203,68,108
204,78,152
205,57,105
206,65,114
207,56,114
208,93,177
209,74,96
210,70,145
211,77,157
212,66,131
213,49,109
214,61,130
215,53,110
216,64,121
217,78,86
218,74,112
219,71,111
220,75,110
221,74,51
222,62,47
223,53,45
224,47,46
225,44,48
226,48,56
227,43,66
228,52,66
229,57,69
230,65,70
231,73,69
232,78,67
233,81,66
234,51,60
235,72,111
236,79,92
237,77,115
238,82,118
239,78,115
240,74,113
241,83,120
242,85,120
243,81,61
244,83,63
245,83,66
246,53,53
247,48,51
248,96,91
249,151,58
250,100,119
251,191,17
252,129,65
253,137,65
254,144,65
255,155,60
256,123,64
257,140,46
258,131,47
259,148,47
260,154,49
261,164,64
262,136,172
263,155,56
264,195,52
265,175,59
266,138,98
267,118,137
268,117,144
269,127,135
270,134,133
271,125,141
272,132,138
273,145,142
274,94,118
275,94,111
276,165,44
277,120,80
278,121,108
279,122,103
280,163,94
281,95,100
282,141,40
283,154,41
284,179,7
285,107,51
286,124,51
287,150,133
288,198,116
289,115,113
290,108,116
291,145,130
292,142,131
293,159,35
294,123,110
295,125,44
296,126,37
297,139,-2
298,170,20
299,133,15
300,171,40
301,182,28
302,117,141
303,126,138
304,133,135
305,114,114
306,143,131
307,139,137
308,141,132
309,108,115
310,131,140
311,124,143
312,117,147
313,116,166
314,118,165
315,118,159
316,117,152
317,116,147
318,130,139
319,132,141
320,134,144
321,135,147
322,136,125
323,204,77
324,136,136
325,137,136
326,106,119
327,122,113
328,107,118
329,129,83
330,142,87
331,125,105
332,163,0
333,155,15
334,143,34
335,137,151
336,108,42
337,112,17
338,116,-3
339,151,63
340,174,69
341,119,63
342,163,52
343,114,77
344,113,109
345,185,70
346,167,75
347,155,78
348,139,78
349,128,76
350,120,73
351,99,71
352,185,86
353,170,50
354,94,121
355,120,89
356,203,44
357,114,71
358,127,103
359,159,56
360,114,102
361,203,96
362,120,61
363,104,101
364,174,145
365,177,151
366,198,83
367,185,132
368,189,38
369,139,179
370,95,121
371,128,93
372,184,59
373,142,61
374,136,61
375,141,137
376,186,101
377,125,191
378,152,175
379,164,165
380,130,61
381,125,60
382,121,61
383,179,47
384,127,54
385,133,51
386,140,51
387,146,52
388,150,53
389,199,29
390,147,59
391,126,123
392,114,113
393,108,125
394,162,158
395,151,168
396,124,187
397,189,135
398,122,58
399,105,83
400,139,185
401,197,99
402,124,143
403,126,147
404,127,152
405,128,157
406,128,160
407,137,135
408,139,133
409,140,131
410,144,129
411,173,108
412,106,74
413,113,57
414,118,57
415,136,136
416,178,124
417,104,59
418,132,164
419,97,81
420,113,94
421,119,171
422,151,145
423,134,108
424,143,155
425,152,106
426,142,115
427,162,116
428,121,179
429,120,96
430,158,150
431,148,161
432,157,134
433,186,113
434,168,135
435,194,116
436,151,122
437,113,86
438,110,114
439,118,112
440,103,110
441,117,52
442,129,47
443,140,45
444,150,45
445,158,47
446,166,57
447,197,67
448,158,68
449,149,71
450,138,71
451,129,70
452,122,68
453,117,67
454,204,60
455,119,112
456,104,92
457,102,116
458,99,119
459,103,117
460,118,114
461,97,120
462,98,120
463,117,61
464,112,64
465,109,66
466,153,55
467,158,52
468,66,55
469,74,55
470,66,48
471,59,54
472,67,61
473,140,55
474,148,55
475,140,48
476,133,55
477,141,62
