0,101,130
1,118,110
2,107,117
3,107,83
4,119,102
5,117,91
6,108,65
7,40,60
8,107,45
9,108,35
10,106,-4
11,100,132
12,99,134
13,97,135
14,96,151
15,96,155
16,95,158
17,93,162
18,94,169
19,115,115
20,103,114
21,-9,24
22,66,67
23,57,67
24,49,67
25,35,62
26,73,65
27,56,44
28,65,46
29,46,45
30,39,48
31,26,66
32,58,179
33,36,57
34,-15,61
35,13,60
36,56,98
37,88,128
38,86,133
39,72,129
40,60,130
41,73,133
42,62,132
43,44,144
44,111,110
45,111,102
46,27,41
47,76,80
48,80,105
49,78,100
50,25,95
51,109,92
52,55,34
53,40,36
54,8,11
55,91,44
56,72,49
57,37,133
58,-24,138
59,86,110
60,93,113
61,43,133
62,45,133
63,34,31
64,77,107
65,73,37
66,72,31
67,56,-4
68,21,20
69,65,11
70,18,37
71,5,31
72,87,131
73,72,131
74,61,131
75,87,111
76,44,133
77,50,140
78,47,134
79,96,110
80,63,133
81,73,133
82,85,134
83,80,168
84,80,161
85,81,157
86,83,153
87,84,150
88,62,144
89,61,145
90,58,147
91,56,149
92,56,123
93,-33,95
94,112,116
95,55,139
96,52,140
97,95,116
98,77,111
99,94,114
100,66,83
101,51,87
102,74,102
103,29,0
104,41,13
105,53,28
106,53,154
107,91,35
108,86,12
109,81,-6
110,40,65
111,15,70
112,78,64
113,28,51
114,84,76
115,90,103
116,-1,76
117,24,76
118,38,79
119,56,78
120,68,76
121,77,73
122,100,67
123,-2,92
124,19,50
125,111,114
126,78,87
127,-29,58
128,84,70
129,71,102
130,31,57
131,88,97
132,-31,116
133,77,62
134,99,94
135,9,159
136,4,169
137,-21,95
138,-5,148
139,-6,45
140,56,188
141,108,116
142,68,92
143,1,60
144,51,63
145,58,63
146,48,141
147,-5,109
148,72,199
149,40,188
150,24,180
151,108,14
152,89,199
153,65,63
154,71,62
155,75,62
156,8,47
157,69,56
158,62,53
159,55,52
160,48,53
161,43,55
162,-21,39
163,45,62
164,104,121
165,69,121
166,87,110
167,91,121
168,106,55
169,26,170
170,40,179
171,74,194
172,-11,156
173,74,59
174,95,79
175,92,194
176,56,195
177,-21,114
178,73,148
179,71,150
180,69,153
181,67,156
182,65,162
183,52,132
184,51,132
185,49,131
186,44,127
187,11,113
188,92,71
189,85,56
190,79,56
191,53,133
192,3,134
193,95,56
194,61,170
195,114,83
196,103,76
197,111,74
198,88,90
199,93,187
200,93,177
201,78,176
202,38,149
203,61,108
204,48,161
205,38,107
206,49,115
207,25,119
208,76,185
209,79,93
210,31,158
211,44,169
212,31,137
213,-6,124
214,18,142
215,-17,131
216,37,123
217,86,83
218,94,108
219,83,108
220,101,103
221,80,49
222,68,43
223,57,41
224,45,42
225,35,45
226,24,58
227,-19,78
228,33,69
229,44,72
230,56,72
231,67,71
232,75,69
233,80,67
234,-31,76
235,81,109
236,98,86
237,103,109
238,105,113
239,101,111
240,81,111
241,107,114
242,105,115
243,80,62
244,85,63
245,90,65
246,39,56
247,33,52
248,119,84
249,140,60
250,118,114
251,148,34
252,123,66
253,129,67
254,135,66
255,140,62
256,118,65
257,135,47
258,128,47
259,141,47
260,144,50
261,144,67
262,115,176
263,141,58
264,147,66
265,146,61
266,135,100
267,111,128
268,107,133
269,117,129
270,120,130
271,112,133
272,115,133
273,122,143
274,123,110
275,125,102
276,151,43
277,121,81
278,130,105
279,129,100
280,151,98
281,122,92
282,144,37
283,150,38
284,148,21
285,120,44
286,121,50
287,128,133
288,131,135
289,125,110
290,119,113
291,121,135
292,119,135
293,151,33
294,128,107
295,135,38
296,137,32
297,138,3
298,150,28
299,137,17
300,152,39
301,151,39
302,110,131
303,115,131
304,118,132
305,123,111
306,120,135
307,118,141
308,118,136
309,125,109
310,113,134
311,110,134
312,105,135
313,104,167
314,104,161
315,105,157
316,104,153
317,103,150
318,112,145
319,114,145
320,115,147
321,116,149
322,128,124
323,135,98
324,114,141
325,116,141
326,116,116
327,125,111
328,118,115
329,127,84
330,137,89
331,128,103
332,146,11
333,146,21
334,146,30
335,118,153
336,124,35
337,125,16
338,126,-1
339,139,65
340,147,72
341,115,63
342,146,52
343,118,76
344,129,103
345,153,80
346,148,78
347,144,81
348,133,80
349,125,77
350,119,74
351,113,67
352,156,95
353,149,51
354,118,114
355,123,88
356,139,65
357,116,70
358,127,103
359,142,58
360,128,98
361,134,116
362,114,60
363,125,94
364,132,155
365,125,164
366,149,97
367,138,144
368,149,52
369,114,184
370,115,116
371,127,93
372,146,62
373,135,62
374,130,62
375,119,142
376,155,110
377,103,196
378,115,183
379,119,175
380,124,62
381,119,61
382,116,61
383,149,50
384,119,56
385,125,54
386,131,54
387,137,55
388,139,56
389,145,48
390,138,61
391,124,121
392,126,109
393,114,121
394,124,165
395,119,174
396,105,191
397,128,152
398,116,58
399,119,80
400,111,190
401,147,114
402,108,148
403,110,150
404,111,153
405,111,156
406,113,161
407,118,134
408,120,133
409,122,132
410,129,128
411,152,114
412,115,71
413,113,55
414,115,56
415,116,135
416,145,132
417,112,55
418,114,168
419,116,76
420,123,91
421,105,175
422,125,148
423,130,109
424,119,159
425,144,108
426,134,116
427,145,120
428,106,184
429,125,94
430,127,155
431,120,166
432,132,137
433,150,123
434,138,140
435,143,130
436,136,124
437,120,84
438,128,107
439,128,108
440,128,103
441,120,48
442,131,44
443,140,43
444,146,44
445,148,47
446,144,59
447,148,82
448,143,71
449,139,73
450,131,73
451,123,71
452,118,69
453,115,67
454,135,81
455,127,109
456,122,87
457,126,109
458,120,113
459,124,110
460,124,111
461,120,114
462,117,115
463,113,61
464,112,63
465,113,65
466,140,57
467,144,53
468,49,58
469,58,58
470,49,50
471,39,57
472,48,65
473,123,58
474,131,58
475,123,51
476,115,58
477,123,64
