0,97,131
1,97,110
2,96,116
3,91,83
4,97,102
5,98,91
6,98,65
7,46,62
8,99,42
9,99,31
10,99,0
11,97,134
12,97,138
13,97,140
14,97,141
15,97,145
16,97,150
17,96,156
18,95,162
19,97,113
20,89,113
21,19,30
22,66,68
23,59,69
24,52,68
25,43,64
26,73,66
27,55,45
28,64,46
29,47,47
30,42,50
31,36,69
32,68,169
33,43,60
34,16,62
35,28,63
36,61,100
37,89,129
38,89,138
39,80,133
40,74,136
41,83,138
42,78,140
43,64,149
44,91,109
45,90,102
46,32,43
47,75,81
48,74,106
49,73,102
50,40,99
51,91,92
52,49,35
53,39,38
54,25,17
55,82,41
56,71,49
57,60,142
58,24,129
59,79,111
60,85,113
61,68,142
62,70,142
63,35,32
64,74,110
65,63,35
66,62,28
67,55,2
68,29,24
69,58,15
70,28,39
71,23,34
72,89,134
73,81,136
74,76,138
75,81,112
76,69,142
77,72,143
78,71,142
79,83,108
80,79,141
81,84,140
82,90,140
83,86,161
84,88,155
85,88,149
86,89,144
87,90,140
88,79,141
89,77,143
90,76,145
91,74,148
92,67,129
93,16,92
94,97,115
95,75,141
96,73,142
97,87,116
98,76,114
99,86,114
100,68,85
101,56,90
102,72,105
103,36,7
104,40,17
105,47,28
106,70,153
107,80,30
108,77,16
109,75,0
110,46,67
111,29,74
112,77,64
113,35,54
114,81,76
115,78,104
116,22,78
117,33,80
118,42,83
119,57,82
120,67,79
121,75,75
122,91,67
123,24,94
124,30,52
125,93,113
126,76,89
127,14,60
128,81,71
129,72,105
130,40,60
131,78,98
132,19,110
133,77,61
134,84,94
135,38,150
136,38,157
137,17,93
138,31,139
139,19,47
140,66,176
141,94,114
142,69,95
143,22,64
144,53,64
145,59,64
146,70,145
147,26,108
148,79,187
149,57,175
150,48,168
151,99,16
152,95,189
153,65,63
154,71,62
155,75,62
156,25,50
157,70,56
158,63,53
159,57,53
160,51,55
161,47,57
162,15,43
163,48,63
164,96,122
165,74,125
166,79,109
167,87,123
168,98,54
169,47,161
170,56,168
171,79,182
172,31,145
173,75,59
174,86,79
175,95,184
176,67,182
177,20,109
178,84,140
179,82,143
180,81,147
181,80,152
182,77,158
183,73,141
184,72,140
185,70,139
186,63,135
187,36,114
188,86,71
189,82,55
190,78,56
191,75,141
192,34,131
193,89,55
194,72,163
195,98,82
196,91,75
197,98,74
198,80,91
199,95,177
200,95,169
201,84,167
202,56,150
203,66,111
204,63,157
205,50,109
206,60,118
207,45,120
208,81,175
209,76,95
210,50,154
211,59,162
212,51,141
213,28,121
214,42,140
215,24,125
216,55,128
217,81,84
218,80,107
219,76,109
220,83,102
221,76,47
222,64,42
223,53,41
224,44,43
225,38,47
226,35,61
227,16,77
228,40,72
229,48,75
230,57,75
231,67,73
232,74,70
233,79,68
234,15,76
235,76,111
236,85,86
237,85,108
238,89,112
239,85,109
240,78,113
241,91,112
242,91,114
243,80,62
244,83,64
245,86,65
246,45,58
247,39,54
248,104,83
249,149,62
250,104,113
251,177,33
252,128,68
253,135,69
254,142,69
255,152,65
256,122,66
257,141,43
258,132,44
259,149,45
260,153,49
261,158,70
262,123,170
263,152,60
264,179,64
265,166,63
266,133,102
267,105,129
268,104,138
269,114,133
270,119,137
271,110,139
272,115,140
273,127,150
274,103,110
275,105,102
276,164,40
277,119,82
278,120,107
279,120,103
280,154,101
281,104,92
282,149,30
283,158,34
284,172,20
285,116,37
286,125,48
287,132,144
288,168,131
289,114,111
290,108,113
291,124,143
292,122,143
293,163,28
294,120,110
295,135,30
296,137,23
297,144,4
298,168,26
299,140,16
300,169,36
301,173,36
302,105,134
303,112,136
304,117,138
305,112,112
306,123,143
307,120,144
308,121,143
309,111,109
310,113,141
311,109,140
312,103,140
313,105,161
314,105,155
315,105,150
316,104,144
317,103,140
318,113,141
319,115,143
320,116,146
321,118,149
322,125,130
323,176,95
324,117,142
325,118,143
326,106,116
327,117,115
328,107,115
329,127,86
330,138,92
331,121,106
332,162,10
333,158,19
334,152,23
335,121,154
336,119,25
337,121,16
338,124,1
339,148,68
340,165,75
341,118,64
342,160,53
343,114,77
344,116,104
345,173,80
346,160,81
347,151,85
348,137,83
349,126,79
350,119,76
351,105,67
352,170,96
353,166,51
354,101,113
355,118,90
356,179,63
357,113,71
358,122,106
359,155,60
360,116,99
361,173,112
362,118,61
363,111,95
364,153,152
365,153,159
366,176,96
367,161,141
368,176,49
369,125,177
370,100,114
371,124,95
372,172,64
373,142,64
374,135,64
375,121,146
376,167,111
377,111,187
378,134,176
379,143,169
380,129,63
381,123,62
382,120,61
383,171,48
384,126,56
385,132,53
386,139,53
387,145,55
388,148,57
389,179,46
390,146,63
391,119,126
392,114,110
393,106,123
394,144,162
395,135,169
396,111,182
397,161,147
398,120,59
399,110,79
400,124,182
401,173,112
402,109,140
403,110,144
404,111,148
405,112,153
406,114,158
407,119,141
408,120,141
409,122,140
410,129,137
411,158,116
412,110,71
413,114,54
414,118,55
415,117,142
416,158,133
417,107,53
418,119,164
419,105,76
420,114,92
421,107,168
422,135,151
423,127,112
424,128,158
425,143,110
426,133,120
427,148,122
428,110,176
429,118,96
430,142,155
431,133,163
432,140,143
433,165,123
434,150,142
435,169,127
436,138,130
437,114,84
438,113,108
439,117,109
440,111,103
441,120,45
442,133,39
443,144,39
444,153,41
445,158,46
446,160,61
447,178,80
448,153,73
449,146,76
450,136,75
451,127,73
452,120,70
453,115,68
454,178,79
455,117,111
456,110,87
457,109,108
458,105,112
459,108,109
460,115,113
461,103,113
462,102,114
463,115,61
464,112,63
465,109,65
466,150,58
467,156,54
468,58,57
469,66,57
470,58,50
471,50,57
472,58,64
473,137,58
474,144,59
475,137,52
476,129,58
477,137,65
