0,97,130
1,97,102
2,98,112
3,91,77
4,97,94
5,97,83
6,98,60
7,47,63
8,97,42
9,97,31
10,97,-6
11,97,133
12,97,137
13,97,140
14,97,140
15,96,143
16,96,147
17,96,151
18,101,158
19,98,107
20,91,108
21,17,39
22,67,70
23,59,71
24,53,70
25,44,67
26,73,67
27,55,46
28,64,46
29,48,48
30,43,52
31,38,72
32,75,175
33,44,62
34,16,73
35,29,67
36,63,101
37,88,129
38,89,137
39,80,133
40,75,137
41,83,138
42,78,140
43,69,150
44,91,102
45,90,94
46,32,45
47,77,80
48,76,103
49,76,99
50,42,103
51,91,85
52,49,34
53,39,39
54,24,23
55,82,39
56,71,49
57,63,144
58,29,151
59,82,107
60,87,109
61,70,143
62,72,143
63,34,34
64,76,107
65,63,34
66,61,27
67,54,0
68,29,28
69,58,14
70,28,42
71,22,42
72,89,133
73,82,136
74,76,138
75,84,109
76,71,143
77,73,144
78,73,143
79,84,104
80,80,141
81,85,140
82,90,140
83,92,158
84,88,151
85,88,147
86,89,143
87,90,140
88,80,141
89,78,143
90,77,145
91,75,147
92,70,129
93,19,112
94,98,109
95,76,142
96,75,143
97,90,112
98,79,112
99,88,111
100,70,86
101,58,92
102,75,103
103,36,9
104,41,19
105,46,28
106,75,153
107,79,28
108,76,12
109,73,-4
110,47,69
111,30,78
112,77,64
113,36,56
114,82,74
115,80,99
116,23,86
117,35,84
118,44,86
119,58,84
120,68,80
121,76,75
122,91,62
123,25,103
124,30,55
125,94,107
126,78,88
127,15,75
128,82,70
129,74,104
130,41,62
131,80,94
132,23,131
133,78,61
134,85,88
135,43,164
136,45,175
137,19,108
138,35,155
139,19,56
140,73,185
141,95,109
142,72,94
143,23,69
144,53,66
145,59,66
146,72,145
147,28,119
148,87,195
149,65,189
150,56,183
151,97,12
152,103,196
153,65,65
154,71,64
155,75,62
156,25,54
157,71,56
158,64,55
159,58,55
160,52,56
161,48,59
162,15,55
163,49,65
164,99,118
165,76,124
166,81,106
167,89,119
168,98,51
169,53,173
170,63,179
171,86,188
172,37,165
173,75,59
174,86,75
175,103,189
176,75,193
177,23,125
178,84,140
179,83,143
180,82,146
181,81,150
182,83,156
183,75,142
184,73,141
185,71,140
186,65,136
187,37,121
188,87,68
189,82,54
190,78,56
191,76,142
192,37,141
193,89,53
194,79,166
195,97,75
196,91,70
197,97,68
198,82,88
199,102,179
200,101,168
201,90,168
202,62,155
203,69,111
204,70,162
205,52,111
206,62,120
207,46,125
208,87,179
209,78,93
210,55,162
211,65,169
212,55,146
213,30,133
214,46,149
215,27,141
216,57,131
217,82,81
218,82,102
219,78,105
220,85,96
221,76,46
222,63,42
223,53,42
224,44,44
225,38,49
226,36,64
227,17,90
228,41,75
229,49,77
230,58,77
231,68,74
232,75,71
233,80,68
234,17,94
235,79,108
236,86,81
237,87,102
238,91,106
239,87,104
240,81,110
241,92,106
242,93,109
243,80,61
244,84,62
245,86,63
246,46,60
247,40,56
248,104,76
249,153,61
250,105,107
251,183,31
252,132,68
253,139,68
254,146,68
255,156,63
256,126,66
257,142,44
258,134,45
259,150,46
260,155,49
261,162,68
262,130,174
263,155,58
264,187,66
265,170,62
266,136,99
267,106,129
268,105,137
269,115,132
270,122,136
271,112,137
272,118,139
273,134,148
274,104,102
275,104,94
276,165,41
277,121,79
278,121,101
279,122,97
280,160,98
281,104,84
282,146,33
283,157,36
284,174,16
285,114,40
286,127,49
287,140,142
288,185,146
289,116,106
290,110,108
291,128,142
292,127,142
293,161,30
294,122,105
295,132,33
296,133,27
297,141,-3
298,167,23
299,136,11
300,169,38
301,177,35
302,105,133
303,114,135
304,120,137
305,114,108
306,128,142
307,124,142
308,126,141
309,112,103
310,117,140
311,111,139
312,104,139
313,110,158
314,105,151
315,105,146
316,104,142
317,104,139
318,117,140
319,118,141
320,119,143
321,120,146
322,131,127
323,191,106
324,121,141
325,122,141
326,108,111
327,120,111
328,109,110
329,129,84
330,142,89
331,124,101
332,160,4
333,154,14
334,149,26
335,128,152
336,116,29
337,117,11
338,120,-6
339,152,66
340,170,74
341,122,64
342,162,52
343,115,73
344,117,98
345,180,80
346,165,79
347,155,82
348,141,81
349,130,78
350,123,74
351,105,62
352,179,97
353,168,51
354,102,106
355,120,86
356,191,68
357,116,70
358,124,102
359,159,58
360,117,93
361,190,126
362,122,61
363,110,88
364,167,161
365,168,172
366,188,102
367,177,151
368,182,50
369,133,183
370,101,109
371,127,92
372,177,64
373,146,64
374,139,64
375,125,144
376,179,114
377,120,195
378,145,187
379,156,181
380,133,64
381,128,62
382,124,62
383,174,49
384,129,56
385,135,54
386,141,53
387,147,54
388,151,56
389,188,48
390,150,62
391,123,122
392,116,104
393,109,119
394,156,170
395,145,177
396,119,188
397,178,162
398,124,59
399,110,74
400,133,192
401,187,120
402,111,139
403,112,142
404,113,145
405,113,149
406,120,155
407,123,140
408,125,140
409,126,139
410,137,134
411,167,117
412,110,67
413,116,54
414,120,55
415,121,141
416,171,138
417,108,53
418,125,165
419,104,69
420,115,87
421,113,168
422,143,153
423,131,109
424,135,160
425,149,108
426,139,117
427,157,122
428,117,178
429,120,92
430,151,160
431,141,168
432,149,144
433,178,129
434,160,146
435,184,137
436,145,128
437,115,80
438,114,101
439,119,104
440,111,95
441,121,46
442,133,41
443,144,40
444,153,42
445,159,46
446,164,60
447,189,84
448,158,72
449,150,74
450,140,74
451,131,72
452,124,70
453,119,67
454,192,87
455,119,106
456,110,81
457,109,101
458,105,105
459,109,103
460,117,109
461,104,106
462,103,108
463,119,61
464,115,62
465,112,64
466,153,57
467,159,53
468,61,60
469,68,59
470,60,53
471,53,60
472,61,67
473,141,58
474,149,58
475,141,51
476,134,58
477,141,65
