0,93,133
1,89,106
2,93,114
3,85,81
4,88,98
5,89,88
6,94,63
7,52,63
8,94,42
9,94,32
10,94,-3
11,93,135
12,94,137
13,95,138
14,96,149
15,96,152
16,96,157
17,96,161
18,99,167
19,91,110
20,86,111
21,35,37
22,71,69
23,64,70
24,58,70
25,50,66
26,77,67
27,59,47
28,67,47
29,52,49
30,48,52
31,46,71
32,76,178
33,50,61
34,35,70
35,41,66
36,64,103
37,85,132
38,88,137
39,79,134
40,76,137
41,83,138
42,80,139
43,71,153
44,84,106
45,82,99
46,40,46
47,77,82
48,73,106
49,73,102
50,47,103
51,83,89
52,51,38
53,43,40
54,37,23
55,80,43
56,74,50
57,67,146
58,49,142
59,79,110
60,84,112
61,74,144
62,76,144
63,41,36
64,74,109
65,63,38
66,61,32
67,57,3
68,39,29
69,59,17
70,37,43
71,35,40
72,86,135
73,81,136
74,78,138
75,81,111
76,75,144
77,77,147
78,77,143
79,80,107
80,82,140
81,85,139
82,90,138
83,91,167
84,88,160
85,88,156
86,89,152
87,90,149
88,83,147
89,81,148
90,79,150
91,78,153
92,71,131
93,42,103
94,92,112
95,80,145
96,79,146
97,86,115
98,78,114
99,85,113
100,71,87
101,60,93
102,73,105
103,44,11
104,46,21
105,49,32
106,76,159
107,77,33
108,74,15
109,73,-1
110,53,69
111,41,77
112,80,65
113,43,56
114,81,76
115,75,102
116,35,84
117,43,83
118,50,86
119,62,84
120,71,80
121,78,76
122,88,65
123,36,101
124,40,55
125,87,110
126,77,89
127,38,69
128,83,71
129,74,106
130,48,61
131,76,97
132,45,122
133,81,62
134,79,92
135,55,161
136,58,169
137,36,102
138,48,150
139,35,54
140,76,186
141,89,112
142,72,96
143,37,68
144,58,65
145,63,66
146,76,148
147,39,116
148,89,197
149,72,186
150,66,179
151,93,14
152,104,198
153,69,65
154,75,63
155,79,63
156,37,54
157,74,56
158,68,55
159,62,54
160,56,56
161,53,58
162,35,51
163,54,64
164,94,121
165,75,126
166,78,109
167,86,122
168,95,53
169,62,171
170,69,178
171,87,192
172,54,158
173,79,60
174,83,78
175,102,193
176,79,192
177,39,119
178,86,148
179,84,150
180,83,153
181,82,157
182,82,163
183,78,141
184,76,141
185,75,140
186,68,138
187,45,120
188,85,70
189,84,55
190,81,56
191,80,141
192,48,139
193,88,55
194,79,171
195,91,79
196,86,73
197,92,71
198,79,91
199,101,185
200,100,176
201,89,175
202,66,157
203,69,113
204,72,165
205,55,113
206,64,121
207,52,126
208,87,184
209,76,95
210,61,162
211,69,171
212,60,147
213,43,130
214,54,148
215,43,135
216,61,132
217,80,84
218,77,106
219,75,108
220,78,100
221,78,48
222,66,44
223,55,44
224,48,46
225,44,50
226,45,63
227,34,86
228,49,75
229,55,77
230,63,77
231,72,74
232,78,71
233,82,68
234,41,86
235,76,110
236,82,85
237,80,106
238,85,109
239,81,107
240,79,113
241,85,110
242,87,112
243,83,62
244,85,64
245,86,65
246,51,59
247,46,56
248,98,80
249,153,56
250,99,110
251,192,24
252,132,64
253,139,64
254,146,64
255,157,59
256,126,62
257,141,41
258,133,42
259,150,42
260,156,45
261,165,64
262,132,178
263,156,54
264,197,60
265,176,57
266,137,99
267,103,131
268,104,136
269,114,133
270,123,136
271,113,137
272,121,138
273,137,152
274,96,106
275,96,98
276,167,37
277,121,79
278,118,104
279,119,100
280,162,98
281,97,88
282,145,32
283,157,33
284,179,10
285,112,40
286,127,45
287,142,144
288,200,137
289,112,109
290,106,111
291,135,141
292,133,141
293,162,27
294,119,108
295,130,33
296,131,27
297,139,-4
298,171,18
299,134,10
300,174,33
301,183,29
302,103,134
303,114,135
304,122,137
305,111,110
306,134,141
307,129,145
308,132,141
309,106,106
310,120,139
311,112,138
312,104,137
313,110,166
314,107,160
315,106,155
316,105,151
317,105,148
318,120,145
319,121,146
320,123,148
321,125,151
322,130,129
323,207,96
324,126,144
325,127,144
326,104,114
327,117,113
328,105,113
329,129,84
330,142,89
331,121,103
332,162,0
333,155,12
334,148,25
335,130,158
336,113,30
337,114,11
338,117,-5
339,153,62
340,175,69
341,123,61
342,165,48
343,115,74
344,111,101
345,187,76
346,167,77
347,155,81
348,140,79
349,129,76
350,122,72
351,102,64
352,186,94
353,172,46
354,94,110
355,119,87
356,205,58
357,116,68
358,123,104
359,161,53
360,113,95
361,205,116
362,123,58
363,105,91
364,173,159
365,177,168
366,200,95
367,185,147
368,190,43
369,135,186
370,95,112
371,127,93
372,185,57
373,145,60
374,138,60
375,131,146
376,186,111
377,121,197
378,149,186
379,162,179
380,133,60
381,128,59
382,125,58
383,181,43
384,128,51
385,134,48
386,140,48
387,147,49
388,151,51
389,200,39
390,149,58
391,121,124
392,111,107
393,105,121
394,161,170
395,149,178
396,120,192
397,190,155
398,124,55
399,106,77
400,136,192
401,199,113
402,113,147
403,114,149
404,115,152
405,116,156
406,121,163
407,128,140
408,129,139
409,130,139
410,137,136
411,171,116
412,108,69
413,116,52
414,121,53
415,127,140
416,176,136
417,107,53
418,127,170
419,100,73
420,112,89
421,114,175
422,146,155
423,131,110
424,138,164
425,150,109
426,139,118
427,158,122
428,117,184
429,118,93
430,155,161
431,144,170
432,152,145
433,185,125
434,164,145
435,195,131
436,146,129
437,113,82
438,109,104
439,115,107
440,104,99
441,121,45
442,132,39
443,142,38
444,152,39
445,160,42
446,167,55
447,199,77
448,160,68
449,151,71
450,140,71
451,131,69
452,124,67
453,119,65
454,207,77
455,116,109
456,105,84
457,102,105
458,99,109
459,103,106
460,114,112
461,97,110
462,98,112
463,120,58
464,115,61
465,111,63
466,154,52
467,160,48
468,63,59
469,70,58
470,63,52
471,57,59
472,64,66
473,135,53
474,142,53
475,135,46
476,128,53
477,135,60
