0,101,132
1,105,110
2,102,116
3,98,84
4,106,102
5,106,92
6,103,65
7,47,57
8,103,46
9,103,36
10,104,-1
11,101,136
12,101,139
13,100,141
14,100,142
15,100,145
16,100,149
17,100,154
18,97,162
19,104,113
20,96,113
21,11,24
22,68,63
23,61,64
24,53,64
25,43,60
26,74,62
27,56,44
28,65,44
29,48,45
30,43,47
31,36,65
32,67,174
33,44,55
34,8,57
35,26,59
36,63,100
37,92,131
38,92,139
39,82,133
40,75,137
41,84,139
42,78,140
43,65,150
44,99,109
45,99,102
46,32,42
47,78,80
48,79,106
49,78,102
50,40,98
51,99,92
52,52,36
53,40,38
54,22,11
55,86,44
56,72,47
57,60,143
58,9,129
59,85,110
60,90,113
61,66,142
62,68,142
63,36,32
64,78,109
65,67,38
66,66,31
67,59,-1
68,29,21
69,64,14
70,26,38
71,19,30
72,92,135
73,83,137
74,76,138
75,86,112
76,67,142
77,71,144
78,69,142
79,89,108
80,79,141
81,85,141
82,92,141
83,88,162
84,91,153
85,92,149
86,92,144
87,93,141
88,79,141
89,78,143
90,76,145
91,75,148
92,71,130
93,1,89
94,103,115
95,74,142
96,72,143
97,93,116
98,80,114
99,92,114
100,70,84
101,58,89
102,77,105
103,37,3
104,44,15
105,49,30
106,71,155
107,84,34
108,83,15
109,80,-2
110,47,63
111,27,70
112,78,61
113,35,50
114,84,75
115,85,104
116,17,75
117,33,76
118,44,80
119,59,79
120,70,76
121,77,73
122,96,67
123,19,92
124,28,49
125,101,113
126,79,88
127,1,54
128,84,69
129,75,105
130,40,55
131,84,98
132,4,108
133,78,58
134,91,94
135,31,154
136,27,161
137,7,91
138,21,141
139,13,43
140,64,182
141,100,114
142,72,94
143,18,59
144,55,59
145,61,59
146,70,145
147,20,108
148,77,192
149,51,181
150,40,173
151,104,17
152,93,194
153,67,59
154,72,58
155,76,58
156,22,47
157,71,52
158,64,49
159,58,49
160,52,50
161,48,52
162,5,37
163,50,58
164,102,123
165,78,125
166,85,109
167,92,123
168,102,55
169,41,165
170,52,173
171,78,187
172,17,147
173,76,56
174,91,79
175,95,189
176,63,188
177,9,108
178,85,141
179,84,144
180,83,147
181,83,151
182,79,159
183,72,141
184,71,140
185,69,139
186,65,136
187,32,114
188,90,70
189,84,53
190,79,53
191,74,142
192,28,132
193,92,55
194,72,166
195,105,83
196,97,75
197,104,74
198,85,91
199,96,181
200,97,171
201,84,170
202,55,152
203,69,111
204,63,160
205,51,109
206,62,119
207,44,121
208,81,179
209,80,95
210,46,157
211,56,166
212,50,143
213,21,121
214,39,142
215,13,125
216,56,129
217,85,83
218,87,107
219,82,108
220,92,103
221,79,47
222,66,42
223,55,41
224,45,42
225,39,45
226,34,57
227,6,74
228,40,68
229,49,71
230,59,71
231,69,69
232,76,67
233,81,65
234,1,71
235,81,110
236,92,87
237,93,108
238,96,112
239,93,109
240,83,113
241,98,112
242,98,114
243,81,59
244,85,61
245,88,64
246,45,54
247,40,51
248,110,84
249,145,60
250,109,113
251,164,30
252,126,66
253,132,67
254,139,67
255,147,63
256,121,64
257,138,47
258,131,47
259,145,48
260,149,51
261,151,68
262,120,173
263,147,58
264,164,63
265,157,63
266,131,101
267,109,131
268,107,139
269,116,134
270,119,137
271,112,140
272,116,140
273,125,150
274,111,110
275,113,103
276,157,46
277,119,81
278,122,107
279,122,102
280,148,100
281,112,93
282,145,39
283,153,41
284,162,18
285,117,45
286,124,50
287,129,144
288,149,130
289,117,111
290,112,113
291,122,143
292,121,143
293,156,36
294,121,110
295,133,39
296,135,33
297,141,3
298,160,27
299,139,18
300,160,42
301,163,36
302,108,135
303,114,137
304,118,139
305,115,112
306,121,143
307,119,144
308,120,143
309,116,109
310,114,142
311,110,141
312,106,141
313,105,162
314,107,153
315,107,149
316,107,144
317,106,141
318,114,142
319,115,143
320,117,146
321,118,148
322,125,130
323,156,93
324,116,142
325,118,143
326,110,116
327,118,114
328,111,115
329,125,85
330,135,91
331,122,106
332,155,9
333,152,20
334,147,33
335,120,155
336,120,35
337,123,17
338,125,0
339,144,66
340,157,74
341,118,62
342,154,54
343,115,76
344,120,104
345,162,79
346,153,80
347,146,83
348,134,82
349,126,78
350,119,74
351,109,67
352,159,95
353,158,54
354,108,113
355,119,89
356,162,60
357,115,71
358,122,106
359,150,58
360,120,99
361,153,111
362,118,60
363,116,95
364,143,153
365,140,159
366,161,94
367,148,141
368,164,48
369,121,180
370,106,114
371,124,95
372,161,65
373,139,62
374,133,62
375,120,145
376,156,110
377,108,191
378,126,179
379,132,171
380,127,61
381,122,60
382,119,60
383,161,52
384,124,55
385,130,53
386,136,53
387,142,54
388,145,56
389,164,44
390,142,61
391,120,126
392,118,110
393,110,123
394,136,163
395,129,172
396,110,186
397,144,147
398,120,58
399,113,79
400,118,186
401,157,111
402,110,141
403,112,144
404,113,147
405,114,151
406,113,159
407,118,142
408,120,141
409,121,140
410,128,137
411,150,115
412,112,71
413,114,55
414,118,55
415,116,142
416,148,132
417,110,56
418,117,165
419,110,76
420,117,92
421,107,170
422,131,152
423,126,112
424,124,160
425,140,110
426,131,120
427,143,122
428,109,179
429,119,96
430,135,156
431,128,165
432,136,143
433,153,122
434,142,142
435,154,126
436,135,130
437,116,84
438,118,108
439,120,109
440,117,103
441,120,49
442,132,44
443,141,44
444,148,46
445,153,49
446,153,61
447,163,78
448,148,72
449,142,74
450,133,73
451,125,71
452,120,69
453,116,67
454,159,76
455,119,111
456,114,87
457,115,108
458,111,112
459,114,109
460,117,113
461,110,113
462,108,114
463,116,60
464,113,63
465,112,65
466,146,57
467,151,54
468,59,53
469,67,53
470,59,46
471,52,53
472,60,60
473,135,56
474,142,57
475,136,50
476,129,56
477,135,63
