0,96,133
1,96,115
2,95,120
3,90,86
4,96,107
5,96,95
6,97,66
7,45,59
8,97,44
9,97,33
10,98,-6
11,96,135
12,95,137
13,95,138
14,95,147
15,95,150
16,95,154
17,94,158
18,94,165
19,96,118
20,88,116
21,16,24
22,64,67
23,57,67
24,51,66
25,42,62
26,70,66
27,55,44
28,63,45
29,47,45
30,42,49
31,35,66
32,66,175
33,43,57
34,13,59
35,26,60
36,57,100
37,86,131
38,86,135
39,76,132
40,70,133
41,79,135
42,73,135
43,58,145
44,89,114
45,89,106
46,32,43
47,74,81
48,72,108
49,71,103
50,35,97
51,89,95
52,49,35
53,39,37
54,23,12
55,81,42
56,70,49
57,52,137
58,22,130
59,77,112
60,83,115
61,63,135
62,65,136
63,35,32
64,71,110
65,63,36
66,62,30
67,53,-3
68,28,21
69,57,12
70,27,39
71,21,31
72,86,133
73,77,133
74,72,134
75,78,113
76,64,136
77,67,140
78,66,136
79,81,112
80,74,135
81,80,136
82,87,137
83,83,164
84,84,157
85,85,153
86,86,149
87,87,146
88,74,141
89,73,143
90,71,145
91,70,147
92,61,127
93,14,90
94,96,119
95,71,139
96,69,139
97,85,118
98,73,114
99,84,117
100,66,85
101,53,89
102,70,105
103,34,2
104,39,14
105,47,29
106,64,153
107,79,32
108,76,12
109,74,-6
110,45,65
111,26,71
112,74,64
113,35,52
114,79,76
115,76,106
116,18,75
117,32,77
118,41,80
119,55,80
120,66,77
121,73,74
122,90,67
123,19,91
124,29,51
125,92,117
126,74,89
127,11,55
128,79,70
129,69,105
130,39,57
131,76,100
132,17,109
133,74,61
134,83,97
135,35,153
136,37,160
137,13,92
138,26,141
139,16,44
140,65,183
141,92,118
142,67,94
143,20,61
144,52,62
145,57,63
146,66,141
147,20,107
148,79,195
149,57,181
150,48,172
151,98,13
152,94,197
153,63,63
154,69,62
155,72,62
156,23,48
157,68,54
158,62,51
159,56,51
160,50,52
161,46,54
162,12,38
163,48,61
164,95,125
165,69,125
166,77,112
167,84,125
168,97,55
169,46,164
170,55,173
171,78,190
172,29,147
173,72,59
174,84,81
175,94,192
176,67,189
177,16,109
178,80,144
179,78,146
180,77,149
181,76,153
182,73,160
183,69,135
184,67,134
185,66,134
186,55,132
187,28,113
188,85,71
189,80,55
190,75,56
191,70,135
192,28,131
193,87,55
194,69,167
195,96,85
196,90,77
197,96,76
198,79,93
199,94,184
200,94,174
201,81,173
202,52,149
203,62,110
204,60,159
205,44,108
206,54,117
207,38,120
208,79,182
209,74,96
210,47,155
211,57,166
212,46,138
213,22,120
214,37,140
215,20,125
216,48,126
217,79,85
218,79,110
219,74,111
220,82,106
221,75,48
222,63,42
223,53,41
224,44,43
225,38,46
226,34,59
227,12,75
228,39,70
229,46,72
230,56,73
231,65,72
232,72,70
233,77,67
234,12,72
235,74,112
236,84,89
237,84,112
238,88,116
239,84,113
240,76,114
241,89,117
242,90,118
243,77,62
244,81,63
245,83,65
246,44,55
247,39,52
248,103,86
249,150,60
250,103,116
251,178,26
252,129,67
253,136,67
254,143,67
255,153,62
256,123,66
257,140,44
258,132,45
259,148,45
260,153,48
261,159,67
262,122,176
263,152,57
264,181,61
265,168,61
266,134,101
267,106,132
268,105,136
269,115,133
270,122,134
271,113,136
272,119,136
273,130,146
274,102,114
275,103,106
276,164,41
277,119,81
278,120,108
279,121,103
280,157,98
281,103,96
282,146,34
283,157,36
284,172,13
285,113,43
286,124,49
287,137,138
288,174,133
289,115,113
290,108,115
291,129,137
292,127,138
293,161,31
294,121,110
295,132,36
296,133,30
297,143,-2
298,166,23
299,138,13
300,168,38
301,173,33
302,106,134
303,114,134
304,120,135
305,113,114
306,128,138
307,124,142
308,126,138
309,111,112
310,117,137
311,112,137
312,104,137
313,104,165
314,104,157
315,104,153
316,104,149
317,104,146
318,117,143
319,118,144
320,119,146
321,120,148
322,128,128
323,182,93
324,121,141
325,122,141
326,106,119
327,118,114
328,107,117
329,127,85
330,139,90
331,122,106
332,161,3
333,155,16
334,149,28
335,124,154
336,116,33
337,119,13
338,122,-5
339,149,65
340,167,72
341,119,64
342,160,52
343,114,77
344,115,107
345,175,77
346,162,78
347,152,82
348,138,81
349,128,78
350,120,75
351,104,68
352,174,94
353,166,51
354,100,118
355,118,90
356,183,57
357,114,71
358,123,106
359,156,58
360,116,101
361,179,112
362,119,62
363,109,97
364,157,155
365,156,162
366,181,94
367,167,143
368,177,45
369,124,184
370,99,119
371,125,95
372,174,62
373,142,63
374,136,63
375,125,143
376,173,109
377,110,195
378,133,182
379,144,174
380,131,63
381,125,62
382,121,62
383,172,48
384,126,55
385,132,52
386,139,51
387,145,52
388,149,54
389,182,40
390,147,61
391,121,125
392,115,112
393,106,125
394,146,166
395,135,175
396,110,190
397,166,149
398,121,59
399,109,81
400,122,190
401,179,111
402,111,145
403,112,147
404,113,150
405,113,154
406,115,160
407,123,137
408,125,136
409,126,136
410,134,132
411,164,115
412,109,72
413,114,56
414,118,56
415,122,137
416,164,133
417,107,56
418,119,168
419,103,77
420,114,93
421,107,173
422,137,150
423,129,111
424,129,160
425,147,110
426,136,118
427,153,121
428,109,183
429,118,97
430,143,157
431,133,167
432,144,140
433,171,123
434,154,142
435,175,128
436,142,127
437,113,85
438,113,111
439,118,111
440,110,106
441,120,48
442,132,42
443,143,40
444,152,42
445,158,46
446,161,59
447,182,77
448,155,71
449,147,73
450,137,73
451,128,72
452,121,70
453,116,68
454,183,74
455,118,112
456,108,89
457,108,112
458,104,116
459,108,113
460,116,114
461,102,117
462,101,118
463,117,62
464,113,64
465,110,65
466,151,56
467,156,52
468,60,58
469,67,58
470,60,51
471,53,57
472,60,64
473,136,57
474,144,57
475,136,50
476,129,57
477,136,64
