0,102,126
1,105,106
2,101,112
3,97,81
4,105,98
5,105,88
6,102,65
7,41,59
8,102,47
9,102,38
10,103,1
11,101,130
12,101,135
13,100,138
14,99,138
15,99,143
16,99,148
17,98,153
18,96,158
19,104,110
20,94,109
21,9,30
22,64,66
23,56,66
24,49,66
25,37,61
26,70,65
27,53,45
28,62,46
29,44,45
30,38,48
31,31,65
32,63,169
33,37,56
34,5,62
35,22,59
36,57,95
37,91,124
38,91,134
39,79,126
40,71,129
41,82,134
42,74,134
43,55,139
44,98,105
45,97,98
46,29,41
47,75,79
48,74,101
49,73,97
50,32,93
51,97,89
52,50,36
53,38,37
54,19,17
55,84,47
56,69,50
57,49,131
58,4,132
59,80,105
60,87,108
61,62,134
62,64,135
63,34,32
64,72,103
65,65,40
66,65,34
67,56,2
68,26,24
69,61,16
70,24,37
71,17,35
72,91,129
73,80,130
74,73,132
75,81,107
76,63,135
77,67,137
78,66,135
79,86,104
80,76,135
81,83,136
82,91,137
83,84,157
84,88,152
85,89,147
86,90,141
87,91,137
88,76,136
89,74,138
90,72,140
91,70,142
92,61,120
93,-1,94
94,102,111
95,71,135
96,69,136
97,89,111
98,74,107
99,88,110
100,66,82
101,52,86
102,71,99
103,34,7
104,40,17
105,48,30
106,63,146
107,83,38
108,81,17
109,78,0
110,41,64
111,22,69
112,74,64
113,31,51
114,81,75
115,81,99
116,12,75
117,29,75
118,40,79
119,55,78
120,66,76
121,74,74
122,94,66
123,12,90
124,25,49
125,99,109
126,75,86
127,0,61
128,80,71
129,69,100
130,34,56
131,80,94
132,0,113
133,74,61
134,89,91
135,24,151
136,22,161
137,2,93
138,13,140
139,11,47
140,61,178
141,99,111
142,67,90
143,14,59
144,50,62
145,57,62
146,65,138
147,11,105
148,75,189
149,48,179
150,36,172
151,103,19
152,93,191
153,63,62
154,68,61
155,72,61
156,18,46
157,66,55
158,60,52
159,53,51
160,46,51
161,42,53
162,3,44
163,45,61
164,101,117
165,70,117
166,80,105
167,88,116
168,101,56
169,36,161
170,48,170
171,76,184
172,12,148
173,71,59
174,89,77
175,94,185
176,61,185
177,2,110
178,83,136
179,81,139
180,79,143
181,78,148
182,72,153
183,69,134
184,67,133
185,65,132
186,53,125
187,22,109
188,88,70
189,81,57
190,75,57
191,71,135
192,19,128
193,90,58
194,67,161
195,104,80
196,95,74
197,103,73
198,82,88
199,95,177
200,96,167
201,81,166
202,48,143
203,62,105
204,56,153
205,43,103
206,53,111
207,34,114
208,78,175
209,75,91
210,40,151
211,51,161
212,41,133
213,11,119
214,30,136
215,6,125
216,45,120
217,82,81
218,84,103
219,77,104
220,89,98
221,75,50
222,63,44
223,52,42
224,42,42
225,35,45
226,29,57
227,3,77
228,36,69
229,45,71
230,56,72
231,65,70
232,72,69
233,77,67
234,-1,78
235,76,105
236,89,84
237,91,104
238,94,108
239,90,105
240,77,107
241,96,109
242,96,110
243,77,62
244,82,64
245,85,66
246,39,55
247,34,51
248,110,82
249,147,65
250,110,109
251,163,40
252,127,70
253,134,72
254,140,72
255,149,68
256,122,69
257,140,51
258,132,51
259,147,52
260,151,55
261,153,72
262,122,170
263,149,63
264,165,71
265,159,66
266,135,99
267,111,125
268,109,135
269,120,128
270,124,132
271,115,135
272,119,136
273,130,141
274,111,106
275,112,98
276,159,49
277,121,81
278,126,103
279,126,99
280,155,98
281,111,89
282,147,43
283,155,44
284,161,27
285,118,49
286,125,54
287,136,133
288,154,137
289,120,107
290,114,109
291,127,138
292,125,138
293,157,39
294,125,105
295,135,44
296,136,38
297,142,8
298,160,34
299,139,22
300,162,45
301,163,44
302,110,130
303,117,132
304,122,134
305,118,108
306,126,138
307,123,140
308,124,138
309,118,106
310,117,138
311,112,138
312,107,138
313,106,158
314,108,153
315,108,147
316,108,142
317,106,138
318,116,138
319,118,140
320,120,142
321,121,145
322,131,122
323,160,102
324,120,138
325,122,139
326,111,112
327,122,109
328,112,110
329,128,85
330,139,90
331,126,101
332,155,16
333,152,26
334,149,37
335,124,148
336,121,41
337,123,20
338,125,4
339,146,70
340,158,77
341,119,67
342,155,58
343,116,77
344,122,101
345,165,83
346,155,82
347,147,84
348,135,83
349,126,80
350,120,76
351,109,67
352,165,97
353,159,57
354,107,109
355,121,88
356,162,70
357,115,73
358,126,102
359,152,63
360,122,96
361,158,119
362,119,64
363,117,92
364,148,153
365,144,162
366,166,100
367,155,144
368,164,57
369,122,178
370,106,111
371,127,93
372,163,67
373,140,68
374,135,68
375,125,141
376,164,111
377,108,189
378,128,178
379,136,172
380,129,67
381,124,66
382,120,65
383,162,55
384,125,59
385,131,56
386,138,56
387,144,58
388,147,60
389,163,54
390,144,67
391,125,119
392,120,106
393,112,117
394,139,162
395,131,170
396,110,183
397,150,152
398,121,62
399,113,79
400,119,185
401,164,116
402,112,138
403,114,141
404,115,145
405,116,150
406,117,154
407,122,137
408,124,136
409,126,135
410,135,127
411,159,114
412,112,72
413,115,59
414,119,60
415,120,138
416,157,132
417,110,59
418,119,161
419,109,75
420,119,89
421,108,166
422,135,145
423,131,107
424,128,154
425,146,107
426,137,114
427,151,119
428,110,175
429,122,93
430,139,152
431,130,161
432,142,136
433,162,124
434,149,139
435,160,131
436,142,123
437,117,83
438,120,104
439,124,105
440,118,100
441,121,53
442,133,49
443,143,48
444,150,49
445,154,53
446,155,65
447,166,86
448,149,75
449,143,77
450,135,77
451,126,75
452,120,72
453,116,70
454,160,86
455,123,107
456,115,85
457,116,105
458,111,108
459,115,106
460,121,108
461,110,109
462,108,110
463,117,65
464,114,66
465,112,68
466,148,62
467,153,59
468,52,56
469,59,56
470,52,49
471,44,56
472,51,62
473,133,61
474,140,61
475,134,54
476,126,60
477,133,68
