0,97,129
1,95,111
2,97,117
3,89,84
4,94,104
5,95,93
6,96,65
7,47,59
8,96,44
9,96,34
10,96,-5
11,97,131
12,98,134
13,98,135
14,98,142
15,98,145
16,98,150
17,98,154
18,100,159
19,96,115
20,89,114
21,19,26
22,68,67
23,61,68
24,54,67
25,45,61
26,74,65
27,54,45
28,63,46
29,47,46
30,43,48
31,39,66
32,75,170
33,44,56
34,19,60
35,31,58
36,63,99
37,88,127
38,90,133
39,80,130
40,75,133
41,84,134
42,79,135
43,69,144
44,89,111
45,87,104
46,31,40
47,77,80
48,74,106
49,74,101
50,42,97
51,88,93
52,45,36
53,36,36
54,24,14
55,79,47
56,71,50
57,63,137
58,34,129
59,80,111
60,85,113
61,71,138
62,73,138
63,32,29
64,75,109
65,59,39
66,57,32
67,52,-1
68,28,23
69,56,14
70,26,35
71,23,33
72,89,131
73,82,132
74,77,134
75,81,112
76,72,138
77,74,140
78,74,138
79,82,110
80,81,136
81,85,135
82,91,135
83,91,158
84,89,153
85,89,149
86,90,144
87,92,141
88,81,139
89,79,141
90,77,143
91,75,146
92,69,127
93,25,91
94,96,116
95,78,138
96,76,139
97,88,116
98,77,113
99,86,115
100,70,84
101,58,89
102,74,104
103,34,4
104,39,16
105,42,28
106,74,150
107,75,37
108,74,14
109,71,-4
110,48,65
111,32,70
112,78,63
113,36,50
114,81,75
115,78,105
116,25,76
117,37,78
118,46,82
119,60,81
120,70,78
121,77,74
122,89,66
123,27,92
124,30,48
125,92,114
126,77,88
127,19,57
128,82,71
129,74,104
130,41,56
131,78,99
132,29,109
133,78,60
134,83,95
135,46,150
136,48,157
137,23,92
138,38,139
139,21,45
140,74,177
141,93,115
142,71,94
143,26,58
144,54,63
145,60,64
146,72,142
147,30,107
148,87,188
149,67,176
150,58,168
151,96,14
152,103,190
153,67,63
154,73,61
155,76,60
156,26,45
157,70,54
158,64,52
159,57,51
160,51,52
161,47,54
162,18,40
163,50,62
164,97,122
165,76,123
166,79,110
167,88,122
168,96,54
169,55,160
170,64,169
171,86,183
172,41,145
173,75,58
174,85,79
175,102,185
176,76,183
177,27,109
178,86,140
179,84,143
180,82,146
181,81,150
182,82,155
183,76,136
184,74,136
185,72,135
186,65,131
187,38,113
188,85,70
189,81,56
190,78,56
191,78,137
192,39,130
193,87,57
194,78,162
195,95,83
196,89,76
197,96,74
198,80,91
199,101,177
200,101,168
201,89,166
202,62,147
203,68,110
204,69,155
205,52,108
206,62,117
207,47,119
208,86,176
209,77,95
210,56,153
211,65,161
212,56,138
213,33,120
214,47,139
215,31,124
216,57,126
217,81,84
218,80,108
219,76,109
220,82,104
221,74,49
222,62,44
223,51,42
224,42,43
225,38,45
226,37,57
227,20,76
228,43,70
229,51,73
230,60,74
231,69,72
232,76,69
233,80,67
234,22,74
235,77,110
236,84,87
237,84,110
238,88,113
239,85,110
240,79,112
241,90,114
242,91,115
243,80,61
244,83,63
245,85,66
246,46,55
247,40,51
248,102,84
249,151,60
250,104,114
251,188,24
252,130,66
253,138,67
254,145,67
255,155,61
256,124,64
257,142,45
258,133,46
259,150,46
260,155,49
261,162,65
262,130,170
263,155,57
264,191,58
265,172,58
266,137,99
267,108,127
268,107,133
269,118,130
270,124,133
271,115,134
272,121,135
273,135,144
274,101,111
275,102,104
276,167,41
277,121,80
278,121,106
279,121,101
280,161,96
281,102,93
282,147,36
283,159,37
284,178,11
285,113,45
286,126,49
287,141,137
288,187,129
289,115,110
290,109,113
291,132,139
292,130,138
293,164,31
294,121,108
295,133,38
296,134,32
297,143,-3
298,171,21
299,138,13
300,173,36
301,180,31
302,107,131
303,116,132
304,123,134
305,114,112
306,131,138
307,128,141
308,129,138
309,111,109
310,119,136
311,113,135
312,106,135
313,110,158
314,109,154
315,108,149
316,107,145
317,106,141
318,119,140
319,121,141
320,123,143
321,125,146
322,131,126
323,194,90
324,124,139
325,126,140
326,107,116
327,119,112
328,108,115
329,129,84
330,142,88
331,123,104
332,164,2
333,158,14
334,150,29
335,129,150
336,115,35
337,118,13
338,121,-5
339,151,65
340,171,70
341,120,62
342,164,51
343,115,75
344,115,104
345,182,75
346,165,77
347,154,81
348,139,80
349,129,77
350,121,74
351,104,66
352,181,91
353,171,49
354,99,114
355,120,88
356,195,55
357,115,70
358,124,104
359,159,57
360,116,99
361,192,109
362,120,60
363,109,95
364,167,151
365,169,158
366,190,91
367,177,140
368,186,43
369,133,178
370,99,115
371,127,93
372,180,58
373,144,63
374,137,63
375,129,142
376,180,107
377,119,188
378,144,177
379,156,169
380,131,62
381,125,61
382,122,60
383,177,45
384,127,54
385,134,52
386,141,52
387,147,53
388,150,55
389,193,37
390,148,61
391,123,123
392,115,110
393,108,122
394,156,162
395,145,170
396,119,184
397,179,146
398,122,57
399,109,79
400,132,184
401,189,108
402,113,140
403,115,143
404,117,146
405,118,150
406,121,155
407,126,137
408,128,136
409,129,136
410,137,131
411,169,112
412,109,70
413,114,55
414,119,55
415,124,137
416,172,130
417,107,56
418,126,162
419,103,75
420,114,91
421,113,167
422,144,147
423,131,109
424,136,156
425,150,107
426,139,116
427,158,119
428,117,176
429,119,94
430,152,153
431,141,162
432,150,138
433,179,120
434,161,139
435,185,125
436,146,125
437,114,83
438,113,108
439,118,109
440,109,104
441,120,48
442,133,43
443,144,42
444,153,43
445,160,46
446,165,57
447,191,74
448,158,70
449,149,73
450,139,73
451,129,71
452,122,68
453,117,66
454,195,72
455,118,110
456,108,87
457,107,109
458,104,113
459,107,110
460,117,112
461,102,114
462,102,115
463,117,60
464,113,63
465,110,65
466,153,56
467,159,52
468,59,57
469,67,57
470,59,50
471,51,57
472,59,64
473,138,57
474,146,57
475,138,50
476,131,57
477,138,64
