0,100,129
1,98,97
2,99,109
3,91,75
4,98,90
5,98,81
6,98,61
7,41,66
8,97,43
9,97,33
10,96,2
11,100,132
12,100,136
13,100,139
14,100,139
15,100,143
16,101,148
17,101,153
18,101,164
19,99,102
20,92,104
21,15,45
22,64,71
23,56,72
24,48,72
25,38,69
26,70,69
27,51,47
28,61,48
29,43,49
30,37,54
31,32,75
32,70,178
33,38,64
34,11,77
35,24,71
36,59,101
37,90,127
38,92,136
39,81,131
40,75,136
41,85,137
42,79,139
43,65,153
44,92,98
45,90,90
46,27,48
47,74,81
48,73,101
49,72,97
50,36,104
51,90,82
52,45,36
53,34,41
54,22,29
55,80,41
56,69,52
57,59,146
58,20,152
59,80,105
60,87,107
61,69,144
62,71,143
63,30,37
64,74,105
65,60,36
66,58,30
67,52,8
68,26,33
69,56,19
70,23,46
71,19,46
72,91,132
73,83,135
74,77,138
75,82,106
76,70,143
77,73,144
78,72,143
79,83,100
80,81,140
81,86,139
82,93,139
83,90,164
84,92,153
85,92,148
86,92,143
87,93,139
88,81,140
89,79,142
90,78,145
91,76,148
92,67,129
93,12,114
94,99,105
95,76,142
96,75,143
97,89,110
98,77,111
99,88,108
100,66,86
101,54,93
102,72,102
103,34,17
104,38,23
105,42,31
106,71,157
107,77,31
108,75,17
109,72,3
110,42,72
111,24,82
112,75,67
113,30,59
114,80,75
115,78,96
116,16,89
117,29,86
118,39,87
119,54,85
120,66,81
121,74,76
122,90,63
123,18,105
124,25,59
125,95,102
126,75,87
127,10,79
128,80,71
129,71,103
130,35,65
131,77,92
132,15,133
133,75,64
134,84,86
135,36,165
136,36,176
137,11,110
138,27,156
139,15,60
140,68,188
141,96,105
142,68,94
143,18,74
144,48,67
145,55,68
146,72,146
147,20,120
148,84,200
149,58,191
150,48,185
151,96,17
152,102,201
153,62,67
154,68,66
155,73,65
156,20,59
157,68,58
158,61,56
159,54,55
160,47,57
161,42,59
162,11,60
163,44,67
164,99,116
165,74,123
166,80,103
167,88,117
168,97,53
169,46,174
170,56,181
171,83,192
172,28,166
173,73,62
174,85,74
175,102,193
176,70,196
177,14,127
178,86,139
179,85,142
180,84,146
181,83,151
182,79,161
183,75,141
184,73,141
185,71,140
186,62,137
187,31,122
188,85,68
189,81,56
190,76,58
191,77,141
192,30,143
193,88,54
194,75,169
195,98,74
196,90,69
197,98,67
198,80,87
199,101,184
200,101,173
201,87,173
202,56,157
203,65,111
204,64,164
205,47,112
206,58,120
207,41,126
208,84,183
209,75,92
210,49,164
211,59,172
212,50,147
213,23,134
214,40,150
215,19,143
216,53,132
217,80,81
218,81,99
219,76,103
220,84,93
221,74,49
222,60,44
223,49,43
224,39,46
225,33,51
226,30,68
227,10,93
228,36,78
229,44,79
230,55,78
231,65,76
232,73,73
233,78,70
234,11,97
235,77,106
236,85,80
237,86,98
238,91,102
239,87,100
240,79,108
241,92,102
242,93,105
243,78,64
244,82,65
245,85,65
246,40,62
247,34,59
248,105,75
249,156,65
250,106,103
251,183,39
252,134,70
253,141,71
254,148,71
255,159,68
256,128,68
257,143,47
258,135,48
259,151,48
260,157,52
261,165,72
262,133,177
263,159,63
264,188,71
265,174,68
266,138,98
267,109,127
268,108,136
269,119,131
270,125,135
271,115,137
272,121,138
273,137,150
274,105,97
275,106,90
276,167,45
277,122,79
278,124,99
279,124,95
280,162,99
281,105,82
282,146,35
283,158,38
284,174,24
285,114,42
286,128,51
287,142,143
288,185,147
289,118,103
290,111,106
291,131,141
292,129,141
293,162,34
294,124,103
295,132,36
296,132,30
297,141,5
298,169,28
299,137,16
300,172,43
301,177,40
302,109,132
303,117,134
304,123,136
305,116,105
306,130,141
307,127,142
308,128,141
309,114,99
310,120,139
311,114,138
312,108,138
313,111,163
314,110,153
315,110,147
316,109,142
317,108,138
318,120,139
319,121,141
320,123,144
321,125,147
322,132,126
323,191,109
324,124,140
325,125,141
326,109,109
327,121,109
328,110,108
329,131,84
330,144,90
331,126,100
332,161,12
333,156,20
334,149,29
335,130,155
336,115,32
337,118,16
338,120,2
339,155,70
340,173,78
341,124,66
342,165,56
343,116,74
344,119,94
345,182,83
346,167,83
347,157,84
348,142,82
349,132,79
350,124,75
351,105,63
352,181,99
353,171,56
354,102,102
355,122,86
356,191,74
357,117,71
358,127,101
359,162,63
360,119,90
361,190,128
362,124,64
363,112,85
364,168,161
365,169,173
366,190,104
367,177,151
368,183,55
369,136,186
370,102,105
371,129,92
372,181,70
373,148,67
374,141,67
375,129,144
376,180,115
377,121,199
378,147,189
379,157,182
380,135,67
381,130,65
382,126,65
383,177,55
384,130,58
385,136,56
386,142,55
387,149,57
388,154,59
389,188,55
390,152,66
391,125,121
392,118,101
393,110,116
394,158,171
395,147,179
396,120,191
397,178,162
398,126,62
399,111,74
400,135,195
401,188,121
402,114,139
403,116,141
404,117,145
405,119,150
406,122,159
407,125,140
408,127,139
409,129,138
410,138,134
411,169,117
412,111,68
413,117,57
414,122,58
415,124,140
416,171,138
417,109,55
418,127,168
419,105,69
420,117,85
421,115,172
422,146,154
423,133,108
424,138,162
425,151,108
426,140,117
427,158,122
428,118,182
429,122,91
430,154,161
431,144,169
432,151,144
433,179,129
434,162,146
435,185,137
436,147,128
437,116,79
438,116,97
439,121,101
440,113,91
441,122,49
442,133,43
443,144,42
444,154,44
445,161,49
446,167,65
447,190,87
448,160,75
449,152,77
450,142,76
451,133,74
452,126,72
453,120,69
454,191,92
455,121,104
456,111,79
457,110,97
458,106,101
459,110,99
460,119,107
461,105,102
462,104,105
463,121,64
464,116,64
465,112,65
466,156,61
467,161,57
468,55,61
469,64,60
470,55,54
471,47,61
472,56,68
473,143,60
474,151,61
475,143,54
476,135,60
477,143,67
