0,99,135
1,100,115
2,99,119
3,94,88
4,101,108
5,100,97
6,99,68
7,49,58
8,99,48
9,99,38
10,99,0
11,99,137
12,99,140
13,99,141
14,99,142
15,99,145
16,99,150
17,99,154
18,98,159
19,100,118
20,92,116
21,17,24
22,69,65
23,62,65
24,54,65
25,45,60
26,75,63
27,57,45
28,65,46
29,49,46
30,45,49
31,38,65
32,69,169
33,46,55
34,14,57
35,29,59
36,62,100
37,90,133
38,91,139
39,82,135
40,76,136
41,84,139
42,79,139
43,64,142
44,94,115
45,93,108
46,33,43
47,76,81
48,76,108
49,75,103
50,39,96
51,93,97
52,50,38
53,40,39
54,24,14
55,83,47
56,73,49
57,59,136
58,20,121
59,81,112
60,87,115
61,68,138
62,70,138
63,35,34
64,75,110
65,65,40
66,63,34
67,55,1
68,30,24
69,59,17
70,28,39
71,22,32
72,91,137
73,83,137
74,78,137
75,82,113
76,69,138
77,73,140
78,71,138
79,85,112
80,80,139
81,85,140
82,92,141
83,88,158
84,90,153
85,90,149
86,91,145
87,92,141
88,80,139
89,78,141
90,77,143
91,76,145
92,68,126
93,12,84
94,99,119
95,76,139
96,74,140
97,89,118
98,77,113
99,88,117
100,69,84
101,57,89
102,74,105
103,36,6
104,41,18
105,47,32
106,70,149
107,81,38
108,78,18
109,75,0
110,48,63
111,29,70
112,79,62
113,37,51
114,82,77
115,80,107
116,21,74
117,35,76
118,45,80
119,59,79
120,69,76
121,77,73
122,92,70
123,22,90
124,30,50
125,96,118
126,77,89
127,11,52
128,82,70
129,73,104
130,42,56
131,80,101
132,15,102
133,79,59
134,87,99
135,37,147
136,36,153
137,15,87
138,28,135
139,18,43
140,68,176
141,96,118
142,70,94
143,22,59
144,55,61
145,62,61
146,72,141
147,23,104
148,81,187
149,58,174
150,47,165
151,99,19
152,97,189
153,68,61
154,74,60
155,77,59
156,25,47
157,72,53
158,65,51
159,59,50
160,53,51
161,49,53
162,13,36
163,51,59
164,99,124
165,75,124
166,81,112
167,89,124
168,99,57
169,47,158
170,57,167
171,81,183
172,27,139
173,77,57
174,87,82
175,98,185
176,69,182
177,17,104
178,85,140
179,84,143
180,83,146
181,82,150
182,78,154
183,74,138
184,73,138
185,72,137
186,62,130
187,33,111
188,87,73
189,84,55
190,80,55
191,76,139
192,32,127
193,90,57
194,73,161
195,100,87
196,93,79
197,100,78
198,82,93
199,98,177
200,98,168
201,85,166
202,56,145
203,66,110
204,64,154
205,50,107
206,60,116
207,43,118
208,83,176
209,77,96
210,49,151
211,59,160
212,51,136
213,25,116
214,41,136
215,21,119
216,54,124
217,82,86
218,83,111
219,78,111
220,87,107
221,78,49
222,65,44
223,54,43
224,46,44
225,40,47
226,36,57
227,13,72
228,42,69
229,50,71
230,60,72
231,69,70
232,76,68
233,81,66
234,11,67
235,78,112
236,88,90
237,88,113
238,92,116
239,88,113
240,79,113
241,94,117
242,94,118
243,81,60
244,85,63
245,87,65
246,47,54
247,42,52
248,106,88
249,146,58
250,107,116
251,170,25
252,126,65
253,133,66
254,140,65
255,149,60
256,121,64
257,139,45
258,130,46
259,146,46
260,150,48
261,154,64
262,123,168
263,149,55
264,172,56
265,162,58
266,133,99
267,108,132
268,106,139
269,115,133
270,119,135
271,112,138
272,117,137
273,129,141
274,106,114
275,107,107
276,160,41
277,119,81
278,122,107
279,122,103
280,153,95
281,107,97
282,146,37
283,155,38
284,166,14
285,115,47
286,123,49
287,134,134
288,161,120
289,116,112
290,111,115
291,125,136
292,124,136
293,159,32
294,121,109
295,133,40
296,135,34
297,141,2
298,162,24
299,137,18
300,164,37
301,167,32
302,107,136
303,114,136
304,118,136
305,115,113
306,125,136
307,122,139
308,123,136
309,114,112
310,116,138
311,111,139
312,106,141
313,107,158
314,108,153
315,107,148
316,107,144
317,106,141
318,116,138
319,117,140
320,119,141
321,120,144
322,127,126
323,168,83
324,119,137
325,120,138
326,108,118
327,119,113
328,110,116
329,126,84
330,137,88
331,122,105
332,157,6
333,153,19
334,149,31
335,123,148
336,118,38
337,120,18
338,122,0
339,145,63
340,160,69
341,117,62
342,156,50
343,115,77
344,118,107
345,168,73
346,156,76
347,147,80
348,134,79
349,125,76
350,119,73
351,106,69
352,166,89
353,161,48
354,104,117
355,119,89
356,172,51
357,114,70
358,123,104
359,152,55
360,118,101
361,165,101
362,118,60
363,113,98
364,151,145
365,149,150
366,170,86
367,158,133
368,170,43
369,125,175
370,103,118
371,125,94
372,167,58
373,140,61
374,134,62
375,123,139
376,164,103
377,112,186
378,132,172
379,140,163
380,128,61
381,122,60
382,119,60
383,166,46
384,124,53
385,130,51
386,137,50
387,143,51
388,146,53
389,172,36
390,144,60
391,121,123
392,117,111
393,109,123
394,142,156
395,134,165
396,113,182
397,155,136
398,120,57
399,111,82
400,123,180
401,167,102
402,111,139
403,113,142
404,114,145
405,115,149
406,116,154
407,120,137
408,122,136
409,123,135
410,132,129
411,157,109
412,110,73
413,113,56
414,117,56
415,119,137
416,156,125
417,108,57
418,120,160
419,106,79
420,116,93
421,109,166
422,135,144
423,128,109
424,128,153
425,144,107
426,134,116
427,149,117
428,112,175
429,119,96
430,141,149
431,132,159
432,141,135
433,162,115
434,149,135
435,164,117
436,139,123
437,115,85
438,116,110
439,120,110
440,113,107
441,119,49
442,131,44
443,142,43
444,150,43
445,154,45
446,156,56
447,172,71
448,150,68
449,143,72
450,134,72
451,125,70
452,119,68
453,115,66
454,170,67
455,119,111
456,111,90
457,111,112
458,107,115
459,111,113
460,117,113
461,106,117
462,105,117
463,115,61
464,112,63
465,110,65
466,148,54
467,152,51
468,61,54
469,68,54
470,61,48
471,54,54
472,61,61
473,133,54
474,140,54
475,133,48
476,126,54
477,133,61
