0,98,133
1,96,107
2,97,114
3,90,80
4,95,98
5,95,88
6,97,62
7,50,63
8,97,43
9,96,32
10,96,-5
11,98,135
12,98,138
13,98,140
14,98,140
15,98,143
16,99,146
17,99,150
18,99,158
19,96,111
20,90,110
21,24,34
22,70,69
23,62,70
24,56,70
25,47,66
26,76,66
27,57,46
28,66,46
29,50,48
30,45,52
31,42,71
32,74,173
33,47,61
34,23,68
35,34,65
36,63,101
37,89,131
38,91,138
39,81,134
40,77,137
41,85,138
42,80,139
43,69,148
44,90,107
45,88,99
46,34,46
47,77,81
48,75,105
49,75,100
50,43,101
51,89,89
52,49,36
53,40,40
54,29,20
55,81,41
56,73,49
57,63,141
58,35,140
59,81,109
60,86,111
61,72,142
62,74,142
63,36,35
64,75,108
65,62,36
66,60,30
67,55,0
68,33,28
69,59,15
70,31,43
71,27,39
72,90,135
73,83,136
74,78,138
75,82,110
76,73,142
77,76,143
78,75,142
79,83,107
80,82,140
81,86,140
82,92,140
83,91,158
84,91,150
85,91,146
86,91,143
87,92,140
88,82,140
89,80,142
90,79,144
91,78,146
92,70,128
93,27,102
94,97,112
95,78,141
96,77,142
97,88,114
98,78,112
99,87,112
100,70,86
101,59,91
102,74,104
103,38,9
104,43,19
105,46,30
106,75,152
107,77,31
108,76,13
109,73,-3
110,50,68
111,35,76
112,80,64
113,39,56
114,82,75
115,78,102
116,27,82
117,39,82
118,48,84
119,61,82
120,71,79
121,78,74
122,90,64
123,29,99
124,34,55
125,92,110
126,78,88
127,23,67
128,84,70
129,74,104
130,44,61
131,79,97
132,30,121
133,80,61
134,83,92
135,45,158
136,47,167
137,25,101
138,38,148
139,25,52
140,72,182
141,94,112
142,72,94
143,29,67
144,56,65
145,62,66
146,74,144
147,31,114
148,86,192
149,65,183
150,57,176
151,96,13
152,101,193
153,68,65
154,74,63
155,78,62
156,30,53
157,73,55
158,67,54
159,60,54
160,54,55
161,51,58
162,22,49
163,52,64
164,98,120
165,76,123
166,80,108
167,88,120
168,97,52
169,54,167
170,63,175
171,85,186
172,41,156
173,78,58
174,86,77
175,100,187
176,74,189
177,28,118
178,86,140
179,85,142
180,84,145
181,83,149
182,82,155
183,77,140
184,75,140
185,74,139
186,65,134
187,39,118
188,86,69
189,84,54
190,80,55
191,78,141
192,39,136
193,89,53
194,78,164
195,96,79
196,90,73
197,96,71
198,81,90
199,100,179
200,100,168
201,88,168
202,62,152
203,69,111
204,69,159
205,53,110
206,62,118
207,47,123
208,86,178
209,78,94
210,56,158
211,65,166
212,56,143
213,33,127
214,47,144
215,32,134
216,57,129
217,82,83
218,81,105
219,77,107
220,83,100
221,77,47
222,64,42
223,53,43
224,45,45
225,40,49
226,40,63
227,23,84
228,45,74
229,52,76
230,62,76
231,71,73
232,78,70
233,82,67
234,25,85
235,78,109
236,85,84
237,85,106
238,89,109
239,85,107
240,80,111
241,90,110
242,91,112
243,82,61
244,86,62
245,87,63
246,49,59
247,43,56
248,102,80
249,153,58
250,104,110
251,184,26
252,132,65
253,140,65
254,147,65
255,157,60
256,126,62
257,142,41
258,134,42
259,151,42
260,156,46
261,163,65
262,129,172
263,156,55
264,188,61
265,172,59
266,136,98
267,107,130
268,106,137
269,116,132
270,122,134
271,114,137
272,119,137
273,134,146
274,102,106
275,103,98
276,167,38
277,121,79
278,121,103
279,122,99
280,160,96
281,102,88
282,147,29
283,158,32
284,175,13
285,113,38
286,126,45
287,140,139
288,185,135
289,115,108
290,109,110
291,129,138
292,128,138
293,163,27
294,122,106
295,132,31
296,133,24
297,141,-4
298,169,21
299,136,11
300,172,34
301,178,32
302,107,134
303,115,134
304,121,135
305,114,109
306,128,138
307,125,140
308,127,138
309,111,105
310,118,138
311,113,138
312,106,139
313,109,158
314,108,149
315,107,145
316,106,142
317,106,139
318,118,138
319,119,139
320,121,141
321,122,144
322,130,126
323,192,96
324,122,138
325,124,139
326,107,113
327,119,111
328,108,112
329,129,83
330,142,88
331,123,102
332,162,2
333,156,13
334,150,23
335,127,150
336,114,27
337,117,11
338,120,-6
339,153,63
340,172,70
341,121,60
342,164,49
343,115,74
344,116,100
345,180,76
346,167,76
347,157,80
348,142,79
349,131,75
350,123,72
351,104,64
352,179,93
353,170,48
354,100,110
355,120,86
356,193,60
357,116,68
358,124,102
359,159,55
360,116,95
361,190,115
362,121,58
363,109,91
364,166,155
365,167,164
366,189,94
367,176,144
368,183,45
369,132,181
370,100,112
371,127,92
372,179,60
373,146,61
374,140,61
375,126,141
376,179,109
377,117,192
378,143,181
379,154,174
380,133,60
381,127,59
382,123,58
383,176,46
384,128,52
385,135,50
386,141,49
387,148,51
388,151,53
389,190,41
390,150,59
391,123,122
392,115,106
393,108,120
394,155,165
395,144,173
396,117,186
397,177,152
398,123,55
399,109,76
400,131,187
401,187,112
402,112,138
403,114,140
404,115,143
405,116,147
406,119,154
407,124,137
408,125,137
409,127,136
410,136,132
411,167,113
412,110,68
413,115,51
414,120,52
415,123,138
416,170,132
417,107,52
418,124,163
419,103,72
420,115,88
421,112,167
422,142,149
423,131,108
424,134,157
425,149,106
426,138,116
427,157,119
428,115,177
429,120,93
430,151,156
431,140,165
432,149,140
433,178,122
434,160,141
435,184,128
436,145,126
437,114,81
438,113,104
439,119,106
440,109,99
441,120,44
442,133,38
443,144,37
444,153,38
445,160,42
446,165,57
447,189,77
448,159,69
449,151,71
450,141,71
451,132,70
452,124,67
453,119,64
454,193,78
455,119,108
456,109,83
457,108,105
458,104,109
459,108,106
460,117,110
461,102,110
462,102,111
463,118,58
464,114,60
465,111,61
466,154,54
467,159,50
468,64,59
469,71,58
470,63,52
471,56,59
472,64,66
473,140,54
474,148,54
475,140,47
476,133,54
477,140,61
