0,99,132
1,103,104
2,100,113
3,96,80
4,103,96
5,103,87
6,101,64
7,43,60
8,101,43
9,102,33
10,103,0
11,99,135
12,99,138
13,98,140
14,98,140
15,98,144
16,98,149
17,98,154
18,96,164
19,102,109
20,94,109
21,12,31
22,63,67
23,55,68
24,48,67
25,39,63
26,69,65
27,55,42
28,64,43
29,47,44
30,41,47
31,32,68
32,64,176
33,41,58
34,7,65
35,23,61
36,59,100
37,90,130
38,91,137
39,81,133
40,74,136
41,83,138
42,77,139
43,61,149
44,96,104
45,96,96
46,32,39
47,75,81
48,77,103
49,76,100
50,35,99
51,96,87
52,52,30
53,41,33
54,23,17
55,85,37
56,70,47
57,55,141
58,5,140
59,83,108
60,89,110
61,65,141
62,67,141
63,37,28
64,76,107
65,67,30
66,67,24
67,58,1
68,29,23
69,63,14
70,27,36
71,19,35
72,90,134
73,82,135
74,75,137
75,84,110
76,66,141
77,70,142
78,68,140
79,87,105
80,78,140
81,84,139
82,91,139
83,86,163
84,89,153
85,89,148
86,90,143
87,91,139
88,78,140
89,76,141
90,75,144
91,74,147
92,66,127
93,0,100
94,101,111
95,73,140
96,72,141
97,91,113
98,78,112
99,90,112
100,67,86
101,54,91
102,74,104
103,37,7
104,43,16
105,51,23
106,67,155
107,84,26
108,82,15
109,79,0
110,42,66
111,23,74
112,74,63
113,33,51
114,81,76
115,82,100
116,14,80
117,28,79
118,38,82
119,53,81
120,64,78
121,72,74
122,94,66
123,14,97
124,27,49
125,98,108
126,77,89
127,1,65
128,79,70
129,73,105
130,37,58
131,82,95
132,1,120
133,74,60
134,88,90
135,27,159
136,23,169
137,4,99
138,16,148
139,13,49
140,61,184
141,98,111
142,69,94
143,15,63
144,50,63
145,56,63
146,69,143
147,14,112
148,75,195
149,49,185
150,37,179
151,103,16
152,93,197
153,62,63
154,68,61
155,72,61
156,20,48
157,68,54
158,62,51
159,56,51
160,49,53
161,45,55
162,6,47
163,46,62
164,100,120
165,74,123
166,83,106
167,90,120
168,101,54
169,38,169
170,49,176
171,76,189
172,13,157
173,73,57
174,88,77
175,94,191
176,61,191
177,5,116
178,84,139
179,83,142
180,81,146
181,81,150
182,75,160
183,72,140
184,70,139
185,69,138
186,60,134
187,27,116
188,88,70
189,81,53
190,76,54
191,73,140
192,23,136
193,89,53
194,69,167
195,102,79
196,94,73
197,102,72
198,83,89
199,95,183
200,96,173
201,82,172
202,51,153
203,65,111
204,59,161
205,46,109
206,57,118
207,39,122
208,78,181
209,77,94
210,43,159
211,53,168
212,46,143
213,15,126
214,34,145
215,8,133
216,51,128
217,83,83
218,85,103
219,80,106
220,89,98
221,76,44
222,65,39
223,55,38
224,45,39
225,38,44
226,31,59
227,4,82
228,36,71
229,44,74
230,54,74
231,63,72
232,71,69
233,76,67
234,0,83
235,79,108
236,89,84
237,91,103
238,94,107
239,90,105
240,81,111
241,96,108
242,96,110
243,77,60
244,81,62
245,84,63
246,43,56
247,37,52
248,108,81
249,148,65
250,107,110
251,171,41
252,128,70
253,135,71
254,142,71
255,150,68
256,122,68
257,139,47
258,131,48
259,147,49
260,151,53
261,155,73
262,122,176
263,150,63
264,172,73
265,162,68
266,134,103
267,108,130
268,106,138
269,116,134
270,120,137
271,112,139
272,117,140
273,128,151
274,108,104
275,110,97
276,160,47
277,121,83
278,122,105
279,122,101
280,155,104
281,109,88
282,146,37
283,154,40
284,167,27
285,116,41
286,124,51
287,133,144
288,160,145
289,115,109
290,110,111
291,126,143
292,124,143
293,157,36
294,121,109
295,133,36
296,135,30
297,144,7
298,164,32
299,140,19
300,163,44
301,169,43
302,107,135
303,114,137
304,119,139
305,114,111
306,125,143
307,122,144
308,123,142
309,114,106
310,115,141
311,111,140
312,105,140
313,105,163
314,106,154
315,106,148
316,106,144
317,105,140
318,115,141
319,117,143
320,118,145
321,119,148
322,127,129
323,167,107
324,119,142
325,120,143
326,108,114
327,118,114
328,109,113
329,128,88
330,139,94
331,123,105
332,159,15
333,155,23
334,148,31
335,122,156
336,119,31
337,123,17
338,126,2
339,147,70
340,162,79
341,118,65
342,157,57
343,116,78
344,119,101
345,169,87
346,158,84
347,150,87
348,137,85
349,127,81
350,120,77
351,108,67
352,169,103
353,162,57
354,105,109
355,120,90
356,171,74
357,115,72
358,123,106
359,153,63
360,119,97
361,164,126
362,118,62
363,115,91
364,150,161
365,148,170
366,171,105
367,158,152
368,170,58
369,122,184
370,103,111
371,126,96
372,167,70
373,141,66
374,135,66
375,123,146
376,166,118
377,108,195
378,129,185
379,138,179
380,130,65
381,124,64
382,120,63
383,165,56
384,124,58
385,131,56
386,137,56
387,143,58
388,147,60
389,172,56
390,145,66
391,121,124
392,116,108
393,109,121
394,141,170
395,132,177
396,110,189
397,154,160
398,120,61
399,112,78
400,120,191
401,168,122
402,111,140
403,112,143
404,113,147
405,114,152
406,115,160
407,121,141
408,122,141
409,124,140
410,131,136
411,158,121
412,112,72
413,114,56
414,117,57
415,119,142
416,157,140
417,108,55
418,119,168
419,108,74
420,117,91
421,108,172
422,134,154
423,128,113
424,127,162
425,145,113
426,135,121
427,149,126
428,110,181
429,120,96
430,140,161
431,131,169
432,140,145
433,163,131
434,149,148
435,165,138
436,139,131
437,116,84
438,116,104
439,119,107
440,115,99
441,120,48
442,132,43
443,142,43
444,150,46
445,155,50
446,157,65
447,173,89
448,152,76
449,145,78
450,136,77
451,127,75
452,121,72
453,116,69
454,169,90
455,118,110
456,113,85
457,113,104
458,108,108
459,112,106
460,116,112
461,107,108
462,105,111
463,116,63
464,112,64
465,111,65
466,149,61
467,154,57
468,56,55
469,63,55
470,56,48
471,48,56
472,56,63
473,134,60
474,141,61
475,134,53
476,127,60
477,134,67
