0,93,132
1,91,110
2,95,116
3,86,84
4,90,102
5,90,91
6,94,65
7,47,60
8,94,45
9,93,35
10,92,-7
11,93,135
12,94,139
13,96,142
14,96,141
15,96,146
16,96,151
17,97,156
18,103,164
19,92,113
20,87,113
21,31,28
22,69,65
23,62,67
24,55,67
25,47,62
26,74,64
27,54,47
28,63,47
29,47,48
30,43,50
31,43,67
32,79,174
33,45,58
34,32,62
35,40,61
36,62,100
37,85,130
38,88,139
39,79,132
40,76,134
41,84,138
42,81,138
43,71,145
44,85,110
45,83,102
46,35,45
47,76,81
48,73,105
49,73,101
50,43,99
51,84,92
52,45,39
53,38,41
54,34,15
55,75,46
56,71,50
57,65,138
58,49,131
59,78,110
60,84,112
61,75,138
62,77,138
63,36,35
64,74,108
65,57,41
66,55,35
67,52,0
68,35,25
69,56,15
70,34,40
71,32,34
72,86,135
73,81,135
74,78,136
75,80,111
76,76,138
77,77,141
78,77,138
79,79,109
80,83,140
81,86,140
82,90,141
83,93,163
84,88,155
85,88,150
86,88,145
87,90,141
88,83,140
89,81,142
90,79,144
91,78,147
92,69,127
93,41,93
94,94,115
95,80,139
96,79,140
97,86,115
98,77,112
99,85,114
100,69,85
101,58,90
102,73,104
103,40,6
104,43,18
105,43,33
106,77,153
107,71,37
108,72,14
109,69,-5
110,49,66
111,39,73
112,77,62
113,40,53
114,80,76
115,75,104
116,32,78
117,40,79
118,45,83
119,58,81
120,68,77
121,74,73
122,87,67
123,33,94
124,37,52
125,89,113
126,76,89
127,35,59
128,79,70
129,73,104
130,44,58
131,75,98
132,44,111
133,78,59
134,79,95
135,55,153
136,60,160
137,33,94
138,47,142
139,32,47
140,80,182
141,91,114
142,71,94
143,38,62
144,54,62
145,61,62
146,76,142
147,35,109
148,93,193
149,75,180
150,68,172
151,92,13
152,108,196
153,67,61
154,73,60
155,76,59
156,36,50
157,71,54
158,65,53
159,58,52
160,51,53
161,48,55
162,32,42
163,50,62
164,97,121
165,75,123
166,78,109
167,87,122
168,95,54
169,64,164
170,71,173
171,91,188
172,54,147
173,76,57
174,83,80
175,106,191
176,83,188
177,36,111
178,86,140
179,84,143
180,82,147
181,82,152
182,84,159
183,79,138
184,77,137
185,75,136
186,66,131
187,41,115
188,84,71
189,81,55
190,77,55
191,81,139
192,45,132
193,84,56
194,82,166
195,92,83
196,86,76
197,93,74
198,78,91
199,105,183
200,104,173
201,92,171
202,66,149
203,68,110
204,73,159
205,52,109
206,62,118
207,49,121
208,91,181
209,76,95
210,63,156
211,71,165
212,59,139
213,39,122
214,52,141
215,41,127
216,58,127
217,79,84
218,77,107
219,75,108
220,78,103
221,73,49
222,60,45
223,50,44
224,42,45
225,39,48
226,42,60
227,32,78
228,45,71
229,51,74
230,60,73
231,69,71
232,75,68
233,79,66
234,39,75
235,76,110
236,81,87
237,80,108
238,85,112
239,82,109
240,78,112
241,86,113
242,88,114
243,79,60
244,82,62
245,82,64
246,46,57
247,42,53
248,99,83
249,156,57
250,102,113
251,195,18
252,133,66
253,141,66
254,149,65
255,160,59
256,126,65
257,144,42
258,135,44
259,153,43
260,159,46
261,168,63
262,137,175
263,160,55
264,200,54
265,179,56
266,141,98
267,103,130
268,105,139
269,116,132
270,126,134
271,115,138
272,123,138
273,144,145
274,98,109
275,98,102
276,171,38
277,123,79
278,121,104
279,122,100
280,169,95
281,98,92
282,149,33
283,161,34
284,183,6
285,112,44
286,127,48
287,150,136
288,202,129
289,115,109
290,109,112
291,138,137
292,136,138
293,166,28
294,123,107
295,132,36
296,133,29
297,142,-7
298,175,16
299,136,9
300,177,33
301,187,25
302,104,135
303,115,135
304,124,136
305,114,111
306,137,137
307,132,140
308,135,138
309,109,108
310,122,139
311,114,140
312,105,141
313,115,163
314,108,155
315,107,150
316,106,145
317,105,141
318,122,139
319,124,141
320,126,144
321,128,146
322,136,125
323,209,87
324,129,139
325,130,139
326,106,115
327,121,111
328,108,114
329,133,82
330,147,87
331,125,103
332,166,-2
333,159,10
334,151,26
335,136,152
336,113,34
337,115,11
338,118,-9
339,156,63
340,178,68
341,121,63
342,168,48
343,117,75
344,114,103
345,191,72
346,172,75
347,160,79
348,144,79
349,131,77
350,123,74
351,102,66
352,191,89
353,176,46
354,96,113
355,122,87
356,207,51
357,116,70
358,127,102
359,164,54
360,116,97
361,207,107
362,121,60
363,107,94
364,178,153
365,181,161
366,203,89
367,190,141
368,194,39
369,140,183
370,97,114
371,130,92
372,188,56
373,148,61
374,141,62
375,134,141
376,192,106
377,125,194
378,153,181
379,166,173
380,134,62
381,127,61
382,123,61
383,183,43
384,129,53
385,136,50
386,143,49
387,150,50
388,155,52
389,202,33
390,153,60
391,126,122
392,115,108
393,108,121
394,165,165
395,153,174
396,124,189
397,193,147
398,124,57
399,108,78
400,139,189
401,202,107
402,114,140
403,116,143
404,117,147
405,119,152
406,127,158
407,130,138
408,132,137
409,133,136
410,145,130
411,178,112
412,109,70
413,114,55
414,120,55
415,129,139
416,183,130
417,106,56
418,133,166
419,101,75
420,115,90
421,118,172
422,152,149
423,135,108
424,144,159
425,156,106
426,145,116
427,166,119
428,122,181
429,121,93
430,161,156
431,149,166
432,159,138
433,191,119
434,171,140
435,199,124
436,154,125
437,115,83
438,111,107
439,118,107
440,106,102
441,120,48
442,133,41
443,146,39
444,156,40
445,164,43
446,170,55
447,203,71
448,163,68
449,154,71
450,143,72
451,132,71
452,124,69
453,118,67
454,208,68
455,119,109
456,107,86
457,104,108
458,101,112
459,105,109
460,118,111
461,99,113
462,100,114
463,118,61
464,114,63
465,110,65
466,157,53
467,163,49
468,56,57
469,62,57
470,55,51
471,50,57
472,57,63
473,141,55
474,150,55
475,141,47
476,132,55
477,141,63
