0,100,131
1,104,116
2,101,120
3,97,90
4,105,110
5,105,99
6,103,70
7,44,56
8,103,47
9,104,37
10,105,-3
11,100,135
12,100,138
13,99,140
14,99,141
15,99,146
16,99,152
17,99,158
18,96,158
19,103,119
20,95,117
21,12,17
22,67,64
23,59,65
24,51,65
25,40,57
26,74,63
27,55,41
28,64,42
29,47,41
30,41,44
31,34,62
32,68,164
33,40,52
34,8,51
35,25,55
36,62,100
37,92,129
38,92,138
39,82,132
40,76,135
41,85,138
42,79,138
43,65,144
44,98,116
45,98,109
46,32,38
47,77,81
48,78,109
49,78,104
50,38,96
51,98,99
52,51,33
53,40,34
54,22,7
55,86,44
56,72,46
57,60,138
58,12,114
59,84,113
60,90,116
61,69,139
62,71,139
63,36,28
64,78,111
65,66,36
66,65,30
67,57,-3
68,29,18
69,62,13
70,27,33
71,19,26
72,92,134
73,84,135
74,78,136
75,85,114
76,70,139
77,73,142
78,72,139
79,88,113
80,80,139
81,86,140
82,92,140
83,87,157
84,89,157
85,90,152
86,91,145
87,92,140
88,80,140
89,79,142
90,77,145
91,75,148
92,70,128
93,4,76
94,102,119
95,76,139
96,75,140
97,92,119
98,80,115
99,91,117
100,69,84
101,57,89
102,76,106
103,36,0
104,42,13
105,49,27
106,70,149
107,84,34
108,83,15
109,80,-4
110,44,62
111,25,67
112,78,61
113,34,47
114,83,77
115,84,108
116,16,71
117,31,75
118,42,80
119,57,80
120,68,77
121,76,74
122,95,71
123,18,87
124,27,45
125,100,118
126,79,90
127,4,44
128,82,71
129,75,105
130,37,52
131,83,102
132,7,94
133,77,58
134,90,100
135,33,142
136,31,145
137,8,82
138,23,129
139,13,37
140,65,170
141,99,119
142,71,94
143,17,54
144,52,60
145,60,61
146,71,143
147,19,101
148,77,179
149,54,165
150,43,157
151,105,17
152,92,181
153,66,60
154,72,59
155,76,59
156,21,42
157,70,51
158,63,47
159,56,47
160,49,48
161,45,49
162,7,29
163,47,58
164,100,125
165,77,125
166,84,113
167,91,125
168,102,57
169,44,152
170,54,161
171,78,176
172,21,131
173,75,56
174,90,83
175,93,178
176,65,173
177,10,98
178,86,140
179,84,144
180,83,148
181,81,153
182,78,154
183,75,139
184,73,138
185,72,137
186,64,132
187,32,109
188,89,74
189,84,54
190,78,54
191,76,139
192,29,123
193,91,56
194,72,158
195,104,89
196,96,81
197,104,80
198,84,94
199,94,172
200,95,165
201,83,163
202,56,145
203,68,110
204,63,152
205,50,107
206,61,117
207,43,117
208,80,170
209,79,97
210,48,148
211,57,156
212,51,136
213,21,112
214,39,135
215,14,113
216,55,125
217,84,86
218,86,112
219,81,112
220,90,109
221,78,47
222,65,41
223,54,39
224,44,39
225,37,42
226,32,54
227,7,66
228,38,67
229,47,71
230,58,71
231,68,70
232,75,68
233,80,66
234,3,59
235,81,113
236,91,91
237,92,114
238,95,117
239,92,114
240,82,115
241,97,118
242,97,118
243,80,59
244,84,63
245,87,66
246,42,51
247,38,47
248,110,90
249,147,57
250,109,117
251,170,22
252,125,65
253,133,66
254,140,65
255,148,59
256,119,63
257,140,43
258,131,44
259,148,45
260,151,47
261,153,64
262,117,163
263,149,54
264,168,53
265,159,57
266,132,100
267,108,129
268,106,137
269,114,131
270,118,134
271,111,137
272,115,137
273,123,143
274,110,116
275,112,109
276,161,41
277,120,81
278,122,109
279,122,104
280,150,96
281,111,99
282,150,36
283,158,37
284,167,12
285,118,44
286,123,48
287,128,137
288,149,113
289,117,113
290,112,116
291,122,138
292,121,138
293,161,31
294,121,111
295,137,38
296,139,31
297,146,0
298,164,22
299,142,17
300,164,36
301,168,30
302,107,134
303,113,134
304,117,135
305,115,114
306,121,138
307,120,141
308,120,138
309,116,113
310,114,139
311,110,139
312,105,140
313,104,157
314,107,157
315,107,151
316,106,145
317,105,140
318,114,139
319,115,141
320,117,144
321,118,147
322,124,128
323,160,77
324,116,138
325,118,139
326,109,119
327,118,115
328,111,118
329,126,85
330,136,90
331,122,107
332,160,4
333,157,18
334,153,29
335,118,148
336,122,35
337,126,17
338,129,-2
339,145,63
340,159,69
341,116,62
342,156,49
343,116,78
344,120,108
345,165,72
346,156,77
347,148,81
348,135,80
349,126,77
350,119,74
351,109,71
352,162,88
353,161,48
354,107,118
355,119,90
356,167,47
357,115,71
358,122,106
359,151,54
360,120,102
361,155,94
362,116,59
363,116,100
364,140,140
365,137,143
366,164,83
367,147,128
368,168,41
369,117,168
370,105,119
371,124,95
372,163,57
373,140,61
374,133,62
375,121,142
376,158,101
377,106,178
378,122,163
379,129,155
380,127,61
381,121,59
382,117,59
383,164,45
384,123,52
385,130,49
386,138,49
387,144,50
388,147,52
389,170,33
390,144,59
391,119,125
392,118,113
393,109,125
394,132,150
395,125,159
396,107,175
397,143,129
398,118,56
399,113,83
400,115,172
401,159,98
402,110,139
403,112,143
404,113,148
405,114,153
406,112,153
407,118,137
408,119,137
409,121,136
410,126,132
411,151,109
412,113,74
413,113,54
414,116,54
415,116,138
416,147,122
417,110,56
418,114,157
419,110,81
420,117,95
421,105,163
422,128,143
423,126,110
424,122,151
425,141,108
426,131,117
427,143,117
428,106,170
429,119,97
430,132,146
431,125,154
432,134,135
433,154,112
434,141,133
435,154,112
436,134,125
437,116,87
438,118,112
439,120,112
440,116,109
441,120,47
442,133,42
443,144,41
444,152,42
445,156,45
446,155,56
447,167,68
448,150,69
449,143,72
450,134,72
451,125,70
452,119,68
453,115,66
454,163,62
455,119,113
456,114,92
457,114,114
458,110,116
459,114,114
460,117,115
461,109,118
462,108,118
463,114,60
464,112,63
465,111,66
466,148,53
467,153,50
468,56,52
469,64,52
470,57,44
471,48,52
472,56,60
473,134,54
474,141,54
475,134,46
476,126,53
477,134,61
