0,99,128
1,97,109
2,98,114
3,91,84
4,97,102
5,97,92
6,98,66
7,47,60
8,98,44
9,98,34
10,97,5
11,99,132
12,99,137
13,99,141
14,99,141
15,99,146
16,99,153
17,100,159
18,98,163
19,97,112
20,91,111
21,24,32
22,68,67
23,60,68
24,54,68
25,44,62
26,74,65
27,56,43
28,65,45
29,48,45
30,43,48
31,39,67
32,73,165
33,44,57
34,21,61
35,32,60
36,63,99
37,91,126
38,92,137
39,82,130
40,77,134
41,85,138
42,81,138
43,68,146
44,91,108
45,90,102
46,34,39
47,77,80
48,75,105
49,75,101
50,44,97
51,91,92
52,50,33
53,40,34
54,29,21
55,81,42
56,72,49
57,63,138
58,31,122
59,81,109
60,86,111
61,72,140
62,74,140
63,37,29
64,75,108
65,63,35
66,62,29
67,55,7
68,33,27
69,59,19
70,31,36
71,28,36
72,91,132
73,84,134
74,79,136
75,82,110
76,73,140
77,76,143
78,75,140
79,84,107
80,82,140
81,87,140
82,93,140
83,89,161
84,91,158
85,91,152
86,92,145
87,93,140
88,82,140
89,81,142
90,79,145
91,77,149
92,70,126
93,22,87
94,98,113
95,79,140
96,77,141
97,88,114
98,78,112
99,87,113
100,70,84
101,59,89
102,74,104
103,39,12
104,43,21
105,47,27
106,73,151
107,79,33
108,77,20
109,74,5
110,48,66
111,33,72
112,78,64
113,38,51
114,82,76
115,79,103
116,26,76
117,37,78
118,46,82
119,59,80
120,69,77
121,76,74
122,91,68
123,28,91
124,33,49
125,94,111
126,77,88
127,20,58
128,82,71
129,74,104
130,41,57
131,79,98
132,25,104
133,78,61
134,85,94
135,45,144
136,45,150
137,22,89
138,38,133
139,24,47
140,71,171
141,95,113
142,71,93
143,27,61
144,54,63
145,60,64
146,74,144
147,31,104
148,84,182
149,63,168
150,55,160
151,98,21
152,99,184
153,66,63
154,72,62
155,76,61
156,29,47
157,71,55
158,64,52
159,58,52
160,51,53
161,47,54
162,21,43
163,49,62
164,98,120
165,76,122
166,81,108
167,88,120
168,98,55
169,53,154
170,62,163
171,83,178
172,38,138
173,76,59
174,86,79
175,99,181
176,72,176
177,26,104
178,87,140
179,85,144
180,84,149
181,83,154
182,80,157
183,77,139
184,75,138
185,74,137
186,66,132
187,41,110
188,86,71
189,83,56
190,79,56
191,79,140
192,41,126
193,89,56
194,76,160
195,98,83
196,91,76
197,98,75
198,81,91
199,99,174
200,99,168
201,87,166
202,61,146
203,68,109
204,67,154
205,54,107
206,63,116
207,50,117
208,85,172
209,77,94
210,55,149
211,63,157
212,56,137
213,34,116
214,48,135
215,30,119
216,59,125
217,82,84
218,82,106
219,78,107
220,84,102
221,76,48
222,64,41
223,53,40
224,45,41
225,40,44
226,37,59
227,21,75
228,43,71
229,50,73
230,60,74
231,69,72
232,75,69
233,80,67
234,21,72
235,78,109
236,86,87
237,86,107
238,90,110
239,87,108
240,80,111
241,92,111
242,92,112
243,81,61
244,84,64
245,86,65
246,45,56
247,41,52
248,104,84
249,149,60
250,104,111
251,174,32
252,129,67
253,136,68
254,143,68
255,152,63
256,123,66
257,139,43
258,131,44
259,147,45
260,152,48
261,157,67
262,125,166
263,152,57
264,177,61
265,165,60
266,133,99
267,107,126
268,107,137
269,116,130
270,122,134
271,113,137
272,118,138
273,129,146
274,103,108
275,105,102
276,161,40
277,119,81
278,120,105
279,121,101
280,153,97
281,104,92
282,144,33
283,154,35
284,168,21
285,113,41
286,124,49
287,134,139
288,168,122
289,114,109
290,109,111
291,127,140
292,126,140
293,157,30
294,120,108
295,131,34
296,132,28
297,140,7
298,164,27
299,137,19
300,165,36
301,170,36
302,107,132
303,115,134
304,120,136
305,113,110
306,126,140
307,124,143
308,125,140
309,111,107
310,117,140
311,112,140
312,106,140
313,108,162
314,108,158
315,108,152
316,107,145
317,106,140
318,117,140
319,118,143
320,120,146
321,122,149
322,126,126
323,177,88
324,120,140
325,122,141
326,107,114
327,118,112
328,108,113
329,127,84
330,138,89
331,122,104
332,158,12
333,154,21
334,146,27
335,124,152
336,115,31
337,118,20
338,121,5
339,149,66
340,165,72
341,119,64
342,158,51
343,115,76
344,116,103
345,171,76
346,160,78
347,151,82
348,137,81
349,127,78
350,120,75
351,105,68
352,169,91
353,163,49
354,101,112
355,119,88
356,179,58
357,115,71
358,122,104
359,155,57
360,116,98
361,174,104
362,119,61
363,111,94
364,154,145
365,154,150
366,176,90
367,161,133
368,174,48
369,127,172
370,100,113
371,125,93
372,171,60
373,142,64
374,136,64
375,125,144
376,167,105
377,115,182
378,136,169
379,145,161
380,130,63
381,124,62
382,120,62
383,168,47
384,126,55
385,132,52
386,139,51
387,145,53
388,149,55
389,178,44
390,146,62
391,120,123
392,114,108
393,108,121
394,146,155
395,137,163
396,115,178
397,161,138
398,121,59
399,110,79
400,127,176
401,173,105
402,112,140
403,113,144
404,115,149
405,116,154
406,118,157
407,122,139
408,124,138
409,125,137
410,130,132
411,157,110
412,110,71
413,114,55
414,118,56
415,120,140
416,158,126
417,107,55
418,122,161
419,104,76
420,114,91
421,111,166
422,137,146
423,128,109
424,130,154
425,143,107
426,134,116
427,148,117
428,113,172
429,118,95
430,143,149
431,135,158
432,141,137
433,164,116
434,150,136
435,168,119
436,138,125
437,114,84
438,113,106
439,118,107
440,111,102
441,119,47
442,131,41
443,141,40
444,150,42
445,156,45
446,159,59
447,178,75
448,153,71
449,146,74
450,137,74
451,128,72
452,121,70
453,116,67
454,178,73
455,117,109
456,109,87
457,109,107
458,105,110
459,109,108
460,115,111
461,103,111
462,103,112
463,116,62
464,113,63
465,110,65
466,150,56
467,155,52
468,60,58
469,68,57
470,60,51
471,52,58
472,60,64
473,138,57
474,145,57
475,138,50
476,130,57
477,138,64
