0,96,135
1,92,113
2,95,118
3,87,87
4,92,106
5,92,96
6,94,68
7,49,60
8,94,45
9,94,34
10,94,-4
11,97,138
12,97,140
13,97,142
14,97,142
15,97,146
16,98,151
17,98,156
18,99,157
19,93,116
20,87,115
21,31,24
22,68,68
23,61,68
24,55,68
25,47,62
26,73,66
27,56,44
28,65,46
29,49,45
30,45,48
31,42,66
32,77,163
33,47,57
34,31,56
35,36,58
36,63,99
37,88,133
38,90,139
39,81,133
40,77,134
41,84,138
42,80,137
43,71,141
44,87,113
45,85,106
46,37,39
47,76,81
48,73,107
49,73,103
50,45,96
51,86,96
52,49,35
53,41,35
54,33,13
55,78,46
56,71,50
57,66,135
58,46,116
59,79,111
60,84,114
61,70,135
62,72,136
63,39,29
64,74,109
65,61,38
66,60,32
67,53,0
68,34,22
69,56,15
70,34,34
71,31,30
72,89,136
73,82,136
74,78,136
75,80,112
76,71,135
77,74,139
78,73,136
79,80,111
80,81,138
81,85,140
82,91,141
83,91,156
84,89,155
85,89,150
86,90,145
87,91,141
88,81,138
89,79,140
90,77,142
91,76,145
92,71,126
93,38,81
94,94,117
95,77,137
96,76,138
97,86,117
98,77,113
99,85,115
100,70,85
101,59,89
102,73,105
103,39,4
104,42,16
105,47,28
106,76,147
107,76,37
108,73,15
109,71,-3
110,50,66
111,36,70
112,77,65
113,40,50
114,80,77
115,76,106
116,32,73
117,39,77
118,47,82
119,60,81
120,69,78
121,75,75
122,88,69
123,34,89
124,36,48
125,90,116
126,76,89
127,33,51
128,80,72
129,73,104
130,44,56
131,76,100
132,41,98
133,77,62
134,81,98
135,54,141
136,57,145
137,33,86
138,47,130
139,31,42
140,77,169
141,91,117
142,71,94
143,32,58
144,55,64
145,61,65
146,73,139
147,37,102
148,89,179
149,72,165
150,66,157
151,94,15
152,102,181
153,67,64
154,72,63
155,75,62
156,32,44
157,71,55
158,65,52
159,58,52
160,53,53
161,49,54
162,31,36
163,51,62
164,96,123
165,76,123
166,78,110
167,87,123
168,95,56
169,62,152
170,69,160
171,88,176
172,51,133
173,75,59
174,83,82
175,101,179
176,80,173
177,36,101
178,85,140
179,84,143
180,82,147
181,82,151
182,83,152
183,76,136
184,74,135
185,73,134
186,67,130
187,43,109
188,84,73
189,81,57
190,77,57
191,77,137
192,46,124
193,86,58
194,80,157
195,93,87
196,87,79
197,93,78
198,79,93
199,100,173
200,100,165
201,89,163
202,66,143
203,68,109
204,72,151
205,54,107
206,63,116
207,50,117
208,88,170
209,76,96
210,62,146
211,70,155
212,60,134
213,40,113
214,53,133
215,41,115
216,60,124
217,80,85
218,78,109
219,75,110
220,80,106
221,75,50
222,63,43
223,53,41
224,46,42
225,41,44
226,41,57
227,31,71
228,45,70
229,52,74
230,60,74
231,69,72
232,75,70
233,79,68
234,36,66
235,76,111
236,82,90
237,82,111
238,86,114
239,83,112
240,78,113
241,87,115
242,89,116
243,79,63
244,82,65
245,84,67
246,48,56
247,43,51
248,99,87
249,149,60
250,101,115
251,183,20
252,129,67
253,136,67
254,143,67
255,153,62
256,123,66
257,139,45
258,130,47
259,147,46
260,153,48
261,160,66
262,127,165
263,152,58
264,185,54
265,169,59
266,134,99
267,106,132
268,106,139
269,115,133
270,122,133
271,113,138
272,119,136
273,133,142
274,98,113
275,99,106
276,164,38
277,119,81
278,118,107
279,119,102
280,157,96
281,99,96
282,145,33
283,156,34
284,175,9
285,111,47
286,123,51
287,138,135
288,179,117
289,113,111
290,107,114
291,131,134
292,129,134
293,160,27
294,119,109
295,130,38
296,131,31
297,141,-3
298,168,19
299,136,13
300,169,33
301,177,28
302,106,136
303,114,135
304,121,135
305,111,113
306,130,134
307,126,137
308,128,135
309,108,111
310,118,138
311,112,139
312,105,141
313,109,157
314,108,154
315,107,150
316,106,145
317,105,141
318,119,137
319,120,139
320,122,141
321,123,143
322,128,126
323,188,81
324,123,136
325,125,137
326,105,117
327,117,113
328,106,115
329,127,84
330,139,89
331,121,105
332,161,1
333,155,13
334,147,26
335,127,147
336,113,37
337,116,14
338,119,-4
339,149,65
340,169,70
341,118,65
342,161,50
343,113,77
344,113,106
345,177,72
346,164,76
347,154,80
348,139,80
349,128,78
350,120,75
351,102,69
352,176,88
353,167,48
354,97,116
355,118,89
356,189,49
357,114,72
358,122,104
359,156,57
360,114,100
361,185,98
362,118,63
363,106,98
364,160,143
365,161,147
366,184,85
367,170,131
368,181,40
369,129,171
370,97,117
371,125,94
372,176,59
373,142,62
374,136,63
375,128,138
376,174,102
377,116,180
378,139,167
379,149,159
380,130,63
381,124,63
382,120,63
383,173,45
384,125,57
385,132,54
386,138,54
387,144,54
388,148,56
389,187,33
390,146,61
391,120,123
392,113,111
393,106,123
394,150,154
395,140,162
396,116,177
397,171,134
398,121,61
399,107,81
400,128,175
401,182,101
402,112,139
403,114,142
404,116,146
405,117,150
406,119,153
407,124,135
408,126,134
409,127,133
410,134,130
411,164,109
412,107,73
413,113,58
414,117,58
415,123,136
416,165,124
417,105,59
418,123,158
419,101,79
420,112,93
421,112,163
422,140,144
423,129,109
424,133,152
425,147,107
426,136,116
427,153,117
428,114,171
429,117,96
430,147,148
431,137,157
432,146,135
433,173,114
434,156,134
435,178,116
436,142,124
437,112,85
438,110,110
439,116,110
440,106,106
441,118,51
442,130,44
443,141,41
444,150,41
445,157,44
446,162,58
447,186,70
448,156,70
449,148,72
450,138,73
451,128,72
452,121,71
453,116,69
454,189,64
455,116,111
456,106,89
457,104,111
458,101,114
459,105,112
460,114,113
461,99,115
462,99,116
463,116,63
464,112,65
465,109,67
466,150,57
467,156,52
468,62,57
469,69,57
470,61,50
471,54,57
472,62,64
473,137,58
474,145,58
475,137,51
476,129,58
477,137,65
