0,98,133
1,98,118
2,97,121
3,92,90
4,98,111
5,98,99
6,98,69
7,44,59
8,98,46
9,98,36
10,99,-5
11,98,136
12,98,139
13,98,141
14,98,141
15,98,145
16,98,149
17,98,153
18,97,160
19,98,121
20,89,119
21,14,21
22,66,67
23,58,68
24,50,67
25,41,61
26,72,65
27,53,43
28,62,44
29,45,45
30,40,48
31,34,66
32,69,169
33,41,56
34,11,55
35,25,59
36,58,100
37,89,131
38,89,138
39,80,132
40,73,132
41,82,137
42,76,136
43,62,142
44,92,118
45,91,110
46,29,41
47,74,82
48,73,110
49,73,105
50,35,97
51,91,100
52,46,34
53,36,36
54,21,10
55,81,44
56,70,48
57,56,135
58,20,121
59,78,114
60,84,117
61,65,133
62,67,134
63,32,30
64,73,111
65,61,36
66,60,30
67,52,-2
68,26,21
69,57,14
70,24,36
71,19,30
72,89,135
73,81,134
74,75,134
75,80,115
76,66,133
77,70,137
78,67,134
79,82,115
80,77,137
81,83,138
82,90,140
83,86,159
84,89,152
85,89,148
86,89,143
87,90,140
88,77,137
89,76,138
90,74,140
91,73,143
92,64,127
93,11,83
94,97,121
95,73,136
96,71,136
97,87,120
98,75,115
99,86,119
100,66,85
101,53,90
102,71,107
103,33,2
104,38,15
105,44,28
106,68,149
107,79,34
108,76,15
109,73,-4
110,44,65
111,26,71
112,76,63
113,33,50
114,80,78
115,78,109
116,17,74
117,31,77
118,41,81
119,56,81
120,67,78
121,75,75
122,91,71
123,18,90
124,26,49
125,94,121
126,75,91
127,9,50
128,81,71
129,70,106
130,37,56
131,78,103
132,14,102
133,76,60
134,84,101
135,36,147
136,36,152
137,12,87
138,27,135
139,15,41
140,68,177
141,94,121
142,68,95
143,18,59
144,51,63
145,58,64
146,68,138
147,20,104
148,81,188
149,59,174
150,48,165
151,99,15
152,97,190
153,64,63
154,70,62
155,74,61
156,21,46
157,69,53
158,62,50
159,55,50
160,49,51
161,45,53
162,10,34
163,47,61
164,97,126
165,72,125
166,78,114
167,86,125
168,98,57
169,47,158
170,57,167
171,81,183
172,27,139
173,74,58
174,85,84
175,97,186
176,69,182
177,15,103
178,83,139
179,82,141
180,81,144
181,80,148
182,76,155
183,71,134
184,70,134
185,69,133
186,59,130
187,29,111
188,85,74
189,81,55
190,77,55
191,72,135
192,29,127
193,88,56
194,72,162
195,98,89
196,91,81
197,98,80
198,80,95
199,97,178
200,97,169
201,84,167
202,55,145
203,64,110
204,63,154
205,46,108
206,56,117
207,39,118
208,82,176
209,75,98
210,49,151
211,59,160
212,48,136
213,22,116
214,39,136
215,19,119
216,50,125
217,80,87
218,80,114
219,75,113
220,84,110
221,75,48
222,62,42
223,50,40
224,41,42
225,35,45
226,32,58
227,11,71
228,38,70
229,46,73
230,57,73
231,66,72
232,74,69
233,79,67
234,9,66
235,75,113
236,85,92
237,86,116
238,89,119
239,85,116
240,77,115
241,91,120
242,91,120
243,79,61
244,83,63
245,85,65
246,43,55
247,37,51
248,104,90
249,151,60
250,105,119
251,176,21
252,129,67
253,136,68
254,144,67
255,153,61
256,123,66
257,141,44
258,132,45
259,149,45
260,154,48
261,158,65
262,123,169
263,154,56
264,178,54
265,166,58
266,134,100
267,108,132
268,107,138
269,116,133
270,121,134
271,113,137
272,118,137
273,130,141
274,104,118
275,105,110
276,164,41
277,119,82
278,121,109
279,121,104
280,156,95
281,105,100
282,147,36
283,157,37
284,171,10
285,115,45
286,125,49
287,136,134
288,165,120
289,115,114
290,110,117
291,128,135
292,126,135
293,161,31
294,121,111
295,134,38
296,135,32
297,144,-2
298,167,20
299,140,14
300,168,36
301,172,29
302,107,135
303,115,135
304,120,135
305,114,115
306,127,135
307,124,138
308,125,136
309,112,114
310,117,138
311,112,139
312,106,140
313,106,159
314,107,152
315,107,148
316,106,144
317,106,140
318,117,138
319,118,139
320,120,141
321,121,144
322,128,126
323,174,82
324,121,137
325,122,137
326,107,120
327,118,114
328,108,118
329,127,85
330,139,89
331,122,106
332,162,2
333,157,15
334,150,30
335,124,148
336,117,35
337,121,15
338,124,-4
339,150,65
340,165,69
341,119,64
342,160,50
343,114,78
344,117,109
345,172,72
346,161,76
347,152,81
348,138,80
349,127,77
350,120,74
351,105,70
352,170,88
353,166,48
354,102,120
355,119,90
356,178,49
357,115,71
358,122,105
359,156,56
360,117,103
361,170,100
362,119,61
363,111,101
364,152,145
365,151,151
366,175,86
367,160,133
368,175,40
369,124,176
370,101,121
371,125,95
372,172,58
373,143,64
374,137,64
375,125,139
376,168,103
377,111,187
378,132,173
379,141,164
380,130,64
381,124,62
382,121,62
383,170,45
384,126,54
385,132,51
386,139,50
387,146,52
388,150,53
389,178,33
390,148,62
391,121,124
392,116,114
393,108,125
394,143,157
395,134,167
396,112,183
397,158,137
398,121,58
399,110,83
400,123,181
401,172,102
402,112,139
403,113,142
404,114,145
405,115,149
406,116,154
407,122,136
408,124,135
409,125,134
410,133,129
411,160,110
412,110,74
413,114,56
414,118,56
415,121,137
416,160,125
417,108,57
418,120,161
419,105,81
420,115,95
421,108,167
422,136,144
423,129,110
424,128,153
425,146,107
426,136,116
427,152,117
428,111,176
429,118,97
430,141,149
431,132,160
432,142,135
433,166,115
434,151,135
435,167,118
436,141,123
437,114,87
438,115,113
439,119,112
440,112,110
441,120,49
442,133,43
443,144,42
444,153,43
445,158,45
446,161,57
447,177,70
448,155,69
449,147,73
450,137,73
451,128,72
452,121,69
453,116,67
454,176,65
455,118,113
456,110,92
457,110,115
458,106,118
459,110,116
460,116,115
461,104,120
462,103,120
463,116,62
464,113,64
465,111,66
466,152,55
467,157,51
468,58,56
469,66,56
470,58,49
471,50,56
472,58,64
473,136,56
474,145,56
475,136,48
476,127,56
477,136,64
