0,96,134
1,87,114
2,95,119
3,84,85
4,86,106
5,87,95
6,92,64
7,56,55
8,92,39
9,90,27
10,88,-14
11,96,137
12,97,140
13,99,142
14,99,142
15,99,147
16,99,151
17,100,156
18,106,161
19,89,117
20,86,116
21,41,18
22,76,64
23,69,65
24,62,64
25,56,56
26,81,62
27,61,38
28,69,39
29,55,39
30,52,42
31,52,61
32,90,167
33,55,51
34,47,52
35,49,52
36,69,99
37,90,131
38,93,139
39,86,132
40,84,133
41,90,138
42,88,138
43,82,145
44,82,113
45,80,106
46,43,33
47,80,79
48,76,107
49,76,102
50,55,96
51,82,95
52,51,27
53,45,28
54,40,6
55,78,37
56,77,43
57,78,138
58,73,117
59,81,112
60,85,115
61,84,137
62,85,137
63,42,22
64,78,110
65,61,30
66,59,23
67,53,-9
68,40,15
69,56,7
70,41,28
71,40,25
72,91,136
73,88,135
74,86,136
75,82,113
76,85,137
77,86,140
78,86,137
79,80,111
80,90,139
81,92,140
82,95,141
83,99,160
84,94,154
85,93,150
86,93,145
87,95,141
88,89,139
89,88,141
90,87,143
91,86,145
92,78,128
93,62,80
94,92,118
95,88,138
96,87,139
97,88,118
98,81,114
99,86,117
100,75,83
101,65,88
102,77,105
103,44,-3
104,45,9
105,48,20
106,87,151
107,74,27
108,70,7
109,68,-12
110,58,61
111,48,66
112,84,59
113,49,44
114,82,74
115,76,106
116,46,71
117,49,75
118,55,80
119,66,79
120,75,76
121,80,72
122,87,66
123,48,88
124,46,41
125,86,117
126,80,88
127,52,47
128,84,69
129,79,104
130,53,50
131,77,100
132,67,98
133,84,56
134,79,97
135,75,144
136,81,148
137,52,84
138,69,132
139,43,37
140,92,172
141,89,118
142,76,93
143,47,52
144,62,60
145,68,61
146,85,141
147,53,103
148,103,183
149,92,168
150,87,160
151,89,7
152,115,186
153,74,60
154,80,58
155,83,57
156,44,38
157,78,49
158,71,46
159,65,46
160,59,47
161,56,49
162,45,31
163,58,58
164,96,125
165,81,125
166,79,111
167,89,125
168,93,51
169,81,154
170,87,163
171,100,180
172,77,134
173,82,54
174,83,79
175,112,183
176,96,177
177,58,101
178,92,140
179,90,143
180,89,146
181,89,151
182,92,156
183,86,137
184,85,136
185,84,135
186,77,133
187,57,110
188,85,70
189,85,50
190,83,51
191,88,138
192,64,125
193,87,52
194,91,161
195,89,84
196,85,76
197,90,75
198,80,92
199,109,177
200,107,168
201,99,167
202,79,146
203,75,110
204,85,154
205,62,108
206,71,118
207,62,119
208,98,174
209,79,95
210,78,149
211,85,158
212,73,138
213,59,115
214,69,136
215,63,116
216,70,127
217,81,84
218,78,110
219,77,110
220,77,106
221,78,42
222,66,36
223,56,34
224,50,36
225,47,39
226,51,51
227,49,68
228,54,66
229,59,70
230,68,71
231,76,69
232,81,66
233,84,64
234,58,63
235,79,112
236,81,88
237,79,111
238,84,115
239,81,112
240,81,114
241,85,116
242,87,117
243,85,57
244,87,60
245,86,63
246,55,50
247,51,45
248,95,85
249,155,54
250,99,116
251,197,9
252,132,64
253,140,64
254,148,63
255,160,56
256,125,62
257,141,35
258,132,37
259,150,36
260,157,39
261,168,61
262,137,171
263,159,51
264,202,48
265,179,53
266,137,100
267,104,133
268,106,140
269,115,135
270,124,137
271,114,140
272,122,140
273,139,148
274,93,114
275,93,106
276,168,30
277,120,79
278,116,108
279,118,103
280,164,97
281,94,95
282,143,20
283,157,23
284,183,-2
285,107,34
286,124,42
287,144,141
288,207,121
289,111,113
290,106,116
291,136,139
292,134,140
293,162,16
294,118,111
295,127,23
296,127,16
297,138,-15
298,172,8
299,131,2
300,175,25
301,186,18
302,105,137
303,115,138
304,123,139
305,110,115
306,135,140
307,130,142
308,133,140
309,105,112
310,122,141
311,114,142
312,106,142
313,115,161
314,109,156
315,108,151
316,107,146
317,107,142
318,122,141
319,123,143
320,124,145
321,126,148
322,130,130
323,215,79
324,127,140
325,129,141
326,104,119
327,117,115
328,104,117
329,129,83
330,143,88
331,120,106
332,163,-11
333,155,2
334,146,13
335,133,153
336,108,21
337,110,5
338,113,-15
339,156,61
340,178,67
341,120,60
342,167,43
343,114,74
344,109,107
345,190,69
346,171,74
347,159,79
348,142,78
349,131,76
350,122,72
351,100,65
352,189,88
353,174,41
354,93,117
355,119,88
356,213,41
357,114,68
358,123,105
359,163,50
360,111,100
361,213,99
362,120,57
363,102,97
364,177,150
365,183,154
366,205,84
367,190,137
368,195,32
369,141,176
370,95,118
371,127,93
372,189,54
373,146,58
374,139,59
375,132,143
376,189,104
377,129,185
378,155,174
379,168,166
380,133,59
381,126,58
382,122,58
383,183,38
384,128,50
385,134,47
386,141,46
387,148,46
388,153,48
389,207,23
390,151,56
391,121,126
392,110,113
393,106,125
394,165,161
395,153,169
396,127,182
397,196,140
398,122,55
399,105,79
400,142,180
401,204,102
402,114,142
403,115,145
404,117,148
405,118,153
406,125,158
407,128,140
408,129,139
409,131,138
410,138,135
411,174,112
412,107,69
413,112,50
414,118,51
415,127,140
416,180,129
417,103,50
418,132,164
419,98,76
420,111,92
421,120,168
422,149,150
423,131,111
424,142,158
425,151,109
426,139,119
427,160,121
428,124,176
429,117,95
430,159,155
431,148,163
432,154,141
433,189,118
434,167,140
435,200,120
436,147,128
437,112,83
438,107,111
439,113,112
440,101,106
441,117,40
442,129,32
443,141,30
444,152,31
445,161,35
446,170,52
447,205,66
448,163,66
449,153,69
450,142,70
451,131,69
452,123,67
453,117,64
454,215,59
455,115,113
456,103,88
457,100,112
458,98,116
459,101,113
460,114,115
461,96,116
462,97,117
463,117,57
464,112,60
465,109,62
466,156,49
467,161,44
468,73,51
469,81,51
470,73,44
471,64,52
472,73,59
473,146,51
474,154,51
475,145,43
476,137,51
477,147,59
