0,99,128
1,101,106
2,99,114
3,93,81
4,101,98
5,101,88
6,99,64
7,41,60
8,99,45
9,99,35
10,99,0
11,99,131
12,99,135
13,98,137
14,98,152
15,98,155
16,98,160
17,97,165
18,97,173
19,100,110
20,92,110
21,6,31
22,62,66
23,54,67
24,47,67
25,37,63
26,69,64
27,52,45
28,61,46
29,44,46
30,38,49
31,29,67
32,64,180
33,38,59
34,2,64
35,20,61
36,57,99
37,89,127
38,89,135
39,78,131
40,71,135
41,81,136
42,74,139
43,59,153
44,94,106
45,94,98
46,27,42
47,73,80
48,74,104
49,73,100
50,32,98
51,94,89
52,47,34
53,35,36
54,16,18
55,82,42
56,68,49
57,54,143
58,6,139
59,80,108
60,86,110
61,63,144
62,65,144
63,31,31
64,73,107
65,62,35
66,62,29
67,52,1
68,23,24
69,57,15
70,21,38
71,14,35
72,89,131
73,80,134
74,73,137
75,82,110
76,64,144
77,67,149
78,66,144
79,84,106
80,76,139
81,82,138
82,90,137
83,85,172
84,87,164
85,88,159
86,88,154
87,89,151
88,75,149
89,74,150
90,72,153
91,71,156
92,64,128
93,-1,99
94,100,112
95,71,147
96,69,148
97,89,113
98,75,112
99,87,112
100,64,85
101,51,90
102,71,103
103,31,7
104,37,17
105,45,28
106,65,160
107,80,32
108,77,15
109,74,0
110,41,66
111,20,72
112,73,62
113,29,52
114,79,76
115,79,101
116,10,79
117,26,78
118,37,82
119,52,81
120,63,77
121,72,74
122,91,66
123,11,95
124,23,51
125,96,110
126,74,88
127,-1,64
128,78,70
129,70,104
130,34,58
131,79,96
132,1,118
133,73,60
134,86,92
135,27,160
136,24,169
137,2,97
138,17,148
139,8,49
140,61,188
141,96,112
142,66,93
143,12,62
144,49,63
145,55,63
146,66,150
147,12,111
148,76,201
149,48,188
150,37,180
151,99,17
152,95,203
153,61,62
154,67,61
155,71,60
156,16,48
157,66,55
158,60,54
159,53,54
160,47,55
161,43,56
162,1,46
163,44,62
164,99,120
165,72,123
166,80,107
167,87,120
168,98,55
169,38,171
170,49,180
171,77,195
172,15,156
173,71,58
174,86,78
175,96,197
176,61,195
177,3,115
178,82,150
179,80,153
180,79,156
181,78,161
182,73,167
183,69,141
184,67,140
185,66,140
186,58,135
187,25,116
188,85,70
189,80,54
190,74,55
191,70,141
192,22,136
193,87,54
194,68,173
195,100,80
196,92,74
197,100,73
198,80,89
199,96,189
200,97,180
201,82,179
202,50,155
203,63,110
204,58,165
205,44,109
206,55,118
207,37,122
208,79,187
209,75,94
210,42,161
211,53,171
212,45,144
213,14,125
214,33,145
215,8,132
216,49,128
217,80,83
218,82,104
219,77,106
220,86,99
221,74,47
222,62,42
223,50,41
224,41,42
225,33,46
226,28,60
227,1,81
228,34,71
229,42,73
230,53,73
231,63,71
232,70,69
233,76,66
234,-2,81
235,76,108
236,87,84
237,88,105
238,92,109
239,88,106
240,78,111
241,94,109
242,94,111
243,76,60
244,80,62
245,83,64
246,40,58
247,34,53
248,106,81
249,149,64
250,106,110
251,172,37
252,128,68
253,136,70
254,143,70
255,152,66
256,122,66
257,141,47
258,132,48
259,149,49
260,153,52
261,157,71
262,124,180
263,152,62
264,176,70
265,164,66
266,135,101
267,109,127
268,107,135
269,117,130
270,122,135
271,114,136
272,118,139
273,130,153
274,107,106
275,108,99
276,163,45
277,120,82
278,122,105
279,123,101
280,156,101
281,108,89
282,148,35
283,157,39
284,167,24
285,115,42
286,124,51
287,135,144
288,164,141
289,116,109
290,110,111
291,127,145
292,125,144
293,161,34
294,122,108
295,135,36
296,136,30
297,142,5
298,164,30
299,138,19
300,167,42
301,169,41
302,108,131
303,115,134
304,120,137
305,114,110
306,126,144
307,123,149
308,124,144
309,114,106
310,116,139
311,112,138
312,106,137
313,108,172
314,107,164
315,107,159
316,106,154
317,105,151
318,116,149
319,117,150
320,119,153
321,121,156
322,128,129
323,172,103
324,119,147
325,121,148
326,108,114
327,119,112
328,109,112
329,127,86
330,140,92
331,123,104
332,158,13
333,154,22
334,151,30
335,125,160
336,118,32
337,120,17
338,123,1
339,148,69
340,164,77
341,118,64
342,159,56
343,115,77
344,119,102
345,172,83
346,160,82
347,151,84
348,137,82
349,127,79
350,119,75
351,106,66
352,171,99
353,164,55
354,104,110
355,119,89
356,174,69
357,114,70
358,123,105
359,155,62
360,119,97
361,169,121
362,117,61
363,113,92
364,154,160
365,152,170
366,175,101
367,161,150
368,173,54
369,126,188
370,103,112
371,126,95
372,169,68
373,142,66
374,136,66
375,124,150
376,169,115
377,112,200
378,134,187
379,143,180
380,130,64
381,124,63
382,120,62
383,168,54
384,125,57
385,132,56
386,138,56
387,145,57
388,148,59
389,174,52
390,146,65
391,122,124
392,116,108
393,109,120
394,145,171
395,136,179
396,113,195
397,158,158
398,120,60
399,111,78
400,124,195
401,173,118
402,111,150
403,113,153
404,114,156
405,115,161
406,118,167
407,122,141
408,124,140
409,126,139
410,133,136
411,160,118
412,110,71
413,113,55
414,117,56
415,120,141
416,160,138
417,107,54
418,121,173
419,106,74
420,116,90
421,110,179
422,137,156
423,129,111
424,130,165
425,146,111
426,135,119
427,150,124
428,112,187
429,120,95
430,143,162
431,134,171
432,142,145
433,166,128
434,151,147
435,168,135
436,140,130
437,115,84
438,116,105
439,120,107
440,114,100
441,120,48
442,133,43
443,144,43
444,152,45
445,158,49
446,159,64
447,176,85
448,153,74
449,146,76
450,137,75
451,127,73
452,120,70
453,115,67
454,173,86
455,119,109
456,112,85
457,112,105
458,107,109
459,111,107
460,117,111
461,106,110
462,105,111
463,115,61
464,111,63
465,109,64
466,150,61
467,156,56
468,53,57
469,61,57
470,53,50
471,46,57
472,53,63
473,135,60
474,143,60
475,136,54
476,128,59
477,135,66
