0,100,129
1,101,115
2,99,119
3,94,88
4,102,107
5,102,96
6,101,69
7,40,62
8,101,50
9,101,40
10,102,-4
11,100,131
12,99,134
13,99,135
14,98,148
15,98,151
16,98,155
17,97,159
18,95,165
19,101,118
20,91,116
21,10,25
22,64,69
23,55,69
24,47,69
25,36,64
26,71,68
27,51,50
28,61,51
29,42,50
30,36,53
31,29,67
32,62,176
33,37,60
34,3,60
35,20,62
36,53,99
37,86,127
38,86,132
39,73,128
40,64,128
41,76,131
42,67,131
43,51,141
44,94,114
45,94,107
46,26,47
47,73,82
48,71,107
49,70,102
50,26,96
51,94,97
52,46,43
53,34,43
54,19,13
55,82,52
56,69,54
57,44,131
58,3,131
59,77,112
60,84,115
61,52,131
62,55,131
63,31,38
64,69,109
65,62,45
66,61,39
67,52,-1
68,25,24
69,58,17
70,22,43
71,16,33
72,86,130
73,75,130
74,66,130
75,78,113
76,54,131
77,58,138
78,56,132
79,83,112
80,69,132
81,77,132
82,87,134
83,82,164
84,83,158
85,84,154
86,85,150
87,86,147
88,68,141
89,66,142
90,64,144
91,62,147
92,56,123
93,-2,91
94,100,119
95,62,137
96,60,137
97,87,117
98,71,112
99,86,116
100,63,85
101,48,89
102,68,104
103,32,4
104,39,18
105,44,37
106,59,151
107,80,43
108,78,16
109,75,-3
110,40,67
111,19,71
112,76,67
113,29,55
114,79,78
115,78,107
116,9,76
117,25,77
118,35,81
119,51,81
120,64,79
121,73,76
122,92,71
123,7,92
124,22,53
125,96,118
126,73,90
127,0,56
128,79,73
129,66,103
130,33,60
131,77,101
132,0,110
133,76,64
134,85,98
135,23,153
136,23,162
137,0,92
138,11,142
139,9,45
140,61,184
141,96,118
142,64,94
143,12,62
144,48,65
145,56,65
146,56,139
147,6,107
148,76,196
149,50,182
150,38,174
151,101,17
152,93,197
153,63,65
154,69,64
155,74,64
156,16,51
157,68,58
158,60,56
159,53,55
160,45,56
161,41,58
162,4,39
163,43,63
164,98,123
165,67,121
166,77,112
167,85,122
168,100,59
169,37,165
170,48,175
171,76,191
172,12,149
173,73,62
174,86,83
175,94,193
176,63,190
177,0,110
178,76,144
179,75,147
180,73,150
181,72,154
182,69,159
183,60,131
184,59,130
185,57,129
186,48,126
187,16,112
188,86,74
189,82,60
190,76,60
191,61,131
192,14,131
193,89,61
194,65,167
195,101,87
196,93,80
197,101,79
198,79,94
199,95,185
200,95,175
201,80,173
202,45,146
203,58,109
204,54,157
205,37,107
206,49,115
207,28,118
208,77,183
209,73,96
210,39,155
211,50,166
212,38,135
213,7,121
214,27,139
215,3,126
216,40,122
217,80,86
218,80,111
219,74,110
220,85,107
221,75,54
222,62,49
223,49,47
224,39,48
225,32,50
226,27,61
227,0,76
228,33,71
229,42,74
230,53,74
231,64,73
232,72,72
233,78,70
234,-1,73
235,73,111
236,86,90
237,87,113
238,91,116
239,87,113
240,74,112
241,93,117
242,93,118
243,78,65
244,82,67
245,85,69
246,39,59
247,33,56
248,108,88
249,155,60
250,108,116
251,178,27
252,132,68
253,140,68
254,147,68
255,158,62
256,126,68
257,146,48
258,137,50
259,154,49
260,159,51
261,163,66
262,125,174
263,158,57
264,182,61
265,171,60
266,141,99
267,112,127
268,110,132
269,122,127
270,128,128
271,119,131
272,125,131
273,136,140
274,108,114
275,109,107
276,169,44
277,123,82
278,126,107
279,127,102
280,165,96
281,109,97
282,153,41
283,163,41
284,174,15
285,119,52
286,129,54
287,143,130
288,169,128
289,120,112
290,113,115
291,136,131
292,133,132
293,167,36
294,126,108
295,138,45
296,140,39
297,148,0
298,171,25
299,143,17
300,173,40
301,176,34
302,111,130
303,120,130
304,127,130
305,118,113
306,135,131
307,131,138
308,132,132
309,117,112
310,123,132
311,117,133
312,109,134
313,108,164
314,110,158
315,110,153
316,109,150
317,108,147
318,122,141
319,124,142
320,126,144
321,128,146
322,135,123
323,178,90
324,127,137
325,129,137
326,110,118
327,124,112
328,112,116
329,132,85
330,146,89
331,128,104
332,165,6
333,161,18
334,155,35
335,129,150
336,122,43
337,124,17
338,127,-3
339,154,65
340,170,70
341,122,67
342,165,53
343,118,78
344,122,106
345,179,76
346,166,76
347,157,81
348,142,81
349,131,79
350,123,77
351,108,71
352,179,91
353,171,51
354,105,118
355,123,90
356,180,57
357,118,74
358,128,103
359,161,57
360,122,101
361,175,109
362,122,64
363,115,98
364,156,150
365,153,158
366,182,92
367,167,139
368,179,46
369,125,183
370,103,118
371,131,94
372,177,60
373,147,64
374,140,64
375,133,139
376,178,106
377,110,195
378,131,180
379,141,170
380,134,64
381,128,64
382,124,64
383,175,48
384,130,58
385,136,54
386,144,53
387,150,54
388,154,55
389,180,40
390,152,62
391,127,121
392,120,111
393,111,122
394,145,162
395,135,172
396,111,190
397,162,145
398,125,62
399,113,83
400,122,188
401,179,108
402,116,144
403,118,146
404,119,149
405,120,153
406,120,158
407,130,131
408,131,130
409,133,129
410,141,125
411,171,111
412,113,74
413,117,61
414,122,60
415,128,132
416,168,129
417,111,62
418,123,166
419,108,80
420,119,93
421,110,173
422,141,145
423,135,108
424,132,156
425,155,107
426,143,115
427,160,117
428,111,182
429,124,96
430,145,152
431,135,164
432,149,133
433,175,119
434,157,137
435,174,124
436,149,121
437,118,86
438,119,111
439,124,110
440,116,107
441,124,54
442,137,48
443,149,46
444,158,46
445,163,48
446,165,59
447,183,76
448,159,70
449,151,73
450,141,74
451,131,73
452,124,72
453,119,71
454,179,73
455,124,111
456,114,90
457,114,113
458,109,116
459,114,113
460,121,112
461,107,117
462,106,118
463,120,65
464,116,68
465,114,70
466,156,56
467,161,53
468,54,59
469,62,59
470,54,52
471,45,59
472,53,66
473,138,59
474,146,58
475,138,52
476,130,59
477,138,65
