0,98,130
1,91,112
2,94,119
3,87,85
4,90,104
5,91,93
6,94,66
7,48,59
8,95,43
9,95,32
10,96,-5
11,98,133
12,98,135
13,99,136
14,100,163
15,100,166
16,100,170
17,100,173
18,99,176
19,92,116
20,85,115
21,29,27
22,67,67
23,60,67
24,54,66
25,46,62
26,73,65
27,56,43
28,64,45
29,49,44
30,44,47
31,41,66
32,73,178
33,46,57
34,26,61
35,35,59
36,60,100
37,86,128
38,88,134
39,76,128
40,70,130
41,79,133
42,74,133
43,63,149
44,85,112
45,84,104
46,36,37
47,75,82
48,70,107
49,70,103
50,40,98
51,85,94
52,49,30
53,40,32
54,34,14
55,78,38
56,71,49
57,58,139
58,37,132
59,76,112
60,81,115
61,65,136
62,67,137
63,38,26
64,70,110
65,61,31
66,59,24
67,57,-1
68,37,22
69,60,13
70,33,33
71,31,33
72,86,131
73,77,131
74,72,132
75,77,113
76,66,136
77,69,145
78,68,137
79,78,111
80,76,134
81,82,134
82,89,135
83,87,174
84,87,171
85,88,168
86,89,164
87,90,161
88,77,152
89,75,152
90,73,154
91,71,155
92,64,128
93,29,93
94,92,118
95,73,145
96,71,145
97,84,118
98,73,114
99,82,116
100,67,85
101,56,90
102,69,106
103,43,4
104,46,15
105,46,23
106,69,159
107,76,28
108,77,13
109,75,-4
110,49,65
111,35,71
112,76,64
113,39,50
114,79,77
115,74,105
116,27,77
117,38,77
118,45,81
119,58,80
120,68,78
121,75,75
122,88,68
123,27,93
124,35,47
125,88,116
126,74,90
127,27,59
128,80,71
129,69,105
130,43,57
131,74,100
132,32,111
133,76,61
134,79,96
135,48,154
136,51,162
137,25,93
138,39,143
139,28,46
140,74,185
141,89,117
142,68,95
143,31,60
144,54,62
145,60,63
146,67,146
147,28,108
148,87,196
149,68,182
150,60,173
151,96,14
152,101,199
153,66,62
154,71,62
155,75,61
156,32,45
157,70,56
158,65,54
159,58,53
160,53,54
161,49,55
162,27,42
163,51,61
164,95,124
165,70,125
166,75,111
167,84,124
168,95,55
169,57,165
170,65,175
171,85,193
172,43,149
173,74,59
174,83,81
175,100,196
176,76,190
177,27,111
178,83,157
179,81,159
180,79,162
181,78,165
182,77,168
183,70,134
184,68,133
185,66,132
186,60,132
187,36,114
188,84,72
189,81,55
190,77,56
191,72,135
192,38,132
193,86,54
194,75,172
195,92,84
196,87,77
197,93,76
198,77,93
199,100,189
200,99,182
201,86,179
202,60,151
203,64,111
204,67,162
205,49,109
206,58,118
207,45,120
208,85,186
209,73,96
210,56,157
211,65,168
212,54,140
213,32,122
214,47,142
215,32,127
216,54,126
217,79,85
218,76,109
219,72,110
220,79,105
221,74,46
222,63,40
223,53,38
224,45,40
225,40,43
226,40,58
227,25,77
228,44,70
229,50,73
230,59,73
231,68,72
232,74,70
233,79,68
234,28,75
235,73,112
236,81,88
237,80,111
238,85,114
239,81,112
240,75,114
241,86,115
242,87,117
243,78,61
244,82,63
245,83,65
246,47,56
247,42,51
248,99,85
249,149,61
250,100,116
251,179,27
252,129,67
253,136,67
254,143,67
255,153,63
256,123,65
257,138,45
258,130,46
259,146,46
260,152,49
261,160,68
262,129,181
263,152,59
264,185,62
265,168,62
266,136,101
267,111,129
268,110,135
269,123,131
270,132,133
271,120,135
272,128,136
273,139,150
274,97,112
275,98,104
276,161,41
277,119,82
278,119,108
279,120,103
280,160,98
281,98,94
282,142,33
283,153,36
284,169,14
285,110,40
286,123,50
287,145,140
288,183,137
289,114,112
290,107,115
291,141,139
292,139,140
293,157,31
294,121,110
295,129,34
296,129,28
297,139,-1
298,164,23
299,134,13
300,166,38
301,173,33
302,111,132
303,122,133
304,130,134
305,112,114
306,140,140
307,137,149
308,138,140
309,108,111
310,126,137
311,119,136
312,109,136
313,112,174
314,114,172
315,113,169
316,112,165
317,111,163
318,127,154
319,129,155
320,132,157
321,134,158
322,133,128
323,191,95
324,132,149
325,135,148
326,105,118
327,119,114
328,106,117
329,128,86
330,141,90
331,123,106
332,157,4
333,151,16
334,144,27
335,132,160
336,112,30
337,116,13
338,119,-4
339,149,66
340,168,73
341,119,64
342,159,52
343,114,78
344,113,106
345,178,78
346,163,78
347,153,81
348,138,80
349,128,77
350,120,74
351,102,68
352,179,94
353,165,51
354,96,116
355,119,90
356,189,59
357,114,71
358,124,106
359,156,58
360,114,100
361,189,115
362,119,61
363,106,96
364,163,159
365,164,168
366,188,96
367,173,147
368,179,47
369,130,188
370,96,117
371,126,95
372,176,63
373,142,63
374,136,63
375,139,149
376,179,111
377,117,198
378,141,187
379,152,179
380,130,63
381,125,62
382,121,62
383,171,49
384,125,57
385,132,54
386,138,54
387,144,55
388,148,56
389,185,41
390,146,62
391,124,125
392,113,111
393,107,124
394,152,170
395,142,179
396,116,194
397,174,155
398,121,60
399,107,81
400,130,193
401,186,114
402,120,159
403,122,161
404,124,164
405,126,167
406,124,169
407,134,137
408,136,136
409,138,135
410,141,133
411,168,116
412,108,72
413,112,55
414,117,56
415,133,138
416,169,135
417,105,55
418,127,174
419,100,77
420,113,93
421,114,180
422,144,153
423,131,111
424,137,165
425,149,110
426,139,119
427,156,122
428,115,188
429,119,96
430,149,160
431,140,171
432,150,142
433,177,125
434,159,145
435,182,131
436,146,127
437,113,86
438,110,110
439,117,111
440,106,105
441,118,47
442,129,41
443,140,40
444,149,42
445,155,46
446,161,60
447,187,79
448,156,71
449,148,73
450,138,73
451,128,72
452,121,70
453,116,67
454,190,77
455,117,112
456,106,88
457,104,111
458,100,115
459,104,112
460,116,114
461,98,115
462,98,117
463,116,62
464,112,63
465,109,65
466,150,57
467,155,53
468,63,58
469,71,58
470,63,51
471,56,58
472,64,64
473,141,59
474,148,59
475,141,52
476,133,58
477,141,65
