0,99,134
1,100,115
2,100,120
3,93,87
4,100,107
5,99,96
6,99,66
7,48,59
8,99,44
9,99,33
10,99,-6
11,99,137
12,99,140
13,99,142
14,99,142
15,99,145
16,99,149
17,99,154
18,101,160
19,100,118
20,92,117
21,17,24
22,68,67
23,61,67
24,54,67
25,45,62
26,74,65
27,56,45
28,65,46
29,49,46
30,44,49
31,39,66
32,74,169
33,46,57
34,16,58
35,30,60
36,63,101
37,90,132
38,91,139
39,81,133
40,76,134
41,84,138
42,78,137
43,68,143
44,93,115
45,92,107
46,32,42
47,78,81
48,77,108
49,76,104
50,40,98
51,93,96
52,49,36
53,39,38
54,23,12
55,82,44
56,72,49
57,62,136
58,29,125
59,82,113
60,88,116
61,68,134
62,70,135
63,35,32
64,77,111
65,63,37
66,61,31
67,53,-2
68,28,22
69,58,13
70,28,38
71,22,31
72,90,136
73,83,135
74,77,135
75,84,114
76,69,135
77,73,138
78,71,135
79,86,112
80,80,138
81,85,139
82,92,141
83,91,160
84,90,153
85,90,148
86,91,144
87,92,141
88,80,138
89,78,140
90,77,142
91,76,144
92,70,128
93,19,87
94,100,119
95,76,137
96,74,137
97,90,119
98,79,114
99,89,117
100,70,85
101,58,90
102,75,106
103,34,3
104,39,15
105,46,29
106,74,150
107,79,33
108,77,13
109,74,-5
110,48,65
111,31,71
112,78,64
113,37,52
114,83,77
115,81,107
116,23,75
117,36,78
118,45,81
119,59,81
120,69,78
121,77,74
122,92,68
123,25,92
124,31,50
125,96,118
126,78,90
127,14,54
128,82,71
129,75,105
130,42,57
131,81,101
132,23,106
133,78,61
134,86,98
135,44,148
136,46,154
137,19,90
138,35,137
139,18,44
140,73,176
141,97,119
142,72,95
143,24,60
144,55,62
145,61,63
146,71,139
147,27,106
148,86,186
149,66,173
150,57,165
151,99,13
152,101,188
153,67,62
154,72,61
155,76,61
156,25,47
157,71,54
158,65,51
159,58,51
160,52,52
161,49,54
162,14,38
163,51,61
164,100,125
165,77,125
166,82,112
167,90,125
168,99,54
169,54,158
170,64,167
171,86,182
172,37,141
173,76,58
174,87,81
175,101,184
176,75,181
177,23,106
178,85,140
179,84,142
180,83,145
181,82,149
182,81,155
183,74,136
184,73,135
185,71,134
186,64,131
187,36,112
188,87,72
189,83,55
190,78,56
191,76,137
192,37,128
193,89,56
194,77,162
195,99,86
196,92,78
197,99,76
198,83,93
199,101,177
200,101,168
201,89,167
202,61,146
203,69,111
204,69,155
205,51,109
206,62,118
207,45,119
208,86,176
209,79,97
210,55,151
211,65,161
212,55,137
213,30,118
214,46,138
215,28,122
216,56,126
217,83,85
218,83,111
219,79,111
220,86,107
221,76,48
222,64,43
223,53,42
224,45,43
225,39,46
226,37,58
227,17,74
228,43,70
229,50,73
230,60,73
231,69,72
232,76,69
233,81,67
234,16,70
235,79,113
236,87,89
237,88,113
238,92,116
239,88,113
240,81,114
241,94,117
242,94,118
243,80,61
244,84,63
245,86,65
246,47,55
247,42,52
248,106,87
249,151,58
250,107,116
251,182,22
252,131,66
253,138,67
254,146,66
255,155,60
256,124,65
257,142,43
258,133,44
259,150,44
260,155,47
261,162,64
262,128,169
263,154,55
264,184,56
265,170,58
266,137,99
267,109,132
268,108,139
269,118,133
270,123,134
271,115,138
272,121,137
273,135,142
274,106,114
275,107,107
276,166,40
277,122,80
278,123,108
279,123,103
280,160,96
281,106,96
282,149,34
283,159,35
284,176,10
285,115,41
286,125,48
287,141,135
288,174,123
289,118,112
290,112,115
291,130,134
292,129,135
293,163,30
294,123,110
295,134,35
296,135,29
297,145,-3
298,170,20
299,140,12
300,171,35
301,177,30
302,109,136
303,116,135
304,122,135
305,116,114
306,130,135
307,126,138
308,128,135
309,114,112
310,119,138
311,114,139
312,107,141
313,111,159
314,109,152
315,109,148
316,108,144
317,107,141
318,119,138
319,121,139
320,122,141
321,123,143
322,132,126
323,182,85
324,123,137
325,125,137
326,109,118
327,121,114
328,111,117
329,129,84
330,142,89
331,125,105
332,164,1
333,159,14
334,151,27
335,129,149
336,117,31
337,121,13
338,124,-6
339,151,63
340,170,69
341,120,63
342,162,50
343,117,76
344,119,107
345,177,73
346,165,76
347,155,80
348,141,79
349,130,77
350,122,74
351,106,68
352,176,90
353,169,48
354,104,118
355,121,89
356,186,52
357,116,70
358,125,105
359,157,55
360,119,101
361,179,104
362,120,61
363,113,98
364,158,147
365,157,153
366,182,88
367,167,135
368,181,42
369,129,176
370,103,119
371,128,94
372,177,58
373,145,62
374,138,63
375,127,139
376,174,104
377,116,186
378,137,173
379,146,164
380,132,63
381,126,62
382,122,61
383,174,45
384,127,54
385,133,51
386,140,50
387,146,51
388,150,53
389,185,35
390,149,60
391,124,124
392,118,112
393,110,124
394,148,158
395,139,167
396,116,182
397,166,140
398,122,58
399,112,81
400,127,180
401,179,105
402,114,139
403,115,142
404,116,145
405,117,149
406,121,155
407,125,136
408,126,135
409,127,134
410,138,130
411,165,111
412,111,71
413,115,55
414,119,55
415,123,137
416,165,127
417,108,55
418,125,162
419,106,78
420,117,93
421,113,167
422,141,145
423,132,110
424,134,154
425,150,107
426,139,116
427,156,118
428,115,176
429,121,96
430,147,151
431,137,160
432,147,136
433,172,117
434,156,136
435,174,120
436,145,124
437,116,85
438,116,111
439,121,111
440,113,107
441,121,47
442,133,41
443,144,40
444,154,41
445,159,44
446,163,56
447,184,72
448,157,68
449,150,72
450,140,72
451,130,71
452,123,69
453,118,67
454,185,68
455,121,112
456,112,89
457,111,112
458,108,116
459,111,113
460,119,114
461,106,117
462,105,118
463,118,61
464,114,63
465,112,65
466,152,54
467,158,50
468,62,57
469,70,57
470,62,49
471,54,56
472,62,64
473,136,56
474,144,55
475,136,48
476,128,56
477,137,63
