0,99,131
1,95,109
2,96,116
3,90,82
4,95,100
5,95,90
6,96,65
7,47,61
8,97,45
9,97,35
10,97,-3
11,100,134
12,100,137
13,100,138
14,100,152
15,100,155
16,100,159
17,100,164
18,100,169
19,95,113
20,89,113
21,31,34
22,67,69
23,60,69
24,53,69
25,45,64
26,73,67
27,57,43
28,66,45
29,49,45
30,44,49
31,41,68
32,73,179
33,45,59
34,27,68
35,35,62
36,61,100
37,88,129
38,89,136
39,78,130
40,71,131
41,80,135
42,74,134
43,64,146
44,89,108
45,88,100
46,38,41
47,77,82
48,73,105
49,73,100
50,41,98
51,89,91
52,51,31
53,43,34
54,37,20
55,81,38
56,73,50
57,58,136
58,35,142
59,78,110
60,84,112
61,63,135
62,65,135
63,41,30
64,72,108
65,63,31
66,62,25
67,60,1
68,40,28
69,64,16
70,35,38
71,34,39
72,88,133
73,79,133
74,72,133
75,80,111
76,64,135
77,68,142
78,66,136
79,82,108
80,75,136
81,82,136
82,90,137
83,88,168
84,89,162
85,89,158
86,90,154
87,90,151
88,76,146
89,74,147
90,73,148
91,72,151
92,65,125
93,28,103
94,96,115
95,71,142
96,69,142
97,86,115
98,75,112
99,85,114
100,69,85
101,58,90
102,71,103
103,46,9
104,49,20
105,49,25
106,70,155
107,79,28
108,79,15
109,77,-2
110,48,67
111,34,73
112,77,66
113,39,52
114,82,77
115,77,103
116,29,81
117,37,79
118,44,82
119,58,81
120,68,78
121,75,75
122,90,67
123,28,97
124,36,51
125,92,113
126,76,89
127,28,68
128,81,72
129,71,104
130,43,59
131,77,97
132,30,122
133,78,63
134,83,93
135,46,159
136,49,169
137,25,101
138,37,149
139,31,53
140,73,187
141,93,114
142,70,94
143,32,64
144,54,64
145,60,65
146,67,143
147,28,113
148,87,198
149,67,187
150,59,179
151,97,15
152,101,200
153,66,65
154,72,64
155,76,64
156,33,50
157,72,57
158,65,53
159,59,52
160,52,53
161,48,55
162,28,49
163,50,63
164,97,121
165,72,122
166,78,109
167,86,121
168,97,55
169,56,169
170,64,178
171,85,193
172,41,158
173,76,61
174,85,79
175,100,195
176,76,193
177,27,118
178,82,149
179,81,151
180,80,154
181,79,158
182,78,163
183,68,135
184,67,134
185,66,133
186,59,129
187,35,116
188,86,71
189,83,56
190,79,57
191,70,135
192,37,136
193,88,55
194,75,170
195,96,81
196,90,75
197,96,73
198,80,91
199,100,187
200,100,178
201,87,176
202,60,150
203,66,110
204,67,161
205,50,109
206,59,117
207,44,121
208,85,185
209,76,95
210,56,158
211,65,169
212,53,139
213,31,127
214,46,143
215,30,134
216,54,125
217,81,84
218,79,107
219,75,108
220,82,101
221,77,46
222,65,40
223,54,39
224,46,41
225,41,45
226,40,61
227,25,84
228,43,72
229,50,74
230,59,75
231,68,73
232,75,71
233,80,69
234,28,85
235,75,109
236,85,86
237,84,107
238,88,111
239,84,109
240,77,111
241,90,112
242,91,114
243,80,63
244,84,65
245,85,66
246,46,57
247,42,53
248,102,82
249,150,62
250,103,112
251,177,32
252,130,69
253,137,69
254,144,69
255,153,64
256,124,67
257,139,45
258,131,46
259,147,46
260,152,49
261,159,68
262,129,179
263,153,59
264,182,66
265,167,61
266,137,99
267,111,129
268,111,136
269,123,131
270,131,132
271,121,135
272,128,135
273,140,146
274,101,108
275,102,100
276,161,42
277,120,81
278,121,104
279,122,100
280,160,97
281,102,90
282,143,34
283,153,36
284,169,18
285,112,41
286,124,50
287,146,135
288,180,141
289,116,109
290,110,112
291,141,135
292,139,135
293,157,31
294,123,107
295,129,34
296,130,28
297,138,0
298,163,25
299,133,14
300,165,38
301,172,37
302,112,133
303,122,133
304,130,133
305,114,111
306,140,135
307,135,142
308,138,136
309,111,108
310,127,136
311,120,136
312,111,137
313,112,168
314,112,162
315,112,158
316,111,154
317,110,151
318,126,145
319,128,146
320,130,148
321,131,150
322,135,124
323,187,101
324,132,142
325,134,142
326,107,115
327,121,111
328,108,113
329,129,85
330,141,89
331,124,103
332,156,7
333,150,18
334,145,28
335,132,155
336,113,31
337,116,14
338,119,-3
339,150,67
340,167,72
341,119,65
342,159,53
343,115,76
344,115,102
345,176,80
346,163,78
347,154,81
348,140,80
349,129,78
350,122,75
351,104,67
352,177,95
353,164,51
354,99,112
355,120,88
356,186,66
357,115,71
358,126,103
359,156,59
360,116,97
361,185,121
362,119,62
363,109,93
364,162,159
365,162,170
366,185,99
367,172,149
368,177,50
369,129,188
370,99,114
371,127,93
372,173,62
373,143,65
374,137,66
375,136,143
376,178,111
377,116,199
378,139,188
379,149,180
380,131,65
381,125,64
382,121,63
383,169,49
384,126,56
385,132,53
386,138,53
387,145,54
388,149,56
389,182,47
390,147,64
391,126,121
392,115,108
393,109,120
394,151,170
395,140,179
396,116,194
397,171,158
398,121,60
399,108,79
400,128,195
401,184,117
402,119,149
403,121,151
404,122,154
405,123,158
406,123,163
407,135,135
408,136,134
409,137,133
410,142,129
411,168,115
412,109,71
413,113,56
414,118,57
415,133,135
416,169,135
417,107,55
418,127,170
419,103,75
420,115,90
421,114,177
422,144,150
423,132,109
424,136,162
425,150,108
426,141,116
427,158,120
428,115,186
429,120,94
430,149,159
431,139,170
432,150,139
433,176,126
434,159,143
435,180,134
436,148,124
437,114,84
438,113,106
439,119,107
440,109,101
441,118,48
442,130,42
443,140,41
444,149,42
445,156,46
446,160,60
447,184,82
448,156,71
449,148,74
450,139,74
451,130,73
452,122,70
453,117,68
454,187,83
455,119,109
456,108,86
457,107,107
458,103,111
459,107,109
460,118,111
461,102,112
462,101,114
463,117,63
464,113,64
465,111,65
466,151,58
467,156,54
468,62,59
469,71,59
470,62,52
471,54,59
472,62,67
473,138,60
474,147,60
475,138,53
476,130,60
477,139,67
