0,98,134
1,101,119
2,101,122
3,93,91
4,101,111
5,101,100
6,99,70
7,45,61
8,98,46
9,97,36
10,95,-4
11,98,136
12,98,137
13,98,138
14,98,148
15,99,151
16,99,155
17,99,159
18,101,162
19,101,122
20,93,120
21,15,25
22,66,67
23,59,68
24,52,68
25,42,63
26,72,66
27,54,47
28,62,47
29,46,48
30,42,51
31,36,67
32,74,170
33,42,58
34,15,59
35,28,61
36,60,101
37,87,132
38,88,136
39,78,132
40,71,131
41,80,135
42,73,134
43,63,140
44,95,119
45,94,111
46,32,45
47,76,83
48,76,110
49,75,105
50,37,97
51,94,100
52,48,38
53,38,41
54,21,15
55,81,45
56,70,50
57,56,131
58,26,123
59,81,115
60,87,118
61,61,131
62,63,132
63,34,36
64,75,112
65,62,39
66,60,33
67,50,0
68,27,25
69,55,17
70,27,41
71,21,34
72,87,134
73,79,133
74,72,133
75,83,116
76,62,131
77,67,138
78,64,132
79,86,116
80,75,135
81,81,136
82,89,137
83,90,161
84,88,158
85,88,154
86,88,150
87,89,147
88,75,141
89,74,142
90,72,144
91,71,146
92,66,125
93,17,86
94,101,122
95,70,137
96,69,137
97,90,120
98,77,115
99,89,119
100,68,86
101,55,90
102,74,107
103,32,6
104,38,19
105,45,33
106,70,148
107,78,35
108,74,16
109,70,-2
110,46,66
111,28,72
112,76,64
113,35,54
114,81,79
115,81,110
116,21,76
117,33,78
118,43,82
119,57,81
120,67,78
121,75,75
122,91,71
123,22,91
124,29,52
125,97,121
126,77,92
127,12,53
128,80,71
129,73,106
130,39,58
131,80,104
132,21,104
133,76,61
134,87,102
135,42,147
136,44,153
137,17,90
138,32,136
139,17,45
140,73,176
141,98,122
142,70,96
143,22,62
144,52,64
145,59,64
146,66,138
147,24,106
148,87,186
149,65,173
150,56,165
151,96,16
152,102,187
153,65,63
154,70,62
155,74,62
156,24,50
157,69,55
158,62,53
159,56,53
160,49,54
161,46,55
162,12,38
163,48,62
164,101,126
165,74,124
166,81,115
167,89,125
168,98,57
169,53,158
170,63,167
171,86,183
172,35,140
173,73,59
174,87,85
175,102,184
176,75,181
177,20,106
178,81,145
179,80,147
180,79,150
181,78,154
182,79,156
183,68,133
184,66,132
185,65,131
186,59,127
187,32,112
188,86,75
189,81,56
190,76,57
191,69,133
192,33,128
193,88,57
194,76,162
195,100,90
196,92,82
197,99,80
198,82,96
199,102,178
200,101,169
201,88,168
202,58,144
203,66,111
204,66,154
205,48,109
206,58,117
207,42,119
208,87,177
209,77,98
210,54,150
211,63,160
212,51,134
213,26,118
214,43,136
215,24,121
216,52,123
217,82,88
218,83,114
219,78,113
220,87,111
221,75,49
222,62,45
223,52,44
224,43,45
225,38,49
226,34,60
227,15,74
228,40,71
229,48,74
230,58,74
231,67,72
232,74,70
233,79,68
234,14,69
235,78,114
236,87,93
237,89,117
238,93,119
239,89,117
240,80,115
241,94,121
242,95,121
243,78,62
244,82,64
245,85,66
246,44,57
247,39,54
248,106,90
249,151,59
250,109,119
251,174,18
252,131,66
253,138,67
254,145,66
255,154,61
256,125,65
257,142,44
258,134,46
259,150,45
260,155,48
261,159,64
262,129,167
263,154,57
264,178,52
265,167,56
266,139,98
267,109,131
268,109,135
269,119,130
270,126,129
271,118,133
272,124,131
273,137,137
274,108,118
275,108,111
276,165,38
277,122,81
278,125,109
279,125,104
280,161,93
281,107,100
282,149,33
283,159,34
284,168,8
285,117,44
286,126,50
287,143,128
288,170,117
289,120,114
290,114,117
291,137,127
292,135,128
293,162,28
294,125,110
295,136,36
296,137,29
297,140,-3
298,165,18
299,136,13
300,168,33
301,171,26
302,109,134
303,118,132
304,125,130
305,118,115
306,136,128
307,131,135
308,134,129
309,116,115
310,123,132
311,117,134
312,108,136
313,112,160
314,110,157
315,110,153
316,109,149
317,108,146
318,123,139
319,124,140
320,126,142
321,127,144
322,135,123
323,176,79
324,127,135
325,129,135
326,111,120
327,123,113
328,113,118
329,129,84
330,142,87
331,126,105
332,158,0
333,154,13
334,151,26
335,131,146
336,119,34
337,118,14
338,120,-5
339,151,64
340,166,68
341,121,64
342,161,49
343,117,78
344,120,109
345,174,69
346,162,74
347,153,78
348,140,79
349,129,77
350,122,75
351,106,71
352,175,85
353,166,46
354,105,121
355,122,90
356,178,46
357,117,72
358,127,104
359,157,56
360,120,102
361,174,97
362,121,62
363,114,101
364,158,142
365,156,148
366,178,83
367,166,130
368,175,38
369,129,174
370,104,122
371,129,94
372,172,56
373,144,62
374,138,63
375,132,135
376,174,99
377,117,184
378,137,169
379,145,160
380,132,62
381,126,62
382,123,62
383,171,43
384,128,55
385,134,52
386,141,52
387,147,52
388,151,54
389,177,31
390,148,61
391,127,122
392,120,113
393,112,125
394,148,153
395,139,163
396,117,181
397,164,134
398,123,59
399,112,83
400,128,178
401,176,99
402,116,143
403,117,145
404,119,148
405,120,152
406,123,154
407,130,130
408,131,129
409,132,128
410,141,125
411,166,107
412,111,74
413,116,56
414,121,57
415,129,131
416,166,122
417,109,57
418,126,160
419,106,81
420,118,95
421,114,167
422,142,140
423,134,108
424,135,151
425,152,105
426,141,114
427,158,114
428,117,175
429,122,97
430,147,146
431,138,157
432,149,130
433,172,111
434,157,131
435,173,114
436,148,120
437,117,87
438,118,113
439,123,112
440,115,110
441,122,49
442,134,42
443,145,40
444,154,41
445,159,44
446,161,56
447,179,67
448,156,68
449,148,71
450,139,72
451,130,71
452,123,70
453,119,68
454,177,62
455,123,112
456,112,92
457,113,116
458,109,119
459,113,116
460,121,114
461,108,120
462,107,121
463,119,62
464,115,65
465,113,67
466,153,56
467,158,51
468,58,58
469,65,58
470,58,52
471,50,58
472,58,64
473,137,57
474,145,56
475,137,50
476,129,57
477,138,64
