0,98,129
1,98,111
2,98,117
3,92,83
4,98,103
5,98,92
6,98,63
7,44,60
8,98,42
9,98,31
10,99,-9
11,98,132
12,98,134
13,98,136
14,98,153
15,99,157
16,99,162
17,98,167
18,99,171
19,98,115
20,90,114
21,15,25
22,65,66
23,57,67
24,50,66
25,41,62
26,71,64
27,52,44
28,61,44
29,44,45
30,39,48
31,35,66
32,70,177
33,41,57
34,13,60
35,26,59
36,58,99
37,87,127
38,88,134
39,77,130
40,70,132
41,80,134
42,74,135
43,61,147
44,92,111
45,91,103
46,28,40
47,74,80
48,72,106
49,72,101
50,35,96
51,91,92
52,45,33
53,35,35
54,21,12
55,80,40
56,69,48
57,55,138
58,23,133
59,78,110
60,84,113
61,63,138
62,65,138
63,31,29
64,71,108
65,60,34
66,58,27
67,52,-5
68,26,20
69,57,10
70,24,36
71,19,31
72,87,131
73,78,132
74,72,134
75,79,112
76,64,138
77,68,144
78,66,138
79,82,109
80,76,136
81,81,135
82,89,135
83,87,170
84,87,165
85,88,161
86,88,156
87,89,152
88,76,146
89,74,148
90,72,150
91,71,152
92,64,127
93,14,93
94,98,116
95,72,143
96,70,143
97,87,116
98,74,112
99,86,115
100,66,84
101,53,88
102,70,104
103,33,1
104,38,12
105,43,26
106,68,156
107,77,30
108,76,10
109,74,-8
110,44,65
111,27,71
112,75,62
113,33,51
114,80,75
115,77,104
116,19,76
117,32,77
118,41,80
119,56,80
120,66,77
121,74,73
122,91,65
123,19,92
124,27,49
125,94,115
126,75,88
127,11,58
128,80,69
129,69,103
130,38,57
131,77,98
132,17,112
133,75,59
134,84,94
135,39,154
136,40,162
137,14,93
138,29,143
139,16,44
140,69,185
141,95,116
142,67,93
143,20,60
144,51,62
145,57,63
146,66,145
147,21,108
148,83,196
149,60,183
150,51,174
151,99,10
152,99,198
153,64,62
154,69,61
155,73,60
156,22,46
157,68,54
158,62,51
159,55,51
160,49,53
161,45,55
162,12,40
163,47,61
164,98,122
165,71,123
166,78,110
167,86,122
168,98,52
169,49,165
170,59,175
171,83,192
172,31,150
173,73,57
174,85,78
175,99,194
176,71,191
177,16,111
178,82,150
179,80,152
180,79,156
181,78,160
182,76,164
183,69,136
184,67,136
185,66,135
186,58,131
187,30,113
188,86,70
189,81,53
190,76,54
191,71,137
192,30,132
193,87,53
194,73,170
195,98,82
196,91,75
197,98,73
198,79,91
199,99,186
200,99,178
201,85,176
202,56,150
203,63,109
204,63,161
205,46,108
206,56,117
207,40,119
208,83,184
209,74,94
210,50,157
211,60,167
212,49,139
213,23,122
214,40,141
215,21,127
216,51,125
217,80,83
218,80,108
219,74,109
220,84,103
221,74,46
222,61,41
223,50,40
224,41,41
225,35,45
226,33,58
227,12,77
228,39,70
229,46,72
230,56,73
231,66,71
232,73,68
233,78,66
234,12,75
235,74,110
236,85,86
237,86,109
238,90,113
239,86,110
240,76,112
241,92,114
242,92,115
243,78,60
244,82,61
245,84,63
246,43,56
247,37,52
248,105,83
249,151,61
250,106,114
251,179,26
252,131,67
253,138,68
254,145,68
255,154,63
256,125,65
257,142,45
258,134,46
259,150,46
260,154,50
261,160,67
262,127,177
263,153,59
264,181,61
265,168,61
266,138,99
267,109,127
268,108,134
269,120,129
270,126,131
271,116,134
272,122,134
273,137,147
274,105,111
275,106,103
276,165,41
277,121,80
278,124,105
279,124,101
280,160,96
281,105,92
282,148,33
283,158,36
284,173,12
285,115,41
286,126,49
287,142,137
288,172,133
289,118,110
290,112,113
291,133,137
292,130,137
293,162,30
294,125,108
295,134,34
296,135,28
297,144,-5
298,168,21
299,140,11
300,169,38
301,175,32
302,109,131
303,118,132
304,124,133
305,117,111
306,131,137
307,128,143
308,129,137
309,114,109
310,121,135
311,115,135
312,107,135
313,111,169
314,110,165
315,110,160
316,109,155
317,108,152
318,120,146
319,122,147
320,124,149
321,126,151
322,133,126
323,179,94
324,124,142
325,126,143
326,109,116
327,122,112
328,111,114
329,129,84
330,142,88
331,126,103
332,162,1
333,157,14
334,151,27
335,130,155
336,118,30
337,121,10
338,124,-8
339,151,66
340,168,72
341,121,62
342,161,52
343,116,75
344,119,104
345,176,76
346,163,78
347,154,81
348,140,80
349,130,77
350,122,73
351,106,65
352,175,92
353,167,51
354,103,115
355,121,88
356,182,58
357,116,69
358,127,103
359,157,59
360,119,98
361,177,113
362,120,60
363,112,94
364,158,154
365,156,163
366,180,94
367,166,143
368,178,45
369,128,185
370,102,116
371,128,93
372,174,62
373,144,64
374,138,64
375,130,144
376,174,108
377,115,196
378,137,183
379,146,174
380,132,63
381,126,62
382,123,61
383,172,48
384,127,55
385,134,54
386,140,54
387,146,55
388,150,57
389,181,40
390,148,63
391,126,123
392,118,109
393,110,122
394,148,166
395,138,175
396,115,192
397,164,150
398,123,58
399,111,78
400,127,191
401,178,111
402,115,149
403,117,152
404,118,155
405,119,159
406,122,163
407,127,136
408,128,135
409,130,134
410,139,131
411,165,113
412,111,70
413,115,54
414,120,55
415,125,136
416,165,132
417,109,53
418,125,169
419,105,75
420,117,91
421,112,176
422,142,150
423,133,109
424,134,160
425,150,107
426,140,116
427,156,119
428,114,184
429,122,94
430,147,156
431,137,167
432,148,139
433,172,122
434,156,141
435,173,128
436,146,125
437,116,83
438,117,108
439,122,108
440,113,103
441,121,47
442,134,41
443,144,41
444,153,42
445,159,46
446,162,60
447,181,77
448,156,71
449,149,73
450,139,73
451,130,71
452,123,69
453,118,66
454,181,76
455,122,110
456,111,86
457,111,109
458,107,113
459,111,110
460,120,112
461,105,114
462,104,115
463,118,60
464,114,62
465,112,63
466,152,58
467,157,53
468,58,57
469,67,56
470,58,49
471,50,57
472,58,64
473,138,58
474,146,58
475,138,50
476,130,57
477,138,65
