0,96,134
1,97,111
2,96,117
3,91,86
4,97,104
5,97,93
6,98,68
7,47,62
8,98,47
9,99,37
10,100,0
11,96,136
12,96,138
13,96,140
14,96,142
15,96,146
16,96,151
17,95,155
18,96,161
19,96,115
20,89,114
21,19,32
22,65,68
23,59,69
24,52,68
25,43,65
26,71,66
27,56,49
28,63,49
29,48,50
30,44,53
31,36,69
32,69,170
33,44,61
34,15,64
35,28,63
36,58,99
37,85,132
38,85,137
39,75,131
40,68,131
41,77,136
42,71,134
43,59,141
44,90,111
45,89,104
46,34,47
47,74,82
48,72,106
49,71,101
50,35,97
51,90,94
52,51,40
53,41,42
54,25,20
55,82,45
56,70,51
57,53,133
58,25,129
59,77,110
60,83,113
61,58,131
62,60,132
63,38,37
64,71,108
65,65,40
66,64,34
67,55,4
68,29,28
69,58,19
70,30,43
71,23,38
72,85,135
73,76,134
74,69,133
75,79,111
76,59,132
77,64,136
78,61,133
79,81,109
80,72,136
81,78,137
82,86,139
83,85,160
84,84,154
85,85,149
86,85,145
87,86,141
88,72,137
89,70,139
90,69,141
91,67,143
92,62,124
93,17,94
94,96,116
95,67,135
96,65,135
97,86,115
98,73,112
99,84,114
100,66,85
101,53,90
102,70,104
103,36,11
104,41,21
105,49,34
106,66,149
107,80,35
108,77,19
109,75,1
110,46,67
111,28,73
112,75,64
113,36,56
114,80,78
115,77,104
116,20,78
117,33,79
118,42,82
119,56,81
120,66,78
121,74,75
122,90,69
123,20,93
124,30,54
125,92,114
126,75,89
127,14,62
128,79,71
129,69,103
130,41,61
131,76,99
132,19,111
133,75,61
134,83,96
135,38,149
136,40,157
137,16,94
138,29,139
139,19,50
140,68,178
141,93,115
142,67,94
143,22,64
144,53,64
145,59,64
146,62,137
147,21,107
148,82,189
149,60,176
150,51,168
151,99,19
152,97,191
153,65,64
154,70,62
155,74,62
156,25,52
157,69,57
158,63,55
159,57,56
160,51,57
161,48,58
162,15,45
163,49,63
164,96,122
165,70,122
166,77,109
167,85,121
168,98,57
169,48,160
170,58,169
171,81,184
172,32,145
173,73,59
174,85,81
175,97,186
176,70,184
177,18,110
178,79,139
179,77,142
180,75,145
181,74,149
182,74,155
183,65,133
184,64,132
185,62,131
186,55,128
187,29,112
188,85,73
189,81,56
190,76,57
191,67,134
192,30,129
193,87,56
194,71,162
195,97,85
196,90,78
197,97,77
198,79,92
199,96,179
200,96,169
201,83,168
202,54,145
203,62,109
204,62,154
205,45,107
206,55,115
207,39,118
208,81,177
209,74,95
210,49,151
211,59,161
212,47,135
213,24,120
214,39,137
215,22,125
216,49,123
217,80,85
218,79,108
219,74,108
220,83,104
221,75,50
222,64,46
223,54,45
224,45,47
225,40,50
226,35,62
227,15,79
228,40,72
229,47,74
230,57,74
231,66,72
232,73,70
233,78,68
234,15,77
235,74,110
236,85,88
237,84,110
238,88,113
239,84,110
240,76,111
241,90,114
242,90,115
243,78,62
244,81,64
245,84,65
246,46,60
247,41,56
248,104,85
249,151,62
250,104,113
251,180,30
252,131,68
253,138,69
254,145,68
255,155,64
256,125,66
257,141,48
258,133,49
259,149,49
260,154,52
261,161,68
262,125,170
263,154,60
264,182,62
265,169,63
266,137,99
267,107,132
268,106,137
269,117,132
270,124,132
271,115,136
272,121,135
273,134,141
274,103,111
275,104,104
276,164,45
277,121,82
278,122,105
279,123,101
280,160,96
281,104,94
282,146,38
283,156,40
284,174,18
285,114,46
286,126,52
287,140,133
288,172,129
289,116,110
290,110,112
291,134,133
292,132,134
293,160,35
294,122,108
295,132,39
296,133,33
297,145,3
298,169,26
299,140,18
300,168,42
301,176,36
302,107,135
303,116,134
304,123,134
305,115,111
306,133,133
307,129,138
308,131,134
309,112,109
310,120,136
311,113,138
312,105,139
313,107,160
314,107,154
315,107,150
316,106,145
317,105,142
318,120,138
319,122,140
320,124,142
321,125,144
322,131,124
323,181,92
324,125,136
325,127,137
326,107,115
327,120,111
328,109,114
329,129,85
330,142,89
331,124,103
332,163,9
333,158,20
334,148,32
335,127,148
336,115,36
337,121,18
338,124,1
339,151,67
340,169,73
341,121,65
342,161,55
343,116,77
344,117,104
345,176,77
346,164,78
347,155,81
348,141,81
349,130,78
350,122,75
351,105,69
352,175,92
353,167,53
354,101,114
355,120,89
356,184,60
357,116,71
358,125,103
359,157,60
360,118,99
361,178,110
362,121,62
363,111,96
364,158,149
365,156,157
366,181,93
367,167,138
368,179,48
369,126,178
370,100,115
371,127,94
372,175,64
373,144,64
374,138,65
375,130,138
376,174,106
377,113,189
378,135,176
379,145,168
380,132,64
381,127,63
382,123,63
383,172,51
384,128,58
385,134,56
386,140,55
387,146,56
388,150,58
389,183,43
390,148,63
391,123,121
392,116,109
393,108,121
394,147,160
395,137,169
396,113,184
397,165,144
398,123,60
399,110,81
400,125,183
401,178,109
402,113,140
403,115,143
404,116,146
405,117,150
406,119,155
407,127,134
408,129,133
409,130,132
410,137,127
411,165,111
412,110,73
413,115,57
414,120,58
415,125,135
416,165,128
417,108,57
418,122,162
419,105,78
420,115,92
421,110,168
422,140,144
423,131,108
424,131,154
425,149,106
426,139,115
427,156,117
428,112,177
429,120,95
430,145,151
431,135,161
432,146,134
433,172,119
434,156,136
435,174,124
436,145,122
437,115,85
438,115,108
439,120,108
440,111,104
441,121,50
442,132,45
443,143,44
444,152,46
445,158,49
446,162,62
447,182,77
448,157,72
449,149,74
450,140,74
451,131,73
452,123,70
453,118,68
454,182,76
455,120,109
456,110,88
457,109,109
458,105,113
459,109,110
460,118,111
461,103,114
462,102,115
463,118,63
464,114,64
465,112,66
466,152,59
467,157,55
468,60,59
469,67,59
470,60,53
471,53,59
472,60,66
473,138,59
474,145,59
475,138,52
476,130,59
477,138,65
