0,99,133
1,105,110
2,102,116
3,98,84
4,106,103
5,105,93
6,103,65
7,44,57
8,102,41
9,102,30
10,103,-6
11,99,136
12,98,139
13,98,141
14,98,141
15,98,145
16,98,149
17,98,154
18,98,160
19,104,113
20,96,113
21,7,20
22,66,65
23,58,66
24,51,65
25,40,59
26,73,64
27,55,41
28,64,42
29,46,42
30,41,45
31,33,64
32,69,168
33,41,54
34,4,54
35,22,57
36,61,99
37,91,131
38,91,138
39,83,133
40,77,135
41,85,138
42,80,138
43,65,146
44,99,110
45,99,103
46,29,39
47,76,80
48,79,106
49,78,102
50,36,97
51,98,93
52,50,31
53,38,34
54,17,8
55,85,40
56,71,46
57,59,139
58,9,122
59,85,110
60,91,113
61,71,139
62,72,139
63,33,28
64,78,109
65,65,33
66,64,26
67,54,-4
68,24,17
69,59,10
70,23,34
71,15,27
72,91,135
73,84,136
74,79,137
75,86,112
76,72,139
77,74,141
78,73,139
79,89,109
80,81,139
81,86,140
82,92,140
83,88,159
84,89,153
85,90,149
86,91,144
87,91,141
88,81,140
89,80,141
90,78,143
91,77,146
92,70,127
93,0,83
94,103,115
95,77,139
96,76,140
97,93,115
98,80,113
99,92,114
100,68,84
101,55,89
102,76,105
103,32,0
104,38,11
105,47,25
106,71,151
107,83,29
108,80,12
109,77,-6
110,44,63
111,23,69
112,77,62
113,32,49
114,82,75
115,84,104
116,13,73
117,30,76
118,41,80
119,57,80
120,68,77
121,76,74
122,95,67
123,15,90
124,25,47
125,101,113
126,78,88
127,-1,50
128,82,70
129,75,104
130,37,54
131,83,99
132,3,102
133,77,59
134,91,95
135,32,147
136,29,153
137,4,87
138,21,135
139,9,39
140,66,174
141,100,114
142,71,93
143,14,58
144,52,60
145,59,61
146,73,142
147,16,105
148,79,184
149,54,171
150,43,164
151,103,13
152,95,185
153,65,61
154,71,60
155,75,59
156,18,44
157,70,52
158,63,49
159,56,48
160,49,49
161,45,51
162,1,34
163,47,59
164,102,121
165,77,124
166,85,109
167,92,122
168,102,53
169,43,158
170,54,166
171,80,180
172,18,139
173,75,56
174,90,79
175,96,182
176,66,179
177,7,104
178,86,140
179,84,143
180,83,146
181,82,150
182,79,156
183,76,139
184,75,138
185,74,137
186,64,133
187,29,111
188,89,71
189,83,53
190,78,53
191,77,139
192,27,128
193,91,53
194,73,162
195,105,84
196,96,76
197,104,75
198,84,91
199,97,176
200,98,167
201,85,166
202,55,148
203,67,110
204,63,155
205,48,108
206,60,117
207,41,119
208,82,174
209,79,95
210,47,152
211,58,160
212,50,139
213,18,117
214,38,138
215,11,120
216,54,126
217,84,84
218,87,107
219,82,109
220,91,103
221,77,45
222,65,39
223,53,38
224,43,39
225,36,43
226,31,56
227,3,70
228,38,68
229,46,72
230,57,72
231,67,70
232,74,68
233,80,66
234,-1,66
235,81,110
236,91,87
237,93,109
238,96,112
239,92,109
240,83,112
241,98,113
242,98,114
243,80,59
244,84,62
245,87,64
246,43,53
247,37,49
248,110,84
249,148,58
250,110,113
251,168,23
252,128,65
253,135,66
254,141,65
255,150,60
256,123,63
257,141,41
258,132,42
259,148,43
260,152,46
261,154,65
262,121,166
263,150,55
264,169,56
265,161,57
266,134,99
267,106,131
268,105,138
269,113,133
270,116,135
271,110,138
272,113,139
273,127,145
274,111,110
275,113,103
276,160,38
277,121,80
278,123,106
279,123,102
280,153,96
281,112,93
282,148,31
283,156,33
284,165,12
285,118,38
286,125,46
287,132,138
288,152,120
289,118,110
290,113,113
291,120,139
292,119,139
293,159,28
294,122,109
295,136,32
296,138,26
297,144,-2
298,163,20
299,141,12
300,164,34
301,166,30
302,106,135
303,111,136
304,115,137
305,116,111
306,119,139
307,117,141
308,118,139
309,116,109
310,112,140
311,108,140
312,104,140
313,107,159
314,105,153
315,105,149
316,104,144
317,104,141
318,112,140
319,113,141
320,115,143
321,116,146
322,127,127
323,161,83
324,114,140
325,116,140
326,110,115
327,119,113
328,111,114
329,127,84
330,138,89
331,123,104
332,158,3
333,155,14
334,150,25
335,122,150
336,121,28
337,124,13
338,126,-5
339,147,64
340,160,70
341,120,62
342,157,49
343,117,75
344,121,104
345,166,73
346,156,77
347,148,81
348,136,79
349,127,76
350,120,73
351,109,67
352,165,89
353,161,47
354,108,113
355,120,88
356,166,52
357,116,69
358,123,104
359,153,55
360,121,99
361,157,101
362,120,59
363,117,95
364,145,145
365,141,150
366,166,87
367,152,133
368,168,42
369,121,172
370,106,114
371,126,93
372,166,58
373,141,61
374,136,62
375,118,142
376,161,104
377,109,183
378,126,169
379,133,161
380,130,61
381,125,60
382,122,59
383,165,44
384,126,52
385,132,49
386,139,49
387,144,50
388,148,52
389,168,36
390,145,60
391,122,123
392,118,109
393,111,122
394,137,155
395,129,163
396,110,179
397,147,137
398,122,56
399,114,79
400,118,176
401,162,103
402,108,140
403,110,143
404,111,146
405,112,150
406,115,155
407,116,139
408,117,138
409,119,137
410,130,132
411,155,110
412,113,71
413,116,53
414,120,53
415,114,140
416,152,126
417,111,53
418,118,160
419,110,76
420,118,91
421,109,165
422,133,146
423,128,109
424,126,154
425,144,107
426,134,116
427,147,118
428,110,173
429,121,95
430,137,149
431,129,158
432,138,137
433,158,115
434,145,136
435,158,118
436,138,125
437,117,84
438,119,107
439,121,109
440,117,103
441,122,44
442,134,39
443,144,38
444,151,40
445,156,43
446,156,56
447,168,71
448,151,69
449,144,72
450,135,72
451,127,70
452,121,67
453,118,65
454,163,67
455,120,110
456,115,87
457,115,108
458,111,112
459,114,109
460,118,112
461,110,113
462,108,114
463,118,59
464,115,61
465,113,64
466,149,54
467,154,50
468,57,54
469,65,54
470,57,46
471,49,53
472,57,61
473,134,54
474,142,54
475,134,47
476,126,54
477,134,61
