0,101,136
1,96,109
2,98,115
3,91,82
4,96,101
5,96,90
6,97,63
7,54,57
8,98,45
9,98,35
10,98,-1
11,101,138
12,101,140
13,101,141
14,101,147
15,101,150
16,101,153
17,101,157
18,101,168
19,96,112
20,90,111
21,33,30
22,73,64
23,66,65
24,60,65
25,51,60
26,78,62
27,61,44
28,69,45
29,55,46
30,51,48
31,46,65
32,76,176
33,51,55
34,30,62
35,39,60
36,67,99
37,92,134
38,93,139
39,85,136
40,80,137
41,87,139
42,83,140
43,70,149
44,90,108
45,89,101
46,42,44
47,80,79
48,76,104
49,76,100
50,49,97
51,90,91
52,56,37
53,47,39
54,38,17
55,84,44
56,75,47
57,66,140
58,40,133
59,81,109
60,87,111
61,74,141
62,76,141
63,44,34
64,77,107
65,68,38
66,67,32
67,61,2
68,41,26
69,64,16
70,39,40
71,36,35
72,93,137
73,86,138
74,81,139
75,83,110
76,75,141
77,78,144
78,76,141
79,84,107
80,84,140
81,88,140
82,94,141
83,91,167
84,92,156
85,93,152
86,93,149
87,94,146
88,84,144
89,83,145
90,81,147
91,80,149
92,72,127
93,33,94
94,97,114
95,81,142
96,79,143
97,89,114
98,79,112
99,88,113
100,73,83
101,63,88
102,76,103
103,46,8
104,50,19
105,54,31
106,76,156
107,82,34
108,79,16
109,78,0
110,54,63
111,40,70
112,81,60
113,45,52
114,84,74
115,80,102
116,34,77
117,44,76
118,52,80
119,64,79
120,73,75
121,80,72
122,91,65
123,35,93
124,40,51
125,93,112
126,80,87
127,31,60
128,84,68
129,76,103
130,48,55
131,80,97
132,35,112
133,80,57
134,85,93
135,50,155
136,51,163
137,31,94
138,43,143
139,33,47
140,75,184
141,94,113
142,74,92
143,35,60
144,60,60
145,66,60
146,76,145
147,37,109
148,88,196
149,68,183
150,60,174
151,98,16
152,103,198
153,71,59
154,76,58
155,79,58
156,36,48
157,74,52
158,69,49
159,63,49
160,57,50
161,54,52
162,31,43
163,56,59
164,98,121
165,77,123
166,81,108
167,89,122
168,98,53
169,58,166
170,66,175
171,87,191
172,45,150
173,78,55
174,87,77
175,102,193
176,76,191
177,33,111
178,89,145
179,87,147
180,86,150
181,85,153
182,82,162
183,79,140
184,78,140
185,76,139
186,68,133
187,45,113
188,88,69
189,85,53
190,81,53
191,80,141
192,45,132
193,90,54
194,79,168
195,97,81
196,91,74
197,97,72
198,83,89
199,101,185
200,101,175
201,90,174
202,65,151
203,71,109
204,71,161
205,57,108
206,65,117
207,53,120
208,88,183
209,79,93
210,59,157
211,68,167
212,59,141
213,39,122
214,52,142
215,37,127
216,61,127
217,84,82
218,82,106
219,78,107
220,84,101
221,80,47
222,69,43
223,59,42
224,52,44
225,47,47
226,45,58
227,30,78
228,50,69
229,57,71
230,65,71
231,73,69
232,79,66
233,83,64
234,32,76
235,79,109
236,86,85
237,86,107
238,90,110
239,86,108
240,81,111
241,91,111
242,92,113
243,83,58
244,86,61
245,88,63
246,52,54
247,48,51
248,103,82
249,147,58
250,104,111
251,177,26
252,128,65
253,135,65
254,142,65
255,151,60
256,122,63
257,138,44
258,130,45
259,145,46
260,150,48
261,158,65
262,129,177
263,150,56
264,182,59
265,166,60
266,134,98
267,109,135
268,109,139
269,118,136
270,123,138
271,116,140
272,121,140
273,135,149
274,102,108
275,103,101
276,160,42
277,120,78
278,120,104
279,121,100
280,155,96
281,103,90
282,142,35
283,152,37
284,169,14
285,112,43
286,123,48
287,139,141
288,180,132
289,115,109
290,110,111
291,130,141
292,129,142
293,156,32
294,121,107
295,129,37
296,130,31
297,139,0
298,163,23
299,134,15
300,165,38
301,171,32
302,109,137
303,117,138
304,122,139
305,114,110
306,129,142
307,126,145
308,128,142
309,111,107
310,120,141
311,114,141
312,108,141
313,111,167
314,110,156
315,110,153
316,109,149
317,108,146
318,120,145
319,121,146
320,122,148
321,124,150
322,129,128
323,186,92
324,123,143
325,125,144
326,107,114
327,119,112
328,108,113
329,127,82
330,139,88
331,123,103
332,157,5
333,151,16
334,144,29
335,129,156
336,113,34
337,117,15
338,120,-2
339,147,63
340,166,70
341,118,61
342,158,51
343,115,74
344,115,102
345,174,75
346,161,76
347,151,79
348,137,78
349,127,75
350,120,72
351,104,64
352,174,92
353,164,50
354,100,112
355,119,87
356,185,57
357,115,69
358,124,103
359,153,56
360,116,96
361,185,111
362,119,59
363,109,93
364,163,155
365,165,163
366,183,92
367,171,143
368,177,44
369,132,185
370,100,113
371,126,92
372,173,60
373,140,61
374,134,61
375,128,146
376,173,108
377,119,197
378,143,184
379,154,175
380,129,61
381,123,60
382,120,59
383,170,48
384,125,53
385,131,51
386,137,51
387,143,52
388,146,54
389,182,40
390,144,59
391,122,123
392,115,108
393,108,122
394,153,167
395,143,176
396,118,191
397,173,150
398,121,57
399,109,77
400,132,191
401,182,110
402,115,146
403,116,148
404,117,150
405,118,154
406,121,162
407,125,141
408,126,140
409,127,140
410,135,133
411,162,113
412,109,68
413,113,54
414,118,54
415,124,141
416,166,132
417,107,55
418,125,169
419,104,73
420,114,89
421,113,174
422,142,152
423,130,109
424,135,161
425,145,107
426,136,117
427,152,120
428,116,183
429,119,93
430,149,158
431,140,168
432,147,141
433,172,121
434,156,142
435,179,127
436,142,127
437,114,82
438,113,106
439,118,107
440,109,101
441,118,47
442,129,42
443,139,41
444,148,43
445,154,46
446,159,58
447,183,75
448,153,69
449,146,71
450,136,71
451,128,69
452,121,67
453,116,65
454,186,74
455,118,109
456,109,85
457,107,107
458,104,110
459,108,108
460,117,111
461,103,111
462,102,113
463,116,59
464,113,61
465,110,63
466,148,55
467,153,52
468,64,53
469,71,53
470,64,46
471,57,53
472,63,60
473,131,55
474,138,55
475,132,48
476,125,55
477,131,61
