0,97,128
1,98,109
2,99,116
3,91,84
4,98,101
5,98,91
6,98,66
7,44,63
8,97,45
9,97,35
10,97,1
11,97,131
12,97,133
13,97,135
14,98,155
15,98,158
16,97,162
17,98,166
18,103,177
19,99,113
20,92,113
21,20,36
22,64,68
23,57,69
24,50,69
25,41,66
26,69,67
27,54,46
28,62,47
29,46,47
30,41,51
31,35,70
32,72,181
33,41,61
34,15,68
35,27,64
36,59,102
37,86,127
38,87,133
39,75,130
40,69,133
41,79,134
42,73,136
43,65,154
44,92,109
45,90,101
46,32,42
47,75,83
48,73,107
49,73,103
50,37,101
51,91,92
52,49,34
53,39,36
54,27,22
55,81,41
56,69,51
57,59,144
58,23,140
59,80,111
60,86,114
61,62,142
62,65,142
63,36,31
64,73,110
65,63,34
66,62,28
67,55,5
68,31,28
69,59,18
70,28,39
71,24,39
72,86,131
73,77,132
74,71,135
75,82,113
76,64,142
77,67,148
78,66,142
79,84,109
80,75,137
81,81,135
82,88,135
83,90,175
84,86,165
85,87,161
86,87,157
87,89,155
88,75,151
89,74,152
90,71,154
91,70,156
92,66,130
93,15,101
94,99,115
95,71,147
96,69,148
97,89,116
98,76,115
99,87,115
100,67,87
101,55,92
102,71,106
103,38,12
104,41,21
105,47,27
106,71,162
107,79,30
108,77,18
109,74,2
110,44,68
111,27,75
112,73,66
113,34,54
114,80,78
115,78,104
116,20,82
117,32,81
118,41,84
119,55,83
120,65,80
121,73,77
122,90,68
123,20,98
124,29,52
125,95,113
126,75,91
127,14,67
128,78,73
129,71,107
130,38,61
131,77,99
132,17,120
133,73,63
134,84,95
135,40,160
136,40,169
137,14,100
138,30,149
139,20,53
140,71,189
141,96,115
142,68,96
143,21,65
144,51,65
145,57,65
146,65,149
147,21,114
148,86,202
149,62,188
150,52,179
151,97,18
152,104,204
153,62,64
154,68,63
155,71,63
156,24,50
157,67,58
158,61,55
159,55,55
160,49,56
161,45,58
162,16,50
163,47,64
164,100,122
165,73,126
166,80,110
167,88,123
168,97,56
169,50,171
170,60,179
171,85,196
172,31,157
173,71,61
174,85,80
175,103,199
176,73,195
177,16,118
178,81,153
179,80,155
180,78,158
181,77,162
182,79,170
183,68,139
184,66,138
185,64,137
186,62,136
187,32,118
188,86,73
189,79,56
190,75,58
191,70,139
192,32,137
193,87,56
194,75,175
195,98,83
196,91,76
197,98,75
198,80,92
199,103,191
200,103,183
201,88,181
202,58,156
203,65,113
204,66,166
205,48,111
206,59,120
207,43,124
208,86,189
209,75,97
210,52,162
211,62,172
212,52,144
213,24,127
214,43,146
215,21,134
216,54,130
217,80,85
218,81,107
219,76,109
220,84,102
221,74,48
222,62,43
223,52,42
224,43,43
225,37,47
226,33,62
227,13,84
228,39,74
229,46,76
230,56,76
231,64,74
232,71,72
233,76,70
234,14,84
235,76,111
236,85,87
237,86,108
238,91,112
239,87,109
240,78,114
241,92,112
242,93,114
243,76,63
244,80,65
245,83,67
246,43,60
247,38,55
248,104,84
249,150,63
250,106,113
251,178,35
252,131,69
253,138,69
254,145,69
255,154,66
256,125,68
257,140,48
258,132,49
259,148,50
260,153,53
261,161,70
262,133,181
263,153,61
264,184,67
265,169,65
266,139,101
267,108,127
268,108,133
269,121,130
270,129,132
271,118,134
272,126,135
273,140,152
274,105,109
275,106,101
276,162,47
277,122,82
278,124,106
279,125,102
280,162,99
281,105,92
282,144,38
283,154,41
284,170,22
285,113,44
286,126,52
287,146,142
288,182,140
289,118,110
290,112,113
291,140,140
292,137,140
293,158,37
294,125,109
295,131,38
296,132,32
297,141,5
298,165,29
299,136,18
300,166,44
301,173,39
302,108,130
303,119,132
304,128,134
305,116,112
306,138,140
307,134,147
308,136,140
309,114,108
310,125,136
311,117,135
312,108,134
313,115,175
314,110,164
315,110,161
316,109,157
317,108,154
318,125,149
319,126,150
320,128,152
321,130,154
322,135,128
323,188,100
324,130,146
325,132,146
326,110,116
327,123,114
328,111,114
329,130,86
330,143,91
331,127,105
332,159,11
333,154,22
334,146,33
335,134,161
336,115,34
337,118,18
338,121,1
339,151,68
340,169,76
341,121,66
342,160,56
343,116,78
344,119,103
345,179,81
346,164,80
347,155,83
348,140,82
349,130,79
350,122,76
351,105,68
352,179,96
353,166,55
354,102,113
355,122,90
356,187,66
357,116,72
358,128,105
359,157,61
360,119,98
361,187,119
362,121,64
363,112,94
364,165,160
365,166,169
366,187,99
367,175,149
368,179,52
369,134,189
370,102,114
371,129,95
372,176,67
373,144,65
374,138,65
375,136,147
376,179,112
377,121,202
378,144,188
379,155,180
380,132,65
381,127,64
382,123,64
383,172,54
384,127,59
385,133,57
386,139,56
387,145,57
388,149,59
389,183,49
390,148,64
391,127,124
392,118,109
393,112,122
394,155,171
395,145,180
396,120,196
397,175,157
398,123,62
399,111,80
400,134,196
401,186,116
402,117,152
403,118,154
404,120,157
405,121,160
406,126,169
407,133,137
408,134,137
409,136,136
410,142,134
411,169,116
412,110,72
413,115,58
414,120,59
415,131,138
416,171,136
417,108,57
418,130,174
419,105,76
420,117,92
421,117,181
422,146,155
423,134,111
424,139,165
425,151,110
426,141,119
427,158,122
428,119,189
429,122,96
430,152,161
431,143,171
432,152,143
433,178,126
434,161,145
435,183,133
436,148,128
437,116,85
438,116,107
439,121,108
440,112,102
441,120,50
442,132,45
443,142,45
444,150,46
445,157,50
446,162,63
447,186,83
448,157,73
449,149,75
450,139,75
451,130,74
452,123,72
453,118,70
454,187,83
455,122,110
456,111,87
457,110,107
458,106,111
459,110,109
460,120,113
461,105,112
462,104,114
463,118,64
464,114,66
465,111,67
466,152,60
467,157,56
468,57,59
469,65,59
470,57,52
471,49,59
472,57,66
473,139,60
474,146,60
475,138,54
476,131,60
477,139,66
