0,94,133
1,92,105
2,95,113
3,87,80
4,91,97
5,91,87
6,94,62
7,55,62
8,94,44
9,94,34
10,93,-5
11,94,136
12,95,139
13,96,140
14,96,140
15,96,143
16,96,146
17,96,149
18,101,160
19,93,110
20,87,110
21,34,36
22,74,68
23,67,69
24,60,69
25,53,65
26,79,66
27,59,48
28,67,48
29,53,50
30,49,53
31,49,70
32,77,175
33,53,60
34,33,70
35,44,63
36,64,101
37,86,132
38,88,138
39,79,134
40,74,136
41,82,139
42,78,139
43,70,148
44,86,105
45,84,98
46,39,45
47,77,81
48,73,104
49,73,100
50,46,101
51,85,88
52,48,40
53,42,41
54,37,22
55,77,46
56,75,51
57,64,141
58,44,144
59,78,108
60,84,111
61,70,140
62,71,140
63,39,36
64,73,108
65,60,41
66,57,34
67,57,1
68,39,29
69,60,16
70,37,41
71,35,40
72,86,136
73,80,137
74,76,138
75,80,110
76,70,140
77,73,141
78,72,140
79,80,106
80,79,140
81,84,140
82,89,140
83,92,160
84,88,149
85,88,145
86,88,142
87,89,140
88,79,140
89,78,141
90,77,143
91,76,145
92,69,128
93,38,105
94,94,112
95,76,140
96,75,141
97,86,113
98,77,112
99,85,112
100,70,86
101,60,91
102,72,103
103,44,10
104,46,20
105,46,33
106,76,153
107,73,36
108,75,14
109,73,-2
110,56,68
111,44,75
112,82,64
113,45,55
114,81,76
115,76,101
116,34,84
117,47,82
118,53,85
119,65,83
120,74,79
121,80,75
122,88,65
123,34,100
124,42,53
125,89,110
126,77,88
127,36,70
128,84,71
129,73,104
130,51,60
131,76,96
132,40,124
133,83,61
134,80,91
135,51,159
136,55,169
137,33,103
138,44,150
139,34,54
140,77,183
141,91,111
142,71,94
143,42,64
144,60,65
145,66,65
146,72,142
147,36,116
148,90,194
149,71,185
150,64,178
151,93,13
152,104,196
153,72,64
154,78,63
155,81,62
156,39,51
157,76,56
158,70,54
159,63,54
160,58,56
161,55,58
162,34,51
163,57,64
164,96,120
165,75,123
166,78,107
167,86,121
168,95,53
169,60,169
170,68,176
171,88,188
172,49,158
173,80,59
174,84,77
175,103,189
176,80,190
177,35,120
178,84,140
179,82,142
180,82,144
181,82,147
182,83,157
183,74,140
184,73,139
185,71,138
186,65,134
187,42,119
188,85,70
189,84,56
190,82,56
191,76,140
192,44,138
193,87,56
194,80,166
195,92,78
196,87,73
197,93,71
198,79,89
199,102,180
200,101,169
201,90,169
202,65,152
203,68,111
204,72,160
205,54,110
206,63,119
207,50,124
208,88,179
209,76,94
210,60,159
211,69,167
212,58,143
213,38,129
214,51,145
215,38,136
216,59,129
217,80,82
218,78,105
219,75,107
220,80,99
221,77,50
222,64,46
223,54,45
224,48,47
225,45,50
226,48,62
227,32,86
228,52,74
229,57,76
230,66,76
231,74,73
232,80,70
233,84,68
234,37,88
235,76,109
236,82,84
237,82,105
238,86,109
239,83,106
240,78,111
241,87,109
242,89,111
243,84,62
244,86,64
245,86,66
246,54,59
247,49,56
248,99,79
249,151,56
250,101,109
251,184,25
252,130,64
253,137,65
254,145,64
255,155,59
256,123,63
257,139,40
258,131,42
259,148,41
260,153,44
261,162,63
262,131,174
263,154,53
264,189,61
265,171,57
266,135,97
267,104,131
268,105,138
269,116,133
270,124,135
271,114,138
272,121,138
273,137,146
274,98,105
275,98,97
276,164,36
277,119,78
278,119,102
279,120,98
280,159,96
281,98,87
282,144,29
283,155,31
284,174,11
285,109,40
286,123,46
287,143,138
288,192,139
289,114,107
290,108,109
291,135,138
292,133,138
293,160,25
294,121,105
295,128,32
296,129,25
297,138,-4
298,166,19
299,132,10
300,170,32
301,177,31
302,104,135
303,115,135
304,123,136
305,112,108
306,134,138
307,129,140
308,132,138
309,108,104
310,121,138
311,113,139
312,105,139
313,110,159
314,106,148
315,105,145
316,105,142
317,105,139
318,121,139
319,122,140
320,123,141
321,124,143
322,131,126
323,197,98
324,126,138
325,127,139
326,105,113
327,119,110
328,106,111
329,128,83
330,140,87
331,122,101
332,159,1
333,152,12
334,146,22
335,130,151
336,110,29
337,114,11
338,117,-6
339,151,62
340,171,69
341,119,61
342,162,47
343,113,74
344,113,99
345,180,76
346,165,75
347,154,79
348,139,78
349,128,75
350,120,72
351,101,64
352,180,93
353,168,45
354,97,109
355,119,86
356,195,60
357,114,68
358,124,102
359,158,53
360,114,94
361,196,118
362,119,59
363,106,90
364,169,157
365,172,168
366,191,96
367,180,146
368,183,44
369,133,183
370,97,111
371,126,91
372,179,58
373,143,60
374,137,60
375,130,140
376,181,109
377,120,194
378,146,185
379,158,178
380,131,60
381,125,59
382,121,59
383,175,43
384,126,52
385,132,50
386,139,49
387,145,49
388,149,51
389,191,41
390,148,58
391,123,121
392,113,105
393,107,120
394,157,168
395,146,176
396,119,188
397,183,156
398,121,56
399,106,76
400,133,191
401,191,114
402,113,139
403,114,141
404,115,143
405,115,146
406,121,156
407,128,138
408,129,137
409,130,136
410,138,131
411,168,113
412,107,68
413,112,53
414,117,53
415,126,138
416,173,133
417,104,53
418,126,165
419,100,72
420,112,88
421,113,169
422,144,150
423,131,108
424,136,159
425,149,106
426,139,115
427,157,119
428,117,179
429,118,92
430,153,158
431,142,167
432,151,140
433,181,124
434,162,142
435,188,131
436,146,126
437,112,81
438,110,103
439,117,105
440,106,98
441,117,45
442,129,39
443,141,36
444,150,37
445,158,41
446,163,55
447,191,78
448,157,67
449,149,70
450,138,71
451,129,69
452,121,67
453,116,65
454,197,79
455,117,107
456,106,83
457,104,104
458,101,108
459,105,105
460,116,109
461,99,109
462,99,110
463,116,59
464,111,61
465,108,63
466,152,52
467,157,48
468,71,60
469,78,59
470,70,53
471,63,60
472,71,66
473,141,54
474,148,54
475,140,47
476,133,54
477,141,61
