0,99,126
1,98,102
2,99,112
3,91,79
4,98,95
5,98,85
6,98,63
7,43,66
8,97,42
9,97,31
10,97,2
11,99,130
12,99,135
13,100,139
14,100,143
15,100,149
16,100,156
17,100,162
18,101,169
19,99,107
20,92,108
21,13,42
22,64,72
23,56,73
24,49,73
25,40,69
26,71,69
27,53,47
28,62,48
29,45,49
30,39,53
31,33,74
32,71,178
33,41,64
34,10,74
35,24,69
36,59,102
37,90,125
38,91,135
39,80,129
40,75,134
41,85,137
42,80,139
43,65,153
44,92,103
45,90,95
46,28,45
47,75,82
48,74,103
49,73,100
50,36,103
51,91,87
52,45,33
53,35,37
54,20,27
55,79,40
56,69,51
57,60,145
58,21,145
59,80,107
60,87,109
61,71,144
62,73,143
63,30,32
64,74,107
65,60,33
66,58,26
67,50,7
68,24,31
69,54,18
70,23,42
71,18,44
72,90,130
73,83,133
74,77,137
75,82,109
76,72,144
77,74,146
78,74,143
79,84,104
80,82,140
81,87,139
82,93,139
83,90,168
84,90,162
85,91,155
86,92,148
87,93,142
88,82,142
89,80,145
90,77,149
91,75,152
92,67,129
93,11,108
94,99,109
95,79,143
96,77,144
97,89,112
98,77,112
99,88,111
100,66,87
101,54,93
102,72,104
103,31,15
104,36,22
105,42,27
106,71,159
107,77,28
108,74,17
109,71,3
110,43,71
111,25,80
112,75,67
113,32,57
114,80,77
115,78,99
116,16,86
117,30,85
118,40,87
119,54,85
120,65,82
121,74,77
122,90,66
123,18,102
124,26,56
125,95,107
126,75,89
127,9,75
128,80,72
129,71,105
130,37,64
131,78,95
132,15,126
133,76,64
134,84,90
135,37,162
136,38,171
137,11,105
138,28,152
139,14,58
140,69,187
141,96,109
142,68,95
143,18,71
144,50,68
145,56,68
146,73,148
147,20,117
148,84,200
149,59,188
150,49,181
151,97,17
152,103,201
153,63,68
154,69,66
155,73,65
156,20,55
157,68,59
158,62,58
159,55,58
160,49,59
161,45,61
162,9,57
163,46,67
164,99,118
165,74,124
166,80,106
167,88,119
168,98,54
169,47,171
170,57,179
171,84,193
172,29,161
173,73,62
174,85,77
175,102,195
176,70,195
177,14,122
178,87,142
179,85,147
180,83,152
181,81,158
182,79,164
183,77,141
184,74,140
185,72,139
186,62,137
187,31,120
188,85,71
189,81,56
190,76,58
191,79,142
192,31,139
193,87,54
194,75,171
195,98,78
196,91,73
197,98,71
198,80,89
199,102,186
200,101,177
201,88,176
202,57,156
203,65,111
204,65,164
205,48,111
206,59,120
207,42,125
208,85,184
209,75,94
210,50,162
211,60,171
212,51,146
213,23,130
214,41,148
215,19,138
216,54,131
217,80,83
218,81,102
219,76,105
220,84,97
221,74,48
222,61,42
223,50,42
224,40,44
225,34,49
226,31,66
227,10,89
228,37,77
229,45,79
230,55,79
231,65,76
232,73,73
233,78,70
234,10,92
235,77,108
236,85,83
237,86,102
238,91,106
239,87,104
240,79,111
241,92,107
242,94,109
243,78,64
244,82,65
245,84,65
246,43,63
247,36,58
248,105,79
249,155,64
250,106,107
251,185,38
252,134,70
253,142,71
254,149,71
255,159,67
256,127,68
257,144,47
258,135,48
259,152,48
260,158,51
261,165,71
262,133,177
263,158,62
264,190,70
265,174,66
266,139,100
267,109,124
268,108,135
269,119,128
270,124,133
271,115,136
272,119,138
273,137,151
274,105,102
275,106,95
276,167,44
277,123,81
278,124,102
279,125,98
280,163,100
281,105,86
282,148,34
283,159,38
284,177,24
285,114,42
286,128,51
287,142,143
288,184,142
289,118,106
290,111,109
291,129,141
292,127,141
293,163,33
294,124,106
295,134,35
296,135,28
297,144,5
298,172,28
299,140,16
300,172,41
301,180,40
302,109,130
303,117,132
304,122,135
305,116,108
306,128,141
307,125,144
308,126,141
309,114,103
310,118,139
311,113,138
312,107,138
313,112,168
314,111,161
315,110,154
316,109,147
317,107,142
318,118,141
319,120,144
320,123,147
321,125,151
322,133,127
323,191,104
324,121,141
325,123,143
326,109,112
327,122,111
328,110,110
329,132,86
330,145,91
331,126,102
332,165,12
333,160,19
334,151,28
335,131,157
336,116,31
337,120,16
338,122,2
339,155,69
340,174,77
341,123,66
342,165,55
343,117,76
344,119,98
345,183,83
346,168,82
347,158,84
348,143,83
349,132,80
350,124,76
351,106,65
352,182,98
353,171,54
354,103,107
355,122,88
356,192,71
357,117,72
358,127,103
359,162,62
360,119,94
361,189,122
362,122,64
363,113,89
364,167,159
365,168,168
366,190,101
367,176,148
368,185,54
369,135,186
370,102,109
371,130,94
372,181,68
373,148,67
374,142,67
375,127,146
376,181,113
377,121,199
378,147,186
379,157,179
380,135,66
381,129,65
382,125,65
383,177,53
384,130,59
385,136,57
386,143,56
387,149,57
388,153,59
389,190,53
390,152,65
391,126,122
392,118,104
393,110,118
394,157,169
395,147,177
396,121,192
397,176,157
398,125,62
399,111,77
400,135,193
401,188,118
402,113,142
403,115,146
404,118,151
405,119,157
406,123,163
407,123,139
408,125,138
409,127,137
410,138,134
411,169,117
412,111,70
413,116,57
414,121,58
415,121,140
416,171,136
417,108,56
418,128,170
419,105,72
420,117,88
421,115,175
422,145,154
423,134,110
424,138,163
425,152,109
426,141,118
427,158,122
428,119,184
429,122,93
430,153,160
431,144,169
432,150,143
433,179,127
434,161,145
435,184,134
436,146,128
437,117,82
438,117,101
439,121,104
440,113,96
441,122,49
442,134,43
443,145,42
444,155,44
445,162,48
446,167,64
447,191,85
448,161,75
449,153,77
450,143,77
451,133,75
452,125,72
453,120,70
454,192,88
455,121,107
456,111,83
457,111,101
458,106,106
459,111,103
460,119,109
461,105,106
462,104,108
463,120,64
464,115,65
465,112,66
466,156,60
467,161,56
468,56,62
469,64,62
470,56,55
471,48,62
472,57,69
473,142,61
474,150,61
475,142,54
476,134,60
477,142,67
