0,99,130
1,95,112
2,97,118
3,89,84
4,94,104
5,94,92
6,96,65
7,50,63
8,96,46
9,96,37
10,95,0
11,99,133
12,99,136
13,100,138
14,100,138
15,100,142
16,100,147
17,100,152
18,103,161
19,96,115
20,89,115
21,30,35
22,71,68
23,64,69
24,57,70
25,48,65
26,76,66
27,57,49
28,65,49
29,50,51
30,46,54
31,44,70
32,78,174
33,47,60
34,29,67
35,37,65
36,64,102
37,89,129
38,91,136
39,80,131
40,74,134
41,84,136
42,79,137
43,70,148
44,88,112
45,87,104
46,37,49
47,78,82
48,73,107
49,73,103
50,46,100
51,88,93
52,50,43
53,42,45
54,34,22
55,81,48
56,73,52
57,64,141
58,42,137
59,79,112
60,84,114
61,69,139
62,72,139
63,38,40
64,73,110
65,63,43
66,61,37
67,55,5
68,36,30
69,59,19
70,34,46
71,32,41
72,89,133
73,82,134
74,76,136
75,80,113
76,71,139
77,74,140
78,73,139
79,81,111
80,81,138
81,86,138
82,92,138
83,93,161
84,91,152
85,91,147
86,91,142
87,92,138
88,81,138
89,79,140
90,77,142
91,76,145
92,70,130
93,34,99
94,96,117
95,77,138
96,75,139
97,87,117
98,77,114
99,86,116
100,71,86
101,60,92
102,73,106
103,41,12
104,44,23
105,47,37
106,77,153
107,77,38
108,75,18
109,73,1
110,52,68
111,39,75
112,80,65
113,41,57
114,82,77
115,77,105
116,32,82
117,42,81
118,50,84
119,63,83
120,72,79
121,79,75
122,90,67
123,33,97
124,37,56
125,92,115
126,78,90
127,31,66
128,83,72
129,73,106
130,45,61
131,77,100
132,37,118
133,79,62
134,82,96
135,51,155
136,54,164
137,31,99
138,44,145
139,31,53
140,77,182
141,93,116
142,72,95
143,33,66
144,57,65
145,63,65
146,72,142
147,35,112
148,90,192
149,71,182
150,63,174
151,95,17
152,106,194
153,69,64
154,74,63
155,78,62
156,33,54
157,73,56
158,66,54
159,60,54
160,54,55
161,50,57
162,30,49
163,53,64
164,98,124
165,76,126
166,78,111
167,88,124
168,97,55
169,60,166
170,68,174
171,89,187
172,48,152
173,77,60
174,85,80
175,105,188
176,80,188
177,34,115
178,86,138
179,84,141
180,83,145
181,82,149
182,84,158
183,75,138
184,73,137
185,71,137
186,66,135
187,42,117
188,86,71
189,83,57
190,79,58
191,77,138
192,44,135
193,88,58
194,81,165
195,95,83
196,89,76
197,96,74
198,80,92
199,104,180
200,103,170
201,92,169
202,65,151
203,68,112
204,72,159
205,54,111
206,63,120
207,50,123
208,90,179
209,77,96
210,60,157
211,69,166
212,58,142
213,38,125
214,51,143
215,38,131
216,59,129
217,82,85
218,79,109
219,75,110
220,81,105
221,77,51
222,64,47
223,54,47
224,46,49
225,42,52
226,42,63
227,29,83
228,48,74
229,54,76
230,63,75
231,72,73
232,78,71
233,82,68
234,33,83
235,76,112
236,84,88
237,83,110
238,88,114
239,84,111
240,78,114
241,89,115
242,90,116
243,82,63
244,85,65
245,86,66
246,49,59
247,44,57
248,102,84
249,155,58
250,105,114
251,184,27
252,133,66
253,141,66
254,148,66
255,158,61
256,127,65
257,143,45
258,134,46
259,151,45
260,157,48
261,165,66
262,134,173
263,158,56
264,190,60
265,174,60
266,139,99
267,110,129
268,109,136
269,122,131
270,129,134
271,118,136
272,125,137
273,141,146
274,102,111
275,102,103
276,166,43
277,122,80
278,124,106
279,125,101
280,163,96
281,102,93
282,146,37
283,157,39
284,175,14
285,112,45
286,127,50
287,147,139
288,193,133
289,119,111
290,112,114
291,137,139
292,135,138
293,161,34
294,125,109
295,131,38
296,132,33
297,140,0
298,168,23
299,135,15
300,171,40
301,178,33
302,110,132
303,120,134
304,127,135
305,117,112
306,136,139
307,132,140
308,133,138
309,113,110
310,124,138
311,117,137
312,109,138
313,113,161
314,111,151
315,110,146
316,109,142
317,109,138
318,123,138
319,125,139
320,127,142
321,128,145
322,135,128
323,198,94
324,128,138
325,130,139
326,109,117
327,123,113
328,110,115
329,131,84
330,144,88
331,127,104
332,161,5
333,155,17
334,148,31
335,133,152
336,114,36
337,116,16
338,119,-1
339,155,64
340,175,71
341,122,64
342,165,52
343,116,75
344,117,104
345,183,76
346,169,76
347,158,80
348,143,79
349,132,77
350,124,74
351,104,66
352,183,92
353,171,51
354,100,115
355,122,88
356,195,59
357,117,71
358,128,104
359,161,56
360,118,98
361,197,113
362,122,61
363,110,95
364,172,154
365,174,163
366,194,93
367,183,143
368,184,45
369,137,181
370,100,116
371,130,93
372,182,61
373,147,61
374,141,62
375,133,141
376,184,108
377,123,192
378,149,182
379,161,174
380,134,62
381,128,61
382,124,61
383,177,49
384,129,55
385,136,52
386,143,51
387,149,51
388,153,53
389,190,41
390,152,60
391,127,124
392,118,110
393,110,124
394,161,165
395,150,174
396,122,187
397,185,150
398,125,59
399,110,79
400,137,188
401,193,111
402,117,138
403,118,140
404,119,144
405,121,149
406,124,157
407,130,137
408,132,137
409,134,136
410,143,133
411,172,113
412,110,70
413,115,56
414,121,56
415,128,138
416,176,131
417,107,57
418,130,165
419,103,75
420,116,91
421,116,169
422,149,150
423,135,110
424,140,158
425,153,107
426,143,117
427,161,119
428,120,179
429,122,95
430,157,156
431,146,165
432,155,140
433,184,121
434,166,141
435,190,127
436,151,127
437,116,83
438,115,108
439,122,109
440,110,104
441,121,49
442,133,44
443,144,42
444,153,43
445,160,46
446,167,58
447,193,77
448,161,69
449,153,72
450,142,72
451,132,71
452,125,69
453,119,67
454,197,76
455,122,111
456,109,87
457,108,110
458,105,113
459,109,111
460,120,113
461,103,114
462,103,116
463,119,62
464,115,64
465,112,65
466,156,54
467,160,52
468,63,58
469,70,58
470,62,52
471,55,59
472,63,65
473,143,55
474,150,55
475,142,49
476,135,55
477,144,61
