0,93,126
1,93,102
2,96,111
3,88,79
4,92,94
5,92,85
6,95,62
7,51,64
8,95,43
9,95,32
10,94,-2
11,93,128
12,93,131
13,95,132
14,96,165
15,96,168
16,96,171
17,96,174
18,102,172
19,94,107
20,89,108
21,34,39
22,69,71
23,62,72
24,56,72
25,49,68
26,75,68
27,59,46
28,67,47
29,52,48
30,48,52
31,44,73
32,80,179
33,49,62
34,33,72
35,39,69
36,66,102
37,84,126
38,86,132
39,76,131
40,73,137
41,81,135
42,78,139
43,73,157
44,87,102
45,85,95
46,40,47
47,78,82
48,75,104
49,75,100
50,48,104
51,86,86
52,53,37
53,44,40
54,37,25
55,82,43
56,75,50
57,69,148
58,48,144
59,81,108
60,86,110
61,73,152
62,75,151
63,42,36
64,76,108
65,65,37
66,64,31
67,57,4
68,39,30
69,60,17
70,37,45
71,35,42
72,84,129
73,78,133
74,75,138
75,83,109
76,74,151
77,74,157
78,76,150
79,82,104
80,80,139
81,83,136
82,88,134
83,93,172
84,86,173
85,86,170
86,87,167
87,89,164
88,80,159
89,78,160
90,76,162
91,74,164
92,73,131
93,40,107
94,95,109
95,78,156
96,76,156
97,88,112
98,79,113
99,87,111
100,71,87
101,61,93
102,74,104
103,44,13
104,46,21
105,51,31
106,78,162
107,79,33
108,75,15
109,73,0
110,51,70
111,39,80
112,79,66
113,43,57
114,82,76
115,77,100
116,35,86
117,41,84
118,48,87
119,60,84
120,70,80
121,77,76
122,89,65
123,36,102
124,39,57
125,91,107
126,78,89
127,36,73
128,82,71
129,75,105
130,46,63
131,77,95
132,43,125
133,80,63
134,81,90
135,57,161
136,60,170
137,34,105
138,50,151
139,34,56
140,80,186
141,92,109
142,73,95
143,36,71
144,56,67
145,62,67
146,73,158
147,40,118
148,93,197
149,75,186
150,68,179
151,94,14
152,107,199
153,68,67
154,74,65
155,78,64
156,36,57
157,74,56
158,68,54
159,62,53
160,55,55
161,52,58
162,34,54
163,53,66
164,97,118
165,77,125
166,80,106
167,88,120
168,96,53
169,64,171
170,72,178
171,91,192
172,55,159
173,78,60
174,85,77
175,105,194
176,82,192
177,38,121
178,84,162
179,82,164
180,80,167
181,78,170
182,84,168
183,76,144
184,73,144
185,71,144
186,70,139
187,47,121
188,86,70
189,84,56
190,81,57
191,78,144
192,50,140
193,88,54
194,82,172
195,93,77
196,88,72
197,94,70
198,80,89
199,104,186
200,103,178
201,92,177
202,68,158
203,71,112
204,74,166
205,57,113
206,66,121
207,55,126
208,90,185
209,77,94
210,64,163
211,72,171
212,63,148
213,44,131
214,57,149
215,43,137
216,64,133
217,81,82
218,80,103
219,77,106
220,81,97
221,78,48
222,66,43
223,56,42
224,48,45
225,44,49
226,43,66
227,33,88
228,47,76
229,53,78
230,61,78
231,70,75
232,77,72
233,81,69
234,38,90
235,78,108
236,84,83
237,83,102
238,88,106
239,84,104
240,81,111
241,89,106
242,91,109
243,82,62
244,85,64
245,86,64
246,50,60
247,45,57
248,100,78
249,153,59
250,102,107
251,185,29
252,132,67
253,139,67
254,146,67
255,157,62
256,126,66
257,140,41
258,131,43
259,148,42
260,154,46
261,164,67
262,133,178
263,156,57
264,190,64
265,173,62
266,137,99
267,103,125
268,103,131
269,116,129
270,125,134
271,113,134
272,121,137
273,136,154
274,99,102
275,99,94
276,164,39
277,121,79
278,119,101
279,121,98
280,160,98
281,99,85
282,142,31
283,154,33
284,174,15
285,110,41
286,125,48
287,140,145
288,192,139
289,114,106
290,108,108
291,135,148
292,132,148
293,159,28
294,121,106
295,128,33
296,128,27
297,139,-2
298,167,21
299,134,11
300,169,37
301,178,33
302,103,128
303,114,131
304,123,136
305,112,108
306,134,148
307,131,154
308,131,148
309,109,102
310,119,138
311,112,134
312,103,133
313,113,171
314,109,172
315,108,169
316,107,166
317,106,163
318,122,157
319,124,158
320,126,159
321,128,161
322,130,128
323,198,99
324,127,153
325,129,153
326,106,112
327,119,111
328,107,110
329,130,84
330,142,89
331,123,102
332,160,4
333,153,14
334,144,25
335,131,161
336,111,30
337,115,12
338,117,-4
339,153,65
340,173,73
341,122,64
342,163,50
343,115,74
344,114,98
345,182,78
346,166,79
347,155,81
348,140,80
349,130,77
350,122,74
351,103,64
352,181,95
353,169,50
354,98,106
355,120,86
356,196,64
357,115,70
358,124,103
359,160,57
360,115,93
361,197,119
362,122,62
363,107,88
364,169,159
365,173,169
366,193,97
367,179,148
368,184,47
369,137,186
370,98,108
371,127,92
372,182,64
373,145,62
374,139,63
375,133,154
376,181,112
377,124,198
378,150,186
379,161,179
380,133,63
381,128,62
382,124,62
383,176,49
384,128,54
385,133,51
386,139,49
387,146,50
388,151,52
389,192,45
390,150,61
391,122,123
392,114,104
393,107,119
394,159,170
395,148,178
396,122,192
397,183,156
398,124,59
399,108,75
400,138,193
401,192,115
402,115,161
403,116,162
404,118,165
405,120,167
406,123,167
407,128,142
408,129,141
409,131,140
410,136,136
411,167,116
412,109,68
413,115,55
414,120,56
415,126,142
416,171,136
417,106,54
418,129,172
419,101,71
420,114,87
421,116,177
422,145,156
423,131,109
424,138,165
425,148,108
426,138,118
427,155,122
428,120,185
429,119,92
430,154,161
431,144,170
432,149,145
433,180,125
434,161,146
435,188,132
436,144,129
437,114,81
438,111,101
439,117,104
440,107,95
441,119,46
442,130,40
443,140,37
444,150,39
445,158,43
446,166,59
447,193,80
448,159,71
449,150,73
450,140,73
451,131,72
452,124,70
453,119,67
454,198,82
455,117,106
456,107,82
457,105,101
458,102,105
459,105,103
460,116,109
461,100,106
462,100,108
463,119,62
464,114,63
465,111,64
466,154,54
467,159,50
468,63,60
469,71,60
470,63,53
471,55,60
472,63,67
473,141,57
474,149,56
475,141,50
476,133,57
477,141,64
