0,96,133
1,88,109
2,94,117
3,86,82
4,87,100
5,88,89
6,95,62
7,57,60
8,96,38
9,95,26
10,95,-12
11,96,135
12,97,137
13,98,138
14,98,146
15,98,150
16,98,155
17,99,159
18,101,166
19,90,113
20,86,113
21,44,29
22,75,67
23,68,68
24,62,68
25,56,63
26,80,66
27,62,44
28,70,45
29,56,45
30,52,49
31,52,69
32,83,175
33,55,58
34,46,63
35,49,63
36,68,102
37,88,131
38,91,137
39,83,134
40,80,137
41,86,138
42,83,140
43,76,152
44,83,109
45,81,101
46,45,41
47,80,80
48,74,106
49,75,102
50,52,101
51,83,90
52,53,32
53,47,35
54,44,15
55,80,39
56,77,49
57,72,145
58,64,133
59,80,111
60,84,113
61,78,144
62,80,144
63,45,30
64,76,110
65,63,33
66,61,26
67,60,-4
68,44,22
69,61,10
70,43,38
71,43,33
72,89,135
73,84,136
74,81,139
75,81,112
76,79,144
77,80,147
78,80,144
79,79,109
80,85,141
81,88,139
82,92,139
83,93,165
84,91,159
85,91,154
86,92,149
87,93,146
88,86,145
89,84,147
90,82,149
91,81,152
92,74,131
93,57,95
94,92,115
95,83,144
96,82,145
97,86,116
98,79,114
99,85,115
100,74,85
101,64,91
102,75,105
103,49,3
104,50,14
105,51,26
106,81,157
107,76,28
108,75,9
109,74,-9
110,58,66
111,47,75
112,83,64
113,49,53
114,83,75
115,75,104
116,44,79
117,48,81
118,54,83
119,65,82
120,74,79
121,80,75
122,89,64
123,45,96
124,46,52
125,87,113
126,79,89
127,51,61
128,84,70
129,76,106
130,53,59
131,76,98
132,60,113
133,84,61
134,79,93
135,66,155
136,72,162
137,48,96
138,61,144
139,44,47
140,84,182
141,89,115
142,75,95
143,47,65
144,62,62
145,67,63
146,79,148
147,48,112
148,96,193
149,83,181
150,78,173
151,94,7
152,108,195
153,73,63
154,78,62
155,82,62
156,45,50
157,78,56
158,72,53
159,66,53
160,60,54
161,57,56
162,46,43
163,59,61
164,95,123
165,78,126
166,78,110
167,87,123
168,97,50
169,73,166
170,78,174
171,93,189
172,68,150
173,82,59
174,84,78
175,105,191
176,88,188
177,52,113
178,89,145
179,87,148
180,86,152
181,85,156
182,86,162
183,81,142
184,79,142
185,78,141
186,72,137
187,52,117
188,86,69
189,86,54
190,83,55
191,83,142
192,57,135
193,88,53
194,85,168
195,91,80
196,87,73
197,93,72
198,80,91
199,104,184
200,102,174
201,93,173
202,72,154
203,72,112
204,78,162
205,60,111
206,68,121
207,58,124
208,92,182
209,78,95
210,70,159
211,77,167
212,67,145
213,53,125
214,62,145
215,56,129
216,66,131
217,82,83
218,77,107
219,76,109
220,77,102
221,79,46
222,67,40
223,58,40
224,51,41
225,48,46
226,51,61
227,46,79
228,54,72
229,59,75
230,67,74
231,75,73
232,81,70
233,84,68
234,55,77
235,77,111
236,82,85
237,79,108
238,84,112
239,81,109
240,80,113
241,85,112
242,87,114
243,85,61
244,87,63
245,87,64
246,56,57
247,51,53
248,98,81
249,153,52
250,99,113
251,198,16
252,134,62
253,141,61
254,149,61
255,159,55
256,127,61
257,140,36
258,131,38
259,148,37
260,155,40
261,168,61
262,134,177
263,157,50
264,203,53
265,179,55
266,138,99
267,104,131
268,105,137
269,115,133
270,122,136
271,113,137
272,120,138
273,138,152
274,94,108
275,95,100
276,166,33
277,123,78
278,118,106
279,119,101
280,165,97
281,96,90
282,141,25
283,154,27
284,185,2
285,109,36
286,125,42
287,143,145
288,205,131
289,112,111
290,106,113
291,132,141
292,130,141
293,159,21
294,119,109
295,126,27
296,125,20
297,142,-13
298,175,10
299,136,2
300,172,28
301,188,22
302,105,134
303,114,135
304,121,137
305,111,112
306,131,141
307,127,144
308,129,141
309,106,108
310,119,139
311,113,138
312,105,138
313,112,165
314,109,158
315,107,154
316,106,149
317,106,145
318,119,143
319,121,145
320,122,147
321,124,150
322,130,130
323,214,89
324,124,143
325,125,143
326,104,116
327,118,114
328,105,115
329,131,83
330,145,88
331,122,104
332,167,-8
333,158,3
334,143,17
335,131,158
336,108,24
337,115,5
338,119,-14
339,155,59
340,179,67
341,122,59
342,165,44
343,116,73
344,111,103
345,191,72
346,173,74
347,161,78
348,145,78
349,134,75
350,125,71
351,103,63
352,190,91
353,173,43
354,93,113
355,120,87
356,213,50
357,117,67
358,124,105
359,161,50
360,113,97
361,212,109
362,122,56
363,104,92
364,176,157
365,180,164
366,205,90
367,188,144
368,196,36
369,137,184
370,95,114
371,128,93
372,189,56
373,146,55
374,140,56
375,129,145
376,189,108
377,124,194
378,152,183
379,165,175
380,134,56
381,128,56
382,124,56
383,181,40
384,128,49
385,134,46
386,140,46
387,147,46
388,151,48
389,207,31
390,150,53
391,121,126
392,111,109
393,105,123
394,163,168
395,151,176
396,122,190
397,194,150
398,124,53
399,107,77
400,138,190
401,204,109
402,113,144
403,114,147
404,116,151
405,117,155
406,122,162
407,126,140
408,127,139
409,128,139
410,137,137
411,174,115
412,109,68
413,114,49
414,120,50
415,124,140
416,179,134
417,106,50
418,129,169
419,100,73
420,113,89
421,116,174
422,147,155
423,132,111
424,139,163
425,152,109
426,140,119
427,161,122
428,119,183
429,119,94
430,157,160
431,146,169
432,153,145
433,189,122
434,166,145
435,199,127
436,147,130
437,114,82
438,108,107
439,115,109
440,103,101
441,118,41
442,129,34
443,140,32
444,150,33
445,159,37
446,169,53
447,205,72
448,163,65
449,155,68
450,144,69
451,134,68
452,126,66
453,120,63
454,214,69
455,116,111
456,105,84
457,101,107
458,98,112
459,102,109
460,115,113
461,96,112
462,97,114
463,119,56
464,115,59
465,112,60
466,154,49
467,160,44
468,74,57
469,81,57
470,73,50
471,66,57
472,74,64
473,144,49
474,152,49
475,143,41
476,135,49
477,144,57
