0,96,132
1,83,101
2,92,112
3,83,77
4,82,92
5,85,83
6,93,59
7,61,66
8,95,38
9,94,27
10,94,-8
11,96,135
12,97,138
13,98,140
14,98,144
15,98,148
16,98,153
17,99,157
18,101,163
19,86,106
20,84,108
21,52,42
22,76,73
23,70,73
24,65,73
25,60,70
26,81,70
27,66,48
28,73,49
29,60,50
30,57,55
31,56,75
32,82,177
33,59,65
34,54,75
35,53,71
36,67,102
37,88,131
38,90,138
39,82,134
40,78,137
41,86,139
42,83,140
43,75,153
44,78,101
45,76,94
46,51,48
47,79,81
48,71,104
49,72,100
50,53,105
51,79,84
52,59,36
53,53,41
54,51,26
55,82,40
56,79,52
57,70,146
58,71,149
59,77,108
60,82,110
61,78,144
62,79,144
63,51,36
64,73,108
65,68,35
66,67,29
67,62,2
68,49,31
69,63,15
70,49,46
71,49,45
72,89,135
73,83,136
74,80,139
75,79,109
76,78,144
77,80,146
78,80,144
79,76,104
80,85,141
81,88,140
82,92,140
83,93,163
84,91,157
85,91,152
86,91,148
87,92,144
88,85,144
89,83,146
90,82,148
91,80,151
92,71,130
93,66,111
94,89,109
95,83,144
96,81,145
97,84,113
98,77,112
99,83,111
100,73,87
101,64,93
102,73,104
103,54,13
104,54,22
105,57,30
106,79,157
107,79,29
108,76,12
109,75,-4
110,61,72
111,52,82
112,84,68
113,54,59
114,82,75
115,72,99
116,49,88
117,54,86
118,59,88
119,69,85
120,76,81
121,82,77
122,88,62
123,47,105
124,52,59
125,83,106
126,77,88
127,61,76
128,86,72
129,74,105
130,58,65
131,73,94
132,68,130
133,85,65
134,76,88
135,67,164
136,74,174
137,54,109
138,63,155
139,51,59
140,83,186
141,86,109
142,73,95
143,51,74
144,65,69
145,70,69
146,79,147
147,50,120
148,96,196
149,83,188
150,79,182
151,93,9
152,109,198
153,75,69
154,80,67
155,83,66
156,50,59
157,79,59
158,74,57
159,69,57
160,64,58
161,61,61
162,55,58
163,62,67
164,93,118
165,75,124
166,76,106
167,84,120
168,96,49
169,72,173
170,78,179
171,92,190
172,73,164
173,83,63
174,82,75
175,105,191
176,88,193
177,56,126
178,88,144
179,86,147
180,85,150
181,84,155
182,85,160
183,81,142
184,79,141
185,77,141
186,69,137
187,52,123
188,85,68
189,86,56
190,84,59
191,83,142
192,58,143
193,89,54
194,84,169
195,88,75
196,85,70
197,91,67
198,77,88
199,103,182
200,102,172
201,92,172
202,71,157
203,70,112
204,77,164
205,59,113
206,66,121
207,57,127
208,90,182
209,76,94
210,69,163
211,76,171
212,65,148
213,54,134
214,62,150
215,59,141
216,64,133
217,80,81
218,74,103
219,73,106
220,73,96
221,81,48
222,71,44
223,63,44
224,57,46
225,54,52
226,56,68
227,53,92
228,58,78
229,63,79
230,70,79
231,77,77
232,82,74
233,85,70
234,65,93
235,75,108
236,79,81
237,75,102
238,81,106
239,77,104
240,78,111
241,82,106
242,85,109
243,86,65
244,88,65
245,88,65
246,60,63
247,56,59
248,95,75
249,157,51
250,97,107
251,206,18
252,135,61
253,143,61
254,151,60
255,163,54
256,129,60
257,142,34
258,133,36
259,151,35
260,158,38
261,172,59
262,136,176
263,161,49
264,211,56
265,184,52
266,139,96
267,106,130
268,106,137
269,117,132
270,125,134
271,115,137
272,122,137
273,141,149
274,90,100
275,90,92
276,171,29
277,123,76
278,118,100
279,120,95
280,168,94
281,92,83
282,144,21
283,158,23
284,189,3
285,109,33
286,126,40
287,147,141
288,219,140
289,112,105
290,105,108
291,134,140
292,132,140
293,164,17
294,120,104
295,128,24
296,128,17
297,142,-12
298,178,10
299,136,1
300,178,25
301,193,22
302,106,134
303,116,134
304,123,136
305,111,107
306,133,140
307,129,143
308,131,140
309,104,101
310,121,138
311,114,138
312,106,139
313,112,162
314,109,156
315,108,151
316,107,147
317,106,143
318,121,142
319,122,143
320,124,145
321,126,148
322,133,126
323,227,96
324,126,141
325,128,142
326,103,111
327,119,110
328,104,110
329,133,80
330,146,85
331,123,100
332,168,-7
333,160,2
334,147,14
335,133,154
336,109,21
337,115,5
338,118,-12
339,159,58
340,184,65
341,124,58
342,170,41
343,116,71
344,110,96
345,197,72
346,176,72
347,163,75
348,146,75
349,134,72
350,125,69
351,102,60
352,196,91
353,178,40
354,90,106
355,121,84
356,224,56
357,117,65
358,126,101
359,166,48
360,112,91
361,225,118
362,124,55
363,102,86
364,184,160
365,191,171
366,214,94
367,198,148
368,203,38
369,140,185
370,92,108
371,129,90
372,195,54
373,149,55
374,142,56
375,131,144
376,197,109
377,126,197
378,158,188
379,173,182
380,136,56
381,130,56
382,126,56
383,188,38
384,129,48
385,135,45
386,142,44
387,149,44
388,154,46
389,216,35
390,153,53
391,123,121
392,111,103
393,104,119
394,169,171
395,156,179
396,123,190
397,207,158
398,125,52
399,106,72
400,142,193
401,214,113
402,114,142
403,116,145
404,117,148
405,118,152
406,123,159
407,128,138
408,129,138
409,131,137
410,141,133
411,180,113
412,109,65
413,116,48
414,121,49
415,127,139
416,187,135
417,106,48
418,131,168
419,98,68
420,112,85
421,116,171
422,152,153
423,134,107
424,142,162
425,154,105
426,142,115
427,165,119
428,120,182
429,120,90
430,162,160
431,150,169
432,158,142
433,197,124
434,173,144
435,210,132
436,151,127
437,114,78
438,106,100
439,115,102
440,100,94
441,120,39
442,131,32
443,142,29
444,153,30
445,163,34
446,174,51
447,214,75
448,167,63
449,157,66
450,145,67
451,135,66
452,127,64
453,121,62
454,226,76
455,116,105
456,103,79
457,97,100
458,95,105
459,99,102
460,115,108
461,93,105
462,95,108
463,120,55
464,116,57
465,112,58
466,158,47
467,164,42
468,74,63
469,81,63
470,74,56
471,67,63
472,74,70
473,144,48
474,153,48
475,144,40
476,136,49
477,145,56
