0,98,128
1,103,106
2,98,114
3,94,82
4,103,98
5,102,88
6,99,65
7,36,59
8,98,44
9,99,33
10,99,-4
11,98,130
12,97,133
13,96,134
14,97,155
15,97,158
16,96,162
17,96,166
18,94,169
19,101,111
20,92,111
21,1,30
22,58,67
23,50,67
24,42,67
25,31,62
26,65,66
27,48,43
28,57,45
29,39,44
30,33,47
31,23,67
32,59,180
33,33,57
34,-4,67
35,13,60
36,50,100
37,83,126
38,83,132
39,68,128
40,57,130
41,70,132
42,60,133
43,46,148
44,96,106
45,95,98
46,21,36
47,70,82
48,70,104
49,68,100
50,23,99
51,94,89
52,43,28
53,31,30
54,13,16
55,79,40
56,64,49
57,39,139
58,-5,144
59,76,109
60,83,111
61,44,136
62,47,136
63,26,24
64,68,108
65,59,31
66,59,24
67,51,-2
68,20,23
69,56,12
70,15,32
71,9,35
72,83,129
73,69,130
74,59,131
75,78,110
76,45,136
77,51,144
78,48,136
79,83,107
80,62,133
81,71,133
82,83,133
83,80,169
84,80,165
85,81,161
86,82,157
87,83,154
88,62,148
89,60,149
90,58,150
91,56,152
92,52,126
93,-13,103
94,100,113
95,55,143
96,53,143
97,86,114
98,69,112
99,85,113
100,60,86
101,45,90
102,66,104
103,29,5
104,35,15
105,41,21
106,55,157
107,78,29
108,77,12
109,74,-4
110,35,65
111,13,72
112,69,64
113,24,49
114,77,77
115,77,102
116,3,81
117,20,78
118,31,82
119,48,81
120,59,78
121,68,75
122,91,67
123,2,97
124,17,48
125,97,110
126,70,89
127,-10,65
128,75,71
129,63,104
130,28,57
131,76,97
132,-11,123
133,69,62
134,86,92
135,18,162
136,17,172
137,-8,101
138,6,152
139,2,50
140,58,188
141,97,112
142,61,94
143,5,61
144,44,62
145,51,63
146,49,144
147,0,114
148,74,199
149,46,189
150,33,182
151,99,13
152,91,200
153,57,63
154,63,62
155,67,62
156,9,45
157,62,56
158,55,54
159,49,53
160,42,54
161,38,55
162,-5,46
163,39,61
164,97,120
165,63,122
166,77,108
167,84,120
168,98,55
169,32,172
170,45,180
171,74,194
172,4,160
173,67,60
174,85,79
175,92,195
176,59,195
177,-7,120
178,72,152
179,70,154
180,68,157
181,67,160
182,66,164
183,52,134
184,50,133
185,49,133
186,43,132
187,12,118
188,84,72
189,76,55
190,70,56
191,53,134
192,10,138
193,85,55
194,62,172
195,101,80
196,92,75
197,100,73
198,78,90
199,93,187
200,93,178
201,77,177
202,41,153
203,55,110
204,50,163
205,35,110
206,46,118
207,25,122
208,75,186
209,70,95
210,35,161
211,47,171
212,33,141
213,1,129
214,22,146
215,-3,137
216,36,127
217,78,84
218,81,105
219,73,107
220,86,100
221,70,46
222,58,40
223,47,38
224,36,39
225,28,42
226,22,58
227,-7,84
228,28,71
229,37,73
230,49,74
231,59,72
232,67,70
233,72,68
234,-12,84
235,72,109
236,86,85
237,89,105
238,92,110
239,88,107
240,73,111
241,94,110
242,94,112
243,72,62
244,77,64
245,80,65
246,35,56
247,29,51
248,107,82
249,146,68
250,107,111
251,163,36
252,126,72
253,133,73
254,140,73
255,148,70
256,121,71
257,138,52
258,130,53
259,145,54
260,150,57
261,152,73
262,120,178
263,148,67
264,165,69
265,157,68
266,136,100
267,111,126
268,109,132
269,122,128
270,128,130
271,118,132
272,125,133
273,131,145
274,109,106
275,110,98
276,159,48
277,119,82
278,124,103
279,125,99
280,156,98
281,109,89
282,146,40
283,154,43
284,160,22
285,116,45
286,123,56
287,137,135
288,153,142
289,118,108
290,112,111
291,137,137
292,134,137
293,157,38
294,124,106
295,134,40
296,135,33
297,140,1
298,159,28
299,136,15
300,161,45
301,162,40
302,110,129
303,120,130
304,127,132
305,116,109
306,135,137
307,132,144
308,133,137
309,116,106
310,122,134
311,116,134
312,107,134
313,106,168
314,109,164
315,109,160
316,109,157
317,108,154
318,123,148
319,125,149
320,127,150
321,128,152
322,131,124
323,158,104
324,127,144
325,130,144
326,109,113
327,121,110
328,110,112
329,127,86
330,139,90
331,125,103
332,153,10
333,151,20
334,148,33
335,124,154
336,119,35
337,120,14
338,122,-2
339,145,72
340,158,77
341,117,69
342,154,59
343,114,77
344,121,101
345,165,82
346,155,81
347,148,84
348,136,83
349,126,81
350,119,78
351,106,67
352,167,97
353,158,58
354,105,110
355,120,89
356,161,69
357,114,74
358,125,103
359,151,66
360,121,96
361,156,122
362,117,67
363,115,92
364,146,159
365,141,169
366,166,101
367,154,149
368,164,54
369,119,186
370,103,112
371,127,94
372,161,69
373,139,69
374,133,69
375,133,145
376,166,113
377,105,198
378,124,186
379,132,179
380,128,69
381,122,68
382,119,67
383,161,56
384,123,63
385,129,62
386,135,62
387,141,63
388,145,64
389,163,51
390,143,69
391,124,121
392,118,107
393,109,119
394,136,169
395,128,177
396,107,193
397,147,157
398,119,65
399,111,79
400,116,193
401,164,118
402,116,152
403,118,153
404,120,156
405,120,160
406,117,162
407,130,135
408,132,134
409,134,133
410,135,129
411,161,116
412,110,72
413,113,60
414,117,62
415,128,135
416,157,136
417,108,59
418,118,169
419,107,75
420,117,90
421,107,176
422,134,150
423,131,109
424,127,161
425,147,108
426,137,116
427,152,121
428,107,185
429,121,94
430,137,158
431,128,169
432,141,139
433,163,127
434,148,143
435,160,135
436,141,124
437,116,84
438,118,105
439,122,106
440,116,99
441,120,53
442,132,48
443,142,47
444,149,49
445,154,53
446,153,67
447,166,85
448,149,76
449,143,77
450,134,78
451,126,76
452,119,74
453,115,72
454,159,86
455,121,108
456,113,85
457,113,105
458,108,109
459,113,107
460,119,110
461,107,110
462,105,112
463,115,67
464,112,68
465,110,68
466,147,65
467,152,61
468,49,57
469,57,57
470,49,51
471,41,57
472,49,64
473,132,65
474,140,65
475,133,58
476,125,64
477,132,70
