0,96,126
1,89,108
2,92,115
3,84,84
4,89,101
5,89,91
6,92,68
7,47,63
8,93,52
9,93,42
10,94,2
11,96,130
12,97,133
13,97,135
14,98,155
15,98,158
16,98,162
17,98,167
18,97,174
19,90,112
20,84,112
21,30,38
22,66,68
23,59,69
24,52,69
25,44,66
26,72,67
27,54,52
28,63,52
29,47,53
30,43,55
31,39,70
32,69,180
33,45,62
34,25,70
35,33,66
36,56,100
37,84,125
38,86,132
39,74,126
40,68,129
41,78,132
42,72,133
43,61,149
44,83,108
45,81,101
46,34,49
47,72,83
48,67,105
49,66,100
50,35,99
51,83,92
52,47,43
53,38,45
54,34,25
55,77,50
56,70,55
57,55,139
58,32,140
59,73,109
60,79,112
61,62,135
62,65,135
63,36,40
64,67,107
65,59,45
66,58,39
67,55,8
68,35,33
69,58,23
70,31,45
71,31,43
72,85,129
73,76,129
74,70,131
75,75,110
76,64,135
77,67,143
78,66,136
79,75,108
80,74,134
81,80,134
82,88,134
83,85,172
84,86,165
85,86,160
86,87,156
87,88,153
88,75,147
89,73,148
90,71,150
91,70,152
92,61,126
93,27,102
94,91,114
95,71,143
96,69,143
97,82,114
98,70,111
99,80,113
100,64,86
101,52,91
102,66,103
103,41,15
104,44,26
105,45,38
106,67,158
107,75,41
108,73,21
109,71,4
110,47,68
111,32,75
112,76,66
113,37,57
114,77,78
115,70,103
116,24,83
117,34,80
118,41,83
119,55,82
120,65,79
121,73,76
122,86,70
123,22,97
124,33,56
125,86,112
126,71,90
127,28,69
128,78,72
129,66,104
130,42,62
131,71,98
132,28,120
133,76,63
134,77,94
135,41,159
136,44,169
137,21,100
138,32,148
139,28,55
140,68,189
141,88,114
142,65,94
143,29,67
144,53,64
145,59,64
146,66,144
147,23,113
148,83,201
149,62,188
150,53,180
151,93,21
152,99,204
153,65,64
154,71,64
155,74,63
156,30,55
157,70,59
158,64,58
159,57,58
160,51,59
161,48,60
162,28,52
163,49,64
164,94,120
165,67,121
166,72,108
167,82,120
168,93,59
169,50,170
170,59,179
171,81,196
172,37,157
173,74,62
174,80,81
175,98,199
176,71,195
177,22,117
178,81,151
179,79,153
180,78,156
181,77,160
182,74,166
183,68,134
184,66,133
185,64,132
186,57,131
187,30,116
188,82,74
189,80,59
190,77,59
191,70,134
192,32,136
193,85,59
194,71,172
195,91,83
196,85,77
197,91,76
198,74,92
199,98,191
200,98,181
201,83,179
202,56,153
203,60,110
204,63,163
205,44,109
206,55,117
207,40,121
208,82,188
209,70,95
210,51,160
211,60,170
212,49,141
213,26,126
214,41,144
215,26,133
216,50,126
217,76,85
218,73,106
219,69,107
220,76,102
221,74,53
222,62,49
223,51,49
224,43,49
225,38,52
226,38,64
227,22,85
228,41,73
229,48,75
230,57,75
231,66,73
232,73,71
233,78,69
234,28,85
235,70,109
236,79,87
237,78,107
238,83,111
239,78,108
240,72,111
241,84,112
242,85,113
243,78,64
244,81,66
245,82,67
246,46,61
247,41,58
248,98,84
249,153,61
250,100,112
251,186,34
252,130,67
253,138,67
254,146,68
255,157,64
256,124,66
257,142,49
258,133,50
259,150,50
260,156,52
261,165,68
262,131,182
263,157,60
264,192,67
265,176,63
266,139,99
267,109,125
268,109,132
269,123,127
270,133,129
271,121,132
272,130,133
273,142,149
274,96,108
275,97,101
276,168,46
277,120,82
278,121,104
279,122,100
280,165,98
281,97,91
282,146,40
283,158,41
284,176,21
285,110,49
286,125,53
287,148,139
288,194,141
289,115,109
290,107,111
291,146,136
292,143,136
293,163,36
294,122,107
295,130,42
296,131,36
297,140,4
298,168,29
299,134,20
300,174,42
301,179,40
302,109,129
303,122,130
304,132,131
305,113,110
306,145,136
307,139,144
308,142,136
309,108,108
310,129,134
311,120,134
312,109,134
313,111,173
314,111,166
315,111,161
316,110,157
317,109,154
318,128,148
319,130,149
320,132,151
321,133,154
322,136,125
323,200,101
324,135,144
325,137,144
326,105,114
327,121,111
328,106,113
329,130,85
330,144,89
331,124,103
332,161,11
333,154,23
334,148,34
335,134,159
336,112,40
337,114,20
338,118,2
339,153,66
340,175,73
341,120,65
342,165,55
343,114,78
344,113,102
345,185,81
346,168,79
347,156,82
348,140,81
349,128,78
350,120,75
351,101,69
352,186,96
353,172,54
354,95,112
355,120,89
356,197,66
357,114,72
358,126,103
359,161,60
360,115,97
361,199,120
362,120,63
363,106,94
364,171,161
365,173,171
366,197,99
367,183,149
368,186,52
369,133,191
370,95,114
371,128,94
372,184,64
373,144,63
374,138,63
375,141,145
376,187,112
377,117,203
378,146,190
379,159,182
380,132,63
381,126,62
382,122,63
383,180,51
384,128,59
385,135,57
386,141,56
387,148,57
388,152,58
389,193,48
390,149,62
391,126,121
392,114,108
393,107,120
394,158,172
395,146,181
396,117,197
397,184,158
398,123,61
399,106,80
400,132,197
401,196,117
402,120,152
403,121,154
404,122,157
405,123,161
406,124,167
407,138,134
408,140,133
409,141,132
410,144,131
411,174,115
412,107,73
413,113,59
414,119,59
415,136,135
416,178,136
417,104,60
418,128,173
419,99,77
420,113,91
421,113,180
422,148,153
423,134,109
424,139,164
425,153,108
426,142,117
427,162,121
428,115,189
429,120,94
430,155,161
431,144,172
432,155,141
433,186,126
434,166,145
435,192,134
436,150,126
437,113,85
438,111,106
439,118,107
440,105,101
441,119,53
442,131,48
443,143,46
444,153,47
445,161,49
446,167,61
447,195,83
448,159,72
449,150,74
450,139,74
451,129,72
452,122,71
453,117,69
454,199,83
455,118,108
456,105,87
457,103,107
458,100,111
459,104,108
460,117,110
461,98,112
462,98,113
463,117,63
464,112,66
465,109,67
466,155,59
467,160,55
468,61,61
469,70,61
470,61,55
471,53,61
472,61,67
473,144,59
474,152,60
475,144,54
476,136,59
477,144,65
