0,100,134
1,91,116
2,95,121
3,87,89
4,91,109
5,91,98
6,94,69
7,47,58
8,95,49
9,95,39
10,96,1
11,100,137
12,100,139
13,101,141
14,101,140
15,101,144
16,101,148
17,101,152
18,100,160
19,92,119
20,86,117
21,30,26
22,68,67
23,61,67
24,55,67
25,45,60
26,73,66
27,57,45
28,65,47
29,49,45
30,45,47
31,42,65
32,76,168
33,45,55
34,30,57
35,35,58
36,63,100
37,90,133
38,91,138
39,82,133
40,77,134
41,85,138
42,79,137
43,68,140
44,86,116
45,84,109
46,37,41
47,77,82
48,72,108
49,73,103
50,44,95
51,85,98
52,51,37
53,42,37
54,33,16
55,80,50
56,71,51
57,62,132
58,44,121
59,77,113
60,83,116
61,70,135
62,71,135
63,40,32
64,73,110
65,63,41
66,62,35
67,56,3
68,36,25
69,59,18
70,35,36
71,32,33
72,90,136
73,83,136
74,78,135
75,79,114
76,71,135
77,74,138
78,72,135
79,79,113
80,81,138
81,86,139
82,93,140
83,90,159
84,91,151
85,91,147
86,92,143
87,93,140
88,81,138
89,79,139
90,78,141
91,77,143
92,68,125
93,37,85
94,93,120
95,77,137
96,75,137
97,85,119
98,75,113
99,84,118
100,71,85
101,60,89
102,72,105
103,41,8
104,44,19
105,49,31
106,74,147
107,78,40
108,75,19
109,74,1
110,49,64
111,36,69
112,77,65
113,40,50
114,81,78
115,75,108
116,32,74
117,39,76
118,47,80
119,60,80
120,69,77
121,76,75
122,88,71
123,32,89
124,36,48
125,89,119
126,77,90
127,32,53
128,80,72
129,73,105
130,43,55
131,76,102
132,39,102
133,76,62
134,80,100
135,52,144
136,55,150
137,31,87
138,44,133
139,30,44
140,76,175
141,90,120
142,71,94
143,31,58
144,55,62
145,61,63
146,73,138
147,34,103
148,88,186
149,71,171
150,64,162
151,95,20
152,102,189
153,67,63
154,72,62
155,75,62
156,33,45
157,70,55
158,64,52
159,58,50
160,52,51
161,48,52
162,29,38
163,50,61
164,96,125
165,74,124
166,77,112
167,86,125
168,95,58
169,60,155
170,68,165
171,87,182
172,49,137
173,74,60
174,84,83
175,101,185
176,78,180
177,34,103
178,86,139
179,85,141
180,84,144
181,83,148
182,81,154
183,75,136
184,74,135
185,73,134
186,64,128
187,40,109
188,85,74
189,81,58
190,77,58
191,77,137
192,43,125
193,87,60
194,78,160
195,93,89
196,87,80
197,94,79
198,79,94
199,101,178
200,100,168
201,89,166
202,64,143
203,67,110
204,71,152
205,52,107
206,61,116
207,48,117
208,87,175
209,76,97
210,60,148
211,68,158
212,57,133
213,37,115
214,50,134
215,38,118
216,57,123
217,80,87
218,77,112
219,74,111
220,79,108
221,75,52
222,64,45
223,54,43
224,46,43
225,42,45
226,40,56
227,30,72
228,45,69
229,52,72
230,61,73
231,69,71
232,75,70
233,79,69
234,35,69
235,75,112
236,82,91
237,81,114
238,85,117
239,82,114
240,77,114
241,87,118
242,88,119
243,79,63
244,82,66
245,84,68
246,46,54
247,43,50
248,99,89
249,151,64
250,102,118
251,187,27
252,129,70
253,136,71
254,143,71
255,155,66
256,123,69
257,140,49
258,131,49
259,148,50
260,154,53
261,162,70
262,130,171
263,155,62
264,191,60
265,172,63
266,137,101
267,110,132
268,110,138
269,120,132
270,128,132
271,119,136
272,126,134
273,139,142
274,98,116
275,98,109
276,164,46
277,120,83
278,120,109
279,121,104
280,162,98
281,99,99
282,143,40
283,155,42
284,176,16
285,110,49
286,124,53
287,145,135
288,189,127
289,115,114
290,108,116
291,139,130
292,137,131
293,160,37
294,121,111
295,128,42
296,129,36
297,141,3
298,168,27
299,136,19
300,171,42
301,179,36
302,110,135
303,120,134
304,127,133
305,113,115
306,138,131
307,133,134
308,136,131
309,109,114
310,125,135
311,118,137
312,110,139
313,111,160
314,112,151
315,111,147
316,110,143
317,110,139
318,125,136
319,126,137
320,128,139
321,129,141
322,133,127
323,197,89
324,130,134
325,132,134
326,106,119
327,120,114
328,107,118
329,128,86
330,142,91
331,123,106
332,162,8
333,155,21
334,146,35
335,131,149
336,112,39
337,116,20
338,120,1
339,150,69
340,171,74
341,119,67
342,162,56
343,114,79
344,114,109
345,182,77
346,164,80
347,152,83
348,137,82
349,127,79
350,119,76
351,102,71
352,182,93
353,169,54
354,97,119
355,119,91
356,197,55
357,113,73
358,125,106
359,158,61
360,115,103
361,195,107
362,120,65
363,107,100
364,167,150
365,169,157
366,193,92
367,178,139
368,186,47
369,132,179
370,97,120
371,127,95
372,181,64
373,142,67
374,136,68
375,135,135
376,182,107
377,118,188
378,143,176
379,155,168
380,130,67
381,124,66
382,121,65
383,177,51
384,126,58
385,132,55
386,139,54
387,146,56
388,150,58
389,193,40
390,147,66
391,124,125
392,114,113
393,107,125
394,155,161
395,144,170
396,118,184
397,180,144
398,121,62
399,107,84
400,131,184
401,191,108
402,118,138
403,119,140
404,120,143
405,121,147
406,122,155
407,132,133
408,133,132
409,134,131
410,141,130
411,170,113
412,108,75
413,113,59
414,118,59
415,131,134
416,173,130
417,105,60
418,127,163
419,101,81
420,113,95
421,114,168
422,145,146
423,132,111
424,137,155
425,151,109
426,140,118
427,159,120
428,116,177
429,119,98
430,152,153
431,142,162
432,152,137
433,181,120
434,162,139
435,187,124
436,148,125
437,113,87
438,111,113
439,117,112
440,106,109
441,118,52
442,130,47
443,141,46
444,150,47
445,158,51
446,164,63
447,193,76
448,156,73
449,148,76
450,137,76
451,128,74
452,121,72
453,116,70
454,197,71
455,118,113
456,106,92
457,104,115
458,101,118
459,105,115
460,117,115
461,99,119
462,100,119
463,117,65
464,112,67
465,109,68
466,153,60
467,158,57
468,56,56
469,62,56
470,57,49
471,50,56
472,56,62
473,133,60
474,140,60
475,134,53
476,127,60
477,133,67
