0,100,134
1,107,114
2,103,118
3,99,87
4,108,107
5,107,96
6,104,67
7,46,58
8,104,46
9,104,36
10,105,-3
11,100,136
12,100,139
13,99,140
14,99,141
15,99,145
16,99,150
17,98,155
18,97,160
19,106,117
20,96,115
21,5,19
22,70,66
23,62,67
24,54,66
25,42,59
26,77,64
27,57,41
28,66,43
29,48,43
30,42,46
31,34,64
32,66,168
33,42,54
34,2,52
35,23,56
36,61,99
37,91,132
38,91,138
39,81,134
40,73,135
41,82,138
42,76,137
43,61,144
44,101,114
45,100,107
46,30,39
47,77,80
48,79,108
49,78,103
50,35,96
51,100,97
52,52,33
53,40,34
54,16,8
55,87,44
56,74,47
57,56,137
58,4,118
59,84,112
60,90,114
61,63,136
62,65,136
63,34,28
64,78,110
65,67,36
66,66,30
67,56,-2
68,25,19
69,62,14
70,23,33
71,14,27
72,91,135
73,82,136
74,74,136
75,86,113
76,64,136
77,68,139
78,66,137
79,90,111
80,77,138
81,83,139
82,91,140
83,86,159
84,88,155
85,89,150
86,90,144
87,90,140
88,76,138
89,75,140
90,73,143
91,71,145
92,68,127
93,-4,79
94,104,118
95,71,138
96,70,138
97,93,117
98,79,113
99,92,116
100,68,83
101,55,88
102,76,105
103,33,0
104,41,14
105,49,27
106,68,150
107,85,34
108,83,15
109,80,-3
110,46,64
111,24,69
112,81,63
113,34,48
114,83,76
115,85,107
116,11,71
117,32,76
118,45,81
119,61,80
120,72,77
121,79,74
122,96,69
123,13,88
124,26,46
125,102,117
126,78,89
127,-5,46
128,86,71
129,74,104
130,38,54
131,84,101
132,-1,97
133,80,60
134,92,98
135,28,145
136,24,150
137,1,84
138,17,133
139,7,38
140,63,175
141,101,117
142,71,93
143,14,56
144,55,62
145,62,63
146,66,140
147,14,102
148,76,184
149,50,171
150,38,163
151,105,16
152,93,186
153,69,62
154,75,61
155,79,60
156,17,43
157,72,52
158,65,49
159,57,48
160,51,49
161,46,51
162,-1,31
163,50,60
164,102,124
165,76,124
166,85,111
167,92,124
168,103,55
169,39,157
170,50,166
171,77,181
172,13,136
173,78,57
174,91,81
175,94,182
176,63,179
177,3,100
178,83,139
179,82,142
180,80,146
181,79,151
182,76,155
183,70,137
184,69,136
185,67,135
186,61,131
187,27,110
188,90,72
189,86,55
190,81,55
191,71,137
192,23,125
193,94,56
194,70,161
195,106,87
196,98,79
197,105,78
198,85,93
199,95,176
200,96,167
201,83,166
202,52,146
203,67,109
204,60,154
205,47,107
206,59,117
207,39,118
208,80,174
209,79,96
210,44,151
211,54,160
212,47,137
213,15,114
214,35,136
215,7,116
216,52,125
217,84,85
218,87,110
219,81,110
220,92,107
221,80,47
222,67,41
223,55,39
224,46,40
225,38,43
226,32,55
227,0,68
228,40,69
229,50,72
230,61,72
231,71,71
232,78,68
233,83,67
234,-5,62
235,81,112
236,92,90
237,94,112
238,97,115
239,93,113
240,82,113
241,99,116
242,98,117
243,83,61
244,87,63
245,90,66
246,44,53
247,39,49
248,112,87
249,146,57
250,111,115
251,166,22
252,125,65
253,132,66
254,139,65
255,147,59
256,119,63
257,139,44
258,130,45
259,146,45
260,150,47
261,152,64
262,119,165
263,148,54
264,165,53
265,157,57
266,133,98
267,108,132
268,106,138
269,115,133
270,118,134
271,112,137
272,115,137
273,126,141
274,113,113
275,114,107
276,159,41
277,120,80
278,124,107
279,124,102
280,151,94
281,113,97
282,148,37
283,156,37
284,164,12
285,119,46
286,123,48
287,131,135
288,146,114
289,119,111
290,114,114
291,123,136
292,121,137
293,159,31
294,123,109
295,136,39
296,138,33
297,145,0
298,162,22
299,142,16
300,162,36
301,165,30
302,108,135
303,113,135
304,117,136
305,117,112
306,122,136
307,120,139
308,120,137
309,118,111
310,114,138
311,110,139
312,105,140
313,106,158
314,107,154
315,107,149
316,106,144
317,105,140
318,114,138
319,115,140
320,117,142
321,118,145
322,126,126
323,155,78
324,116,137
325,118,138
326,111,117
327,120,113
328,113,116
329,126,83
330,137,88
331,124,104
332,158,4
333,155,18
334,151,30
335,121,148
336,122,37
337,126,16
338,128,-2
339,145,63
340,157,69
341,116,62
342,154,50
343,117,76
344,122,106
345,163,71
346,155,76
347,148,80
348,135,79
349,126,76
350,119,73
351,110,69
352,161,87
353,159,48
354,109,116
355,120,88
356,162,48
357,115,70
358,123,104
359,150,54
360,121,100
361,151,95
362,116,59
363,118,98
364,140,140
365,135,145
366,161,83
367,146,128
368,165,40
369,118,171
370,107,117
371,125,93
372,161,57
373,139,61
374,133,62
375,121,140
376,158,100
377,106,182
378,122,166
379,128,157
380,126,61
381,120,60
382,117,60
383,162,45
384,122,52
385,129,49
386,136,49
387,142,50
388,145,52
389,166,33
390,143,60
391,121,123
392,120,111
393,111,123
394,133,151
395,126,161
396,108,179
397,141,131
398,118,57
399,115,81
400,115,175
401,157,98
402,110,139
403,112,142
404,113,146
405,114,150
406,114,154
407,118,137
408,119,136
409,121,135
410,130,130
411,152,108
412,113,72
413,114,55
414,116,55
415,116,138
416,148,122
417,111,56
418,116,159
419,111,79
420,119,93
421,107,165
422,131,143
423,128,109
424,124,151
425,142,106
426,133,115
427,145,116
428,108,173
429,121,95
430,134,146
431,126,156
432,137,134
433,154,111
434,142,132
435,152,113
436,137,123
437,117,85
438,120,110
439,122,110
440,119,106
441,120,48
442,133,43
443,143,42
444,151,42
445,154,45
446,153,56
447,163,68
448,149,68
449,143,71
450,133,71
451,125,70
452,119,68
453,115,66
454,158,63
455,121,111
456,116,89
457,117,111
458,112,114
459,116,112
460,119,113
461,111,116
462,110,116
463,114,60
464,112,63
465,112,65
466,147,53
467,151,50
468,56,54
469,65,54
470,56,46
471,48,55
472,56,63
473,131,54
474,139,55
475,132,48
476,124,54
477,131,61
