0,100,130
1,102,113
2,101,118
3,95,85
4,102,105
5,101,93
6,101,65
7,47,59
8,100,44
9,100,34
10,100,-6
11,100,133
12,100,135
13,100,136
14,100,152
15,100,156
16,100,161
17,101,165
18,100,165
19,102,117
20,93,115
21,17,27
22,67,66
23,60,66
24,53,66
25,44,62
26,73,65
27,58,47
28,66,48
29,50,48
30,45,51
31,37,67
32,72,175
33,44,58
34,14,62
35,29,62
36,61,99
37,87,129
38,88,134
39,75,130
40,67,131
41,78,133
42,70,133
43,60,143
44,95,113
45,95,104
46,36,46
47,78,81
48,76,106
49,75,102
50,37,96
51,95,94
52,56,39
53,45,41
54,25,14
55,87,46
56,72,51
57,54,134
58,20,136
59,81,112
60,87,114
61,56,133
62,58,134
63,42,36
64,75,109
65,70,40
66,69,33
67,57,-2
68,32,23
69,62,13
70,32,42
71,24,34
72,87,132
73,76,132
74,68,132
75,83,113
76,57,134
77,61,141
78,59,134
79,86,111
80,71,134
81,79,134
82,89,135
83,88,164
84,87,164
85,87,159
86,88,155
87,89,151
88,71,145
89,70,146
90,68,148
91,66,151
92,64,125
93,13,95
94,101,118
95,66,141
96,63,141
97,90,117
98,76,112
99,89,116
100,69,84
101,56,88
102,73,104
103,38,4
104,44,16
105,54,33
106,68,152
107,86,35
108,80,12
109,77,-5
110,47,64
111,28,72
112,77,64
113,38,54
114,83,76
115,81,105
116,21,77
117,33,77
118,43,80
119,57,79
120,68,77
121,76,75
122,94,67
123,20,93
124,32,53
125,97,116
126,78,89
127,11,59
128,82,71
129,72,104
130,41,58
131,81,99
132,15,115
133,77,61
134,88,96
135,38,155
136,39,164
137,13,95
138,27,145
139,19,47
140,71,182
141,98,117
142,70,94
143,22,63
144,55,61
145,61,61
146,60,142
147,20,109
148,85,193
149,63,181
150,52,174
151,100,13
152,100,194
153,66,61
154,72,61
155,75,61
156,27,51
157,70,56
158,65,54
159,59,53
160,53,54
161,49,55
162,13,41
163,51,60
164,101,123
165,73,123
166,82,111
167,89,123
168,100,54
169,50,165
170,60,174
171,84,188
172,29,152
173,75,59
174,89,80
175,100,189
176,73,188
177,15,113
178,79,149
179,78,151
180,76,155
181,75,159
182,77,159
183,63,133
184,61,132
185,60,132
186,57,129
187,29,114
188,89,71
189,84,56
190,78,57
191,64,134
192,29,133
193,91,57
194,74,167
195,101,84
196,94,76
197,101,75
198,83,92
199,100,182
200,100,173
201,87,172
202,56,148
203,65,109
204,64,158
205,47,108
206,57,116
207,40,119
208,85,181
209,78,95
210,51,155
211,61,165
212,49,137
213,22,123
214,40,140
215,19,130
216,50,124
217,84,84
218,84,110
219,78,110
220,88,105
221,79,50
222,68,45
223,57,44
224,48,45
225,41,49
226,36,60
227,13,78
228,41,70
229,49,72
230,59,72
231,68,71
232,75,70
233,80,68
234,12,77
235,78,111
236,89,88
237,90,111
238,93,115
239,89,112
240,79,113
241,95,116
242,95,117
243,79,62
244,84,64
245,87,66
246,46,57
247,41,54
248,107,85
249,147,57
250,109,115
251,175,27
252,129,63
253,136,63
254,142,63
255,151,60
256,124,63
257,139,46
258,131,47
259,146,47
260,150,50
261,158,65
262,128,174
263,150,56
264,180,62
265,166,61
266,139,99
267,112,129
268,111,134
269,123,129
270,130,130
271,120,133
272,127,133
273,137,142
274,108,112
275,109,104
276,160,45
277,122,80
278,125,106
279,126,101
280,161,95
281,108,94
282,143,38
283,153,41
284,169,14
285,113,45
286,125,49
287,144,133
288,173,135
289,120,111
290,114,114
291,138,133
292,136,134
293,156,36
294,126,108
295,130,39
296,131,33
297,141,-2
298,164,24
299,137,13
300,164,41
301,171,34
302,112,131
303,122,131
304,128,131
305,119,112
306,137,134
307,134,141
308,135,134
309,116,111
310,126,134
311,119,134
312,111,135
313,112,164
314,113,164
315,113,159
316,112,154
317,110,151
318,125,144
319,127,146
320,129,148
321,131,150
322,135,124
323,179,95
324,130,140
325,132,140
326,112,117
327,124,112
328,113,115
329,130,84
330,143,88
331,127,104
332,158,4
333,153,16
334,145,32
335,131,151
336,115,35
337,120,13
338,123,-5
339,148,62
340,166,71
341,120,61
342,158,53
343,117,76
344,121,105
345,175,76
346,161,76
347,153,79
348,139,78
349,129,76
350,122,73
351,107,67
352,176,92
353,164,52
354,105,116
355,122,88
356,180,59
357,117,69
358,128,103
359,153,57
360,121,99
361,177,114
362,120,59
363,114,96
364,159,153
365,157,163
366,181,94
367,169,143
368,175,46
369,128,181
370,104,117
371,129,93
372,173,62
373,140,58
374,135,58
375,135,142
376,176,108
377,115,192
378,136,181
379,145,173
380,130,58
381,125,58
382,122,59
383,169,50
384,126,54
385,132,52
386,137,52
387,143,53
388,146,54
389,179,41
390,144,57
391,127,122
392,120,111
393,112,123
394,148,164
395,138,173
396,115,188
397,166,151
398,122,57
399,112,80
400,126,187
401,180,112
402,119,148
403,121,151
404,122,154
405,124,158
406,123,158
407,132,133
408,134,132
409,135,131
410,142,128
411,168,112
412,112,71
413,115,55
414,119,55
415,131,134
416,168,131
417,109,56
418,125,166
419,107,76
420,118,92
421,113,172
422,142,147
423,134,109
424,134,157
425,152,107
426,142,116
427,158,118
428,115,181
429,123,95
430,147,154
431,137,164
432,149,136
433,174,122
434,158,139
435,176,129
436,148,123
437,117,84
438,118,109
439,123,109
440,115,105
441,120,49
442,130,44
443,140,43
444,149,45
445,154,48
446,159,59
447,181,78
448,154,68
449,147,70
450,138,70
451,129,69
452,123,68
453,118,66
454,180,76
455,123,110
456,113,87
457,113,111
458,109,114
459,113,112
460,122,112
461,108,115
462,107,116
463,118,60
464,114,62
465,112,64
466,148,56
467,153,53
468,56,57
469,64,57
470,57,50
471,49,57
472,56,64
473,135,55
474,143,55
475,134,48
476,127,56
477,135,63
