0,98,131
1,99,115
2,100,119
3,92,88
4,99,108
5,99,97
6,99,67
7,44,60
8,98,45
9,98,35
10,98,-2
11,98,135
12,99,138
13,99,140
14,99,141
15,99,145
16,99,150
17,100,155
18,103,160
19,99,118
20,92,116
21,16,25
22,67,67
23,60,68
24,52,68
25,41,62
26,74,65
27,52,43
28,62,45
29,44,44
30,39,47
31,36,66
32,76,168
33,41,57
34,16,57
35,28,58
36,62,100
37,89,130
38,91,138
39,81,131
40,76,133
41,84,137
42,79,137
43,69,142
44,92,115
45,91,108
46,28,39
47,77,81
48,75,108
49,75,103
50,40,96
51,92,97
52,44,33
53,34,34
54,22,14
55,79,45
56,70,49
57,63,135
58,31,121
59,81,112
60,87,115
61,70,135
62,72,136
63,30,28
64,76,110
65,58,37
66,57,30
67,51,0
68,26,23
69,55,15
70,24,34
71,21,32
72,90,134
73,82,134
74,78,135
75,83,113
76,71,135
77,74,139
78,73,136
79,84,112
80,81,138
81,85,139
82,92,140
83,93,159
84,91,154
85,91,149
86,91,145
87,92,141
88,81,139
89,80,140
90,78,142
91,77,145
92,70,126
93,20,84
94,99,119
95,77,137
96,76,138
97,90,118
98,78,113
99,89,116
100,69,85
101,57,89
102,74,105
103,32,5
104,37,17
105,41,27
106,75,149
107,76,35
108,75,16
109,72,-1
110,45,66
111,30,71
112,77,63
113,33,50
114,82,77
115,80,107
116,22,74
117,35,78
118,45,82
119,59,81
120,70,78
121,77,74
122,91,69
123,24,90
124,27,48
125,95,118
126,78,89
127,15,53
128,82,71
129,74,104
130,37,56
131,79,101
132,24,102
133,77,61
134,85,99
135,45,145
136,46,150
137,20,88
138,36,133
139,18,43
140,74,175
141,96,118
142,71,94
143,22,58
144,52,64
145,59,64
146,73,140
147,27,104
148,88,186
149,66,172
150,57,163
151,98,16
152,104,188
153,66,63
154,72,62
155,75,61
156,22,44
157,69,54
158,62,51
159,55,50
160,48,51
161,44,54
162,14,37
163,47,62
164,100,124
165,76,123
166,81,112
167,90,123
168,98,56
169,55,156
170,64,165
171,87,182
172,38,137
173,74,58
174,87,82
175,104,185
176,76,180
177,24,103
178,86,140
179,85,143
180,84,146
181,83,150
182,83,155
183,75,136
184,74,135
185,73,134
186,65,130
187,36,110
188,87,72
189,81,56
190,77,56
191,77,137
192,37,126
193,88,57
194,79,161
195,99,87
196,92,79
197,99,78
198,82,93
199,103,177
200,103,168
201,91,167
202,62,145
203,68,110
204,70,153
205,51,107
206,61,116
207,46,118
208,88,175
209,78,96
210,56,150
211,66,159
212,55,136
213,31,116
214,46,135
215,29,118
216,57,124
217,82,85
218,82,111
219,78,111
220,85,107
221,74,48
222,60,42
223,49,40
224,40,41
225,34,44
226,33,57
227,17,72
228,41,70
229,49,74
230,59,74
231,69,72
232,76,69
233,80,67
234,17,68
235,78,112
236,86,90
237,87,113
238,91,116
239,87,113
240,80,113
241,93,117
242,93,118
243,79,61
244,84,64
245,86,66
246,42,55
247,37,51
248,105,87
249,154,61
250,107,116
251,184,23
252,132,67
253,139,67
254,147,67
255,157,63
256,125,65
257,144,45
258,135,45
259,152,46
260,158,49
261,164,66
262,132,168
263,157,58
264,187,55
265,173,59
266,139,99
267,108,129
268,108,137
269,118,130
270,124,131
271,116,136
272,122,135
273,137,141
274,106,115
275,106,107
276,170,41
277,123,80
278,124,107
279,124,102
280,162,95
281,106,97
282,151,34
283,162,36
284,177,12
285,115,44
286,127,49
287,142,134
288,178,120
289,118,112
290,113,114
291,132,133
292,130,133
293,167,30
294,124,109
295,135,37
296,136,30
297,145,0
298,172,22
299,141,15
300,174,36
301,179,30
302,108,133
303,117,133
304,123,133
305,117,113
306,131,133
307,128,137
308,130,134
309,115,112
310,121,136
311,115,138
312,107,139
313,113,159
314,109,153
315,109,149
316,108,144
317,107,140
318,120,137
319,122,139
320,123,141
321,124,143
322,133,125
323,186,83
324,125,136
325,126,136
326,110,118
327,122,113
328,111,116
329,131,84
330,144,88
331,125,105
332,165,4
333,160,16
334,153,28
335,131,148
336,117,34
337,121,16
338,124,-2
339,153,66
340,172,70
341,120,63
342,165,52
343,117,76
344,119,107
345,180,73
346,167,76
347,157,80
348,142,79
349,131,77
350,123,74
351,106,69
352,179,88
353,172,49
354,103,118
355,122,89
356,189,51
357,116,70
358,126,104
359,160,58
360,119,101
361,183,101
362,121,61
363,113,98
364,163,145
365,162,150
366,185,86
367,171,133
368,183,42
369,133,175
370,103,118
371,129,93
372,180,60
373,146,63
374,139,64
375,129,138
376,177,102
377,120,186
378,142,172
379,152,163
380,133,63
381,126,62
382,122,61
383,177,46
384,129,55
385,136,52
386,143,52
387,149,53
388,153,55
389,188,35
390,150,62
391,125,123
392,118,111
393,111,123
394,153,156
395,144,166
396,120,182
397,171,136
398,123,58
399,112,81
400,132,180
401,182,102
402,114,139
403,116,141
404,117,145
405,118,149
406,123,154
407,126,134
408,128,133
409,129,132
410,139,129
411,168,109
412,112,72
413,115,55
414,120,56
415,125,135
416,169,125
417,108,56
418,128,161
419,106,79
420,117,93
421,116,166
422,144,144
423,133,109
424,137,153
425,152,106
426,141,115
427,158,116
428,119,175
429,122,96
430,151,149
431,141,159
432,150,134
433,175,114
434,160,134
435,178,117
436,147,123
437,117,85
438,117,110
439,122,110
440,113,107
441,122,48
442,135,43
443,147,41
444,156,43
445,162,46
446,166,59
447,187,71
448,159,70
449,151,72
450,141,73
451,131,71
452,123,69
453,118,67
454,188,66
455,121,111
456,112,90
457,111,113
458,108,116
459,112,113
460,120,113
461,106,117
462,105,117
463,118,61
464,114,63
465,112,65
466,155,57
467,161,53
468,57,57
469,65,57
470,57,50
471,49,57
472,58,64
473,141,57
474,149,57
475,141,50
476,133,57
477,141,64
