0,97,133
1,98,110
2,98,116
3,91,84
4,98,102
5,98,92
6,98,65
7,48,60
8,97,47
9,97,37
10,97,0
11,97,135
12,97,138
13,97,139
14,97,154
15,97,157
16,97,162
17,97,166
18,98,170
19,98,114
20,90,113
21,19,33
22,68,64
23,61,64
24,54,65
25,44,63
26,74,63
27,58,48
28,65,49
29,50,50
30,45,52
31,37,68
32,69,178
33,45,60
34,14,65
35,28,64
36,59,100
37,86,131
38,87,137
39,76,133
40,70,135
41,79,137
42,73,138
43,60,149
44,91,110
45,90,102
46,36,48
47,75,81
48,73,106
49,72,101
50,37,98
51,91,92
52,54,41
53,43,43
54,27,20
55,85,46
56,72,51
57,55,139
58,19,138
59,78,110
60,84,113
61,64,141
62,66,141
63,40,39
64,72,108
65,67,41
66,66,35
67,56,4
68,33,29
69,61,19
70,32,45
71,25,39
72,87,134
73,78,135
74,72,137
75,80,112
76,65,141
77,68,146
78,66,141
79,82,109
80,75,138
81,81,138
82,88,138
83,86,169
84,87,165
85,87,160
86,88,156
87,89,153
88,76,148
89,74,149
90,73,151
91,72,154
92,63,127
93,11,98
94,98,115
95,72,145
96,70,146
97,87,116
98,74,112
99,86,114
100,67,85
101,55,89
102,71,104
103,38,10
104,44,22
105,52,35
106,67,156
107,83,37
108,78,18
109,74,1
110,48,65
111,28,73
112,77,61
113,37,56
114,81,76
115,78,104
116,20,79
117,34,78
118,43,80
119,58,79
120,68,76
121,76,73
122,91,67
123,20,95
124,31,55
125,94,114
126,75,89
127,11,64
128,82,69
129,70,104
130,41,60
131,77,98
132,13,117
133,77,59
134,84,95
135,36,157
136,36,167
137,12,97
138,26,146
139,19,51
140,67,187
141,94,115
142,68,94
143,21,65
144,56,60
145,62,59
146,67,147
147,20,111
148,81,199
149,58,186
150,48,178
151,97,18
152,98,200
153,67,59
154,72,59
155,75,59
156,26,53
157,71,56
158,65,56
159,60,56
160,54,57
161,49,58
162,14,46
163,51,60
164,98,122
165,71,123
166,78,109
167,86,122
168,97,56
169,46,168
170,56,178
171,81,193
172,27,154
173,75,58
174,86,79
175,98,195
176,68,193
177,14,115
178,81,151
179,80,153
180,79,156
181,78,160
182,75,164
183,69,139
184,67,138
185,66,138
186,57,132
187,30,115
188,86,71
189,83,55
190,78,55
191,70,139
192,29,134
193,89,56
194,72,170
195,98,83
196,91,76
197,98,74
198,80,91
199,98,187
200,98,177
201,84,176
202,55,152
203,64,110
204,62,162
205,47,109
206,57,117
207,41,121
208,82,185
209,75,95
210,49,159
211,58,169
212,48,141
213,22,124
214,39,143
215,18,131
216,51,126
217,81,84
218,80,108
219,75,109
220,84,103
221,78,50
222,66,46
223,56,45
224,47,47
225,41,51
226,36,62
227,12,81
228,41,71
229,49,72
230,59,71
231,68,70
232,75,68
233,80,66
234,11,81
235,75,110
236,86,87
237,86,109
238,89,112
239,85,110
240,77,112
241,91,113
242,92,115
243,80,59
244,84,62
245,86,64
246,47,59
247,42,56
248,104,83
249,146,57
250,106,113
251,174,32
252,127,62
253,133,63
254,140,63
255,150,60
256,122,61
257,137,47
258,130,47
259,144,48
260,149,50
261,157,66
262,127,178
263,150,56
264,180,64
265,166,62
266,136,99
267,108,131
268,107,137
269,118,133
270,125,136
271,116,137
272,122,138
273,134,148
274,104,110
275,105,102
276,159,46
277,120,81
278,122,106
279,123,101
280,158,97
281,105,92
282,140,40
283,151,42
284,167,19
285,111,47
286,124,49
287,140,139
288,174,136
289,117,110
290,111,113
291,133,142
292,131,142
293,155,37
294,123,108
295,127,41
296,128,35
297,138,3
298,162,27
299,134,18
300,164,42
301,170,37
302,108,134
303,117,135
304,124,137
305,115,111
306,132,142
307,128,147
308,130,142
309,113,109
310,121,139
311,115,138
312,107,138
313,109,169
314,108,165
315,108,160
316,107,156
317,106,153
318,120,149
319,122,150
320,123,152
321,125,154
322,132,127
323,181,97
324,125,146
325,127,146
326,108,116
327,121,112
328,110,114
329,128,84
330,140,89
331,124,104
332,156,9
333,151,21
334,143,34
335,128,156
336,113,37
337,117,17
338,119,0
339,146,62
340,165,72
341,118,60
342,157,53
343,115,76
344,118,104
345,175,78
346,159,77
347,148,80
348,135,78
349,125,75
350,118,72
351,105,67
352,175,94
353,163,53
354,102,114
355,120,89
356,181,63
357,113,69
358,125,104
359,153,57
360,118,98
361,179,115
362,119,58
363,111,94
364,159,156
365,158,165
366,182,96
367,168,145
368,175,49
369,128,186
370,101,115
371,127,94
372,173,63
373,138,58
374,132,57
375,130,148
376,174,109
377,114,198
378,138,185
379,147,177
380,128,57
381,123,57
382,120,58
383,170,51
384,125,54
385,130,53
386,136,53
387,141,54
388,145,55
389,178,45
390,142,57
391,124,123
392,117,109
393,109,122
394,149,167
395,139,177
396,115,193
397,167,153
398,121,56
399,110,79
400,127,193
401,180,113
402,114,151
403,115,153
404,116,157
405,117,161
406,120,163
407,128,140
408,129,139
409,130,138
410,137,132
411,165,114
412,109,71
413,113,54
414,118,54
415,126,140
416,165,133
417,106,56
418,124,170
419,104,76
420,115,91
421,111,176
422,141,151
423,131,110
424,133,161
425,148,108
426,138,117
427,154,120
428,114,185
429,120,95
430,147,158
431,137,168
432,147,140
433,173,123
434,156,142
435,176,130
436,144,126
437,115,84
438,115,108
439,120,108
440,112,103
441,118,49
442,129,45
443,138,44
444,147,45
445,153,48
446,159,59
447,182,80
448,152,69
449,144,71
450,134,70
451,126,68
452,120,67
453,116,65
454,181,79
455,120,110
456,110,87
457,110,109
458,106,112
459,110,110
460,118,112
461,104,113
462,104,114
463,117,58
464,112,61
465,109,64
466,148,56
467,153,53
468,61,58
469,67,57
470,61,52
471,54,58
472,60,63
473,135,55
474,141,55
475,135,49
476,128,55
477,135,61
