0,100,122
1,97,98
2,97,109
3,90,74
4,97,90
5,97,80
6,97,58
7,43,64
8,97,40
9,97,29
10,98,-5
11,100,127
12,100,132
13,100,136
14,100,137
15,100,141
16,100,147
17,100,154
18,98,158
19,97,103
20,90,104
21,16,36
22,63,69
23,55,70
24,48,70
25,39,67
26,69,67
27,53,45
28,61,46
29,45,47
30,40,51
31,33,71
32,67,174
33,40,62
34,13,70
35,25,66
36,58,97
37,91,121
38,92,132
39,80,127
40,74,133
41,84,135
42,78,138
43,63,149
44,90,98
45,89,91
46,29,41
47,73,78
48,71,99
49,71,95
50,35,98
51,90,82
52,47,30
53,36,34
54,22,20
55,80,37
56,69,49
57,57,143
58,20,146
59,78,103
60,84,106
61,68,143
62,70,142
63,32,29
64,71,103
65,61,30
66,60,23
67,52,-1
68,26,25
69,56,11
70,25,39
71,20,38
72,91,127
73,82,131
74,76,135
75,80,105
76,69,143
77,73,143
78,71,142
79,81,100
80,80,139
81,86,137
82,92,136
83,88,158
84,91,154
85,91,147
86,92,141
87,92,137
88,80,139
89,78,141
90,77,144
91,75,148
92,65,126
93,14,108
94,97,106
95,76,140
96,74,142
97,87,109
98,74,108
99,86,107
100,65,83
101,53,88
102,70,99
103,33,7
104,37,16
105,44,23
106,69,152
107,78,25
108,75,11
109,73,-4
110,42,69
111,25,77
112,74,64
113,32,55
114,79,72
115,76,95
116,18,82
117,29,81
118,39,83
119,53,81
120,64,78
121,72,73
122,89,61
123,19,98
124,27,54
125,93,103
126,74,85
127,13,72
128,79,68
129,69,101
130,36,62
131,76,90
132,16,127
133,74,62
134,83,85
135,33,160
136,34,172
137,14,103
138,25,151
139,17,53
140,65,183
141,94,106
142,67,91
143,19,69
144,49,66
145,55,66
146,71,145
147,20,114
148,80,196
149,55,187
150,45,181
151,97,11
152,98,197
153,62,65
154,68,64
155,72,63
156,22,53
157,68,58
158,61,57
159,55,57
160,49,58
161,45,60
162,14,52
163,45,65
164,98,115
165,72,120
166,77,102
167,87,115
168,97,50
169,43,170
170,53,177
171,80,188
172,27,161
173,72,60
174,84,72
175,98,189
176,66,192
177,16,121
178,86,137
179,84,141
180,83,146
181,82,151
182,78,155
183,74,140
184,72,140
185,70,139
186,60,134
187,30,117
188,84,66
189,80,53
190,75,56
191,76,141
192,29,137
193,87,51
194,72,164
195,97,73
196,90,68
197,97,66
198,78,85
199,98,179
200,98,168
201,85,168
202,54,153
203,63,107
204,62,160
205,46,107
206,57,116
207,40,121
208,81,178
209,74,90
210,46,159
211,57,167
212,48,143
213,22,128
214,38,145
215,19,137
216,51,128
217,79,78
218,79,98
219,74,101
220,82,92
221,74,45
222,61,40
223,51,39
224,42,41
225,35,46
226,31,64
227,12,86
228,36,74
229,44,75
230,54,75
231,63,73
232,71,70
233,77,67
234,13,90
235,74,104
236,84,78
237,85,98
238,89,102
239,85,100
240,77,107
241,91,103
242,92,105
243,77,61
244,81,62
245,83,62
246,42,61
247,36,56
248,104,74
249,154,64
250,105,104
251,185,37
252,133,69
253,140,70
254,147,70
255,157,67
256,126,66
257,143,46
258,135,47
259,151,48
260,156,51
261,164,71
262,128,174
263,156,62
264,187,70
265,173,66
266,138,97
267,109,122
268,108,133
269,119,128
270,125,134
271,115,135
272,121,138
273,134,148
274,104,98
275,105,90
276,168,43
277,122,78
278,124,99
279,124,95
280,161,98
281,104,82
282,149,34
283,160,37
284,178,21
285,114,42
286,128,50
287,140,142
288,179,147
289,118,103
290,111,105
291,130,144
292,128,144
293,165,31
294,124,103
295,133,36
296,135,29
297,145,0
298,172,26
299,140,12
300,174,40
301,179,39
302,109,127
303,117,132
304,123,136
305,116,105
306,129,144
307,126,145
308,127,143
309,114,99
310,119,140
311,114,138
312,107,137
313,108,158
314,110,154
315,109,147
316,108,141
317,107,137
318,119,140
319,120,142
320,122,145
321,124,149
322,131,125
323,187,109
324,122,141
325,124,143
326,108,109
327,121,108
328,110,107
329,131,83
330,143,88
331,126,99
332,165,8
333,160,17
334,152,27
335,127,152
336,117,31
337,120,11
338,123,-4
339,153,69
340,172,77
341,122,64
342,165,55
343,116,72
344,119,95
345,180,83
346,166,82
347,155,83
348,141,81
349,130,77
350,122,73
351,105,61
352,179,99
353,171,54
354,101,103
355,122,84
356,189,73
357,116,68
358,126,100
359,160,62
360,119,90
361,184,128
362,122,61
363,112,85
364,163,161
365,163,172
366,186,104
367,172,151
368,183,54
369,131,184
370,101,106
371,129,91
372,180,69
373,146,66
374,140,67
375,127,146
376,177,115
377,116,196
378,141,188
379,152,182
380,134,65
381,128,63
382,125,62
383,178,53
384,129,57
385,135,56
386,141,56
387,147,57
388,152,59
389,188,53
390,151,65
391,124,120
392,118,101
393,109,115
394,153,171
395,142,178
396,116,188
397,172,162
398,125,59
399,110,72
400,130,192
401,183,121
402,113,138
403,115,142
404,117,146
405,118,152
406,119,155
407,125,141
408,127,141
409,129,140
410,137,133
411,167,117
412,110,66
413,116,54
414,121,56
415,123,142
416,168,137
417,108,53
418,123,165
419,105,68
420,116,85
421,111,168
422,142,153
423,133,107
424,134,160
425,150,107
426,140,116
427,157,121
428,114,178
429,122,90
430,150,160
431,139,168
432,149,143
433,176,129
434,159,145
435,180,137
436,146,127
437,116,78
438,116,98
439,121,101
440,112,92
441,122,48
442,134,43
443,145,42
444,154,43
445,161,48
446,166,64
447,187,87
448,159,74
449,151,76
450,141,75
451,131,73
452,124,69
453,119,66
454,188,91
455,121,104
456,110,78
457,110,98
458,106,102
459,110,100
460,119,106
461,104,103
462,103,105
463,120,61
464,115,62
465,112,62
466,154,61
467,160,56
468,57,61
469,65,60
470,57,54
471,50,61
472,58,67
473,140,60
474,148,60
475,141,53
476,133,59
477,140,66
