0,96,125
1,93,103
2,96,112
3,88,79
4,93,95
5,93,86
6,95,63
7,47,67
8,95,45
9,95,35
10,94,-2
11,96,129
12,96,134
13,97,137
14,96,138
15,96,142
16,96,148
17,96,154
18,100,160
19,94,108
20,89,109
21,26,41
22,68,72
23,60,73
24,54,73
25,45,70
26,74,69
27,55,50
28,64,50
29,47,52
30,43,56
31,41,75
32,76,175
33,45,65
34,26,74
35,34,71
36,63,102
37,87,124
38,89,134
39,79,128
40,74,132
41,83,135
42,79,136
43,69,149
44,88,104
45,86,96
46,34,51
47,77,82
48,74,103
49,74,100
50,44,103
51,87,87
52,48,41
53,39,44
54,30,26
55,80,45
56,71,53
57,64,142
58,41,146
59,79,108
60,85,109
61,71,140
62,73,139
63,36,40
64,74,107
65,61,41
66,59,35
67,54,5
68,34,33
69,58,19
70,31,48
71,29,45
72,88,129
73,81,132
74,76,135
75,81,109
76,72,140
77,74,141
78,74,139
79,82,105
80,81,138
81,85,137
82,90,137
83,91,160
84,87,154
85,88,148
86,89,142
87,90,137
88,80,138
89,79,140
90,76,143
91,75,147
92,69,127
93,32,109
94,95,110
95,78,138
96,76,140
97,87,112
98,78,111
99,86,111
100,70,87
101,59,93
102,73,103
103,39,14
104,43,24
105,45,35
106,75,153
107,76,35
108,75,17
109,72,0
110,48,73
111,35,81
112,78,67
113,38,61
114,81,76
115,77,100
116,30,87
117,39,85
118,46,87
119,59,85
120,69,81
121,76,77
122,89,65
123,31,102
124,34,60
125,91,108
126,77,89
127,27,75
128,81,72
129,73,104
130,43,66
131,77,95
132,36,127
133,78,64
134,82,90
135,50,161
136,53,170
137,29,106
138,42,151
139,27,58
140,75,183
141,92,110
142,71,95
143,30,73
144,54,69
145,60,69
146,72,143
147,33,118
148,88,194
149,70,185
150,62,179
151,94,15
152,103,195
153,66,68
154,72,66
155,76,65
156,30,60
157,71,58
158,65,56
159,58,56
160,52,58
161,48,61
162,25,56
163,50,68
164,96,118
165,75,122
166,79,106
167,87,119
168,96,54
169,58,170
170,66,177
171,87,188
172,47,160
173,76,62
174,84,77
175,102,189
176,78,191
177,32,123
178,85,137
179,83,141
180,81,146
181,80,151
182,82,158
183,76,138
184,73,137
185,71,136
186,65,134
187,40,120
188,85,70
189,82,57
190,78,59
191,78,138
192,42,139
193,87,56
194,79,166
195,94,78
196,88,73
197,95,70
198,80,89
199,101,180
200,100,170
201,89,170
202,63,153
203,68,111
204,71,161
205,53,111
206,62,119
207,49,125
208,87,180
209,76,94
210,59,160
211,67,168
212,57,144
213,36,131
214,50,146
215,36,138
216,58,129
217,81,83
218,79,103
219,76,106
220,81,98
221,75,51
222,63,47
223,52,47
224,44,49
225,39,54
226,39,68
227,27,90
228,44,78
229,51,79
230,60,79
231,69,76
232,76,73
233,80,70
234,30,92
235,77,108
236,84,84
237,83,103
238,88,107
239,84,105
240,79,110
241,89,108
242,90,110
243,80,64
244,83,65
245,85,65
246,46,63
247,41,61
248,101,79
249,154,60
250,102,108
251,185,30
252,133,66
253,140,67
254,147,67
255,158,62
256,126,64
257,142,43
258,133,44
259,150,44
260,156,48
261,164,67
262,131,174
263,157,57
264,188,64
265,173,61
266,136,98
267,106,123
268,105,134
269,116,128
270,123,132
271,113,134
272,119,136
273,135,146
274,100,103
275,100,95
276,166,42
277,120,79
278,120,101
279,121,97
280,160,97
281,100,86
282,145,34
283,157,36
284,175,16
285,111,42
286,126,48
287,141,139
288,187,140
289,114,106
290,108,108
291,130,138
292,128,138
293,161,31
294,121,105
295,129,35
296,130,29
297,139,-1
298,168,23
299,134,13
300,171,38
301,178,35
302,105,129
303,115,131
304,121,134
305,113,107
306,129,138
307,125,140
308,127,138
309,109,103
310,118,137
311,112,137
312,105,137
313,110,160
314,106,153
315,106,147
316,105,141
317,104,137
318,117,137
319,119,139
320,121,142
321,123,145
322,131,125
323,194,101
324,122,138
325,124,139
326,106,111
327,119,110
328,107,110
329,129,84
330,141,88
331,122,101
332,160,5
333,154,15
334,147,28
335,129,151
336,112,32
337,115,13
338,118,-3
339,154,65
340,172,72
341,121,62
342,164,51
343,114,74
344,114,98
345,180,78
346,166,78
347,155,81
348,141,80
349,130,76
350,122,73
351,103,64
352,180,95
353,170,50
354,98,108
355,119,86
356,193,65
357,116,69
358,124,102
359,161,57
360,115,93
361,192,120
362,121,59
363,107,89
364,167,157
365,169,167
366,190,98
367,177,146
368,183,48
369,133,182
370,98,110
371,127,92
372,180,62
373,146,63
374,140,63
375,127,141
376,180,111
377,119,194
378,145,184
379,156,177
380,134,62
381,128,61
382,124,60
383,176,49
384,128,54
385,135,52
386,141,51
387,148,52
388,152,54
389,190,46
390,151,61
391,122,120
392,114,104
393,107,118
394,156,167
395,145,175
396,119,187
397,179,155
398,124,57
399,108,76
400,133,190
401,188,116
402,111,137
403,113,140
404,114,145
405,115,150
406,120,156
407,124,137
408,126,136
409,128,135
410,137,131
411,168,114
412,108,69
413,114,54
414,120,54
415,122,138
416,171,134
417,106,54
418,126,165
419,102,72
420,113,87
421,113,169
422,144,150
423,131,108
424,136,159
425,149,107
426,138,115
427,157,119
428,117,179
429,119,92
430,152,157
431,142,166
432,150,140
433,179,124
434,161,142
435,185,132
436,146,126
437,113,81
438,112,102
439,117,104
440,107,96
441,119,47
442,131,41
443,143,40
444,152,41
445,160,45
446,166,59
447,190,81
448,159,70
449,151,73
450,141,73
451,131,71
452,124,68
453,118,66
454,194,83
455,118,106
456,107,82
457,105,102
458,102,106
459,106,104
460,116,108
461,100,107
462,100,109
463,118,60
464,114,61
465,111,63
466,155,56
467,160,52
468,61,61
469,69,61
470,61,54
471,54,62
472,62,69
473,143,56
474,150,56
475,142,49
476,135,56
477,143,63
