0,98,131
1,109,102
2,103,112
3,99,78
4,109,94
5,108,84
6,103,63
7,40,61
8,102,47
9,103,37
10,102,-1
11,98,135
12,97,138
13,97,140
14,97,140
15,97,144
16,97,148
17,96,153
18,97,165
19,107,107
20,97,107
21,2,32
22,63,68
23,55,69
24,47,68
25,36,63
26,69,66
27,53,45
28,62,46
29,45,46
30,38,48
31,28,68
32,63,179
33,36,58
34,-2,67
35,17,62
36,57,99
37,88,129
38,88,137
39,76,132
40,68,134
41,78,137
42,71,137
43,56,150
44,102,102
45,101,94
46,27,42
47,74,80
48,76,101
49,74,97
50,31,99
51,100,85
52,51,35
53,38,37
54,14,17
55,86,44
56,69,50
57,49,142
58,-5,147
59,82,106
60,89,109
61,58,138
62,60,138
63,33,32
64,74,105
65,67,37
66,66,31
67,54,0
68,23,24
69,61,14
70,21,39
71,11,36
72,88,133
73,77,134
74,70,136
75,83,108
76,59,138
77,64,140
78,61,138
79,89,102
80,72,138
81,79,138
82,88,139
83,85,164
84,85,152
85,86,147
86,87,142
87,88,139
88,72,138
89,71,140
90,69,142
91,68,145
92,63,127
93,-13,106
94,105,109
95,66,138
96,65,139
97,92,112
98,76,110
99,90,110
100,65,85
101,52,90
102,72,101
103,31,6
104,39,16
105,48,29
106,64,156
107,84,34
108,81,14
109,77,-2
110,40,67
111,19,74
112,74,64
113,29,52
114,81,75
115,83,97
116,7,81
117,27,80
118,39,83
119,55,81
120,66,78
121,74,74
122,95,65
123,7,98
124,21,52
125,103,107
126,75,87
127,-10,68
128,81,70
129,70,102
130,32,58
131,82,93
132,-11,126
133,73,61
134,91,88
135,20,164
136,17,175
137,-5,102
138,8,153
139,3,51
140,60,189
141,102,109
142,67,93
143,8,64
144,49,64
145,56,65
146,62,141
147,7,115
148,75,200
149,46,192
150,32,185
151,103,16
152,93,201
153,62,64
154,68,63
155,71,62
156,13,50
157,67,56
158,60,53
159,54,53
160,47,53
161,42,55
162,-5,48
163,44,63
164,102,119
165,72,122
166,83,104
167,90,119
168,102,56
169,33,174
170,46,182
171,77,193
172,4,163
173,71,59
174,90,76
175,95,194
176,60,197
177,-4,121
178,79,138
179,78,141
180,77,145
181,76,149
182,73,161
183,65,138
184,63,137
185,62,136
186,55,134
187,21,118
188,88,70
189,81,56
190,75,56
191,66,138
192,16,139
193,90,56
194,68,170
195,106,77
196,97,72
197,105,70
198,83,88
199,96,185
200,96,174
201,82,174
202,47,155
203,62,109
204,56,164
205,43,109
206,54,117
207,33,123
208,79,184
209,76,92
210,38,163
211,50,172
212,41,144
213,7,130
214,28,147
215,-1,138
216,46,128
217,83,81
218,86,101
219,79,103
220,92,95
221,76,49
222,64,43
223,53,41
224,43,42
225,34,46
226,26,60
227,-5,85
228,34,72
229,43,74
230,54,74
231,64,73
232,72,70
233,77,67
234,-12,87
235,78,106
236,91,82
237,95,101
238,98,106
239,93,103
240,79,109
241,100,106
242,99,109
243,77,61
244,82,63
245,86,65
246,39,56
247,34,52
248,112,79
249,144,67
250,112,108
251,162,43
252,125,72
253,132,73
254,138,74
255,145,70
256,119,70
257,138,53
258,130,53
259,145,55
260,148,58
261,150,75
262,122,179
263,146,65
264,162,77
265,154,70
266,135,103
267,108,130
268,106,138
269,117,134
270,122,138
271,113,139
272,118,141
273,129,152
274,114,102
275,116,94
276,157,53
277,121,83
278,127,103
279,127,99
280,153,105
281,114,86
282,146,45
283,153,48
284,159,28
285,118,47
286,122,55
287,135,145
288,153,152
289,121,107
290,115,110
291,128,144
292,126,144
293,156,43
294,126,107
295,135,44
296,137,38
297,140,6
298,158,34
299,137,20
300,159,50
301,161,47
302,108,135
303,115,137
304,120,139
305,119,109
306,127,144
307,123,145
308,125,143
309,120,104
310,116,142
311,111,141
312,105,140
313,107,165
314,105,154
315,106,148
316,105,144
317,104,140
318,116,142
319,118,144
320,119,146
321,120,149
322,130,130
323,157,114
324,120,142
325,122,144
326,113,112
327,122,112
328,114,111
329,128,88
330,139,94
331,127,103
332,152,16
333,150,26
334,149,39
335,123,157
336,122,38
337,122,18
338,124,1
339,143,73
340,154,81
341,116,67
342,152,62
343,117,77
344,125,99
345,163,89
346,153,86
347,147,88
348,135,86
349,125,82
350,119,78
351,110,66
352,164,105
353,156,61
354,110,107
355,122,89
356,158,78
357,115,74
358,127,105
359,148,66
360,124,95
361,156,132
362,115,65
363,119,89
364,148,166
365,144,176
366,164,110
367,155,156
368,162,61
369,122,188
370,108,109
371,127,96
372,156,72
373,138,69
374,132,69
375,125,146
376,163,121
377,108,199
378,128,190
379,136,185
380,126,68
381,120,66
382,117,65
383,157,60
384,122,60
385,128,59
386,135,59
387,140,61
388,144,63
389,161,59
390,142,68
391,125,124
392,122,106
393,113,120
394,139,175
395,131,181
396,111,193
397,149,166
398,118,63
399,115,77
400,119,195
401,163,128
402,111,141
403,112,144
404,113,147
405,114,152
406,116,161
407,123,142
408,124,142
409,126,141
410,134,137
411,157,123
412,113,71
413,113,58
414,116,60
415,120,142
416,155,143
417,110,58
418,119,170
419,111,73
420,120,89
421,108,174
422,135,157
423,131,112
424,127,165
425,145,113
426,137,121
427,150,127
428,111,184
429,124,94
430,139,164
431,131,172
432,141,147
433,161,135
434,148,150
435,160,143
436,141,132
437,118,83
438,122,102
439,125,105
440,121,96
441,120,52
442,132,49
443,142,50
444,149,52
445,152,56
446,151,68
447,164,93
448,147,78
449,142,80
450,133,79
451,125,77
452,118,73
453,114,71
454,156,96
455,124,108
456,117,83
457,119,102
458,113,106
459,117,104
460,121,110
461,112,107
462,110,109
463,114,65
464,111,66
465,111,68
466,145,64
467,150,62
468,52,58
469,60,57
470,52,51
471,44,58
472,52,64
473,131,63
474,138,63
475,131,56
476,124,62
477,131,69
