0,95,132
1,91,111
2,93,117
3,86,84
4,91,103
5,92,92
6,93,65
7,45,58
8,94,47
9,94,37
10,95,-4
11,95,134
12,95,137
13,95,138
14,96,143
15,95,147
16,95,151
17,95,156
18,96,162
19,92,114
20,86,113
21,25,27
22,67,65
23,60,66
24,52,66
25,43,60
26,73,63
27,54,44
28,63,45
29,47,45
30,42,48
31,39,66
32,70,174
33,42,56
34,24,61
35,33,59
36,61,100
37,88,130
38,89,136
39,81,133
40,77,136
41,84,137
42,80,138
43,67,148
44,85,110
45,84,103
46,34,41
47,74,80
48,71,106
49,71,102
50,42,99
51,85,93
52,48,36
53,39,37
54,29,15
55,79,43
56,71,48
57,62,142
58,34,131
59,76,111
60,82,113
61,73,141
62,75,141
63,36,32
64,72,109
65,60,37
66,59,31
67,53,0
68,32,24
69,57,15
70,31,37
71,27,34
72,88,134
73,82,135
74,78,137
75,78,112
76,74,141
77,76,143
78,76,141
79,79,109
80,82,139
81,85,138
82,90,138
83,87,161
84,87,155
85,87,151
86,88,146
87,90,142
88,82,142
89,80,143
90,78,146
91,76,148
92,67,129
93,28,92
94,93,115
95,79,141
96,77,142
97,85,116
98,75,113
99,83,115
100,67,85
101,57,90
102,70,105
103,38,5
104,41,18
105,45,29
106,72,153
107,76,34
108,74,15
109,72,-3
110,46,64
111,33,71
112,76,61
113,37,50
114,78,75
115,74,104
116,27,77
117,36,77
118,44,81
119,57,80
120,67,76
121,74,73
122,87,66
123,28,94
124,33,49
125,88,114
126,74,88
127,25,58
128,79,69
129,71,105
130,40,56
131,74,99
132,30,111
133,76,58
134,79,95
135,43,154
136,45,161
137,25,93
138,36,142
139,25,46
140,69,182
141,90,115
142,69,94
143,29,60
144,52,61
145,59,61
146,74,145
147,30,109
148,82,194
149,62,181
150,54,172
151,94,15
152,97,196
153,66,60
154,71,59
155,75,58
156,30,47
157,70,54
158,64,53
159,57,52
160,50,53
161,46,54
162,24,41
163,48,60
164,94,123
165,73,125
166,76,109
167,85,123
168,94,55
169,51,164
170,60,173
171,81,188
172,39,148
173,74,56
174,82,79
175,97,190
176,70,188
177,28,110
178,85,142
179,83,145
180,81,148
181,80,153
182,79,157
183,78,140
184,76,139
185,74,139
186,64,135
187,38,114
188,83,70
189,81,54
190,77,54
191,79,140
192,38,132
193,86,54
194,74,165
195,92,83
196,86,75
197,93,74
198,77,91
199,96,182
200,96,171
201,85,170
202,59,151
203,65,111
204,66,159
205,50,109
206,60,118
207,46,121
208,82,180
209,74,95
210,53,157
211,62,166
212,54,142
213,33,122
214,45,142
215,31,126
216,56,128
217,78,83
218,76,108
219,73,109
220,78,103
221,75,47
222,62,42
223,51,41
224,43,42
225,38,45
226,37,57
227,23,77
228,42,69
229,49,72
230,58,72
231,67,70
232,74,67
233,79,65
234,27,75
235,74,111
236,81,87
237,81,109
238,85,112
239,81,110
240,76,113
241,86,113
242,87,114
243,79,59
244,82,61
245,83,63
246,44,55
247,40,51
248,99,84
249,149,58
250,101,113
251,182,25
252,127,65
253,134,66
254,142,65
255,152,60
256,121,63
257,140,45
258,131,46
259,149,46
260,153,48
261,159,65
262,125,175
263,152,56
264,186,59
265,168,59
266,133,100
267,104,131
268,103,136
269,113,133
270,118,136
271,110,137
272,115,139
273,130,149
274,98,110
275,99,103
276,165,41
277,118,80
278,118,106
279,119,101
280,156,98
281,99,92
282,147,36
283,158,37
284,174,12
285,112,45
286,124,49
287,136,142
288,182,132
289,112,110
290,106,113
291,125,142
292,123,142
293,163,31
294,119,109
295,132,38
296,134,32
297,141,-2
298,167,22
299,135,14
300,170,37
301,176,32
302,104,134
303,111,136
304,117,138
305,111,112
306,124,142
307,121,144
308,122,142
309,108,109
310,113,140
311,108,139
312,102,138
313,105,161
314,104,155
315,103,151
316,103,146
317,102,143
318,114,142
319,115,144
320,117,146
321,118,149
322,126,129
323,189,91
324,117,142
325,119,143
326,104,116
327,116,113
328,105,115
329,126,84
330,138,90
331,120,104
332,161,3
333,154,16
334,150,29
335,124,154
336,115,35
337,116,14
338,119,-4
339,149,64
340,167,71
341,117,61
342,161,50
343,113,75
344,113,104
345,177,76
346,161,77
347,151,81
348,136,79
349,126,76
350,118,73
351,101,66
352,176,93
353,167,49
354,96,114
355,117,88
356,190,56
357,112,69
358,121,104
359,156,55
360,113,98
361,187,111
362,117,58
363,106,95
364,162,155
365,164,163
366,185,93
367,172,143
368,181,44
369,128,183
370,96,115
371,124,94
372,174,60
373,141,61
374,135,61
375,122,145
376,174,109
377,114,195
378,140,183
379,152,174
380,128,61
381,122,59
382,119,59
383,173,46
384,124,53
385,131,52
386,138,51
387,145,52
388,148,54
389,187,39
390,146,60
391,119,125
392,112,109
393,104,123
394,151,166
395,141,175
396,113,189
397,174,149
398,120,56
399,106,79
400,128,190
401,183,111
402,108,142
403,110,145
404,111,149
405,112,153
406,115,158
407,119,140
408,121,140
409,122,139
410,132,135
411,163,115
412,107,70
413,112,54
414,117,54
415,117,141
416,166,133
417,104,55
418,121,166
419,100,75
420,112,91
421,108,170
422,139,152
423,128,110
424,131,160
425,145,109
426,135,118
427,152,122
428,111,180
429,117,95
430,147,158
431,137,167
432,145,143
433,173,122
434,156,143
435,180,127
436,141,129
437,112,83
438,110,107
439,116,109
440,106,103
441,118,48
442,131,43
443,143,42
444,152,43
445,158,45
446,161,57
447,187,76
448,155,69
449,146,72
450,136,72
451,126,70
452,119,67
453,114,65
454,190,74
455,116,110
456,105,86
457,104,109
458,101,112
459,105,110
460,114,113
461,99,113
462,99,114
463,115,59
464,110,62
465,108,64
466,151,55
467,156,51
468,55,56
469,63,56
470,55,50
471,48,56
472,55,62
473,131,56
474,137,56
475,131,50
476,125,56
477,131,62
