0,92,130
1,95,103
2,94,111
3,91,77
4,96,95
5,97,85
6,99,61
7,46,55
8,101,45
9,102,35
10,105,-2
11,92,133
12,92,135
13,91,136
14,91,136
15,91,139
16,91,142
17,90,146
18,88,157
19,95,107
20,87,107
21,21,29
22,67,62
23,60,63
24,53,62
25,43,57
26,73,62
27,57,41
28,66,43
29,49,42
30,44,44
31,36,62
32,58,172
33,43,52
34,14,62
35,28,57
36,57,94
37,81,128
38,82,134
39,72,129
40,65,130
41,74,133
42,68,132
43,53,141
44,89,103
45,89,95
46,35,40
47,75,76
48,70,99
49,70,95
50,34,92
51,90,85
52,54,34
53,44,35
54,30,15
55,86,44
56,72,46
57,47,133
58,12,137
59,76,104
60,81,107
61,57,132
62,59,132
63,40,31
64,69,102
65,68,36
66,68,31
67,63,-1
68,35,23
69,66,13
70,31,37
71,26,34
72,81,131
73,73,131
74,66,131
75,77,105
76,58,132
77,62,134
78,60,132
79,80,102
80,69,133
81,75,134
82,83,135
83,78,156
84,81,144
85,81,141
86,82,137
87,83,135
88,69,133
89,68,135
90,67,136
91,65,138
92,58,122
93,9,98
94,94,109
95,65,133
96,63,133
97,84,110
98,71,107
99,83,108
100,66,80
101,53,84
102,68,98
103,44,5
104,48,16
105,53,29
106,59,147
107,84,34
108,84,13
109,82,-3
110,46,60
111,28,67
112,76,60
113,37,48
114,81,72
115,76,97
116,19,75
117,33,73
118,43,76
119,58,76
120,68,73
121,75,70
122,92,62
123,17,90
124,31,47
125,91,107
126,74,84
127,12,62
128,81,67
129,67,99
130,40,52
131,76,92
132,9,117
133,76,58
134,83,88
135,26,154
136,26,165
137,10,95
138,17,143
139,20,46
140,56,181
141,91,109
142,67,89
143,22,58
144,54,58
145,60,59
146,61,135
147,16,107
148,70,193
149,47,182
150,37,175
151,104,15
152,86,195
153,66,58
154,71,58
155,75,58
156,26,46
157,70,51
158,64,48
159,58,47
160,51,47
161,47,49
162,15,43
163,49,56
164,93,117
165,66,118
166,76,103
167,82,117
168,100,53
169,36,164
170,46,173
171,70,186
172,18,153
173,74,56
174,86,74
175,86,188
176,57,189
177,10,112
178,75,134
179,74,136
180,73,139
181,72,142
182,67,153
183,63,132
184,62,131
185,60,130
186,51,127
187,25,110
188,86,66
189,83,53
190,78,53
191,65,132
192,21,130
193,90,54
194,63,162
195,97,76
196,91,70
197,98,69
198,79,85
199,87,179
200,88,168
201,75,166
202,46,146
203,60,105
204,53,155
205,43,103
206,52,112
207,34,115
208,71,177
209,73,89
210,39,154
211,49,163
212,40,136
213,16,121
214,30,138
215,12,129
216,44,121
217,80,79
218,78,100
219,73,102
220,82,95
221,78,47
222,67,41
223,56,39
224,47,39
225,41,43
226,35,55
227,11,78
228,41,66
229,48,68
230,58,69
231,67,67
232,74,66
233,79,64
234,10,80
235,72,104
236,85,81
237,83,101
238,87,105
239,83,103
240,74,106
241,88,106
242,89,108
243,79,59
244,83,61
245,86,62
246,45,51
247,40,48
248,104,78
249,154,63
250,102,107
251,180,38
252,131,67
253,139,68
254,146,69
255,156,65
256,125,65
257,145,47
258,136,47
259,153,49
260,158,53
261,161,70
262,117,174
263,157,61
264,181,71
265,169,66
266,134,99
267,103,129
268,101,135
269,113,131
270,119,133
271,110,135
272,116,135
273,127,145
274,102,103
275,103,96
276,167,49
277,120,79
278,120,102
279,121,97
280,156,99
281,104,86
282,151,40
283,161,44
284,174,24
285,117,45
286,128,50
287,135,138
288,172,145
289,114,106
290,108,108
291,128,136
292,126,136
293,165,40
294,121,105
295,136,40
296,138,35
297,146,4
298,168,31
299,141,18
300,171,46
301,175,42
302,102,132
303,111,133
304,118,134
305,112,107
306,127,136
307,122,137
308,125,136
309,110,103
310,115,136
311,108,136
312,101,136
313,99,158
314,100,146
315,100,142
316,100,139
317,100,136
318,114,136
319,116,137
320,117,139
321,118,141
322,127,125
323,180,107
324,119,136
325,121,137
326,105,111
327,118,109
328,106,109
329,127,84
330,139,89
331,122,101
332,163,12
333,157,23
334,153,35
335,119,150
336,120,36
337,123,16
338,128,0
339,152,68
340,168,76
341,122,63
342,164,57
343,115,74
344,115,99
345,175,83
346,162,81
347,153,83
348,138,80
349,128,77
350,121,73
351,106,63
352,174,99
353,169,57
354,99,107
355,119,86
356,183,71
357,116,69
358,123,101
359,160,61
360,116,94
361,178,126
362,122,60
363,110,89
364,154,160
365,153,171
366,181,103
367,165,150
368,178,55
369,118,184
370,98,109
371,125,92
372,175,67
373,146,65
374,139,64
375,123,138
376,173,115
377,103,195
378,128,186
379,140,180
380,133,63
381,127,62
382,124,61
383,174,55
384,130,55
385,136,53
386,143,52
387,150,54
388,154,57
389,183,52
390,151,64
391,120,120
392,114,105
393,105,118
394,142,169
395,131,177
396,104,188
397,163,160
398,125,58
399,110,75
400,116,191
401,178,121
402,108,136
403,109,138
404,109,141
405,110,144
406,110,155
407,121,135
408,123,135
409,124,134
410,132,131
411,163,117
412,110,68
413,116,55
414,121,56
415,120,136
416,163,137
417,109,55
418,114,165
419,105,71
420,114,87
421,101,168
422,134,150
423,128,108
424,125,159
425,146,108
426,135,116
427,152,122
428,103,179
429,119,92
430,140,158
431,129,167
432,142,141
433,170,129
434,152,144
435,174,137
436,141,126
437,114,81
438,113,102
439,118,104
440,110,97
441,123,49
442,136,45
443,147,45
444,156,47
445,162,51
446,164,64
447,182,87
448,157,73
449,149,75
450,139,74
451,130,71
452,123,69
453,118,66
454,182,89
455,117,106
456,109,82
457,107,102
458,103,106
459,107,104
460,115,108
461,101,107
462,100,108
463,119,61
464,115,62
465,112,64
466,156,59
467,160,57
468,57,52
469,64,52
470,57,46
471,50,52
472,57,59
473,142,57
474,149,58
475,142,51
476,134,57
477,141,64
