0,95,128
1,96,103
2,96,111
3,91,78
4,96,95
5,97,85
6,97,63
7,49,63
8,98,46
9,98,36
10,99,0
11,95,131
12,95,135
13,95,138
14,95,144
15,95,148
16,95,154
17,95,159
18,94,167
19,96,107
20,89,107
21,22,35
22,67,69
23,60,69
24,53,69
25,45,66
26,72,68
27,58,50
28,66,51
29,51,51
30,46,54
31,38,71
32,64,177
33,46,62
34,17,68
35,30,67
36,59,98
37,84,126
38,85,135
39,74,129
40,67,133
41,78,135
42,72,137
43,59,149
44,90,102
45,89,95
46,36,48
47,75,80
48,72,101
49,71,97
50,37,98
51,90,86
52,53,40
53,43,42
54,28,21
55,83,47
56,72,54
57,54,140
58,20,142
59,77,105
60,84,108
61,61,140
62,63,140
63,39,38
64,71,104
65,67,41
66,66,35
67,57,3
68,32,28
69,60,17
70,31,45
71,26,39
72,84,131
73,75,133
74,69,135
75,79,107
76,62,140
77,65,143
78,64,140
79,81,102
80,74,138
81,79,137
82,87,138
83,83,166
84,84,158
85,84,152
86,85,147
87,87,143
88,74,141
89,72,143
90,69,146
91,67,149
92,63,126
93,16,103
94,96,109
95,70,141
96,67,142
97,86,111
98,74,109
99,85,109
100,66,84
101,55,89
102,70,101
103,40,10
104,43,20
105,51,34
106,65,155
107,82,38
108,78,16
109,76,0
110,48,68
111,30,76
112,76,66
113,38,57
114,80,75
115,77,97
116,22,81
117,35,80
118,44,82
119,57,81
120,67,78
121,75,75
122,90,65
123,22,96
124,32,57
125,92,106
126,74,86
127,16,68
128,81,71
129,69,102
130,42,62
131,76,93
132,17,122
133,76,64
134,83,89
135,34,159
136,34,169
137,16,100
138,25,148
139,22,52
140,62,185
141,93,109
142,68,92
143,24,70
144,55,64
145,60,65
146,63,145
147,22,112
148,76,197
149,53,186
150,44,179
151,99,17
152,92,198
153,66,65
154,71,64
155,74,64
156,27,57
157,71,60
158,65,58
159,60,58
160,54,58
161,50,60
162,18,50
163,51,64
164,96,118
165,71,121
166,77,103
167,85,118
168,98,55
169,43,169
170,52,177
171,76,191
172,26,157
173,74,62
174,85,76
175,92,193
176,63,192
177,16,118
178,79,142
179,78,145
180,76,149
181,74,154
182,73,161
183,67,139
184,65,138
185,63,137
186,58,132
187,31,115
188,85,69
189,82,58
190,78,59
191,69,139
192,29,136
193,88,58
194,68,169
195,97,77
196,90,72
197,97,70
198,79,87
199,93,184
200,93,175
201,80,174
202,52,152
203,63,108
204,59,162
205,47,108
206,56,116
207,40,121
208,77,183
209,74,92
210,46,159
211,55,168
212,47,142
213,23,126
214,38,144
215,19,134
216,50,127
217,80,81
218,79,101
219,74,103
220,83,96
221,77,52
222,66,47
223,56,46
224,48,47
225,42,51
226,37,65
227,16,84
228,42,73
229,49,75
230,58,75
231,67,73
232,74,71
233,79,69
234,16,86
235,74,105
236,85,82
237,85,101
238,89,105
239,85,102
240,76,108
241,90,106
242,91,108
243,79,64
244,83,65
245,85,66
246,48,61
247,43,58
248,103,79
249,150,64
250,103,107
251,176,38
252,131,69
253,138,70
254,144,70
255,153,67
256,125,67
257,140,49
258,133,50
259,148,51
260,153,53
261,159,72
262,122,178
263,152,62
264,179,71
265,167,68
266,134,100
267,106,127
268,105,136
269,117,131
270,125,135
271,113,137
272,120,139
273,131,150
274,103,103
275,104,95
276,163,48
277,120,80
278,121,102
279,122,98
280,156,100
281,104,86
282,146,39
283,156,42
284,170,24
285,114,45
286,126,53
287,137,142
288,171,144
289,115,106
290,109,108
291,133,143
292,131,143
293,160,38
294,121,105
295,132,40
296,133,34
297,142,4
298,165,30
299,137,18
300,167,46
301,172,42
302,106,131
303,115,134
304,123,137
305,113,107
306,132,143
307,128,146
308,129,143
309,111,103
310,118,140
311,112,139
312,104,138
313,105,166
314,106,159
315,106,153
316,105,148
317,104,144
318,119,143
319,120,145
320,123,148
321,125,151
322,128,127
323,178,106
324,123,143
325,125,144
326,106,111
327,118,110
328,107,110
329,127,85
330,139,91
331,123,102
332,159,12
333,154,22
334,148,34
335,124,157
336,116,36
337,119,17
338,122,0
339,150,69
340,166,78
341,121,66
342,160,58
343,114,75
344,116,98
345,173,84
346,161,82
347,152,84
348,139,82
349,129,79
350,121,75
351,105,65
352,172,100
353,165,58
354,100,107
355,119,87
356,180,72
357,115,70
358,124,103
359,156,63
360,117,94
361,176,125
362,121,63
363,110,89
364,155,161
365,154,170
366,179,103
367,164,151
368,176,55
369,123,186
370,99,109
371,126,93
372,173,71
373,144,65
374,138,66
375,130,147
376,171,115
377,109,197
378,133,187
379,143,180
380,133,65
381,127,64
382,123,64
383,170,57
384,127,59
385,133,58
386,139,58
387,144,58
388,148,60
389,179,53
390,147,65
391,121,122
392,115,104
393,107,119
394,145,171
395,135,178
396,109,192
397,163,160
398,123,61
399,109,76
400,122,193
401,176,121
402,112,143
403,114,147
404,115,151
405,117,156
406,115,162
407,126,141
408,128,140
409,130,139
410,134,134
411,161,118
412,109,69
413,115,57
414,120,58
415,124,141
416,162,138
417,108,56
418,119,170
419,104,72
420,115,88
421,107,174
422,137,154
423,129,109
424,129,163
425,146,110
426,136,118
427,151,123
428,109,183
429,120,93
430,143,161
431,133,170
432,143,144
433,169,129
434,152,146
435,172,137
436,141,128
437,114,82
438,114,101
439,119,104
440,110,96
441,121,51
442,132,46
443,142,45
444,151,47
445,157,51
446,161,65
447,180,87
448,155,75
449,148,76
450,139,76
451,130,74
452,123,71
453,118,68
454,179,89
455,118,106
456,109,83
457,108,102
458,104,106
459,108,103
460,116,109
461,102,106
462,101,108
463,118,63
464,114,64
465,111,65
466,150,61
467,156,58
468,62,61
469,68,61
470,62,55
471,56,60
472,62,66
473,139,61
474,146,62
475,139,55
476,132,61
477,139,67
