0,96,129
1,99,107
2,99,114
3,92,81
4,100,99
5,99,89
6,99,64
7,40,61
8,99,45
9,99,35
10,99,0
11,96,131
12,96,134
13,96,136
14,97,147
15,96,150
16,96,153
17,96,157
18,98,160
19,99,111
20,90,111
21,9,32
22,63,69
23,54,69
24,47,69
25,37,63
26,70,66
27,51,45
28,60,47
29,42,46
30,37,49
31,30,68
32,66,173
33,37,58
34,6,65
35,20,62
36,56,99
37,86,128
38,87,134
39,76,130
40,70,134
41,79,135
42,73,136
43,58,145
44,92,107
45,91,99
46,24,41
47,73,80
48,71,103
49,70,99
50,31,97
51,92,90
52,44,35
53,32,36
54,17,19
55,81,46
56,69,50
57,52,137
58,11,137
59,77,108
60,84,110
61,64,140
62,66,140
63,28,30
64,70,106
65,60,38
66,59,31
67,51,1
68,23,26
69,56,15
70,20,37
71,15,37
72,86,131
73,77,133
74,72,135
75,79,109
76,65,140
77,68,143
78,67,140
79,82,106
80,75,137
81,81,136
82,88,136
83,87,159
84,85,156
85,86,152
86,87,149
87,88,147
88,75,144
89,73,145
90,71,147
91,69,148
92,61,125
93,4,99
94,99,113
95,71,142
96,70,143
97,87,114
98,73,111
99,86,112
100,64,84
101,51,89
102,68,102
103,30,8
104,36,18
105,41,28
106,66,150
107,78,36
108,76,16
109,73,0
110,40,67
111,21,73
112,75,64
113,29,52
114,79,76
115,77,101
116,12,79
117,26,79
118,37,82
119,52,81
120,64,78
121,72,75
122,91,66
123,12,95
124,22,51
125,95,111
126,73,88
127,3,65
128,79,71
129,67,103
130,34,58
131,76,96
132,6,117
133,75,62
134,84,92
135,28,155
136,28,164
137,5,97
138,18,144
139,10,50
140,64,181
141,95,113
142,66,93
143,13,63
144,48,65
145,55,65
146,66,144
147,13,110
148,79,193
149,53,182
150,41,174
151,99,17
152,97,195
153,62,65
154,68,63
155,73,62
156,16,48
157,67,56
158,60,53
159,53,53
160,46,54
161,42,56
162,5,47
163,43,63
164,98,120
165,70,121
166,77,107
167,86,120
168,99,55
169,40,165
170,51,173
171,79,187
172,18,152
173,73,59
174,85,78
175,98,189
176,65,188
177,7,114
178,81,146
179,79,147
180,77,150
181,76,153
182,75,155
183,69,138
184,67,137
185,66,137
186,55,131
187,23,114
188,85,70
189,81,56
190,76,57
191,71,138
192,21,133
193,87,57
194,70,164
195,99,80
196,91,74
197,99,73
198,79,90
199,98,180
200,98,169
201,84,168
202,50,149
203,61,108
204,59,157
205,42,107
206,53,116
207,34,119
208,81,178
209,73,94
210,43,155
211,54,165
212,43,139
213,14,123
214,32,141
215,10,130
216,46,125
217,79,83
218,79,105
219,73,106
220,84,100
221,74,50
222,60,44
223,48,41
224,39,42
225,32,46
226,28,60
227,4,81
228,34,72
229,42,74
230,53,75
231,63,73
232,72,70
233,77,68
234,3,82
235,73,108
236,85,85
237,86,106
238,90,110
239,86,107
240,75,110
241,92,110
242,92,112
243,78,62
244,82,64
245,84,65
246,39,57
247,34,53
248,106,82
249,154,66
250,107,111
251,180,37
252,131,71
253,139,72
254,146,72
255,157,68
256,124,69
257,144,50
258,135,50
259,153,52
260,157,55
261,162,72
262,129,174
263,157,64
264,183,69
265,171,68
266,139,100
267,107,127
268,105,134
269,117,130
270,124,133
271,114,134
272,120,136
273,136,145
274,106,107
275,108,100
276,169,50
277,123,81
278,126,104
279,126,100
280,162,99
281,107,90
282,152,41
283,162,44
284,175,23
285,116,47
286,127,53
287,142,138
288,175,139
289,119,108
290,113,111
291,131,139
292,129,139
293,167,39
294,126,107
295,137,42
296,138,36
297,146,4
298,171,30
299,142,18
300,173,46
301,177,41
302,106,131
303,116,132
304,122,134
305,117,110
306,130,139
307,126,143
308,127,139
309,115,107
310,118,136
311,112,136
312,104,135
313,109,159
314,107,156
315,107,152
316,106,149
317,106,147
318,119,144
319,120,145
320,122,146
321,124,148
322,134,126
323,181,102
324,123,142
325,125,142
326,110,114
327,123,111
328,111,112
329,131,86
330,144,91
331,127,103
332,164,12
333,160,22
334,155,35
335,129,151
336,119,38
337,122,17
338,125,0
339,153,71
340,170,78
341,120,67
342,165,59
343,117,76
344,121,102
345,179,82
346,164,82
347,155,84
348,140,83
349,129,80
350,121,76
351,107,66
352,178,98
353,170,58
354,103,111
355,122,89
356,183,68
357,115,72
358,128,103
359,160,64
360,121,97
361,179,120
362,120,64
363,114,93
364,162,156
365,160,166
366,183,100
367,171,146
368,180,54
369,130,182
370,102,113
371,130,94
372,177,69
373,146,68
374,139,68
375,128,144
376,177,113
377,115,193
378,139,183
379,149,176
380,133,67
381,126,65
382,122,65
383,176,56
384,128,58
385,135,55
386,142,55
387,149,57
388,153,60
389,183,51
390,151,67
391,126,122
392,119,107
393,110,120
394,152,166
395,141,175
396,116,187
397,168,154
398,123,62
399,112,78
400,128,189
401,181,117
402,113,145
403,114,147
404,116,149
405,116,152
406,120,156
407,125,137
408,127,137
409,128,136
410,140,132
411,168,116
412,112,71
413,115,58
414,120,59
415,123,138
416,169,135
417,109,57
418,125,164
419,107,74
420,118,90
421,112,169
422,143,150
423,134,109
424,135,158
425,152,109
426,141,117
427,159,121
428,114,179
429,123,94
430,150,157
431,139,166
432,150,140
433,175,126
434,160,142
435,177,132
436,148,126
437,117,83
438,118,105
439,123,107
440,115,100
441,122,52
442,136,47
443,147,47
444,157,49
445,162,53
446,165,66
447,184,85
448,158,75
449,150,77
450,140,77
451,130,75
452,122,72
453,117,69
454,182,85
455,123,108
456,112,85
457,112,106
458,108,110
459,112,107
460,120,111
461,106,111
462,105,112
463,118,64
464,113,65
465,111,66
466,155,62
467,160,59
468,55,58
469,63,58
470,55,51
471,47,58
472,55,65
473,138,60
474,147,60
475,138,53
476,130,59
477,138,67
