0,91,131
1,102,110
2,101,115
3,95,85
4,102,103
5,102,93
6,101,68
7,47,60
8,101,50
9,101,42
10,101,6
11,91,134
12,92,138
13,93,141
14,93,141
15,92,147
16,92,153
17,93,159
18,102,163
19,102,113
20,94,112
21,20,31
22,68,66
23,61,67
24,54,67
25,44,62
26,74,64
27,57,48
28,65,49
29,50,49
30,45,51
31,39,67
32,73,171
33,44,57
34,17,62
35,30,61
36,64,99
37,82,129
38,85,138
39,75,132
40,72,135
41,80,138
42,76,139
43,68,147
44,96,110
45,95,104
46,36,47
47,79,81
48,77,105
49,76,101
50,44,97
51,95,94
52,53,43
53,43,43
54,28,21
55,85,51
56,72,52
57,63,140
58,22,128
59,82,109
60,88,112
61,70,142
62,72,142
63,40,39
64,76,108
65,67,45
66,67,39
67,58,9
68,34,30
69,63,23
70,32,43
71,26,38
72,83,134
73,77,135
74,74,138
75,84,111
76,71,142
77,72,144
78,73,142
79,87,108
80,79,141
81,82,140
82,87,140
83,92,162
84,84,159
85,84,153
86,85,146
87,87,141
88,79,141
89,76,144
90,74,147
91,73,150
92,71,127
93,15,91
94,101,114
95,76,141
96,74,143
97,91,115
98,79,112
99,90,113
100,71,84
101,60,89
102,75,104
103,40,13
104,45,24
105,51,37
106,74,153
107,84,42
108,81,23
109,78,7
110,48,65
111,31,72
112,78,63
113,38,54
114,84,77
115,82,104
116,24,77
117,36,77
118,45,81
119,59,80
120,69,77
121,77,74
122,94,69
123,25,92
124,33,53
125,98,113
126,79,88
127,14,59
128,82,71
129,74,103
130,42,57
131,81,99
132,16,108
133,77,61
134,88,96
135,39,150
136,38,158
137,17,92
138,31,139
139,21,49
140,71,179
141,98,114
142,72,93
143,24,62
144,55,62
145,61,63
146,71,146
147,27,107
148,85,191
149,60,178
150,50,169
151,101,24
152,102,192
153,67,62
154,73,61
155,76,61
156,28,51
157,71,55
158,65,53
159,58,53
160,52,53
161,48,55
162,16,43
163,51,61
164,101,121
165,77,123
166,82,109
167,91,121
168,101,58
169,49,161
170,59,170
171,85,185
172,29,145
173,75,59
174,89,81
175,102,187
176,72,185
177,19,108
178,82,141
179,80,145
180,78,150
181,77,155
182,82,158
183,74,141
184,72,140
185,70,139
186,66,133
187,38,112
188,89,72
189,84,58
190,78,57
191,76,141
192,35,129
193,91,59
194,77,164
195,102,85
196,95,78
197,101,76
198,84,92
199,102,179
200,102,170
201,89,169
202,60,149
203,69,109
204,67,157
205,54,107
206,63,117
207,48,119
208,87,177
209,79,95
210,53,154
211,63,163
212,54,139
213,28,119
214,44,139
215,23,123
216,58,126
217,84,84
218,84,107
219,79,108
220,88,104
221,78,52
222,66,48
223,56,47
224,47,47
225,41,49
226,37,60
227,16,77
228,43,70
229,50,73
230,60,73
231,69,71
232,76,69
233,80,67
234,14,74
235,79,109
236,89,88
237,90,109
238,93,112
239,90,109
240,81,111
241,95,112
242,95,113
243,80,61
244,84,64
245,87,66
246,46,56
247,42,54
248,108,85
249,148,61
250,109,112
251,173,29
252,128,67
253,134,68
254,141,67
255,150,62
256,122,65
257,139,48
258,132,49
259,146,49
260,150,51
261,155,66
262,129,169
263,150,58
264,175,59
265,163,60
266,135,98
267,101,129
268,101,138
269,112,132
270,120,135
271,109,138
272,116,139
273,134,145
274,108,110
275,110,103
276,160,45
277,121,80
278,125,104
279,125,100
280,155,95
281,109,94
282,145,41
283,154,42
284,168,19
285,115,49
286,125,52
287,138,138
288,170,124
289,119,109
290,114,111
291,129,141
292,127,141
293,158,36
294,125,107
295,133,43
296,134,38
297,142,8
298,164,28
299,139,22
300,164,41
301,169,36
302,101,133
303,111,135
304,118,137
305,118,110
306,128,141
307,124,143
308,126,141
309,116,108
310,115,140
311,109,140
312,101,140
313,112,161
314,104,159
315,103,152
316,102,146
317,101,141
318,115,141
319,117,143
320,119,146
321,121,149
322,131,126
323,174,87
324,120,141
325,122,142
326,111,114
327,122,111
328,112,113
329,128,83
330,139,88
331,126,103
332,158,12
333,154,23
334,148,35
335,128,151
336,118,41
337,121,23
338,124,6
339,147,66
340,162,70
341,119,64
342,157,53
343,117,76
344,121,103
345,171,75
346,157,76
347,148,80
348,136,80
349,127,77
350,120,74
351,108,69
352,170,90
353,162,51
354,106,113
355,121,88
356,176,56
357,115,71
358,126,102
359,153,58
360,121,98
361,173,105
362,119,61
363,115,95
364,158,147
365,158,154
366,176,89
367,165,135
368,172,46
369,131,177
370,105,114
371,127,92
372,169,60
373,140,64
374,135,65
375,126,145
376,169,104
377,119,189
378,140,175
379,149,166
380,129,64
381,124,62
382,121,62
383,167,48
384,126,56
385,132,54
386,138,53
387,143,54
388,147,56
389,175,41
390,145,63
391,125,122
392,120,108
393,112,121
394,150,158
395,141,167
396,119,184
397,164,141
398,121,59
399,113,80
400,130,183
401,174,105
402,109,140
403,110,144
404,112,149
405,114,155
406,121,157
407,122,140
408,124,139
409,125,138
410,135,132
411,160,110
412,112,72
413,115,58
414,119,57
415,120,141
416,161,126
417,109,59
418,125,162
419,108,77
420,118,91
421,114,168
422,141,147
423,131,108
424,134,155
425,146,106
426,137,115
427,151,117
428,117,176
429,122,94
430,147,151
431,139,160
432,146,137
433,167,116
434,154,136
435,171,120
436,142,125
437,117,84
438,118,106
439,123,107
440,116,103
441,121,52
442,132,47
443,142,46
444,149,47
445,154,49
446,157,59
447,176,74
448,151,70
449,144,73
450,135,73
451,127,71
452,121,69
453,117,67
454,175,71
455,122,108
456,113,88
457,114,108
458,110,111
459,113,109
460,120,110
461,108,112
462,107,113
463,117,62
464,114,64
465,112,67
466,149,57
467,153,54
468,58,57
469,65,57
470,58,50
471,51,57
472,58,63
473,135,58
474,142,58
475,135,52
476,129,58
477,135,64
