0,103,137
1,114,113
2,105,116
3,106,87
4,116,106
5,114,95
6,108,67
7,49,55
8,108,48
9,110,39
10,111,2
11,102,140
12,101,143
13,99,145
14,99,147
15,99,151
16,99,156
17,98,161
18,93,156
19,111,115
20,101,114
21,8,20
22,70,62
23,63,63
24,56,63
25,45,57
26,76,61
27,62,41
28,70,42
29,54,42
30,48,45
31,37,62
32,62,164
33,46,52
34,3,52
35,26,55
36,66,98
37,95,135
38,93,143
39,85,137
40,77,139
41,85,142
42,78,142
43,62,144
44,108,113
45,108,106
46,38,39
47,81,79
48,84,107
49,83,102
50,41,95
51,108,96
52,62,33
53,49,35
54,23,10
55,94,42
56,77,46
57,59,138
58,-4,115
59,89,111
60,94,113
61,64,141
62,66,142
63,45,30
64,82,109
65,77,35
66,77,29
67,66,1
68,34,21
69,72,17
70,32,35
71,20,28
72,95,140
73,86,140
74,78,141
75,90,112
76,65,141
77,69,144
78,67,142
79,96,111
80,78,143
81,85,144
82,92,145
83,84,155
84,90,160
85,91,156
86,92,150
87,92,146
88,77,144
89,76,145
90,75,148
91,73,150
92,72,127
93,-10,77
94,109,116
95,72,143
96,71,143
97,96,116
98,83,113
99,95,115
100,73,83
101,61,88
102,80,104
103,42,3
104,51,16
105,60,27
106,68,148
107,95,33
108,92,19
109,89,1
110,49,61
111,26,67
112,80,60
113,39,47
114,87,75
115,92,106
116,15,71
117,33,74
118,46,78
119,61,77
120,71,74
121,79,71
122,101,68
123,16,87
124,31,46
125,108,115
126,82,88
127,-7,46
128,85,69
129,78,103
130,42,52
131,90,100
132,-9,95
133,80,57
134,99,97
135,23,143
136,15,148
137,0,83
138,12,130
139,11,39
140,57,171
141,106,116
142,75,92
143,15,55
144,58,59
145,64,59
146,68,145
147,16,101
148,67,180
149,41,168
150,29,160
151,111,21
152,82,181
153,70,59
154,75,58
155,78,57
156,23,43
157,73,51
158,67,48
159,61,47
160,54,48
161,50,50
162,-1,31
163,53,57
164,104,121
165,80,123
166,90,111
167,95,122
168,106,56
169,33,154
170,44,163
171,71,176
172,4,133
173,78,55
174,96,80
175,86,177
176,53,176
177,0,98
178,84,145
179,83,148
180,82,152
181,81,156
182,75,153
183,71,142
184,70,141
185,69,140
186,65,132
187,31,108
188,94,71
189,88,53
190,82,52
191,72,142
192,24,124
193,97,55
194,68,158
195,112,86
196,103,78
197,110,77
198,90,92
199,89,170
200,91,162
201,80,162
202,52,145
203,71,109
204,58,152
205,54,106
206,64,116
207,44,117
208,75,170
209,84,95
210,41,149
211,51,157
212,48,137
213,15,113
214,35,135
215,3,114
216,56,125
217,89,84
218,94,110
219,87,110
220,100,106
221,84,46
222,73,41
223,63,39
224,53,40
225,45,43
226,35,54
227,0,67
228,42,66
229,51,69
230,62,69
231,71,68
232,77,66
233,83,64
234,-9,61
235,85,111
236,98,89
237,102,111
238,103,114
239,100,112
240,86,113
241,105,115
242,103,115
243,83,58
244,87,61
245,91,64
246,48,51
247,43,48
248,116,87
249,137,58
250,115,114
251,147,27
252,119,65
253,125,66
254,131,66
255,137,60
256,115,63
257,134,46
258,126,46
259,139,47
260,141,49
261,139,65
262,106,160
263,138,55
264,141,55
265,142,58
266,125,97
267,108,135
268,105,142
269,111,136
270,112,137
271,107,142
272,109,141
273,113,141
274,118,112
275,120,106
276,149,43
277,117,79
278,123,106
279,122,101
280,136,94
281,119,96
282,144,39
283,149,40
284,149,18
285,120,45
286,119,49
287,117,135
288,117,110
289,119,110
290,115,113
291,111,141
292,110,141
293,151,35
294,121,108
295,135,40
296,138,34
297,141,6
298,150,28
299,139,21
300,151,40
301,149,35
302,107,139
303,109,139
304,110,140
305,117,111
306,110,141
307,110,144
308,109,141
309,120,109
310,107,143
311,105,143
312,103,144
313,99,154
314,104,159
315,105,155
316,104,150
317,103,146
318,107,143
319,108,145
320,110,147
321,110,149
322,118,125
323,126,78
324,108,142
325,109,143
326,112,116
327,118,112
328,114,114
329,120,83
330,128,87
331,121,103
332,148,10
333,147,23
334,147,33
335,109,146
336,125,37
337,127,21
338,129,4
339,135,64
340,142,69
341,112,61
342,143,51
343,115,75
344,123,105
345,142,72
346,141,76
347,136,79
348,127,78
349,120,75
350,115,72
351,112,68
352,140,86
353,146,50
354,114,115
355,117,87
356,135,51
357,113,70
358,119,102
359,139,55
360,122,99
361,122,93
362,112,59
363,121,97
364,118,136
365,112,140
366,136,82
367,122,124
368,145,44
369,105,166
370,111,116
371,120,92
372,142,58
373,132,62
374,126,62
375,111,144
376,136,99
377,94,178
378,105,162
379,108,153
380,121,61
381,116,60
382,113,59
383,147,47
384,118,53
385,123,51
386,130,50
387,135,51
388,137,53
389,142,37
390,135,60
391,117,122
392,120,109
393,111,121
394,114,147
395,109,157
396,98,174
397,114,126
398,114,56
399,116,80
400,101,171
401,131,96
402,105,144
403,107,147
404,108,151
405,108,155
406,105,151
407,109,141
408,111,140
409,112,139
410,119,130
411,133,106
412,114,71
413,112,55
414,113,54
415,108,142
416,126,119
417,111,56
418,105,154
419,115,78
420,118,92
421,98,160
422,116,141
423,122,108
424,110,148
425,130,105
426,124,114
427,129,114
428,99,167
429,119,94
430,117,143
431,111,151
432,121,133
433,131,109
434,123,130
435,126,110
436,124,123
437,117,84
438,122,108
439,122,108
440,123,105
441,119,48
442,130,44
443,138,44
444,144,45
445,145,47
446,140,57
447,138,69
448,137,68
449,133,71
450,126,71
451,119,69
452,114,67
453,112,65
454,129,64
455,120,110
456,118,88
457,121,110
458,116,113
459,120,111
460,118,111
461,116,114
462,113,115
463,111,59
464,110,62
465,111,65
466,138,54
467,141,52
468,58,52
469,65,52
470,58,45
471,51,52
472,57,59
473,124,54
474,131,55
475,124,48
476,116,54
477,124,61
