0,94,127
1,88,108
2,92,115
3,84,83
4,87,101
5,88,91
6,92,66
7,48,59
8,94,50
9,94,41
10,96,1
11,94,130
12,95,133
13,97,136
14,100,183
15,100,186
16,101,190
17,102,193
18,99,177
19,89,112
20,83,111
21,36,33
22,66,65
23,60,66
24,53,66
25,46,61
26,72,64
27,56,47
28,64,48
29,49,47
30,45,50
31,42,66
32,74,177
33,46,57
34,33,63
35,38,61
36,61,98
37,83,125
38,87,133
39,75,128
40,71,134
41,80,135
42,76,138
43,68,149
44,82,108
45,81,101
46,38,44
47,75,80
48,69,104
49,69,99
50,45,96
51,82,91
52,51,38
53,43,40
54,39,21
55,79,46
56,71,51
57,63,139
58,47,129
59,74,108
60,80,111
61,71,149
62,73,149
63,41,35
64,70,106
65,62,40
66,61,34
67,58,5
68,39,28
69,60,20
70,37,41
71,36,38
72,85,130
73,77,132
74,73,136
75,76,109
76,72,149
77,74,157
78,74,149
79,76,106
80,79,139
81,83,136
82,89,136
83,88,175
84,89,188
85,89,185
86,89,182
87,90,179
88,79,165
89,78,165
90,76,165
91,75,166
92,67,126
93,40,93
94,90,113
95,76,158
96,75,158
97,82,114
98,73,111
99,81,113
100,69,84
101,58,88
102,69,102
103,45,11
104,47,22
105,49,32
106,73,159
107,77,37
108,75,20
109,74,2
110,49,64
111,36,71
112,75,62
113,41,52
114,79,76
115,72,102
116,34,77
117,38,76
118,44,79
119,56,79
120,65,76
121,72,73
122,86,68
123,34,92
124,38,52
125,85,111
126,74,88
127,37,62
128,77,69
129,70,102
130,44,57
131,72,97
132,42,110
133,75,60
134,77,93
135,54,151
136,57,159
137,33,93
138,48,139
139,35,50
140,74,185
141,87,113
142,69,93
143,35,62
144,54,61
145,59,61
146,72,157
147,37,106
148,86,200
149,68,182
150,63,172
151,94,20
152,101,203
153,65,61
154,71,60
155,74,60
156,36,50
157,70,56
158,64,54
159,58,53
160,52,54
161,49,55
162,36,45
163,50,60
164,93,120
165,71,122
166,74,107
167,82,120
168,94,58
169,60,163
170,67,174
171,85,194
172,52,146
173,74,58
174,81,79
175,100,198
176,76,192
177,36,109
178,83,172
179,82,174
180,81,176
181,80,178
182,79,168
183,74,142
184,72,141
185,70,140
186,64,132
187,43,111
188,83,72
189,80,56
190,76,56
191,76,143
192,46,129
193,84,56
194,77,171
195,90,83
196,85,76
197,91,75
198,76,90
199,99,190
200,99,182
201,87,179
202,63,150
203,65,108
204,69,161
205,53,107
206,61,116
207,51,118
208,85,186
209,73,94
210,60,155
211,67,166
212,58,139
213,40,119
214,53,139
215,41,124
216,59,125
217,78,83
218,74,105
219,71,106
220,76,101
221,75,50
222,64,45
223,54,43
224,46,44
225,42,47
226,42,59
227,32,78
228,44,69
229,50,72
230,58,72
231,66,70
232,73,68
233,77,66
234,39,77
235,72,108
236,80,86
237,78,106
238,82,110
239,79,107
240,74,110
241,83,111
242,85,112
243,78,60
244,80,63
245,81,64
246,47,56
247,44,53
248,96,84
249,149,62
250,98,111
251,184,33
252,128,66
253,135,67
254,142,67
255,153,65
256,122,65
257,139,49
258,131,50
259,147,51
260,152,54
261,160,70
262,129,181
263,152,61
264,189,66
265,170,66
266,134,100
267,105,126
268,106,134
269,119,131
270,128,136
271,117,136
272,125,139
273,137,152
274,94,108
275,95,101
276,163,49
277,119,81
278,117,105
279,119,100
280,158,99
281,95,92
282,144,40
283,155,44
284,175,21
285,110,46
286,123,52
287,142,143
288,188,136
289,112,109
290,105,111
291,140,149
292,138,149
293,160,39
294,119,108
295,129,41
296,130,35
297,140,5
298,166,30
299,134,21
300,169,46
301,176,40
302,106,130
303,118,134
304,127,138
305,110,110
306,139,149
307,137,159
308,137,149
309,106,107
310,124,140
311,116,138
312,106,136
313,111,176
314,116,191
315,115,188
316,113,185
317,112,181
318,129,167
319,131,168
320,133,169
321,135,170
322,130,128
323,196,97
324,134,160
325,135,159
326,103,114
327,117,112
328,104,113
329,127,85
330,139,90
331,121,104
332,161,11
333,153,24
334,146,35
335,131,161
336,112,37
337,115,20
338,119,2
339,149,67
340,169,75
341,117,63
342,160,57
343,113,77
344,111,103
345,179,81
346,163,80
347,152,82
348,137,81
349,126,77
350,118,74
351,100,68
352,179,96
353,167,57
354,93,112
355,118,89
356,195,64
357,112,71
358,123,104
359,156,61
360,112,97
361,194,116
362,118,61
363,103,94
364,165,159
365,169,168
366,190,98
367,175,147
368,183,52
369,132,190
370,93,113
371,125,94
372,178,67
373,141,62
374,135,62
375,139,159
376,178,112
377,119,202
378,145,188
379,157,180
380,129,61
381,123,61
382,120,61
383,174,55
384,125,58
385,131,57
386,137,58
387,143,59
388,147,60
389,190,47
390,145,62
391,122,123
392,111,108
393,105,121
394,155,170
395,144,180
396,117,196
397,179,154
398,120,60
399,105,80
400,133,196
401,189,115
402,122,175
403,124,177
404,126,179
405,128,182
406,123,170
407,133,143
408,135,142
409,136,141
410,137,135
411,165,116
412,106,72
413,111,56
414,117,57
415,132,143
416,169,135
417,104,57
418,126,174
419,98,76
420,111,91
421,113,181
422,144,155
423,129,110
424,136,165
425,146,110
426,136,118
427,153,122
428,115,188
429,117,94
430,151,161
431,141,171
432,148,143
433,177,125
434,159,145
435,185,131
436,143,128
437,111,84
438,108,106
439,115,107
440,103,102
441,117,50
442,129,47
443,141,46
444,150,48
445,157,52
446,162,64
447,190,81
448,155,72
449,147,74
450,136,73
451,127,71
452,120,69
453,115,67
454,196,80
455,116,109
456,104,87
457,101,107
458,98,111
459,102,108
460,114,111
461,96,111
462,96,113
463,115,61
464,111,63
465,108,65
466,150,61
467,156,57
468,58,57
469,64,57
470,59,51
471,53,57
472,58,63
473,137,60
474,144,60
475,137,54
476,130,60
477,137,65
