0,99,132
1,100,108
2,98,115
3,93,81
4,100,100
5,100,89
6,100,63
7,45,57
8,100,43
9,101,33
10,102,-2
11,98,135
12,98,137
13,98,139
14,98,139
15,98,142
16,98,145
17,97,148
18,95,158
19,99,112
20,91,112
21,17,27
22,66,64
23,59,64
24,52,64
25,42,60
26,72,63
27,56,41
28,64,42
29,48,42
30,42,46
31,35,65
32,65,171
33,42,56
34,12,60
35,27,59
36,59,98
37,88,130
38,89,137
39,78,133
40,71,135
41,81,137
42,74,138
43,59,145
44,93,108
45,93,100
46,32,37
47,76,79
48,74,104
49,73,100
50,37,95
51,93,90
52,50,28
53,40,31
54,27,14
55,83,37
56,71,46
57,53,138
58,13,134
59,79,109
60,85,111
61,63,140
62,65,140
63,36,26
64,72,107
65,64,29
66,63,23
67,59,0
68,33,22
69,63,13
70,28,34
71,24,33
72,89,134
73,80,135
74,73,137
75,80,110
76,64,140
77,68,141
78,66,140
79,84,107
80,76,139
81,82,139
82,90,139
83,84,158
84,88,148
85,88,144
86,89,141
87,89,139
88,75,139
89,74,140
90,73,142
91,72,144
92,63,126
93,7,94
94,99,114
95,71,139
96,69,140
97,87,114
98,75,112
99,86,113
100,67,83
101,55,87
102,71,103
103,40,5
104,45,15
105,48,22
106,66,150
107,81,26
108,81,14
109,79,-2
110,45,63
111,27,70
112,76,61
113,35,49
114,81,74
115,79,102
116,19,75
117,32,75
118,42,78
119,56,78
120,67,75
121,75,72
122,92,65
123,19,92
124,29,48
125,95,112
126,76,87
127,8,59
128,81,68
129,70,103
130,38,56
131,79,96
132,9,113
133,75,58
134,86,92
135,30,153
136,29,163
137,10,93
138,21,142
139,18,45
140,62,180
141,95,113
142,68,92
143,20,60
144,53,59
145,59,59
146,67,142
147,19,107
148,76,191
149,52,180
150,41,173
151,102,15
152,92,192
153,65,59
154,70,59
155,73,59
156,23,46
157,69,53
158,63,51
159,57,50
160,51,51
161,47,53
162,12,41
163,49,58
164,98,121
165,71,122
166,79,108
167,87,121
168,100,53
169,41,164
170,51,172
171,76,185
172,20,150
173,73,56
174,87,77
175,93,186
176,63,186
177,11,111
178,82,139
179,81,141
180,80,143
181,79,146
182,74,154
183,69,139
184,67,138
185,66,138
186,57,131
187,29,112
188,87,69
189,82,52
190,77,53
191,71,139
192,26,131
193,90,52
194,69,163
195,100,81
196,93,74
197,100,72
198,81,89
199,94,178
200,94,167
201,81,167
202,51,148
203,63,108
204,59,156
205,46,106
206,56,115
207,39,118
208,78,177
209,75,93
210,44,154
211,54,163
212,46,138
213,19,121
214,35,140
215,14,127
216,49,125
217,81,82
218,81,106
219,76,107
220,85,101
221,76,44
222,64,38
223,53,36
224,44,38
225,38,42
226,33,57
227,10,77
228,39,68
229,47,70
230,57,70
231,67,69
232,74,67
233,79,65
234,7,76
235,75,109
236,87,85
237,87,107
238,91,111
239,87,108
240,77,111
241,93,111
242,93,113
243,78,59
244,83,61
245,86,62
246,44,55
247,39,50
248,106,82
249,146,61
250,106,112
251,172,35
252,128,65
253,134,66
254,141,66
255,149,64
256,122,63
257,138,46
258,130,46
259,145,48
260,149,51
261,156,70
262,121,172
263,149,60
264,174,67
265,163,65
266,134,100
267,108,130
268,106,137
269,117,132
270,122,135
271,113,137
272,119,137
273,129,146
274,106,108
275,107,100
276,159,45
277,120,81
278,123,105
279,123,101
280,154,99
281,107,90
282,143,34
283,152,38
284,167,22
285,114,39
286,124,48
287,135,139
288,164,138
289,117,110
290,111,112
291,129,138
292,127,138
293,156,34
294,123,108
295,131,34
296,132,27
297,142,3
298,163,29
299,138,17
300,163,42
301,168,40
302,108,134
303,115,135
304,121,136
305,115,111
306,128,138
307,124,139
308,126,138
309,114,108
310,117,138
311,112,138
312,105,139
313,104,158
314,106,147
315,106,144
316,106,141
317,105,139
318,117,138
319,118,139
320,119,141
321,120,143
322,129,127
323,171,100
324,121,138
325,122,139
326,108,115
327,120,113
328,110,113
329,127,85
330,138,90
331,124,104
332,158,11
333,153,21
334,146,28
335,122,151
336,116,29
337,121,16
338,124,0
339,146,66
340,163,75
341,119,62
342,156,55
343,115,76
344,119,103
345,170,81
346,159,80
347,150,82
348,137,80
349,127,77
350,120,73
351,107,66
352,169,97
353,162,55
354,103,112
355,120,89
356,174,66
357,115,69
358,124,104
359,152,61
360,119,98
361,168,118
362,119,59
363,113,93
364,152,156
365,150,165
366,173,99
367,160,146
368,171,52
369,122,180
370,102,114
371,126,94
372,169,67
373,140,61
374,134,61
375,125,140
376,167,112
377,108,191
378,130,181
379,139,175
380,129,60
381,124,60
382,120,59
383,167,53
384,125,56
385,130,55
386,136,56
387,141,57
388,145,59
389,175,48
390,143,61
391,122,123
392,117,109
393,109,121
394,142,166
395,132,173
396,109,185
397,157,153
398,121,58
399,111,78
400,120,187
401,170,116
402,112,138
403,113,140
404,113,142
405,114,145
406,114,155
407,123,137
408,125,137
409,126,136
410,133,133
411,159,116
412,111,70
413,114,53
414,118,54
415,121,138
416,159,134
417,108,53
418,118,164
419,107,74
420,116,91
421,106,167
422,135,150
423,130,110
424,127,158
425,145,109
426,136,118
427,150,121
428,108,177
429,120,95
430,141,156
431,131,165
432,142,141
433,165,125
434,150,142
435,167,132
436,141,127
437,115,83
438,116,107
439,120,108
440,114,102
441,119,46
442,130,41
443,140,41
444,148,44
445,153,49
446,157,63
447,174,83
448,152,72
449,145,74
450,136,73
451,127,71
452,121,68
453,116,66
454,173,83
455,120,110
456,111,85
457,111,107
458,107,111
459,111,109
460,118,112
461,106,112
462,105,113
463,116,59
464,113,61
465,111,63
466,147,60
467,152,56
468,61,55
469,68,55
470,60,48
471,53,55
472,61,61
473,134,58
474,140,59
475,134,52
476,128,58
477,134,65
