0,92,129
1,97,103
2,97,112
3,91,77
4,97,95
5,97,84
6,98,61
7,42,62
8,98,40
9,99,29
10,99,-3
11,92,131
12,92,134
13,93,135
14,92,146
15,92,148
16,92,152
17,92,155
18,96,166
19,97,108
20,89,108
21,11,34
22,63,68
23,56,69
24,48,68
25,38,65
26,70,67
27,53,47
28,61,48
29,45,48
30,39,52
31,31,70
32,64,178
33,40,61
34,6,68
35,22,66
36,56,98
37,83,127
38,84,133
39,74,130
40,68,133
41,77,134
42,71,136
43,58,150
44,90,103
45,89,95
46,28,45
47,73,79
48,70,101
49,70,97
50,32,98
51,90,85
52,47,33
53,36,37
54,19,19
55,82,38
56,69,51
57,53,142
58,11,145
59,76,106
60,83,108
61,62,140
62,64,140
63,31,32
64,70,105
65,62,32
66,61,25
67,53,0
68,25,25
69,57,12
70,23,41
71,17,38
72,83,131
73,75,132
74,69,135
75,78,107
76,63,140
77,66,143
78,65,140
79,81,103
80,73,136
81,78,135
82,85,135
83,84,165
84,82,154
85,83,151
86,83,148
87,85,145
88,73,143
89,72,144
90,70,146
91,68,148
92,61,127
93,4,105
94,97,110
95,69,142
96,68,142
97,86,112
98,72,110
99,84,110
100,64,83
101,51,88
102,68,101
103,32,7
104,38,17
105,44,26
106,65,155
107,80,26
108,77,12
109,74,-3
110,42,67
111,22,76
112,74,65
113,31,56
114,79,74
115,76,98
116,13,81
117,27,80
118,37,81
119,53,81
120,64,78
121,73,75
122,90,63
123,14,97
124,24,55
125,93,107
126,73,86
127,4,69
128,80,70
129,68,102
130,35,61
131,76,93
132,6,124
133,74,63
134,83,88
135,28,161
136,28,172
137,6,101
138,19,151
139,11,52
140,61,188
141,93,109
142,66,92
143,15,69
144,50,63
145,56,64
146,64,144
147,14,113
148,77,201
149,51,190
150,40,182
151,99,13
152,95,202
153,62,64
154,68,64
155,72,63
156,19,54
157,67,59
158,61,58
159,55,58
160,49,58
161,45,59
162,6,50
163,45,63
164,97,118
165,69,122
166,76,104
167,85,118
168,98,51
169,39,171
170,50,180
171,77,193
172,19,161
173,72,61
174,85,75
175,95,195
176,63,196
177,7,119
178,78,145
179,77,146
180,75,149
181,74,152
182,73,161
183,67,138
184,65,137
185,64,137
186,56,133
187,25,116
188,85,67
189,80,55
190,75,57
191,69,138
192,23,137
193,88,53
194,68,169
195,98,76
196,90,70
197,98,69
198,78,87
199,95,185
200,95,175
201,82,174
202,50,153
203,61,108
204,58,162
205,43,108
206,54,117
207,36,121
208,79,184
209,73,92
210,42,161
211,53,170
212,44,143
213,16,128
214,33,145
215,11,136
216,48,127
217,79,80
218,78,101
219,73,104
220,82,96
221,74,47
222,62,41
223,51,41
224,41,44
225,35,48
226,29,64
227,5,84
228,35,73
229,44,74
230,54,74
231,64,73
232,72,71
233,77,68
234,4,87
235,73,106
236,84,81
237,84,102
238,89,106
239,84,103
240,75,109
241,90,107
242,91,109
243,77,63
244,82,63
245,84,64
246,42,60
247,36,56
248,104,78
249,152,64
250,104,108
251,184,37
252,131,68
253,139,69
254,146,69
255,156,67
256,125,66
257,142,47
258,134,47
259,150,49
260,155,53
261,163,71
262,127,179
263,155,63
264,186,70
265,172,67
266,137,99
267,103,129
268,102,134
269,114,133
270,122,136
271,111,136
272,118,138
273,134,151
274,104,103
275,105,95
276,167,45
277,121,79
278,123,102
279,124,98
280,161,100
281,105,85
282,148,33
283,159,38
284,177,22
285,114,37
286,127,50
287,140,143
288,178,147
289,117,106
290,110,109
291,131,143
292,129,143
293,163,33
294,123,106
295,133,32
296,135,25
297,145,1
298,171,27
299,141,14
300,172,42
301,178,40
302,103,132
303,112,134
304,120,137
305,115,108
306,130,143
307,125,146
308,128,143
309,113,103
310,117,139
311,110,137
312,102,136
313,107,165
314,103,155
315,102,151
316,102,148
317,102,146
318,117,145
319,118,146
320,120,148
321,121,150
322,131,128
323,186,107
324,122,145
325,124,145
326,108,112
327,120,111
328,109,110
329,130,84
330,143,90
331,125,102
332,165,10
333,159,18
334,151,27
335,127,156
336,116,26
337,121,13
338,124,-2
339,152,68
340,171,77
341,121,64
342,163,57
343,116,74
344,118,99
345,180,83
346,165,81
347,155,83
348,141,81
349,130,78
350,122,74
351,105,63
352,179,99
353,170,55
354,101,107
355,121,87
356,188,71
357,116,69
358,126,103
359,159,63
360,118,94
361,184,127
362,121,61
363,112,89
364,163,163
365,162,174
366,186,104
367,172,153
368,182,54
369,129,188
370,100,110
371,128,93
372,179,69
373,145,64
374,139,64
375,127,147
376,178,116
377,114,201
378,139,190
379,150,184
380,133,63
381,127,62
382,123,62
383,176,54
384,128,59
385,134,58
386,140,59
387,146,60
388,150,61
389,187,52
390,149,64
391,124,122
392,117,105
393,108,119
394,152,173
395,141,181
396,114,194
397,171,163
398,123,60
399,110,75
400,128,197
401,184,122
402,110,146
403,111,147
404,112,150
405,113,153
406,118,162
407,125,141
408,126,140
409,128,140
410,137,135
411,167,118
412,110,68
413,115,53
414,120,56
415,123,141
416,169,139
417,108,52
418,123,170
419,105,70
420,116,87
421,109,174
422,142,155
423,132,110
424,133,163
425,150,109
426,139,118
427,157,123
428,112,184
429,121,92
430,149,162
431,138,171
432,148,144
433,176,130
434,159,147
435,180,138
436,145,129
437,115,81
438,115,102
439,120,104
440,112,96
441,121,46
442,134,41
443,144,41
444,154,44
445,160,49
446,164,65
447,187,87
448,158,74
449,150,75
450,140,75
451,131,73
452,123,70
453,118,67
454,187,89
455,120,107
456,110,82
457,110,102
458,105,106
459,109,104
460,118,109
461,104,107
462,103,109
463,118,61
464,114,62
465,111,62
466,153,62
467,159,57
468,54,61
469,61,61
470,54,55
471,47,61
472,55,67
473,140,61
474,148,61
475,141,55
476,133,60
477,140,67
