0,100,132
1,98,114
2,98,118
3,92,89
4,98,108
5,98,98
6,98,70
7,48,61
8,98,52
9,98,43
10,97,9
11,100,135
12,100,138
13,99,140
14,100,140
15,100,145
16,100,151
17,99,156
18,97,158
19,98,117
20,90,116
21,25,32
22,69,66
23,62,68
24,55,68
25,45,62
26,75,65
27,56,49
28,64,49
29,49,50
30,45,52
31,41,66
32,71,163
33,45,58
34,22,60
35,32,60
36,62,99
37,90,130
38,91,138
39,80,132
40,73,134
41,83,137
42,77,138
43,63,142
44,92,114
45,91,108
46,36,47
47,76,82
48,73,108
49,72,103
50,43,96
51,91,98
52,51,43
53,42,44
54,30,22
55,83,50
56,71,52
57,58,136
58,30,117
59,78,112
60,84,114
61,65,138
62,67,139
63,38,39
64,72,110
65,65,44
66,63,39
67,56,11
68,34,32
69,60,25
70,31,43
71,28,39
72,90,134
73,82,135
74,75,136
75,79,113
76,66,139
77,70,141
78,68,139
79,83,111
80,78,139
81,84,139
82,91,140
83,87,157
84,89,155
85,90,150
86,91,144
87,92,140
88,78,139
89,76,141
90,74,144
91,72,146
92,67,126
93,23,84
94,98,118
95,73,139
96,72,140
97,87,117
98,74,113
99,85,116
100,69,85
101,59,89
102,71,105
103,39,15
104,44,27
105,49,37
106,70,148
107,80,41
108,77,26
109,74,9
110,49,66
111,34,71
112,78,63
113,39,54
114,81,78
115,78,107
116,27,75
117,39,77
118,48,81
119,61,80
120,70,77
121,77,75
122,91,72
123,29,89
124,33,53
125,94,117
126,76,90
127,22,56
128,82,72
129,71,104
130,42,58
131,77,101
132,25,100
133,77,60
134,84,99
135,43,141
136,43,146
137,23,87
138,35,130
139,25,48
140,69,169
141,95,117
142,70,94
143,26,60
144,56,64
145,62,64
146,68,142
147,30,102
148,82,179
149,61,166
150,53,157
151,97,26
152,97,181
153,68,63
154,73,61
155,76,61
156,28,49
157,70,55
158,63,53
159,57,53
160,51,54
161,48,56
162,22,42
163,51,63
164,98,124
165,73,124
166,78,111
167,87,123
168,98,60
169,51,152
170,60,161
171,82,176
172,36,133
173,75,58
174,86,83
175,97,178
176,70,174
177,25,102
178,84,139
179,83,143
180,81,147
181,79,152
182,77,153
183,72,138
184,70,137
185,68,136
186,62,131
187,39,109
188,86,75
189,82,57
190,77,57
191,73,139
192,38,123
193,88,59
194,74,158
195,98,88
196,91,81
197,98,80
198,80,94
199,97,172
200,97,164
201,85,163
202,58,143
203,65,109
204,65,151
205,52,107
206,60,116
207,47,116
208,83,170
209,75,96
210,53,146
211,61,155
212,52,134
213,32,113
214,45,133
215,29,115
216,55,124
217,81,86
218,80,110
219,75,110
220,84,107
221,76,52
222,65,48
223,54,47
224,46,48
225,41,50
226,38,59
227,22,73
228,45,70
229,52,73
230,62,73
231,70,71
232,76,69
233,80,67
234,22,69
235,75,111
236,86,91
237,86,112
238,90,115
239,86,112
240,77,113
241,92,116
242,92,117
243,79,61
244,83,64
245,86,67
246,46,57
247,42,54
248,104,89
249,148,61
250,106,116
251,166,32
252,128,67
253,135,68
254,141,68
255,150,63
256,122,66
257,139,50
258,131,51
259,147,51
260,151,53
261,154,68
262,122,163
263,151,59
264,168,60
265,161,63
266,132,99
267,110,130
268,108,138
269,118,132
270,123,134
271,114,137
272,119,138
273,130,142
274,105,114
275,106,108
276,159,48
277,118,82
278,123,108
279,123,103
280,150,96
281,105,98
282,144,43
283,153,45
284,161,22
285,113,49
286,124,53
287,135,136
288,160,116
289,117,112
290,111,115
291,128,138
292,126,138
293,156,40
294,123,110
295,131,44
296,132,39
297,137,11
298,158,32
299,134,26
300,161,45
301,163,39
302,109,134
303,116,135
304,121,136
305,116,113
306,127,138
307,125,141
308,125,138
309,113,111
310,117,139
311,113,139
312,107,140
313,107,157
314,109,155
315,109,150
316,108,144
317,107,140
318,117,139
319,119,141
320,122,144
321,123,147
322,128,127
323,166,83
324,121,139
325,123,140
326,109,117
327,120,114
328,110,116
329,125,85
330,135,89
331,124,106
332,153,15
333,149,27
334,146,38
335,124,148
336,115,41
337,117,26
338,119,9
339,147,66
340,161,72
341,119,65
342,156,55
343,114,79
344,118,107
345,164,75
346,157,77
347,149,81
348,136,80
349,127,78
350,120,75
351,105,72
352,163,89
353,160,55
354,102,117
355,119,90
356,168,55
357,115,72
358,124,105
359,153,59
360,118,101
361,164,99
362,119,62
363,112,99
364,149,140
365,147,145
366,167,87
367,155,129
368,166,48
369,124,169
370,101,117
371,125,94
372,165,63
373,141,64
374,135,64
375,126,142
376,162,102
377,112,179
378,131,165
379,139,156
380,129,64
381,124,63
382,121,62
383,163,52
384,126,57
385,131,55
386,138,54
387,144,55
388,148,57
389,168,42
390,145,63
391,122,124
392,117,111
393,109,124
394,141,151
395,133,160
396,112,176
397,154,132
398,121,60
399,110,83
400,123,173
401,165,101
402,113,139
403,115,143
404,116,147
405,117,152
406,116,153
407,123,138
408,124,137
409,126,136
410,132,131
411,154,108
412,109,75
413,114,58
414,118,58
415,121,139
416,154,122
417,108,60
418,119,157
419,105,81
420,115,94
421,108,163
422,135,143
423,129,109
424,128,151
425,142,106
426,134,116
427,147,116
428,111,170
429,120,97
430,140,146
431,132,155
432,141,134
433,160,113
434,148,132
435,161,115
436,138,124
437,114,87
438,116,110
439,120,111
440,112,107
441,119,53
442,131,48
443,141,47
444,149,48
445,154,51
446,156,61
447,168,73
448,151,71
449,144,73
450,135,74
451,127,72
452,121,70
453,117,68
454,167,69
455,120,112
456,110,91
457,110,112
458,106,115
459,110,113
460,118,113
461,105,116
462,104,117
463,117,63
464,113,65
465,111,67
466,150,58
467,153,55
468,59,57
469,66,56
470,58,50
471,51,57
472,59,63
473,137,57
474,144,57
475,137,51
476,130,57
477,137,63
