0,101,131
1,92,106
2,92,113
3,88,82
4,92,99
5,93,89
6,96,65
7,44,62
8,97,44
9,98,33
10,100,-4
11,100,134
12,99,137
13,98,138
14,98,156
15,98,159
16,98,163
17,97,166
18,89,163
19,92,110
20,85,110
21,17,29
22,64,68
23,57,69
24,50,68
25,41,64
26,70,66
27,54,47
28,62,48
29,46,48
30,41,51
31,34,68
32,63,170
33,42,60
34,14,62
35,26,63
36,56,97
37,89,129
38,89,136
39,76,131
40,67,134
41,78,136
42,70,137
43,57,144
44,86,106
45,86,99
46,30,43
47,72,80
48,69,102
49,69,98
50,34,95
51,87,89
52,48,35
53,37,37
54,24,15
55,79,44
56,69,51
57,52,136
58,21,133
59,74,107
60,80,109
61,56,140
62,58,140
63,33,32
64,69,105
65,61,37
66,60,30
67,55,-1
68,29,23
69,59,13
70,26,39
71,21,34
72,89,133
73,77,134
74,69,135
75,76,108
76,57,140
77,61,146
78,59,140
79,78,105
80,71,138
81,79,137
82,88,138
83,79,162
84,84,165
85,85,161
86,86,158
87,87,155
88,70,149
89,69,149
90,66,151
91,65,152
92,60,124
93,14,95
94,92,112
95,64,145
96,63,145
97,82,112
98,71,109
99,81,111
100,64,84
101,52,88
102,68,101
103,36,5
104,41,16
105,45,29
106,62,151
107,78,33
108,77,13
109,75,-4
110,44,67
111,26,73
112,74,65
113,34,54
114,78,76
115,74,100
116,19,77
117,31,78
118,41,80
119,54,80
120,64,77
121,72,74
122,88,66
123,19,92
124,28,52
125,88,110
126,72,87
127,12,61
128,78,70
129,67,101
130,38,60
131,74,95
132,16,114
133,74,62
134,80,92
135,34,151
136,35,160
137,13,94
138,26,141
139,17,47
140,61,177
141,89,111
142,65,92
143,20,64
144,51,64
145,57,65
146,59,146
147,19,107
148,73,189
149,53,177
150,45,170
151,98,14
152,88,191
153,63,65
154,69,63
155,72,63
156,22,50
157,68,57
158,62,55
159,56,55
160,50,56
161,46,58
162,13,43
163,47,63
164,92,118
165,67,120
166,75,106
167,81,118
168,96,55
169,43,161
170,52,169
171,73,183
172,27,149
173,72,60
174,83,78
175,88,186
176,62,184
177,15,111
178,78,152
179,76,154
180,75,156
181,73,159
182,69,157
183,63,138
184,62,137
185,60,136
186,55,129
187,28,111
188,83,71
189,79,56
190,75,57
191,64,138
192,28,130
193,86,56
194,66,163
195,94,81
196,88,74
197,95,73
198,76,89
199,88,178
200,89,170
201,77,168
202,51,147
203,61,107
204,58,155
205,44,106
206,53,114
207,38,117
208,75,176
209,72,93
210,45,153
211,54,161
212,45,137
213,21,121
214,36,138
215,19,127
216,48,123
217,78,83
218,76,104
219,71,105
220,79,99
221,73,49
222,62,44
223,51,42
224,43,44
225,37,47
226,33,61
227,13,78
228,38,71
229,46,73
230,55,74
231,64,73
232,72,70
233,76,68
234,13,78
235,71,106
236,82,85
237,81,105
238,84,108
239,81,106
240,73,108
241,86,109
242,86,111
243,77,62
244,80,64
245,83,65
246,44,59
247,38,55
248,100,82
249,152,65
250,99,110
251,182,34
252,127,71
253,135,72
254,143,71
255,154,67
256,121,69
257,142,49
258,133,50
259,150,51
260,155,54
261,158,71
262,116,172
263,155,62
264,182,68
265,167,65
266,132,100
267,110,129
268,108,137
269,118,132
270,122,134
271,114,137
272,118,138
273,125,147
274,98,106
275,100,99
276,166,46
277,117,82
278,117,104
279,118,100
280,154,100
281,100,90
282,150,39
283,160,41
284,175,20
285,115,45
286,125,53
287,131,140
288,168,140
289,111,108
290,105,110
291,125,141
292,123,141
293,164,36
294,117,107
295,135,40
296,137,34
297,145,1
298,169,27
299,139,15
300,171,42
301,176,39
302,109,133
303,116,135
304,120,136
305,109,109
306,124,141
307,122,147
308,122,142
309,107,106
310,116,139
311,112,138
312,106,138
313,100,163
314,107,165
315,107,162
316,107,158
317,106,155
318,116,150
319,118,151
320,119,152
321,120,154
322,124,127
323,180,102
324,119,146
325,121,147
326,102,113
327,114,111
328,103,112
329,125,86
330,137,91
331,119,103
332,163,9
333,157,19
334,153,33
335,119,153
336,118,35
337,120,15
338,124,-2
339,150,70
340,165,76
341,117,67
342,162,56
343,112,77
344,112,102
345,174,83
346,160,81
347,150,84
348,135,83
349,125,80
350,117,76
351,103,67
352,172,98
353,167,55
354,96,110
355,116,89
356,185,67
357,112,72
358,120,104
359,158,62
360,113,97
361,176,120
362,118,64
363,107,93
364,150,157
365,149,166
366,179,101
367,161,147
368,180,52
369,117,180
370,95,112
371,123,94
372,173,66
373,143,68
374,136,68
375,124,147
376,170,114
377,103,191
378,127,181
379,137,175
380,129,67
381,123,66
382,120,65
383,172,53
384,126,59
385,133,57
386,140,57
387,147,58
388,151,60
389,185,49
390,148,67
391,117,122
392,111,107
393,103,119
394,139,166
395,128,173
396,104,185
397,159,155
398,120,62
399,107,79
400,116,187
401,176,118
402,112,153
403,113,155
404,114,157
405,115,160
406,110,159
407,121,139
408,123,139
409,125,137
410,129,133
411,159,117
412,107,71
413,113,58
414,117,59
415,120,140
416,158,136
417,106,57
418,113,165
419,102,75
420,111,90
421,101,169
422,131,151
423,125,110
424,123,159
425,143,110
426,132,118
427,148,122
428,103,178
429,116,94
430,137,157
431,127,165
432,138,141
433,167,127
434,148,143
435,170,133
436,137,127
437,111,84
438,109,105
439,114,107
440,106,100
441,120,51
442,134,46
443,145,46
444,154,47
445,160,51
446,161,64
447,182,84
448,154,75
449,146,77
450,135,77
451,126,75
452,119,72
453,114,70
454,182,84
455,114,108
456,106,86
457,104,106
458,100,109
459,104,107
460,112,110
461,98,110
462,97,111
463,115,64
464,111,66
465,108,67
466,153,61
467,158,57
468,58,60
469,66,60
470,58,53
471,51,60
472,58,66
473,140,63
474,149,63
475,141,57
476,132,62
477,140,68
