0,92,126
1,91,107
2,95,114
3,87,81
4,91,99
5,92,89
6,95,63
7,51,64
8,96,44
9,95,33
10,96,0
11,92,129
12,93,133
13,95,135
14,96,149
15,96,153
16,96,159
17,97,164
18,98,166
19,93,111
20,87,111
21,35,37
22,70,70
23,63,71
24,57,71
25,49,66
26,76,67
27,59,47
28,67,47
29,52,48
30,48,52
31,45,71
32,75,175
33,49,61
34,34,68
35,40,65
36,64,101
37,84,125
38,87,133
39,76,129
40,73,134
41,82,135
42,79,138
43,70,151
44,86,107
45,84,99
46,40,45
47,77,81
48,73,105
49,73,101
50,47,101
51,86,90
52,53,36
53,44,39
54,38,23
55,81,42
56,74,50
57,65,144
58,46,138
59,78,109
60,84,111
61,73,144
62,75,143
63,42,34
64,74,108
65,64,37
66,63,31
67,58,5
68,39,29
69,60,18
70,37,41
71,36,40
72,85,130
73,79,133
74,76,136
75,80,110
76,74,144
77,76,147
78,77,143
79,80,107
80,81,138
81,84,137
82,89,135
83,89,165
84,88,163
85,88,158
86,89,152
87,90,148
88,82,146
89,80,148
90,78,151
91,76,153
92,70,129
93,40,101
94,94,113
95,80,145
96,78,146
97,86,114
98,77,113
99,85,113
100,71,86
101,61,91
102,73,104
103,45,13
104,46,21
105,50,30
106,75,156
107,78,32
108,77,17
109,75,1
110,52,69
111,40,76
112,80,64
113,43,55
114,82,76
115,76,102
116,35,82
117,43,82
118,50,85
119,61,83
120,71,79
121,77,75
122,89,66
123,36,98
124,39,54
125,89,111
126,77,89
127,37,68
128,82,70
129,73,105
130,47,61
131,76,97
132,42,119
133,80,61
134,81,92
135,52,157
136,54,165
137,35,100
138,46,146
139,35,53
140,73,183
141,91,112
142,72,94
143,36,66
144,57,67
145,63,67
146,74,148
147,39,113
148,86,195
149,68,183
150,61,176
151,96,16
152,101,197
153,69,66
154,75,64
155,78,62
156,37,52
157,74,56
158,68,54
159,61,54
160,56,56
161,52,58
162,35,51
163,54,65
164,95,121
165,75,125
166,78,108
167,86,121
168,96,54
169,58,167
170,65,175
171,84,189
172,50,154
173,78,59
174,84,78
175,99,191
176,75,190
177,38,116
178,85,147
179,83,150
180,82,155
181,81,159
182,81,162
183,77,140
184,74,140
185,72,139
186,66,136
187,45,117
188,85,70
189,83,55
190,80,56
191,79,140
192,46,136
193,88,54
194,78,168
195,93,80
196,88,74
197,94,72
198,79,90
199,98,183
200,98,173
201,88,172
202,64,153
203,69,111
204,70,161
205,55,110
206,64,119
207,52,123
208,85,181
209,76,95
210,59,159
211,67,167
212,59,144
213,41,126
214,52,144
215,41,132
216,60,130
217,81,83
218,78,106
219,75,107
220,79,100
221,78,48
222,66,43
223,56,43
224,49,45
225,44,49
226,44,63
227,33,84
228,48,74
229,54,76
230,62,76
231,71,74
232,77,70
233,81,67
234,39,84
235,76,109
236,83,85
237,81,106
238,86,110
239,82,107
240,78,112
241,87,110
242,88,112
243,82,61
244,85,63
245,86,64
246,50,60
247,46,56
248,99,81
249,153,58
250,101,110
251,185,28
252,132,67
253,139,67
254,146,67
255,157,61
256,125,65
257,141,43
258,133,45
259,149,44
260,154,46
261,163,66
262,127,175
263,156,55
264,189,62
265,172,59
266,135,98
267,102,124
268,102,133
269,113,128
270,121,132
271,111,134
272,118,136
273,133,149
274,98,106
275,98,99
276,165,38
277,120,79
278,119,103
279,120,99
280,158,97
281,99,89
282,145,32
283,156,33
284,176,15
285,112,43
286,126,49
287,138,142
288,186,135
289,114,108
290,107,111
291,131,141
292,128,141
293,160,28
294,120,107
295,131,35
296,131,28
297,141,0
298,168,22
299,136,13
300,170,35
301,178,33
302,102,129
303,112,131
304,119,134
305,112,110
306,129,141
307,127,145
308,127,141
309,108,106
310,116,137
311,110,135
312,102,135
313,108,165
314,108,163
315,107,158
316,105,152
317,104,148
318,118,145
319,120,147
320,122,150
321,125,152
322,128,128
323,194,96
324,122,143
325,124,144
326,105,114
327,118,112
328,106,112
329,128,83
330,140,88
331,122,103
332,162,5
333,155,15
334,147,25
335,127,155
336,113,33
337,117,14
338,120,-1
339,153,65
340,171,71
341,121,63
342,163,49
343,114,74
344,113,101
345,180,77
346,166,77
347,155,81
348,140,80
349,130,77
350,122,73
351,102,65
352,178,93
353,169,48
354,96,110
355,119,87
356,194,61
357,115,70
358,123,103
359,159,55
360,114,96
361,192,115
362,121,61
363,106,92
364,165,156
365,168,165
366,189,95
367,174,144
368,183,46
369,130,183
370,97,112
371,126,93
372,179,60
373,145,63
374,139,63
375,129,146
376,177,109
377,117,195
378,143,183
379,155,176
380,133,63
381,127,62
382,123,61
383,175,46
384,128,55
385,134,52
386,140,52
387,147,52
388,151,53
389,191,43
390,150,61
391,121,123
392,113,107
393,106,121
394,154,167
395,143,175
396,116,189
397,178,152
398,123,58
399,107,77
400,131,190
401,187,112
402,112,147
403,113,150
404,116,154
405,118,159
406,119,161
407,124,138
408,126,137
409,127,136
410,134,134
411,165,114
412,108,69
413,115,55
414,120,56
415,122,139
416,168,133
417,106,55
418,123,167
419,101,73
420,113,89
421,111,172
422,141,152
423,130,109
424,133,161
425,146,107
426,136,117
427,154,120
428,113,181
429,118,93
430,149,158
431,139,167
432,147,142
433,176,123
434,158,143
435,183,129
436,142,128
437,113,82
438,110,104
439,116,106
440,106,99
441,120,48
442,131,41
443,142,39
444,151,40
445,159,43
446,165,57
447,190,78
448,158,69
449,150,72
450,140,73
451,131,71
452,123,69
453,118,67
454,194,78
455,117,108
456,106,84
457,104,105
458,101,109
459,105,106
460,115,111
461,99,110
462,99,112
463,119,61
464,114,63
465,110,64
466,154,54
467,158,50
468,63,60
469,70,59
470,62,53
471,56,60
472,63,67
473,139,57
474,146,56
475,138,50
476,132,57
477,139,63
