0,95,134
1,97,118
2,96,123
3,90,88
4,97,110
5,97,98
6,97,68
7,44,58
8,98,48
9,98,37
10,99,-7
11,95,136
12,95,138
13,95,139
14,95,146
15,95,149
16,95,153
17,95,157
18,95,169
19,97,121
20,88,119
21,13,24
22,65,65
23,57,65
24,50,65
25,40,60
26,71,64
27,55,45
28,63,46
29,47,46
30,41,48
31,32,65
32,65,180
33,41,56
34,9,60
35,24,60
36,54,102
37,83,132
38,84,137
39,72,133
40,66,134
41,75,137
42,69,137
43,54,147
44,90,117
45,89,109
46,30,42
47,73,82
48,70,110
49,69,105
50,30,98
51,90,98
52,50,36
53,39,38
54,21,11
55,84,46
56,70,49
57,47,138
58,13,135
59,75,115
60,82,118
61,57,136
62,60,137
63,35,32
64,69,112
65,65,39
66,64,32
67,52,-4
68,27,22
69,58,13
70,26,38
71,18,32
72,83,135
73,74,135
74,67,135
75,77,116
76,58,136
77,63,141
78,61,137
79,80,115
80,71,137
81,77,138
82,85,138
83,83,168
84,84,156
85,84,152
86,85,148
87,86,145
88,71,142
89,70,143
90,68,145
91,67,147
92,58,129
93,6,93
94,96,122
95,66,140
96,65,140
97,85,121
98,71,116
99,83,119
100,64,86
101,50,90
102,67,107
103,33,2
104,39,16
105,48,30
106,62,155
107,82,36
108,77,13
109,74,-6
110,44,63
111,23,71
112,75,63
113,33,51
114,79,78
115,75,109
116,14,77
117,28,76
118,38,80
119,53,80
120,64,77
121,72,74
122,90,69
123,13,93
124,27,50
125,92,121
126,73,91
127,6,56
128,79,71
129,66,107
130,38,56
131,75,103
132,8,113
133,75,60
134,82,100
135,30,157
136,31,166
137,7,94
138,19,146
139,13,45
140,64,188
141,93,122
142,65,96
143,17,60
144,52,60
145,58,61
146,61,141
147,13,110
148,79,200
149,54,187
150,43,178
151,99,14
152,95,202
153,64,61
154,70,60
155,73,60
156,21,47
157,68,54
158,62,52
159,55,51
160,49,52
161,45,54
162,9,38
163,47,59
164,96,128
165,67,126
166,75,114
167,83,127
168,98,57
169,41,169
170,52,179
171,78,195
172,21,153
173,73,58
174,84,83
175,95,197
176,66,195
177,8,113
178,78,144
179,76,146
180,75,149
181,74,153
182,71,163
183,64,137
184,62,136
185,61,135
186,51,133
187,22,115
188,84,73
189,82,56
190,76,56
191,66,137
192,21,134
193,88,57
194,68,171
195,97,87
196,90,79
197,97,78
198,78,95
199,95,188
200,95,178
201,81,177
202,49,151
203,59,112
204,57,162
205,40,110
206,51,119
207,33,122
208,79,187
209,72,98
210,43,159
211,54,170
212,41,140
213,15,124
214,32,143
215,12,130
216,43,127
217,79,87
218,78,113
219,72,113
220,82,109
221,76,49
222,64,44
223,53,42
224,44,43
225,37,46
226,32,58
227,7,77
228,37,69
229,45,72
230,55,72
231,65,71
232,72,69
233,78,67
234,6,74
235,72,114
236,84,91
237,84,116
238,88,119
239,83,116
240,73,116
241,90,120
242,90,121
243,78,61
244,82,63
245,84,66
246,43,55
247,38,52
248,104,88
249,150,60
250,105,119
251,179,25
252,129,67
253,136,67
254,144,67
255,153,63
256,122,66
257,141,47
258,132,48
259,149,48
260,153,51
261,160,67
262,125,180
263,153,58
264,183,60
265,169,62
266,137,101
267,107,132
268,106,137
269,118,132
270,125,133
271,115,136
272,122,135
273,135,146
274,104,117
275,105,109
276,165,45
277,121,83
278,123,110
279,123,105
280,161,98
281,104,98
282,147,39
283,158,40
284,173,12
285,114,47
286,125,51
287,142,137
288,175,135
289,117,115
290,111,118
291,135,134
292,132,135
293,162,35
294,123,112
295,133,40
296,134,34
297,144,-3
298,168,23
299,139,14
300,169,41
301,175,33
302,107,135
303,117,134
304,124,134
305,115,116
306,133,135
307,129,139
308,131,135
309,113,115
310,121,136
311,114,137
312,105,138
313,107,168
314,107,156
315,107,152
316,106,148
317,105,145
318,121,141
319,122,142
320,124,144
321,125,146
322,133,128
323,182,93
324,125,138
325,127,139
326,108,121
327,121,115
328,109,119
329,129,86
330,142,90
331,125,107
332,162,3
333,157,16
334,150,32
335,127,155
336,116,37
337,120,14
338,124,-6
339,150,65
340,168,72
341,118,64
342,161,54
343,115,78
344,118,109
345,177,77
346,163,78
347,153,81
348,139,81
349,128,78
350,120,75
351,105,69
352,177,93
353,167,53
354,101,121
355,120,91
356,184,57
357,115,72
358,125,106
359,156,58
360,118,103
361,180,114
362,118,61
363,111,100
364,159,157
365,158,166
366,183,94
367,169,145
368,179,45
369,126,188
370,100,122
371,128,96
372,175,63
373,142,62
374,136,63
375,131,140
376,177,110
377,111,200
378,135,187
379,146,178
380,130,63
381,124,62
382,120,62
383,173,50
384,126,56
385,132,54
386,139,53
387,145,54
388,149,56
389,183,39
390,147,61
391,124,126
392,117,114
393,108,127
394,148,169
395,137,179
396,112,195
397,167,153
398,121,59
399,110,83
400,124,195
401,181,113
402,114,143
403,115,145
404,116,148
405,117,152
406,118,162
407,128,135
408,129,134
409,131,134
410,139,132
411,168,115
412,110,73
413,113,57
414,118,57
415,126,136
416,168,134
417,107,58
418,122,170
419,104,79
420,116,95
421,109,177
422,140,151
423,132,112
424,132,162
425,151,110
426,140,119
427,158,121
428,111,187
429,120,98
430,146,159
431,135,170
432,148,140
433,175,123
434,157,142
435,177,130
436,147,126
437,115,87
438,115,113
439,121,113
440,112,109
441,119,50
442,132,45
443,143,44
444,152,45
445,158,49
446,162,60
447,183,77
448,156,71
449,148,73
450,138,74
451,128,72
452,121,70
453,116,68
454,183,75
455,120,114
456,110,91
457,110,115
458,105,119
459,110,116
460,119,116
461,104,120
462,103,121
463,116,62
464,112,64
465,110,66
466,151,57
467,156,54
468,59,56
469,66,56
470,59,49
471,51,55
472,58,63
473,136,57
474,144,57
475,136,50
476,128,57
477,136,65
