0,97,134
1,95,117
2,97,120
3,89,90
4,94,111
5,94,100
6,96,70
7,51,55
8,95,49
9,95,39
10,95,-1
11,97,136
12,97,138
13,98,140
14,98,140
15,98,144
16,98,149
17,98,153
18,100,155
19,95,119
20,89,117
21,26,19
22,72,62
23,65,63
24,58,63
25,49,56
26,77,60
27,58,45
28,66,45
29,51,46
30,47,47
31,44,61
32,79,160
33,48,52
34,27,51
35,36,54
36,67,99
37,89,131
38,91,137
39,83,132
40,79,134
41,86,136
42,82,136
43,74,140
44,89,116
45,88,110
46,38,43
47,78,80
48,77,108
49,77,103
50,49,94
51,88,100
52,52,42
53,43,41
54,30,10
55,82,50
56,73,48
57,69,134
58,43,110
59,81,112
60,86,115
61,75,136
62,77,137
63,40,35
64,77,110
65,64,45
66,63,38
67,53,0
68,34,21
69,57,17
70,34,36
71,29,28
72,90,135
73,84,135
74,81,135
75,83,113
76,76,137
77,78,139
78,78,137
79,83,113
80,84,137
81,87,138
82,92,139
83,93,154
84,90,152
85,90,148
86,91,143
87,92,139
88,84,137
89,82,139
90,80,141
91,79,143
92,74,126
93,34,74
94,96,119
95,81,137
96,80,138
97,89,118
98,80,113
99,87,117
100,73,83
101,63,88
102,77,105
103,38,4
104,42,17
105,49,35
106,79,145
107,79,41
108,74,19
109,72,0
110,52,61
111,37,66
112,80,60
113,42,49
114,82,77
115,79,108
116,33,70
117,42,74
118,50,79
119,63,78
120,72,75
121,78,73
122,89,71
123,35,85
124,36,47
125,92,119
126,79,89
127,28,44
128,83,70
129,77,104
130,46,52
131,79,102
132,37,91
133,79,57
134,83,101
135,54,137
136,55,140
137,32,80
138,46,125
139,28,38
140,78,166
141,93,119
142,74,93
143,32,52
144,59,59
145,65,59
146,77,139
147,39,98
148,89,177
149,72,162
150,64,153
151,95,19
152,103,180
153,71,57
154,76,56
155,78,56
156,32,42
157,73,50
158,66,47
159,60,46
160,54,48
161,51,49
162,26,30
163,54,57
164,97,124
165,79,124
166,81,112
167,89,124
168,96,58
169,62,148
170,69,157
171,88,174
172,49,126
173,77,54
174,85,83
175,102,177
176,79,171
177,35,95
178,88,138
179,86,141
180,84,145
181,83,148
182,85,150
183,80,136
184,78,136
185,77,135
186,71,130
187,46,106
188,86,74
189,83,55
190,79,53
191,81,137
192,48,120
193,88,58
194,82,155
195,95,90
196,89,81
197,95,80
198,82,94
199,101,170
200,101,162
201,91,160
202,67,141
203,72,109
204,74,148
205,57,106
206,66,115
207,54,115
208,89,167
209,79,96
210,62,143
211,71,152
212,62,133
213,42,109
214,55,131
215,40,110
216,63,123
217,82,86
218,81,112
219,78,111
220,83,109
221,77,50
222,65,46
223,55,45
224,48,45
225,43,46
226,42,53
227,29,65
228,48,66
229,55,70
230,64,70
231,73,67
232,78,66
233,82,65
234,31,58
235,79,112
236,85,92
237,85,114
238,89,117
239,85,114
240,81,113
241,90,118
242,91,118
243,81,58
244,85,62
245,86,66
246,49,51
247,45,49
248,101,90
249,149,55
250,103,117
251,182,17
252,126,63
253,133,64
254,141,63
255,152,56
256,120,61
257,140,43
258,131,44
259,147,44
260,152,45
261,158,61
262,126,162
263,153,51
264,184,49
265,167,53
266,132,99
267,106,132
268,105,137
269,115,133
270,121,135
271,112,137
272,118,137
273,130,141
274,101,116
275,101,110
276,163,40
277,119,80
278,118,108
279,119,104
280,154,95
281,101,100
282,145,37
283,155,37
284,173,7
285,111,47
286,123,47
287,134,135
288,178,111
289,114,113
290,108,115
291,128,137
292,127,138
293,159,31
294,119,110
295,130,40
296,131,34
297,140,-1
298,166,20
299,135,16
300,168,34
301,175,27
302,106,135
303,114,135
304,119,136
305,112,114
306,128,138
307,125,140
308,126,138
309,110,113
310,117,138
311,111,138
312,105,139
313,109,154
314,108,153
315,107,148
316,106,143
317,105,139
318,117,138
319,119,140
320,121,142
321,123,145
322,125,127
323,187,73
324,121,138
325,123,139
326,106,118
327,117,113
328,107,117
329,125,83
330,137,88
331,120,105
332,160,1
333,154,16
334,147,31
335,124,146
336,113,39
337,116,18
338,119,-2
339,148,61
340,166,65
341,117,60
342,159,47
343,114,77
344,114,108
345,175,69
346,160,73
347,150,78
348,135,78
349,125,75
350,118,73
351,103,71
352,173,86
353,166,45
354,99,119
355,118,89
356,189,42
357,113,70
358,121,104
359,155,51
360,114,102
361,184,91
362,117,57
363,108,101
364,158,139
365,160,142
366,182,80
367,167,126
368,180,36
369,129,168
370,99,119
371,124,93
372,174,52
373,140,60
374,133,60
375,126,141
376,171,99
377,117,178
378,139,164
379,148,155
380,127,59
381,122,58
382,119,57
383,171,41
384,124,51
385,131,48
386,138,47
387,145,48
388,149,49
389,187,27
390,146,58
391,119,124
392,113,112
393,107,124
394,148,150
395,139,159
396,116,175
397,169,128
398,120,55
399,108,83
400,128,172
401,179,96
402,112,139
403,113,142
404,115,146
405,116,150
406,117,151
407,122,137
408,124,137
409,125,136
410,131,131
411,160,107
412,108,74
413,112,55
414,117,54
415,121,138
416,162,121
417,105,58
418,122,156
419,102,81
420,113,94
421,111,160
422,138,142
423,127,109
424,131,149
425,143,106
426,134,116
427,150,116
428,114,168
429,117,96
430,145,145
431,136,154
432,143,134
433,169,110
434,153,132
435,175,111
436,139,124
437,113,86
438,112,112
439,116,111
440,108,109
441,118,48
442,130,43
443,141,42
444,150,42
445,156,44
446,160,52
447,184,65
448,153,66
449,145,70
450,135,70
451,125,68
452,119,66
453,114,65
454,188,57
455,116,112
456,107,92
457,106,114
458,103,117
459,107,114
460,115,114
461,102,118
462,102,118
463,115,59
464,111,62
465,108,66
466,151,50
467,155,48
468,62,50
469,69,50
470,62,42
471,55,50
472,62,58
473,138,51
474,146,51
475,138,43
476,131,50
477,139,58
