0,97,127
1,97,99
2,97,109
3,90,75
4,97,91
5,97,81
6,97,60
7,43,64
8,97,41
9,97,31
10,97,-1
11,97,131
12,97,134
13,97,137
14,98,142
15,98,146
16,98,151
17,98,156
18,98,161
19,97,104
20,90,104
21,14,40
22,64,70
23,57,71
24,50,71
25,40,67
26,71,67
27,54,47
28,62,48
29,46,49
30,40,52
31,34,72
32,68,175
33,41,62
34,12,73
35,25,67
36,58,99
37,87,126
38,89,134
39,78,130
40,72,134
41,81,136
42,76,138
43,62,150
44,90,99
45,89,91
46,29,45
47,74,79
48,72,100
49,71,96
50,36,100
51,90,82
52,48,35
53,37,38
54,21,25
55,81,41
56,69,51
57,56,143
58,22,147
59,78,104
60,84,106
61,66,142
62,68,142
63,33,34
64,72,104
65,62,35
66,60,29
67,52,4
68,26,30
69,56,16
70,25,42
71,19,42
72,88,131
73,79,133
74,74,136
75,80,106
76,67,142
77,70,144
78,69,141
79,82,100
80,78,139
81,83,137
82,90,137
83,87,161
84,87,155
85,88,150
86,89,146
87,90,142
88,78,142
89,76,143
90,74,146
91,73,148
92,64,127
93,13,110
94,97,106
95,74,142
96,72,143
97,87,109
98,75,109
99,86,108
100,66,84
101,53,90
102,70,101
103,33,12
104,38,20
105,45,29
106,68,154
107,78,30
108,75,15
109,73,0
110,44,70
111,26,78
112,75,65
113,33,56
114,80,74
115,77,96
116,18,85
117,31,82
118,41,84
119,55,83
120,66,79
121,74,75
122,90,62
123,19,100
124,27,55
125,93,103
126,74,86
127,11,75
128,80,70
129,70,102
130,37,62
131,76,91
132,16,128
133,75,62
134,83,86
135,36,161
136,37,171
137,13,105
138,27,151
139,15,57
140,67,183
141,94,106
142,67,92
143,19,69
144,50,67
145,57,67
146,69,145
147,21,116
148,82,195
149,57,186
150,47,180
151,97,15
152,99,196
153,63,66
154,69,65
155,73,63
156,21,54
157,68,58
158,62,56
159,56,56
160,49,57
161,45,59
162,11,56
163,46,66
164,97,116
165,71,121
166,78,102
167,86,117
168,97,51
169,45,170
170,55,177
171,81,188
172,29,161
173,73,60
174,85,74
175,99,189
176,68,191
177,16,122
178,83,142
179,82,145
180,80,148
181,79,153
182,77,158
183,72,140
184,70,139
185,68,138
186,59,134
187,31,118
188,85,67
189,81,55
190,76,57
191,74,140
192,30,138
193,88,54
194,72,166
195,97,74
196,90,69
197,97,67
198,79,86
199,98,180
200,98,170
201,85,170
202,54,153
203,63,109
204,62,161
205,47,109
206,57,117
207,41,123
208,82,179
209,74,91
210,48,160
211,58,168
212,48,144
213,23,130
214,39,146
215,20,138
216,51,129
217,80,80
218,79,99
219,74,102
220,83,93
221,74,48
222,62,43
223,51,42
224,42,45
225,36,49
226,32,64
227,12,89
228,38,75
229,46,77
230,56,76
231,65,74
232,73,71
233,78,68
234,12,92
235,75,105
236,84,80
237,85,98
238,89,103
239,85,100
240,77,108
241,91,103
242,92,106
243,78,62
244,82,63
245,85,64
246,43,61
247,37,57
248,104,75
249,153,65
250,104,104
251,180,38
252,132,71
253,140,72
254,147,71
255,156,68
256,125,68
257,142,48
258,134,48
259,150,49
260,156,52
261,162,72
262,129,174
263,156,63
264,183,71
265,170,67
266,137,98
267,107,127
268,106,134
269,118,130
270,125,135
271,115,136
272,121,138
273,134,149
274,104,99
275,105,91
276,166,44
277,121,79
278,123,100
279,124,96
280,160,99
281,104,82
282,149,34
283,159,38
284,173,23
285,115,40
286,126,52
287,140,142
288,178,146
289,117,104
290,110,106
291,133,142
292,130,142
293,163,33
294,123,104
295,134,35
296,136,28
297,142,3
298,168,28
299,138,15
300,171,42
301,175,41
302,107,131
303,116,133
304,123,136
305,115,106
306,131,142
307,128,144
308,129,142
309,113,100
310,119,139
311,113,137
312,106,137
313,109,161
314,108,156
315,108,151
316,107,146
317,106,142
318,119,142
319,121,144
320,123,147
321,125,149
322,131,127
323,184,108
324,124,142
325,126,143
326,108,109
327,120,109
328,109,108
329,130,84
330,142,89
331,125,100
332,161,11
333,156,19
334,151,28
335,128,154
336,117,30
337,119,14
338,121,0
339,153,70
340,170,78
341,120,66
342,163,56
343,116,73
344,118,95
345,178,83
346,165,82
347,156,84
348,141,82
349,130,79
350,122,75
351,105,62
352,177,99
353,169,55
354,101,103
355,121,86
356,185,73
357,116,70
358,126,102
359,159,63
360,118,91
361,182,127
362,120,63
363,111,86
364,163,160
365,163,171
366,184,104
367,172,150
368,179,55
369,131,183
370,100,106
371,128,92
372,177,69
373,146,68
374,140,68
375,130,146
376,176,115
377,117,194
378,142,185
379,152,179
380,133,67
381,126,66
382,122,64
383,174,54
384,127,59
385,134,58
386,140,58
387,147,59
388,151,60
389,184,54
390,151,66
391,123,121
392,117,102
393,108,117
394,153,169
395,143,176
396,117,188
397,171,160
398,122,61
399,110,73
400,130,190
401,182,121
402,113,142
403,115,145
404,117,149
405,118,153
406,119,158
407,126,140
408,128,139
409,130,139
410,137,134
411,166,117
412,110,67
413,114,56
414,119,58
415,124,140
416,167,137
417,108,54
418,124,166
419,105,69
420,116,86
421,112,170
422,142,153
423,132,108
424,134,161
425,149,108
426,139,117
427,156,122
428,115,179
429,121,91
430,150,159
431,140,167
432,148,143
433,174,128
434,158,145
435,179,136
436,145,128
437,115,79
438,115,98
439,120,102
440,112,93
441,121,48
442,134,43
443,145,42
444,154,44
445,160,49
446,164,65
447,184,87
448,158,75
449,151,77
450,141,76
451,131,74
452,123,71
453,117,68
454,185,91
455,120,105
456,110,79
457,109,98
458,105,103
459,109,100
460,118,107
461,103,103
462,103,105
463,117,63
464,113,64
465,111,64
466,154,62
467,159,57
468,57,61
469,65,61
470,56,54
471,49,62
472,57,68
473,139,62
474,148,62
475,140,55
476,131,62
477,139,69
