0,96,132
1,94,105
2,97,113
3,89,80
4,94,97
5,94,87
6,96,63
7,49,64
8,96,45
9,96,35
10,95,5
11,96,134
12,97,137
13,97,140
14,97,141
15,98,146
16,98,153
17,98,158
18,100,162
19,95,109
20,89,109
21,26,37
22,69,68
23,63,70
24,56,70
25,47,67
26,74,65
27,56,49
28,64,49
29,50,51
30,46,55
31,42,71
32,72,172
33,47,62
34,23,66
35,33,66
36,62,100
37,87,130
38,89,137
39,79,133
40,75,136
41,84,138
42,79,139
43,68,150
44,88,105
45,86,98
46,36,50
47,76,80
48,73,104
49,72,100
50,43,100
51,87,88
52,51,42
53,42,45
54,30,25
55,81,45
56,71,51
57,63,144
58,33,135
59,79,108
60,85,110
61,70,143
62,72,142
63,38,40
64,73,107
65,64,41
66,62,36
67,55,9
68,34,32
69,58,22
70,31,46
71,29,41
72,88,134
73,81,136
74,77,138
75,81,109
76,71,143
77,74,144
78,73,142
79,81,105
80,81,140
81,85,139
82,91,139
83,90,161
84,89,158
85,89,152
86,90,145
87,91,140
88,81,140
89,79,143
90,77,146
91,75,149
92,69,129
93,26,98
94,96,111
95,78,141
96,76,142
97,87,113
98,77,112
99,86,111
100,69,85
101,58,91
102,72,103
103,39,16
104,43,25
105,48,36
106,74,154
107,78,36
108,75,21
109,73,6
110,51,69
111,36,77
112,78,63
113,40,58
114,81,75
115,76,101
116,27,81
117,41,82
118,50,84
119,63,82
120,71,78
121,78,74
122,89,65
123,28,97
124,34,57
125,91,109
126,76,88
127,24,66
128,83,70
129,72,104
130,44,62
131,76,96
132,28,115
133,77,60
134,81,91
135,43,155
136,44,162
137,24,97
138,36,144
139,26,53
140,70,181
141,93,110
142,70,94
143,27,67
144,57,67
145,63,66
146,72,145
147,31,111
148,85,193
149,62,181
150,53,173
151,95,20
152,103,195
153,68,65
154,73,62
155,76,61
156,28,55
157,71,56
158,64,54
159,59,55
160,53,57
161,50,59
162,24,49
163,53,66
164,97,120
165,75,124
166,78,106
167,87,121
168,97,54
169,51,165
170,60,173
171,84,187
172,38,151
173,75,58
174,84,77
175,101,189
176,72,187
177,26,113
178,85,140
179,83,144
180,82,149
181,81,154
182,81,158
183,76,141
184,74,140
185,72,140
186,65,136
187,39,116
188,85,69
189,82,55
190,77,56
191,78,141
192,39,134
193,88,55
194,77,165
195,95,79
196,89,73
197,96,71
198,79,89
199,101,180
200,100,170
201,88,169
202,60,152
203,67,110
204,67,160
205,53,109
206,61,118
207,48,122
208,85,178
209,76,94
210,53,157
211,62,165
212,54,143
213,33,124
214,46,143
215,30,129
216,57,129
217,80,82
218,79,104
219,75,106
220,81,99
221,76,49
222,64,46
223,55,46
224,47,49
225,42,53
226,39,64
227,23,82
228,46,74
229,54,76
230,62,75
231,70,72
232,76,69
233,80,66
234,25,81
235,76,108
236,83,84
237,83,104
238,88,107
239,84,105
240,79,111
241,89,108
242,90,110
243,80,61
244,83,62
245,86,64
246,48,61
247,43,58
248,102,80
249,153,60
250,104,109
251,186,32
252,132,68
253,139,68
254,146,68
255,157,62
256,126,66
257,142,46
258,134,47
259,150,47
260,155,50
261,163,68
262,133,173
263,157,57
264,192,63
265,173,63
266,137,99
267,105,130
268,105,137
269,115,133
270,121,136
271,112,138
272,117,139
273,135,150
274,101,105
275,102,98
276,165,45
277,122,79
278,122,103
279,123,99
280,160,98
281,102,88
282,145,40
283,157,41
284,176,20
285,113,47
286,127,50
287,140,144
288,192,134
289,116,107
290,110,110
291,128,142
292,126,142
293,162,36
294,123,107
295,131,41
296,132,36
297,141,6
298,170,27
299,136,18
300,171,42
301,179,36
302,105,133
303,113,135
304,119,137
305,114,109
306,127,142
307,124,143
308,125,141
309,111,104
310,116,140
311,111,139
312,104,139
313,110,161
314,109,158
315,107,152
316,106,145
317,105,140
318,116,140
319,118,142
320,121,145
321,123,149
322,130,129
323,198,95
324,120,140
325,122,142
326,107,113
327,120,112
328,109,111
329,130,84
330,142,89
331,124,103
332,162,11
333,156,20
334,148,34
335,129,154
336,114,38
337,116,19
338,119,4
339,153,66
340,172,74
341,122,64
342,163,53
343,116,74
344,116,100
345,183,78
346,165,79
347,154,82
348,139,81
349,129,77
350,122,74
351,104,65
352,182,94
353,170,53
354,99,109
355,121,87
356,197,62
357,116,70
358,126,103
359,160,57
360,117,95
361,197,114
362,123,61
363,110,91
364,172,155
365,175,163
366,193,95
367,181,143
368,186,48
369,137,182
370,99,110
371,128,93
372,182,64
373,145,64
374,139,65
375,126,145
376,181,109
377,122,194
378,150,182
379,162,175
380,133,64
381,128,63
382,125,62
383,177,51
384,129,55
385,135,52
386,141,51
387,148,52
388,152,54
389,193,45
390,150,62
391,123,124
392,116,106
393,108,120
394,161,166
395,150,174
396,120,187
397,185,150
398,125,59
399,109,76
400,137,189
401,192,112
402,111,140
403,113,144
404,115,149
405,117,154
406,121,158
407,122,140
408,124,140
409,125,139
410,136,136
411,168,114
412,110,69
413,116,56
414,122,57
415,120,141
416,173,133
417,108,57
418,127,166
419,103,73
420,115,88
421,114,169
422,146,153
423,132,109
424,138,160
425,149,108
426,139,117
427,157,121
428,118,179
429,121,93
430,156,158
431,145,166
432,151,143
433,181,122
434,163,143
435,189,128
436,145,129
437,115,81
438,114,103
439,119,105
440,110,98
441,121,50
442,132,46
443,143,44
444,152,45
445,159,48
446,165,60
447,194,78
448,158,71
449,150,74
450,140,74
451,130,72
452,124,69
453,119,67
454,198,78
455,119,108
456,109,83
457,107,104
458,104,107
459,108,105
460,117,110
461,102,108
462,102,110
463,120,62
464,115,63
465,111,65
466,154,55
467,159,53
468,64,59
469,72,58
470,63,53
471,55,60
472,64,66
473,141,57
474,149,57
475,141,50
476,133,57
477,141,64
