0,96,134
1,88,112
2,93,118
3,84,84
4,87,104
5,88,93
6,92,64
7,54,55
8,93,39
9,92,28
10,91,-10
11,97,137
12,97,140
13,98,143
14,99,144
15,99,149
16,99,154
17,100,159
18,100,163
19,90,115
20,85,114
21,35,22
22,72,63
23,65,64
24,59,63
25,52,58
26,77,61
27,59,40
28,67,41
29,53,42
30,49,45
31,48,63
32,81,170
33,52,53
34,38,56
35,44,57
36,65,100
37,89,132
38,92,140
39,84,134
40,81,136
41,87,139
42,84,139
43,75,147
44,83,111
45,81,104
46,41,38
47,77,80
48,74,107
49,74,102
50,49,97
51,82,94
52,50,31
53,44,33
54,36,10
55,78,38
56,74,44
57,70,140
58,58,123
59,79,111
60,83,114
61,78,140
62,80,140
63,41,27
64,75,110
65,61,32
66,59,25
67,54,-5
68,38,18
69,57,10
70,39,33
71,36,28
72,90,136
73,85,137
74,83,138
75,81,113
76,79,140
77,81,143
78,81,140
79,79,110
80,86,141
81,89,141
82,93,142
83,93,162
84,92,157
85,92,152
86,92,147
87,93,143
88,86,142
89,85,143
90,83,146
91,82,148
92,73,128
93,49,85
94,91,117
95,84,141
96,82,142
97,86,117
98,78,114
99,84,116
100,71,84
101,61,89
102,74,105
103,42,0
104,44,12
105,48,23
106,79,152
107,74,27
108,72,10
109,70,-8
110,55,62
111,43,69
112,80,59
113,45,48
114,81,75
115,75,105
116,38,74
117,45,76
118,51,80
119,62,79
120,71,76
121,77,72
122,86,66
123,40,91
124,42,46
125,86,115
126,77,89
127,41,52
128,81,68
129,75,105
130,50,53
131,76,99
132,53,103
133,80,56
134,78,96
135,62,148
136,67,153
137,41,88
138,56,136
139,36,41
140,82,176
141,89,116
142,73,94
143,41,57
144,59,58
145,65,59
146,80,144
147,44,105
148,93,187
149,79,173
150,74,165
151,91,9
152,106,190
153,70,58
154,75,57
155,79,57
156,40,43
157,74,50
158,69,48
159,62,47
160,57,48
161,54,50
162,37,36
163,56,57
164,94,123
165,77,125
166,78,110
167,86,123
168,93,51
169,69,158
170,76,167
171,91,183
172,62,140
173,78,54
174,82,79
175,104,186
176,85,181
177,46,104
178,89,142
179,88,145
180,87,149
181,86,153
182,85,158
183,82,140
184,81,139
185,79,138
186,70,133
187,49,112
188,83,70
189,82,51
190,80,51
191,84,140
192,54,128
193,85,51
194,83,164
195,90,83
196,85,76
197,91,74
198,78,92
199,103,180
200,101,171
201,92,169
202,70,148
203,70,111
204,76,157
205,57,108
206,66,118
207,55,120
208,90,177
209,77,95
210,68,152
211,75,161
212,64,139
213,48,118
214,59,138
215,50,120
216,64,127
217,80,84
218,77,109
219,76,110
220,77,104
221,76,43
222,65,38
223,55,37
224,48,39
225,45,42
226,47,55
227,39,72
228,50,68
229,56,71
230,64,71
231,72,69
232,78,66
233,81,64
234,45,68
235,77,111
236,81,87
237,79,110
238,84,113
239,81,111
240,79,113
241,85,114
242,87,116
243,82,57
244,84,59
245,84,62
246,53,52
247,48,48
248,96,84
249,150,57
250,99,115
251,189,17
252,129,64
253,137,65
254,145,64
255,155,59
256,122,63
257,139,40
258,130,41
259,148,41
260,153,45
261,163,64
262,131,173
263,153,54
264,194,54
265,173,58
266,135,100
267,105,132
268,106,140
269,115,135
270,122,137
271,113,140
272,120,140
273,135,148
274,94,112
275,95,104
276,164,37
277,119,80
278,115,107
279,117,102
280,160,98
281,95,93
282,143,29
283,155,31
284,177,4
285,109,38
286,123,45
287,140,141
288,195,126
289,110,112
290,105,114
291,132,139
292,130,140
293,160,25
294,117,110
295,128,31
296,129,24
297,138,-9
298,168,14
299,132,7
300,170,32
301,180,25
302,105,137
303,114,137
304,121,138
305,109,113
306,131,139
307,127,142
308,129,140
309,105,111
310,119,141
311,113,141
312,106,142
313,110,162
314,109,158
315,108,153
316,107,148
317,106,144
318,120,142
319,121,143
320,123,146
321,124,148
322,128,129
323,203,85
324,124,141
325,126,142
326,102,117
327,115,114
328,104,116
329,127,84
330,140,89
331,119,105
332,161,-4
333,153,8
334,146,22
335,128,154
336,110,27
337,112,8
338,115,-11
339,151,63
340,174,70
341,118,61
342,162,48
343,113,75
344,110,105
345,184,73
346,167,77
347,156,80
348,140,79
349,129,76
350,120,73
351,100,66
352,183,91
353,170,46
354,94,115
355,117,88
356,202,49
357,113,69
358,121,105
359,158,54
360,111,99
361,201,104
362,118,58
363,103,96
364,169,152
365,173,158
366,196,88
367,181,140
368,188,38
369,134,179
370,94,116
371,125,94
372,182,59
373,143,59
374,136,60
375,129,144
376,182,106
377,121,189
378,147,177
379,159,169
380,130,60
381,124,59
382,120,59
383,177,44
384,125,51
385,131,49
386,138,48
387,145,50
388,149,52
389,197,31
390,147,58
391,119,125
392,110,111
393,104,124
394,157,163
395,146,171
396,120,185
397,185,144
398,120,56
399,105,79
400,135,184
401,194,106
402,113,143
403,115,146
404,116,150
405,117,154
406,120,159
407,125,140
408,127,139
409,128,138
410,135,134
411,168,113
412,106,70
413,111,52
414,116,52
415,124,140
416,173,131
417,103,52
418,127,166
419,98,76
420,111,92
421,114,170
422,144,151
423,129,111
424,136,159
425,148,109
426,136,118
427,156,121
428,117,179
429,116,95
430,152,156
431,142,165
432,149,141
433,181,120
434,161,141
435,190,123
436,144,128
437,111,84
438,107,109
439,113,110
440,102,104
441,117,43
442,129,38
443,140,36
444,150,38
445,158,41
446,164,56
447,196,71
448,158,68
449,150,71
450,139,71
451,129,70
452,121,67
453,115,65
454,203,66
455,114,112
456,103,87
457,100,110
458,98,114
459,102,111
460,112,114
461,96,115
462,97,116
463,115,59
464,111,61
465,108,62
466,151,53
467,157,49
468,67,52
469,74,52
470,66,45
471,60,52
472,68,59
473,138,53
474,146,53
475,138,46
476,130,53
477,139,61
