0,100,134
1,107,112
2,103,117
3,100,86
4,108,105
5,108,94
6,106,67
7,46,56
8,106,46
9,107,36
10,109,-6
11,99,136
12,99,139
13,98,141
14,98,141
15,98,145
16,97,150
17,97,154
18,95,160
19,106,115
20,97,114
21,16,18
22,67,64
23,60,65
24,53,64
25,42,58
26,73,63
27,60,41
28,68,43
29,52,41
30,46,44
31,36,63
32,65,170
33,43,53
34,9,53
35,27,56
36,62,99
37,91,132
38,91,138
39,82,134
40,75,136
41,83,138
42,78,138
43,61,145
44,101,111
45,101,104
46,38,37
47,79,80
48,80,107
49,79,102
50,37,96
51,101,94
52,60,32
53,48,33
54,28,6
55,90,44
56,75,47
57,56,138
58,5,124
59,85,111
60,91,114
61,67,139
62,69,139
63,45,27
64,79,109
65,73,36
66,74,30
67,64,-6
68,35,17
69,69,11
70,33,33
71,24,26
72,91,135
73,83,136
74,76,137
75,87,113
76,68,139
77,71,141
78,70,139
79,91,110
80,78,139
81,84,139
82,91,140
83,85,159
84,88,154
85,89,149
86,90,144
87,91,140
88,78,139
89,77,141
90,75,143
91,74,146
92,68,127
93,0,84
94,104,116
95,74,139
96,73,140
97,93,117
98,80,114
99,92,115
100,70,84
101,57,89
102,77,105
103,43,-1
104,50,11
105,58,26
106,68,151
107,90,34
108,88,13
109,85,-7
110,46,62
111,26,69
112,77,62
113,38,47
114,85,76
115,86,105
116,16,72
117,32,75
118,42,80
119,57,79
120,68,76
121,75,73
122,98,68
123,16,90
124,32,46
125,102,115
126,80,89
127,3,49
128,82,70
129,75,105
130,40,53
131,85,99
132,0,103
133,77,59
134,93,96
135,28,150
136,25,156
137,5,87
138,17,138
139,16,38
140,62,176
141,101,116
142,72,94
143,19,57
144,55,60
145,61,60
146,70,142
147,16,105
148,75,186
149,50,175
150,39,167
151,108,14
152,90,187
153,67,60
154,72,59
155,75,59
156,25,43
157,72,52
158,66,49
159,60,48
160,53,48
161,48,50
162,9,31
163,50,58
164,102,123
165,76,124
166,86,110
167,92,123
168,105,56
169,40,160
170,50,168
171,76,182
172,13,142
173,75,57
174,92,81
175,91,184
176,62,181
177,5,105
178,84,140
179,83,143
180,81,146
181,80,150
182,76,156
183,73,139
184,72,138
185,70,137
186,61,132
187,28,112
188,91,72
189,85,55
190,79,54
191,74,139
192,24,129
193,93,56
194,69,163
195,107,85
196,99,78
197,106,77
198,86,92
199,93,177
200,94,168
201,82,167
202,53,148
203,68,110
204,60,157
205,49,108
206,60,117
207,40,119
208,78,176
209,80,95
210,44,153
211,54,162
212,47,139
213,17,118
214,36,139
215,8,121
216,52,126
217,86,84
218,89,109
219,83,109
220,93,104
221,81,47
222,71,41
223,60,38
224,51,38
225,43,41
226,35,55
227,6,70
228,40,67
229,48,71
230,58,71
231,68,70
232,74,68
233,80,66
234,0,66
235,82,111
236,93,88
237,95,110
238,97,113
239,94,111
240,83,113
241,99,114
242,99,115
243,80,60
244,84,63
245,87,65
246,46,52
247,41,48
248,112,86
249,146,60
250,110,114
251,165,27
252,127,68
253,134,69
254,140,68
255,148,62
256,121,66
257,140,44
258,131,45
259,147,45
260,150,48
261,152,67
262,115,169
263,148,57
264,164,61
265,156,60
266,133,101
267,107,132
268,105,138
269,113,133
270,116,135
271,109,138
272,112,138
273,123,146
274,112,112
275,114,105
276,159,41
277,121,82
278,123,108
279,123,103
280,151,100
281,114,95
282,149,34
283,156,36
284,164,15
285,120,43
286,124,49
287,129,139
288,145,126
289,118,112
290,113,114
291,118,139
292,117,139
293,158,30
294,122,111
295,138,36
296,139,29
297,146,0
298,162,24
299,142,16
300,161,36
301,165,34
302,106,135
303,111,136
304,114,137
305,116,113
306,118,139
307,116,141
308,116,139
309,117,111
310,111,139
311,108,139
312,103,140
313,103,160
314,104,153
315,104,149
316,104,144
317,103,140
318,111,139
319,112,141
320,114,143
321,115,146
322,125,128
323,154,89
324,113,139
325,114,140
326,110,117
327,119,115
328,112,116
329,127,86
330,137,91
331,123,106
332,158,6
333,155,18
334,151,27
335,118,152
336,124,33
337,127,15
338,130,-4
339,145,66
340,157,72
341,118,65
342,154,51
343,118,77
344,121,106
345,163,78
346,156,79
347,149,83
348,137,82
349,128,79
350,121,76
351,112,69
352,161,94
353,158,49
354,109,115
355,121,90
356,160,57
357,117,72
358,123,106
359,150,56
360,121,101
361,150,107
362,117,62
363,118,97
364,138,150
365,134,155
366,161,92
367,145,139
368,165,46
369,115,176
370,107,116
371,125,95
372,159,61
373,140,64
374,134,65
375,117,142
376,157,109
377,102,185
378,119,173
379,125,166
380,128,64
381,122,63
382,119,62
383,160,47
384,124,55
385,130,51
386,137,51
387,143,52
388,146,54
389,164,40
390,144,62
391,120,125
392,118,111
393,110,123
394,130,160
395,122,167
396,105,182
397,139,142
398,119,59
399,115,81
400,111,180
401,156,108
402,108,139
403,109,142
404,110,146
405,110,150
406,111,156
407,115,138
408,116,138
409,118,137
410,128,133
411,151,115
412,115,73
413,115,56
414,118,56
415,113,139
416,147,131
417,112,57
418,114,163
419,112,78
420,119,93
421,104,167
422,128,149
423,127,112
424,121,157
425,142,110
426,132,119
427,144,121
428,105,176
429,121,97
430,131,153
431,123,162
432,134,140
433,153,121
434,140,140
435,151,123
436,135,128
437,118,86
438,119,109
439,121,110
440,118,105
441,122,48
442,134,42
443,144,41
444,151,42
445,154,45
446,153,58
447,163,76
448,150,71
449,144,75
450,135,75
451,127,73
452,121,71
453,117,69
454,157,72
455,120,112
456,116,89
457,116,110
458,112,113
459,115,111
460,118,114
461,111,114
462,109,116
463,116,62
464,114,65
465,114,67
466,147,55
467,151,52
468,56,53
469,63,54
470,56,46
471,48,53
472,55,61
473,133,58
474,139,58
475,133,51
476,126,58
477,133,64
