0,95,133
1,92,107
2,97,114
3,86,81
4,90,100
5,91,89
6,93,62
7,53,61
8,93,40
9,92,30
10,89,-2
11,95,136
12,96,138
13,98,140
14,98,143
15,98,148
16,98,153
17,99,157
18,106,160
19,93,111
20,88,111
21,33,34
22,72,64
23,65,66
24,59,67
25,52,64
26,77,62
27,58,46
28,66,45
29,51,48
30,48,52
31,47,70
32,84,170
33,51,60
34,37,65
35,42,65
36,67,101
37,88,132
38,91,138
39,83,134
40,80,137
41,86,139
42,84,140
43,77,149
44,86,107
45,84,100
46,39,46
47,78,80
48,75,106
49,75,101
50,51,101
51,84,90
52,48,34
53,42,39
54,35,22
55,76,35
56,73,47
57,73,143
58,59,130
59,81,110
60,86,112
61,78,143
62,80,142
63,39,35
64,77,109
65,59,32
66,56,26
67,52,5
68,37,30
69,56,18
70,37,43
71,35,40
72,89,136
73,84,137
74,82,139
75,83,111
76,79,142
77,80,145
78,81,142
79,81,107
80,86,141
81,88,140
82,92,140
83,97,160
84,92,157
85,91,152
86,92,147
87,93,143
88,86,143
89,84,145
90,82,147
91,81,150
92,75,129
93,49,94
94,95,113
95,84,142
96,82,143
97,89,115
98,81,113
99,87,113
100,72,85
101,63,91
102,76,105
103,40,12
104,44,23
105,46,29
106,83,153
107,72,25
108,71,16
109,68,0
110,54,66
111,42,76
112,80,60
113,44,56
114,81,75
115,77,103
116,39,80
117,44,81
118,51,83
119,62,80
120,71,76
121,77,72
122,87,64
123,41,96
124,40,55
125,90,111
126,78,88
127,40,63
128,81,67
129,76,105
130,49,61
131,77,98
132,54,111
133,80,57
134,80,93
135,63,151
136,67,157
137,42,95
138,57,140
139,36,51
140,84,176
141,92,113
142,74,94
143,40,68
144,59,61
145,64,61
146,79,146
147,46,110
148,97,186
149,80,174
150,74,167
151,90,15
152,112,188
153,70,60
154,75,59
155,79,58
156,38,54
157,74,54
158,68,53
159,62,54
160,56,56
161,53,58
162,35,47
163,55,61
164,98,121
165,79,124
166,80,109
167,89,122
168,94,51
169,69,161
170,76,168
171,95,182
172,63,145
173,78,56
174,83,78
175,110,184
176,87,181
177,47,111
178,89,143
179,87,146
180,86,150
181,85,154
182,89,157
183,82,141
184,80,141
185,78,140
186,73,136
187,52,116
188,84,69
189,82,50
190,80,52
191,83,141
192,55,132
193,85,50
194,86,163
195,92,80
196,86,73
197,92,71
198,80,90
199,108,177
200,107,168
201,96,167
202,72,151
203,72,111
204,78,158
205,60,110
206,68,119
207,58,122
208,94,175
209,78,95
210,68,155
211,76,162
212,66,142
213,50,122
214,61,142
215,51,126
216,66,130
217,81,83
218,79,106
219,77,108
220,79,101
221,75,43
222,63,40
223,53,41
224,47,45
225,44,49
226,46,63
227,39,80
228,50,73
229,55,74
230,64,73
231,72,70
232,78,67
233,82,64
234,45,78
235,79,110
236,82,85
237,82,107
238,87,110
239,83,108
240,82,112
241,88,111
242,90,112
243,82,57
244,84,59
245,84,61
246,52,59
247,47,56
248,99,80
249,152,55
250,103,111
251,190,20
252,131,62
253,139,63
254,146,62
255,157,58
256,125,60
257,140,39
258,132,40
259,149,41
260,155,44
261,165,63
262,140,169
263,155,53
264,195,53
265,176,57
266,139,97
267,104,131
268,105,137
269,114,133
270,122,135
271,113,137
272,120,138
273,141,147
274,98,107
275,98,99
276,166,36
277,122,77
278,120,103
279,121,99
280,164,94
281,98,89
282,143,28
283,156,30
284,178,8
285,109,38
286,125,44
287,145,140
288,199,123
289,115,108
290,109,111
291,132,139
292,130,139
293,161,24
294,122,107
295,128,30
296,128,23
297,137,-3
298,169,17
299,132,10
300,172,32
301,181,27
302,104,135
303,114,135
304,121,136
305,114,110
306,131,139
307,127,142
308,129,139
309,110,106
310,119,139
311,112,139
312,105,139
313,116,159
314,109,156
315,107,151
316,106,146
317,105,143
318,119,141
319,121,143
320,123,145
321,125,147
322,133,126
323,205,84
324,124,140
325,125,141
326,107,114
327,120,111
328,108,112
329,131,81
330,144,86
331,124,102
332,161,0
333,154,11
334,145,21
335,135,152
336,110,27
337,112,12
338,114,-4
339,153,61
340,176,69
341,121,59
342,164,47
343,116,73
344,114,101
345,187,71
346,169,75
347,157,78
348,141,77
349,130,74
350,122,70
351,102,63
352,186,87
353,172,46
354,98,111
355,121,86
356,202,50
357,115,66
358,126,102
359,160,53
360,115,95
361,203,102
362,121,56
363,107,91
364,177,148
365,182,154
366,198,86
367,187,136
368,189,39
369,143,176
370,98,112
371,129,91
372,185,58
373,144,58
374,138,58
375,129,143
376,186,103
377,130,187
378,157,174
379,169,166
380,132,57
381,126,57
382,123,56
383,180,43
384,128,50
385,134,48
386,140,48
387,146,49
388,150,51
389,198,34
390,148,57
391,124,122
392,115,107
393,109,121
394,167,159
395,156,168
396,128,182
397,192,140
398,123,54
399,108,76
400,144,181
401,198,103
402,113,142
403,114,145
404,116,148
405,118,152
406,126,156
407,125,138
408,127,138
409,128,137
410,140,133
411,172,109
412,108,67
413,114,50
414,119,51
415,124,139
416,178,127
417,105,51
418,134,162
419,100,72
420,114,88
421,121,167
422,151,149
423,134,108
424,144,156
425,152,105
426,142,115
427,161,117
428,125,175
429,120,92
430,161,153
431,151,161
432,156,139
433,186,116
434,168,138
435,195,119
436,149,125
437,114,81
438,112,105
439,118,106
440,107,100
441,119,43
442,130,37
443,141,35
444,151,37
445,159,41
446,167,55
447,198,69
448,160,67
449,151,69
450,141,69
451,131,67
452,123,65
453,118,63
454,204,67
455,118,108
456,107,83
457,105,106
458,103,110
459,106,107
460,117,110
461,101,110
462,101,112
463,118,56
464,114,59
465,110,60
466,153,52
467,159,48
468,66,56
469,73,55
470,65,50
471,59,57
472,67,62
473,141,52
474,149,52
475,141,45
476,134,51
477,142,58
