0,98,132
1,98,113
2,98,118
3,92,86
4,98,105
5,98,94
6,98,67
7,45,61
8,98,47
9,98,36
10,99,-3
11,98,135
12,98,137
13,98,139
14,98,139
15,98,142
16,98,146
17,98,150
18,99,158
19,98,116
20,91,115
21,21,27
22,67,69
23,60,70
24,52,69
25,42,63
26,74,67
27,56,44
28,65,46
29,47,46
30,42,49
31,37,67
32,72,170
33,42,58
34,18,61
35,30,61
36,61,100
37,88,130
38,89,137
39,79,132
40,73,133
41,82,137
42,76,136
43,64,142
44,92,113
45,91,105
46,34,43
47,77,81
48,75,107
49,75,102
50,39,97
51,92,95
52,50,36
53,40,38
54,28,15
55,83,45
56,73,50
57,58,134
58,24,130
59,80,111
60,86,114
61,65,136
62,67,136
63,37,33
64,74,109
65,64,38
66,63,32
67,56,0
68,32,24
69,60,15
70,30,39
71,25,33
72,88,134
73,80,134
74,74,135
75,82,112
76,66,136
77,70,139
78,68,137
79,84,111
80,77,138
81,83,138
82,90,139
83,89,157
84,89,150
85,89,146
86,89,142
87,90,139
88,77,138
89,76,139
90,75,141
91,73,143
92,66,125
93,18,92
94,98,117
95,73,137
96,72,138
97,89,117
98,77,113
99,87,115
100,69,85
101,57,89
102,73,105
103,38,5
104,43,17
105,48,30
106,71,148
107,80,35
108,78,16
109,76,-2
110,46,67
111,30,72
112,78,66
113,36,52
114,82,77
115,79,105
116,23,77
117,35,78
118,44,82
119,58,81
120,68,78
121,76,76
122,91,68
123,23,93
124,31,51
125,94,116
126,77,89
127,17,58
128,82,72
129,72,104
130,40,58
131,79,100
132,20,111
133,78,63
134,85,96
135,39,151
136,40,159
137,18,93
138,30,140
139,22,46
140,71,178
141,95,117
142,70,94
143,24,61
144,52,65
145,59,66
146,69,140
147,24,108
148,84,188
149,62,177
150,52,170
151,99,16
152,99,190
153,66,65
154,72,64
155,76,63
156,27,48
157,71,55
158,64,52
159,57,51
160,50,52
161,46,55
162,18,41
163,48,63
164,98,123
165,74,123
166,80,111
167,88,122
168,98,56
169,50,161
170,60,170
171,84,183
172,31,147
173,76,60
174,87,81
175,99,185
176,72,184
177,20,110
178,83,138
179,82,140
180,81,144
181,80,147
182,79,154
183,71,136
184,70,136
185,69,135
186,61,129
187,33,113
188,87,72
189,83,57
190,79,58
191,73,137
192,32,130
193,90,58
194,75,162
195,98,85
196,92,77
197,98,76
198,81,92
199,99,177
200,99,167
201,87,166
202,58,146
203,66,109
204,66,155
205,49,108
206,59,116
207,42,119
208,84,176
209,77,96
210,52,152
211,62,162
212,51,136
213,26,121
214,42,138
215,23,126
216,53,124
217,82,85
218,82,109
219,77,110
220,85,105
221,77,50
222,64,44
223,53,42
224,45,43
225,39,47
226,36,60
227,17,77
228,41,71
229,49,74
230,59,75
231,68,73
232,75,71
233,80,69
234,17,75
235,77,111
236,87,88
237,87,111
238,90,114
239,87,112
240,79,112
241,92,115
242,93,116
243,81,63
244,84,65
245,86,67
246,44,56
247,39,53
248,105,86
249,151,61
250,106,115
251,176,28
252,130,68
253,137,69
254,144,69
255,153,63
256,123,66
257,141,46
258,132,47
259,149,47
260,154,50
261,159,68
262,126,170
263,153,58
264,179,61
265,167,62
266,136,100
267,108,130
268,107,137
269,118,131
270,124,133
271,115,136
272,121,136
273,133,141
274,105,113
275,105,105
276,163,44
277,120,81
278,122,107
279,122,102
280,158,97
281,105,95
282,146,37
283,156,39
284,170,16
285,114,45
286,125,50
287,140,134
288,172,131
289,116,111
290,111,114
291,133,135
292,131,136
293,160,34
294,122,109
295,132,38
296,133,32
297,142,0
298,165,25
299,138,16
300,167,40
301,172,35
302,108,134
303,116,134
304,123,135
305,115,112
306,132,135
307,128,138
308,130,136
309,113,111
310,120,137
311,114,138
312,106,139
313,109,157
314,108,150
315,108,145
316,107,142
317,106,139
318,120,137
319,121,139
320,123,140
321,124,143
322,131,125
323,179,92
324,125,137
325,126,137
326,108,117
327,120,112
328,109,115
329,128,85
330,141,89
331,123,105
332,160,6
333,154,18
334,148,31
335,127,148
336,116,35
337,120,16
338,123,-2
339,150,67
340,166,73
341,119,65
342,160,53
343,115,77
344,117,105
345,174,77
346,161,79
347,152,82
348,138,81
349,128,78
350,121,75
351,105,68
352,174,93
353,165,52
354,102,116
355,120,89
356,181,58
357,115,71
358,124,104
359,156,58
360,117,100
361,177,111
362,119,62
363,111,97
364,158,151
365,157,159
366,179,93
367,167,140
368,176,47
369,127,178
370,101,117
371,127,94
372,173,63
373,144,65
374,137,65
375,129,139
376,173,108
377,114,188
378,136,177
379,146,170
380,131,65
381,125,63
382,121,63
383,170,50
384,126,56
385,133,53
386,140,52
387,146,54
388,150,56
389,180,41
390,148,63
391,123,122
392,116,111
393,109,122
394,148,161
395,138,170
396,114,183
397,166,147
398,121,60
399,110,81
400,126,184
401,177,110
402,114,138
403,115,140
404,116,143
405,117,147
406,119,154
407,126,136
408,128,135
409,129,134
410,137,129
411,164,113
412,110,72
413,114,56
414,118,57
415,125,136
416,165,130
417,108,57
418,123,162
419,105,77
420,115,92
421,111,166
422,140,146
423,131,109
424,132,155
425,149,108
426,138,116
427,155,119
428,113,176
429,120,96
430,146,152
431,136,162
432,146,136
433,171,121
434,156,138
435,174,126
436,145,124
437,115,85
438,115,109
439,120,110
440,112,105
441,120,49
442,132,44
443,143,43
444,152,44
445,157,48
446,160,60
447,180,77
448,155,72
449,147,74
450,138,74
451,129,73
452,122,70
453,117,68
454,180,75
455,119,111
456,110,88
457,110,111
458,106,114
459,110,112
460,118,112
461,105,115
462,104,116
463,117,62
464,113,64
465,111,66
466,152,57
467,156,54
468,59,58
469,67,58
470,59,50
471,50,58
472,58,65
473,138,58
474,146,58
475,138,51
476,130,58
477,138,65
