0,98,129
1,98,110
2,98,117
3,91,83
4,98,102
5,98,91
6,97,65
7,45,61
8,97,43
9,97,33
10,97,-6
11,97,133
12,97,137
13,97,140
14,97,140
15,97,145
16,97,150
17,97,156
18,98,164
19,98,114
20,91,113
21,14,28
22,65,68
23,58,68
24,51,68
25,42,64
26,71,66
27,53,44
28,62,45
29,46,46
30,41,49
31,35,68
32,70,174
33,42,59
34,11,62
35,27,61
36,60,101
37,89,127
38,90,137
39,80,131
40,75,135
41,84,137
42,79,138
43,65,149
44,92,110
45,91,102
46,29,40
47,75,81
48,76,107
49,75,102
50,38,100
51,91,92
52,46,31
53,36,34
54,21,14
55,80,39
56,69,49
57,60,142
58,21,135
59,81,111
60,87,113
61,71,141
62,72,141
63,32,28
64,76,110
65,60,32
66,59,26
67,52,-2
68,27,23
69,57,13
70,25,35
71,19,33
72,89,132
73,82,134
74,77,137
75,83,112
76,72,141
77,74,143
78,73,141
79,84,109
80,81,140
81,85,139
82,91,139
83,88,163
84,89,155
85,89,150
86,90,144
87,91,140
88,81,140
89,79,142
90,77,145
91,76,148
92,68,129
93,12,95
94,98,115
95,77,140
96,76,141
97,89,116
98,78,114
99,88,115
100,68,86
101,55,91
102,74,106
103,33,4
104,39,15
105,43,25
106,71,155
107,77,28
108,76,13
109,73,-5
110,45,66
111,27,73
112,75,64
113,33,52
114,80,76
115,80,104
116,19,79
117,32,79
118,42,83
119,56,82
120,67,79
121,74,75
122,90,67
123,20,96
124,27,49
125,94,113
126,76,90
127,9,60
128,80,71
129,73,106
130,38,59
131,79,99
132,15,115
133,75,61
134,85,95
135,38,156
136,37,164
137,13,96
138,28,145
139,15,47
140,69,182
141,95,115
142,70,95
143,20,61
144,52,64
145,57,64
146,73,144
147,22,112
148,82,193
149,59,182
150,49,175
151,97,13
152,98,194
153,63,64
154,69,63
155,73,62
156,22,47
157,68,55
158,62,53
159,56,53
160,50,54
161,46,56
162,10,42
163,48,62
164,98,122
165,75,125
166,81,110
167,88,123
168,97,54
169,48,166
170,58,174
171,82,188
172,29,152
173,73,59
174,86,79
175,98,189
176,70,188
177,16,114
178,85,139
179,84,143
180,82,147
181,81,152
182,78,160
183,76,140
184,74,139
185,72,138
186,62,135
187,33,117
188,85,71
189,80,55
190,75,56
191,77,140
192,32,135
193,87,54
194,74,167
195,98,82
196,91,76
197,98,74
198,81,92
199,98,181
200,98,172
201,86,171
202,57,152
203,67,112
204,65,160
205,49,110
206,59,119
207,43,123
208,83,180
209,77,96
210,51,158
211,60,167
212,51,143
213,25,125
214,42,144
215,20,130
216,54,129
217,81,84
218,82,108
219,78,109
220,85,103
221,74,46
222,61,40
223,50,40
224,42,41
225,36,45
226,33,59
227,11,79
228,39,72
229,47,74
230,57,75
231,66,73
232,73,70
233,78,68
234,10,77
235,78,111
236,86,87
237,87,109
238,90,112
239,87,110
240,80,113
241,92,113
242,93,114
243,77,62
244,82,64
245,84,65
246,44,58
247,38,53
248,104,83
249,150,60
250,105,113
251,178,26
252,130,66
253,137,66
254,144,66
255,153,62
256,124,64
257,141,45
258,133,46
259,149,46
260,154,49
261,159,67
262,125,174
263,153,58
264,182,60
265,167,60
266,134,100
267,106,127
268,105,137
269,114,131
270,119,135
271,111,137
272,116,139
273,129,148
274,104,110
275,105,102
276,163,40
277,119,81
278,120,106
279,120,102
280,156,99
281,104,92
282,147,33
283,157,35
284,171,13
285,115,41
286,126,49
287,135,141
288,174,133
289,114,111
290,109,113
291,124,142
292,122,141
293,160,29
294,120,109
295,133,34
296,134,28
297,141,-3
298,166,21
299,137,12
300,167,36
301,173,32
302,106,132
303,113,134
304,117,137
305,112,112
306,123,142
307,120,143
308,121,141
309,111,109
310,114,140
311,110,139
312,104,139
313,107,163
314,105,155
315,105,150
316,105,144
317,104,140
318,114,140
319,115,142
320,117,145
321,118,148
322,127,129
323,182,93
324,117,141
325,119,142
326,107,116
327,117,114
328,108,115
329,127,85
330,139,90
331,121,105
332,159,3
333,154,15
334,149,26
335,124,154
336,117,31
337,118,12
338,121,-5
339,150,65
340,167,72
341,120,62
342,160,51
343,114,76
344,116,104
345,175,77
346,163,78
347,154,81
348,139,81
349,129,77
350,121,74
351,104,66
352,174,94
353,166,49
354,102,113
355,118,89
356,184,58
357,116,70
358,122,105
359,156,57
360,116,99
361,179,113
362,120,60
363,110,94
364,158,155
365,158,162
366,181,94
367,167,144
368,178,45
369,127,181
370,101,115
371,125,94
372,173,61
373,143,62
374,137,62
375,122,144
376,172,110
377,114,192
378,136,181
379,147,173
380,131,61
381,126,60
382,122,60
383,171,47
384,127,55
385,133,54
386,139,54
387,145,55
388,149,56
389,182,40
390,147,61
391,120,125
392,114,110
393,107,123
394,147,165
395,138,173
396,114,187
397,167,150
398,122,58
399,109,79
400,126,187
401,179,112
402,109,139
403,111,143
404,112,147
405,113,152
406,116,159
407,119,140
408,121,139
409,122,138
410,132,134
411,162,115
412,109,71
413,115,54
414,119,55
415,117,141
416,163,133
417,108,55
418,121,166
419,104,75
420,114,91
421,110,171
422,137,151
423,128,111
424,130,160
425,146,109
426,135,118
427,152,121
428,112,180
429,118,95
430,144,157
431,135,166
432,143,142
433,170,123
434,153,142
435,175,128
436,140,128
437,114,84
438,113,108
439,117,109
440,111,103
441,121,47
442,133,41
443,143,40
444,152,42
445,158,45
446,161,59
447,182,77
448,156,70
449,148,73
450,138,73
451,129,71
452,122,69
453,118,67
454,183,75
455,117,111
456,109,87
457,109,108
458,105,112
459,109,109
460,115,113
461,104,113
462,103,114
463,118,60
464,114,63
465,111,65
466,151,57
467,156,52
468,59,58
469,67,58
470,59,51
471,52,58
472,59,65
473,136,57
474,144,57
475,136,50
476,129,57
477,136,64
