0,104,129
1,118,113
2,108,118
3,108,87
4,120,106
5,118,95
6,110,67
7,42,55
8,109,45
9,111,34
10,113,0
11,103,133
12,102,137
13,101,140
14,100,141
15,100,146
16,100,152
17,99,157
18,96,157
19,115,116
20,104,116
21,3,20
22,68,64
23,61,64
24,52,64
25,38,57
26,75,62
27,57,37
28,67,39
29,48,38
30,41,41
31,32,63
32,62,166
33,38,51
34,-1,53
35,20,55
36,65,100
37,95,128
38,94,137
39,84,131
40,76,134
41,86,137
42,79,138
43,61,146
44,112,113
45,112,106
46,32,35
47,80,81
48,85,108
49,83,103
50,38,97
51,111,96
52,57,29
53,43,30
54,19,8
55,93,41
56,74,44
57,57,141
58,-8,119
59,90,113
60,96,115
61,66,140
62,68,140
63,38,24
64,83,111
65,73,32
66,73,25
67,65,-2
68,29,18
69,70,13
70,25,30
71,15,27
72,95,132
73,85,134
74,78,136
75,91,114
76,67,140
77,71,142
78,69,140
79,98,112
80,79,139
81,86,139
82,94,140
83,86,157
84,90,157
85,91,151
86,92,145
87,93,141
88,79,140
89,77,142
90,76,145
91,74,148
92,72,129
93,-15,81
94,112,117
95,74,140
96,72,141
97,99,118
98,84,115
99,98,117
100,72,85
101,59,90
102,81,106
103,38,0
104,47,12
105,55,22
106,68,151
107,92,30
108,91,15
109,89,-2
110,43,62
111,22,69
112,79,61
113,32,45
114,87,77
115,93,107
116,10,73
117,31,77
118,44,81
119,61,80
120,71,76
121,79,73
122,102,69
123,11,89
124,25,44
125,111,116
126,82,89
127,-12,48
128,86,69
129,78,106
130,34,50
131,91,101
132,-14,99
133,78,58
134,101,98
135,21,147
136,14,151
137,-5,85
138,9,134
139,6,39
140,58,173
141,109,117
142,74,94
143,10,55
144,53,60
145,61,60
146,69,143
147,11,104
148,69,181
149,42,171
150,29,163
151,113,18
152,85,182
153,67,59
154,73,58
155,76,58
156,16,41
157,71,49
158,64,45
159,56,44
160,49,45
161,43,47
162,-6,32
163,47,58
164,107,124
165,80,126
166,91,112
167,97,124
168,108,55
169,33,157
170,45,165
171,73,178
172,1,137
173,75,55
174,97,81
175,89,178
176,55,177
177,-4,102
178,85,140
179,84,144
180,83,148
181,81,153
182,76,154
183,73,139
184,71,138
185,70,137
186,64,135
187,27,111
188,95,72
189,86,52
190,80,52
191,74,140
192,20,127
193,97,54
194,68,160
195,115,86
196,105,78
197,113,77
198,91,93
199,92,172
200,93,164
201,81,164
202,51,148
203,70,111
204,58,155
205,51,109
206,62,118
207,41,120
208,77,172
209,84,96
210,40,152
211,51,160
212,46,140
213,11,116
214,32,138
215,0,118
216,54,128
217,90,85
218,96,111
219,88,111
220,103,106
221,82,44
222,70,37
223,58,35
224,47,35
225,38,39
226,29,53
227,-4,69
228,38,67
229,48,71
230,60,71
231,70,69
232,77,67
233,82,65
234,-15,64
235,87,113
236,100,89
237,105,112
238,106,115
239,102,113
240,87,115
241,108,116
242,106,117
243,81,59
244,87,61
245,92,64
246,40,49
247,36,45
248,120,87
249,139,59
250,118,115
251,145,29
252,123,67
253,128,68
254,134,68
255,140,61
256,119,65
257,135,45
258,129,46
259,141,45
260,143,48
261,142,66
262,108,162
263,141,56
264,139,58
265,145,59
266,129,100
267,110,128
268,107,137
269,115,131
270,116,134
271,110,137
272,112,139
273,116,144
274,123,112
275,125,106
276,150,40
277,120,81
278,127,107
279,126,103
280,139,97
281,123,96
282,144,36
283,149,36
284,148,18
285,122,45
286,122,49
287,121,138
288,114,115
289,123,112
290,118,115
291,114,141
292,113,141
293,151,30
294,125,110
295,136,39
296,138,32
297,142,4
298,150,27
299,141,19
300,152,36
301,149,35
302,109,133
303,113,134
304,114,137
305,121,113
306,114,141
307,113,142
308,112,141
309,124,111
310,109,140
311,108,140
312,105,140
313,102,156
314,106,156
315,106,150
316,106,145
317,104,140
318,109,140
319,111,142
320,112,145
321,113,148
322,122,127
323,122,82
324,110,140
325,112,141
326,116,118
327,121,114
328,117,116
329,124,85
330,131,90
331,125,105
332,148,10
333,148,21
334,147,29
335,112,148
336,126,36
337,129,19
338,131,1
339,138,65
340,144,71
341,116,63
342,146,50
343,118,77
344,128,106
345,143,75
346,143,79
347,139,83
348,129,81
349,122,77
350,118,74
351,115,69
352,142,90
353,148,49
354,118,116
355,121,89
356,131,54
357,115,71
358,123,105
359,142,55
360,126,100
361,118,98
362,116,61
363,125,97
364,118,140
365,110,144
366,134,86
367,121,128
368,144,46
369,106,168
370,115,117
371,123,94
372,146,59
373,134,64
374,129,64
375,114,144
376,137,102
377,95,178
378,104,164
379,107,155
380,124,63
381,120,62
382,117,61
383,149,46
384,121,54
385,127,51
386,132,51
387,137,52
388,139,53
389,140,40
390,138,62
391,121,124
392,124,111
393,114,124
394,114,150
395,110,159
396,100,175
397,111,130
398,118,58
399,119,81
400,101,172
401,130,100
402,107,140
403,109,143
404,110,148
405,111,152
406,108,152
407,112,140
408,114,139
409,116,138
410,122,132
411,136,109
412,116,73
413,115,56
414,117,56
415,110,140
416,128,123
417,113,57
418,107,157
419,117,78
420,122,93
421,101,162
422,118,144
423,126,110
424,113,151
425,134,108
426,128,117
427,133,117
428,102,169
429,122,96
430,118,146
431,113,154
432,124,136
433,131,113
434,125,133
435,125,114
436,127,126
437,120,85
438,126,109
439,126,110
440,127,105
441,122,49
442,132,43
443,140,42
444,145,42
445,147,45
446,143,57
447,137,72
448,140,71
449,135,74
450,129,74
451,122,71
452,118,69
453,115,67
454,125,68
455,124,112
456,122,89
457,125,111
458,120,114
459,123,112
460,121,114
461,120,115
462,116,116
463,115,61
464,113,64
465,113,66
466,140,55
467,144,51
468,52,51
469,61,51
470,53,43
471,44,51
472,52,59
473,126,56
474,133,57
475,127,49
476,119,56
477,125,63
