0,99,134
1,96,114
2,96,118
3,90,86
4,97,106
5,97,95
6,97,67
7,43,60
8,98,45
9,98,34
10,99,-6
11,99,136
12,99,138
13,99,139
14,99,151
15,99,155
16,99,159
17,99,164
18,97,168
19,96,117
20,88,115
21,13,23
22,65,68
23,57,69
24,49,68
25,40,62
26,71,66
27,52,44
28,61,46
29,44,45
30,39,48
31,33,65
32,68,175
33,40,57
34,11,57
35,25,57
36,56,98
37,87,132
38,87,136
39,75,131
40,67,130
41,78,134
42,70,133
43,58,142
44,90,113
45,89,106
46,27,36
47,73,80
48,71,106
49,71,101
50,33,95
51,90,96
52,45,32
53,34,32
54,20,11
55,79,46
56,69,50
57,52,133
58,21,125
59,76,111
60,83,114
61,56,129
62,58,130
63,30,25
64,70,108
65,60,37
66,59,29
67,52,-3
68,25,20
69,56,12
70,23,31
71,18,30
72,87,134
73,77,133
74,69,131
75,78,112
76,57,130
77,62,138
78,59,131
79,81,110
80,72,134
81,79,135
82,88,137
83,85,166
84,86,162
85,86,158
86,87,153
87,88,150
88,72,142
89,70,143
90,68,145
91,66,147
92,61,124
93,13,87
94,96,118
95,66,137
96,64,137
97,85,117
98,72,112
99,84,115
100,65,84
101,52,88
102,69,104
103,32,1
104,37,13
105,43,24
106,65,152
107,77,36
108,76,13
109,74,-6
110,43,66
111,25,70
112,75,65
113,32,49
114,79,76
115,76,105
116,16,73
117,30,76
118,40,80
119,55,80
120,65,78
121,73,75
122,90,68
123,17,89
124,26,46
125,92,117
126,73,89
127,9,53
128,79,72
129,68,103
130,36,56
131,76,99
132,16,105
133,75,62
134,83,97
135,37,149
136,38,156
137,12,89
138,27,137
139,14,42
140,67,183
141,93,117
142,66,93
143,18,57
144,50,65
145,57,65
146,60,138
147,18,104
148,81,195
149,59,179
150,50,169
151,99,14
152,97,197
153,64,65
154,70,63
155,74,63
156,20,42
157,68,56
158,61,53
159,54,53
160,48,53
161,44,55
162,10,36
163,46,63
164,96,123
165,69,122
166,76,110
167,85,123
168,97,55
169,47,161
170,57,172
171,80,190
172,29,142
173,73,60
174,84,81
175,97,193
176,69,188
177,15,106
178,79,147
179,77,149
180,76,152
181,75,156
182,74,160
183,64,131
184,62,130
185,61,129
186,55,128
187,27,110
188,84,72
189,80,57
190,76,57
191,65,132
192,28,128
193,87,58
194,71,167
195,97,86
196,90,78
197,97,77
198,78,92
199,97,185
200,97,176
201,83,174
202,53,146
203,62,108
204,61,157
205,43,107
206,54,115
207,37,117
208,81,183
209,73,95
210,48,152
211,58,164
212,46,135
213,21,117
214,37,137
215,19,122
216,48,122
217,79,85
218,78,109
219,73,109
220,82,105
221,74,50
222,61,43
223,50,40
224,41,41
225,34,43
226,31,57
227,11,73
228,38,70
229,45,73
230,56,74
231,65,72
232,73,70
233,77,68
234,11,70
235,73,110
236,84,89
237,84,111
238,88,115
239,84,112
240,75,112
241,90,116
242,90,117
243,78,63
244,81,65
245,84,67
246,42,56
247,36,51
248,103,87
249,152,62
250,104,115
251,182,25
252,130,68
253,138,69
254,145,68
255,155,63
256,123,67
257,142,45
258,133,47
259,151,46
260,156,49
261,161,67
262,125,175
263,155,59
264,182,59
265,169,60
266,136,99
267,111,132
268,110,136
269,121,131
270,129,130
271,119,135
272,125,133
273,134,142
274,103,113
275,104,106
276,167,39
277,120,81
278,121,106
279,122,102
280,159,96
281,104,96
282,150,33
283,160,34
284,176,13
285,115,44
286,125,51
287,140,132
288,169,127
289,116,111
290,109,114
291,138,130
292,136,131
293,165,28
294,122,108
295,135,36
296,136,29
297,146,-2
298,171,22
299,141,13
300,172,34
301,177,32
302,111,135
303,120,133
304,127,132
305,114,112
306,137,130
307,133,138
308,135,131
309,112,111
310,124,134
311,117,136
312,109,138
313,108,166
314,111,162
315,111,158
316,110,153
317,109,150
318,124,143
319,126,144
320,128,146
321,130,148
322,131,124
323,178,89
324,129,138
325,131,138
326,107,117
327,119,112
328,108,116
329,128,84
330,141,88
331,123,104
332,165,3
333,160,15
334,153,26
335,128,151
336,118,34
337,121,13
338,125,-5
339,151,67
340,169,71
341,119,65
342,163,51
343,115,77
344,116,106
345,176,75
346,164,77
347,154,81
348,140,80
349,129,78
350,121,75
351,105,68
352,174,91
353,169,49
354,100,117
355,119,89
356,184,55
357,115,72
358,124,103
359,158,58
360,117,100
361,175,108
362,119,63
363,110,97
364,155,150
365,152,157
366,179,91
367,163,138
368,180,44
369,125,183
370,99,118
371,126,93
372,176,60
373,144,65
374,138,65
375,135,138
376,173,106
377,112,195
378,133,179
379,142,170
380,131,65
381,125,64
382,121,63
383,174,46
384,127,57
385,134,54
386,141,54
387,147,55
388,151,57
389,184,39
390,149,63
391,123,122
392,116,110
393,108,123
394,144,162
395,135,172
396,112,190
397,161,144
398,122,61
399,109,81
400,124,189
401,176,107
402,117,147
403,119,149
404,121,153
405,122,157
406,120,160
407,131,132
408,133,131
409,134,130
410,137,127
411,164,111
412,110,72
413,114,57
414,119,58
415,129,133
416,163,128
417,107,57
418,122,167
419,104,78
420,115,92
421,110,174
422,139,146
423,130,108
424,131,157
425,149,107
426,138,115
427,155,118
428,112,183
429,119,95
430,144,153
431,134,164
432,146,135
433,170,118
434,154,137
435,171,123
436,144,123
437,114,85
438,114,109
439,119,109
440,110,106
441,121,49
442,134,43
443,145,41
444,154,42
445,160,45
446,163,59
447,181,75
448,157,71
449,149,74
450,139,74
451,129,73
452,122,71
453,117,69
454,181,72
455,119,110
456,109,89
457,108,111
458,104,115
459,108,112
460,117,112
461,103,116
462,102,117
463,116,63
464,113,65
465,110,66
466,153,58
467,159,53
468,56,59
469,63,59
470,56,52
471,49,59
472,56,66
473,139,59
474,147,59
475,139,52
476,131,59
477,139,66
