0,94,130
1,92,106
2,95,114
3,87,81
4,92,97
5,92,88
6,95,65
7,47,67
8,96,45
9,95,34
10,95,-3
11,94,132
12,95,134
13,96,135
14,97,152
15,97,155
16,97,158
17,98,162
18,100,169
19,93,110
20,88,111
21,27,40
22,67,73
23,59,74
24,53,73
25,45,70
26,74,71
27,56,50
28,65,50
29,48,51
30,43,55
31,39,74
32,73,180
33,45,65
34,25,74
35,33,69
36,59,103
37,83,128
38,85,133
39,74,130
40,68,133
41,78,134
42,72,135
43,64,151
44,86,106
45,85,98
46,34,47
47,75,84
48,71,105
49,71,101
50,37,103
51,86,89
52,48,38
53,39,41
54,31,25
55,80,45
56,72,54
57,58,142
58,35,149
59,77,110
60,83,112
61,63,139
62,65,139
63,36,36
64,71,109
65,61,39
66,60,32
67,54,3
68,33,30
69,57,17
70,31,44
71,28,43
72,84,131
73,76,132
74,70,134
75,79,111
76,64,139
77,67,145
78,66,139
79,80,107
80,74,135
81,80,135
82,87,134
83,89,168
84,86,161
85,86,157
86,87,154
87,88,152
88,75,147
89,73,148
90,71,150
91,70,152
92,64,128
93,29,110
94,94,112
95,71,144
96,69,144
97,86,114
98,74,113
99,85,113
100,67,88
101,54,94
102,70,105
103,39,12
104,42,21
105,46,31
106,70,158
107,77,34
108,74,15
109,72,-1
110,47,72
111,32,80
112,78,69
113,37,59
114,80,78
115,75,102
116,25,87
117,35,85
118,43,87
119,56,86
120,67,83
121,75,79
122,88,67
123,25,103
124,33,58
125,90,110
126,74,91
127,27,75
128,80,74
129,70,106
130,42,65
131,75,97
132,31,129
133,79,66
134,80,92
135,45,164
136,48,174
137,23,108
138,36,155
139,26,58
140,73,188
141,91,112
142,68,96
143,29,71
144,53,69
145,59,70
146,66,146
147,26,119
148,87,199
149,67,189
150,59,183
151,95,14
152,103,201
153,66,69
154,72,68
155,77,67
156,30,56
157,72,61
158,65,59
159,58,59
160,52,60
161,49,62
162,26,56
163,49,68
164,96,120
165,71,123
166,77,108
167,85,120
168,96,56
169,55,173
170,64,181
171,85,194
172,41,164
173,76,64
174,83,79
175,101,195
176,76,195
177,25,125
178,81,150
179,79,152
180,78,154
181,77,158
182,78,164
183,68,137
184,66,136
185,64,136
186,60,134
187,33,122
188,84,72
189,82,59
190,79,60
191,70,137
192,35,142
193,87,58
194,75,172
195,93,80
196,88,75
197,94,73
198,78,91
199,101,187
200,100,177
201,87,177
202,59,155
203,64,112
204,67,165
205,47,113
206,58,120
207,42,126
208,85,186
209,74,96
210,55,163
211,64,172
212,52,145
213,29,133
214,44,149
215,29,141
216,53,130
217,79,85
218,77,105
219,73,108
220,79,100
221,76,51
222,63,46
223,52,45
224,44,47
225,39,52
226,38,67
227,23,91
228,42,78
229,48,79
230,58,79
231,67,78
232,75,75
233,80,72
234,28,93
235,74,110
236,82,86
237,82,105
238,87,109
239,82,107
240,76,112
241,88,110
242,89,112
243,81,66
244,84,67
245,85,68
246,47,64
247,41,59
248,100,81
249,157,62
250,102,110
251,189,32
252,133,70
253,141,71
254,149,70
255,160,64
256,127,68
257,144,44
258,135,46
259,153,45
260,160,48
261,167,69
262,133,179
263,160,59
264,194,67
265,177,61
266,140,100
267,107,127
268,107,133
269,121,129
270,130,131
271,119,133
272,128,133
273,142,148
274,99,105
275,99,97
276,172,38
277,122,82
278,121,103
279,123,99
280,167,98
281,100,88
282,151,30
283,163,32
284,179,16
285,114,43
286,127,51
287,148,139
288,194,145
289,115,108
290,109,111
291,143,136
292,141,137
293,168,26
294,123,107
295,135,34
296,136,27
297,143,-1
298,172,23
299,137,12
300,178,34
301,182,35
302,107,130
303,119,131
304,129,132
305,114,109
306,142,136
307,137,143
308,140,137
309,110,105
310,126,134
311,118,133
312,108,134
313,112,168
314,111,161
315,110,157
316,109,153
317,108,151
318,126,145
319,128,146
320,130,148
321,132,150
322,136,126
323,201,104
324,133,142
325,135,142
326,106,114
327,121,111
328,107,112
329,132,85
330,146,90
331,125,103
332,164,5
333,158,15
334,154,24
335,134,156
336,116,32
337,117,13
338,120,-4
339,156,68
340,176,73
341,122,66
342,168,51
343,116,77
344,115,100
345,187,81
346,169,79
347,158,83
348,142,82
349,131,79
350,122,76
351,103,67
352,187,97
353,175,49
354,97,110
355,121,88
356,199,67
357,116,72
358,127,103
359,164,59
360,116,95
361,199,124
362,122,64
363,108,91
364,172,162
365,173,173
366,197,101
367,183,151
368,188,50
369,134,188
370,97,112
371,130,94
372,185,62
373,148,66
374,141,67
375,138,143
376,188,114
377,119,199
378,146,189
379,159,183
380,135,66
381,128,65
382,124,64
383,182,47
384,130,58
385,137,55
386,144,54
387,150,55
388,155,56
389,195,48
390,153,64
391,126,122
392,115,107
393,108,120
394,159,172
395,147,180
396,119,193
397,185,161
398,124,61
399,108,78
400,133,195
401,196,120
402,118,148
403,119,150
404,121,153
405,122,156
406,125,163
407,135,135
408,137,134
409,138,133
410,144,131
411,176,117
412,109,71
413,116,57
414,121,58
415,134,135
416,179,138
417,107,57
418,129,171
419,102,74
420,115,90
421,115,176
422,149,153
423,134,109
424,140,163
425,155,109
426,143,117
427,164,122
428,117,185
429,121,94
430,155,161
431,144,171
432,155,142
433,187,128
434,167,145
435,192,136
436,152,126
437,115,83
438,112,104
439,119,106
440,107,98
441,122,49
442,135,42
443,147,39
444,157,40
445,164,44
446,169,60
447,196,84
448,162,72
449,153,75
450,142,76
451,132,74
452,124,72
453,119,70
454,200,86
455,119,108
456,107,84
457,105,104
458,102,109
459,106,106
460,118,110
461,100,109
462,100,111
463,119,64
464,114,65
465,111,67
466,157,58
467,163,53
468,62,63
469,69,63
470,61,56
471,54,63
472,62,70
473,143,60
474,151,60
475,143,53
476,135,60
477,143,67
