0,94,130
1,97,117
2,97,121
3,91,88
4,97,109
5,97,97
6,98,68
7,43,61
8,98,45
9,98,34
10,98,-7
11,94,133
12,95,136
13,95,138
14,95,140
15,95,144
16,95,148
17,95,153
18,97,160
19,97,120
20,89,118
21,14,24
22,65,68
23,57,69
24,50,69
25,40,63
26,71,66
27,54,45
28,62,47
29,46,47
30,40,49
31,33,68
32,69,173
33,40,59
34,10,60
35,24,61
36,58,101
37,85,129
38,86,135
39,76,131
40,70,132
41,79,135
42,73,135
43,62,144
44,91,116
45,90,109
46,29,41
47,75,82
48,73,109
49,73,105
50,34,99
51,90,98
52,49,35
53,38,36
54,21,12
55,82,44
56,70,50
57,55,137
58,17,132
59,78,114
60,84,117
61,64,135
62,66,135
63,33,30
64,72,111
65,63,37
66,62,30
67,52,-3
68,26,22
69,56,13
70,25,36
71,19,32
72,85,132
73,77,133
74,71,134
75,80,115
76,65,135
77,68,138
78,66,135
79,82,114
80,75,136
81,80,137
82,87,137
83,87,160
84,86,152
85,86,147
86,86,143
87,87,140
88,75,138
89,74,139
90,72,141
91,71,144
92,64,128
93,10,91
94,97,120
95,71,137
96,70,137
97,87,119
98,75,115
99,86,118
100,66,86
101,53,91
102,71,107
103,32,2
104,38,15
105,46,28
106,68,151
107,80,34
108,76,13
109,73,-6
110,44,67
111,25,72
112,75,65
113,32,52
114,80,78
115,78,109
116,16,77
117,31,79
118,41,83
119,55,82
120,66,79
121,74,76
122,90,70
123,16,94
124,26,50
125,93,119
126,75,91
127,9,56
128,80,72
129,70,106
130,37,58
131,77,103
132,12,111
133,75,62
134,84,99
135,34,154
136,35,162
137,10,94
138,24,143
139,15,44
140,68,181
141,94,120
142,68,96
143,17,61
144,51,64
145,58,65
146,67,139
147,17,110
148,82,193
149,59,181
150,48,173
151,98,13
152,98,194
153,64,64
154,70,63
155,74,62
156,20,47
157,68,56
158,62,54
159,55,54
160,49,55
161,45,56
162,10,38
163,47,63
164,97,125
165,71,125
166,78,114
167,86,125
168,98,56
169,46,164
170,57,173
171,82,187
172,25,149
173,73,60
174,85,83
175,98,189
176,70,188
177,12,111
178,80,139
179,79,141
180,78,145
181,78,149
182,77,156
183,69,135
184,67,135
185,66,134
186,58,132
187,27,115
188,85,73
189,81,56
190,76,57
191,71,136
192,26,133
193,88,57
194,73,164
195,97,87
196,91,79
197,98,78
198,80,95
199,98,181
200,97,170
201,85,169
202,55,149
203,64,112
204,63,157
205,44,110
206,56,119
207,37,121
208,83,179
209,75,98
210,48,155
211,59,165
212,47,139
213,19,123
214,37,141
215,16,128
216,49,127
217,80,87
218,80,113
219,75,113
220,83,109
221,75,49
222,63,43
223,52,42
224,43,43
225,36,46
226,31,59
227,9,77
228,38,72
229,46,75
230,56,75
231,66,73
232,73,71
233,78,69
234,9,73
235,75,113
236,85,91
237,85,115
238,89,118
239,85,115
240,77,115
241,90,119
242,91,119
243,78,62
244,82,65
245,85,67
246,42,58
247,37,53
248,104,88
249,154,58
250,105,118
251,183,21
252,131,67
253,140,67
254,147,66
255,157,60
256,124,65
257,144,43
258,134,44
259,152,43
260,157,46
261,164,65
262,126,172
263,157,55
264,187,56
265,171,57
266,138,100
267,105,129
268,104,135
269,115,130
270,122,132
271,113,135
272,119,135
273,133,143
274,104,116
275,105,108
276,167,38
277,121,82
278,122,109
279,122,104
280,162,96
281,104,97
282,150,31
283,160,33
284,176,9
285,115,42
286,126,49
287,140,136
288,181,129
289,116,114
290,110,116
291,130,135
292,128,135
293,164,27
294,122,111
295,136,33
296,137,27
297,146,-5
298,171,19
299,141,12
300,171,33
301,178,29
302,105,132
303,114,133
304,120,134
305,115,115
306,129,135
307,125,138
308,127,135
309,113,114
310,118,136
311,111,136
312,104,137
313,107,160
314,105,152
315,105,147
316,104,143
317,104,140
318,117,138
319,119,139
320,120,141
321,122,143
322,131,127
323,188,88
324,122,137
325,123,137
326,107,119
327,120,114
328,109,118
329,129,85
330,143,89
331,124,106
332,165,0
333,159,13
334,152,24
335,126,150
336,118,32
337,121,12
338,124,-7
339,154,64
340,172,69
341,120,64
342,164,49
343,116,77
344,117,108
345,181,74
346,168,76
347,158,80
348,143,80
349,131,78
350,123,75
351,105,69
352,180,91
353,170,47
354,101,119
355,120,90
356,190,52
357,116,72
358,124,105
359,160,55
360,117,102
361,186,108
362,120,61
363,111,99
364,163,152
365,163,160
366,188,90
367,174,140
368,183,41
369,128,181
370,101,120
371,127,95
372,177,58
373,146,62
374,139,63
375,126,139
376,180,106
377,114,192
378,139,180
379,150,171
380,132,62
381,126,62
382,122,61
383,175,44
384,127,55
385,135,52
386,142,51
387,149,52
388,153,53
389,188,35
390,151,60
391,123,124
392,116,113
393,108,125
394,151,163
395,140,172
396,114,187
397,173,146
398,122,59
399,110,82
400,127,187
401,186,108
402,111,139
403,112,141
404,114,144
405,114,148
406,118,156
407,124,135
408,125,134
409,127,134
410,137,131
411,169,112
412,110,73
413,114,56
414,119,56
415,122,136
416,170,130
417,108,56
418,122,164
419,105,79
420,115,94
421,110,169
422,141,147
423,131,110
424,132,156
425,151,108
426,139,117
427,158,119
428,112,179
429,120,97
430,148,154
431,137,164
432,148,137
433,178,120
434,159,139
435,182,124
436,146,125
437,115,86
438,115,112
439,120,112
440,111,108
441,121,47
442,134,41
443,146,39
444,156,40
445,162,43
446,165,56
447,188,73
448,160,69
449,152,72
450,141,73
451,131,72
452,123,70
453,118,68
454,189,70
455,119,113
456,110,90
457,109,114
458,106,117
459,110,115
460,118,114
461,104,118
462,103,119
463,117,62
464,113,64
465,111,66
466,155,54
467,160,50
468,57,59
469,65,58
470,57,50
471,48,59
472,56,67
473,141,57
474,149,56
475,140,49
476,132,57
477,141,64
