0,98,126
1,95,105
2,96,112
3,89,80
4,95,97
5,95,87
6,96,64
7,42,61
8,97,45
9,97,34
10,97,-2
11,98,129
12,98,132
13,99,133
14,100,148
15,100,152
16,100,156
17,100,161
18,97,168
19,96,109
20,88,109
21,16,34
22,62,67
23,55,67
24,48,67
25,38,64
26,69,66
27,52,46
28,61,47
29,44,48
30,39,51
31,32,68
32,65,179
33,39,60
34,10,67
35,23,63
36,54,98
37,85,124
38,87,131
39,73,127
40,65,130
41,77,132
42,70,133
43,57,147
44,89,105
45,88,97
46,28,43
47,72,80
48,69,102
49,69,98
50,30,96
51,88,88
52,47,35
53,36,37
54,23,20
55,80,41
56,68,51
57,50,137
58,15,142
59,75,106
60,82,109
61,57,137
62,60,137
63,32,32
64,69,105
65,61,35
66,60,29
67,53,1
68,28,26
69,57,15
70,24,40
71,20,38
72,86,128
73,75,130
74,67,132
75,77,108
76,59,137
77,63,142
78,61,137
79,79,104
80,72,134
81,79,133
82,88,133
83,84,167
84,87,159
85,87,155
86,88,150
87,89,147
88,72,143
89,71,145
90,69,147
91,67,149
92,59,124
93,9,102
94,96,111
95,67,141
96,65,141
97,85,112
98,71,109
99,84,110
100,63,84
101,49,88
102,67,101
103,35,9
104,39,18
105,44,29
106,64,155
107,78,31
108,75,15
109,73,-1
110,42,66
111,23,73
112,73,64
113,31,54
114,78,75
115,74,99
116,14,80
117,28,78
118,38,80
119,53,80
120,64,77
121,72,74
122,89,65
123,13,95
124,25,53
125,91,109
126,72,87
127,10,67
128,78,70
129,66,101
130,35,60
131,74,94
132,10,121
133,73,61
134,81,90
135,30,159
136,31,170
137,7,99
138,20,149
139,15,51
140,63,189
141,92,111
142,64,92
143,17,65
144,49,62
145,55,63
146,61,143
147,13,111
148,79,202
149,54,189
150,43,181
151,97,15
152,97,204
153,61,63
154,67,62
155,71,62
156,20,51
157,66,57
158,60,56
159,54,55
160,48,56
161,44,58
162,12,49
163,45,62
164,97,117
165,67,120
166,75,105
167,84,117
168,96,54
169,41,170
170,52,179
171,78,195
172,22,158
173,71,60
174,83,77
175,96,197
176,65,196
177,8,117
178,80,145
179,78,148
180,77,151
181,76,155
182,72,162
183,64,135
184,62,134
185,60,133
186,53,130
187,22,114
188,84,70
189,79,55
190,74,56
191,66,135
192,22,135
193,86,54
194,68,170
195,96,79
196,89,73
197,96,72
198,77,88
199,97,188
200,97,177
201,82,176
202,50,151
203,60,107
204,58,162
205,41,106
206,52,115
207,34,119
208,79,186
209,71,92
210,44,159
211,54,170
212,43,139
213,15,125
214,33,143
215,12,134
216,45,124
217,78,82
218,77,103
219,72,104
220,81,98
221,73,48
222,61,43
223,50,42
224,41,44
225,34,47
226,30,61
227,8,83
228,36,71
229,43,73
230,54,73
231,63,72
232,71,70
233,76,67
234,9,84
235,72,106
236,83,83
237,83,104
238,87,108
239,83,105
240,74,108
241,89,108
242,90,110
243,76,62
244,80,63
245,83,64
246,41,59
247,35,55
248,103,80
249,155,63
250,104,109
251,183,35
252,132,66
253,140,67
254,147,68
255,158,65
256,126,65
257,144,48
258,135,49
259,152,50
260,157,53
261,165,69
262,129,180
263,158,62
264,189,69
265,174,64
266,140,98
267,111,124
268,110,131
269,124,126
270,132,129
271,120,132
272,127,133
273,140,147
274,102,105
275,103,97
276,168,46
277,122,80
278,124,102
279,124,98
280,165,97
281,103,88
282,148,38
283,159,40
284,174,21
285,113,44
286,128,51
287,147,137
288,186,144
289,118,106
290,111,109
291,140,136
292,137,136
293,164,35
294,125,105
295,133,38
296,134,32
297,143,2
298,169,28
299,138,16
300,173,42
301,177,39
302,111,128
303,122,129
304,129,131
305,116,108
306,139,136
307,135,142
308,136,137
309,113,105
310,125,134
311,118,133
312,109,133
313,110,167
314,113,160
315,113,155
316,112,150
317,111,147
318,126,143
319,128,144
320,130,146
321,132,149
322,137,124
323,193,104
324,131,140
325,133,141
326,108,112
327,123,109
328,109,110
329,131,84
330,145,88
331,126,101
332,162,10
333,156,20
334,150,32
335,133,155
336,115,34
337,119,15
338,122,-1
339,154,67
340,173,74
341,122,63
342,165,56
343,115,75
344,118,100
345,183,81
346,168,79
347,157,81
348,142,80
349,131,77
350,123,74
351,104,66
352,184,97
353,171,55
354,100,109
355,122,87
356,191,69
357,116,70
358,128,102
359,162,62
360,118,95
361,191,124
362,123,61
363,111,90
364,167,161
365,166,173
366,192,101
367,178,151
368,183,53
369,130,190
370,99,111
371,130,92
372,181,65
373,146,63
374,140,63
375,137,143
376,184,113
377,114,202
378,141,191
379,153,183
380,134,62
381,128,61
382,125,61
383,178,52
384,130,59
385,136,58
386,142,58
387,148,59
388,153,61
389,188,50
390,151,63
391,128,120
392,117,105
393,110,118
394,154,172
395,143,181
396,115,195
397,177,161
398,125,60
399,109,77
400,129,197
401,190,119
402,119,145
403,121,148
404,123,151
405,124,155
406,123,162
407,133,134
408,135,133
409,137,132
410,144,130
411,174,115
412,110,70
413,116,56
414,121,57
415,131,135
416,175,136
417,107,56
418,126,170
419,103,73
420,116,88
421,112,176
422,146,151
423,135,108
424,137,162
425,154,107
426,143,115
427,162,120
428,114,186
429,122,92
430,152,160
431,141,171
432,153,140
433,183,127
434,163,144
435,186,136
436,151,125
437,115,82
438,115,103
439,121,105
440,111,98
441,122,49
442,134,45
443,145,44
444,155,46
445,162,50
446,167,63
447,191,85
448,160,72
449,152,74
450,141,73
451,132,71
452,124,69
453,119,67
454,193,86
455,121,106
456,109,84
457,109,104
458,104,108
459,109,105
460,120,108
461,103,108
462,102,110
463,120,61
464,115,63
465,112,65
466,156,61
467,161,57
468,58,59
469,66,59
470,58,52
471,50,59
472,58,66
473,142,61
474,150,61
475,143,55
476,135,60
477,142,67
