0,98,130
1,93,111
2,95,118
3,88,85
4,93,103
5,93,93
6,96,67
7,43,63
8,96,43
9,96,32
10,98,-6
11,98,133
12,98,136
13,98,138
14,98,138
15,98,142
16,98,148
17,99,153
18,97,160
19,94,115
20,87,115
21,24,31
22,63,70
23,56,71
24,49,70
25,41,65
26,69,68
27,55,45
28,63,47
29,47,46
30,42,50
31,35,70
32,70,173
33,41,60
34,18,66
35,29,64
36,56,102
37,86,127
38,88,135
39,75,128
40,69,129
41,79,134
42,72,133
43,61,143
44,87,111
45,86,103
46,35,41
47,74,83
48,70,107
49,70,103
50,33,100
51,86,93
52,51,32
53,42,35
54,29,17
55,81,39
56,69,51
57,54,136
58,26,139
59,76,112
60,82,114
61,59,131
62,61,131
63,39,30
64,70,110
65,64,33
66,63,26
67,55,-1
68,32,24
69,57,13
70,31,38
71,26,36
72,87,131
73,77,131
74,70,131
75,78,113
76,60,131
77,65,134
78,63,132
79,79,111
80,74,134
81,81,135
82,89,137
83,86,159
84,87,152
85,87,147
86,88,141
87,89,137
88,74,134
89,72,136
90,70,138
91,69,141
92,62,127
93,20,100
94,94,117
95,69,133
96,67,134
97,85,117
98,73,114
99,84,116
100,65,87
101,52,92
102,69,106
103,39,6
104,42,16
105,50,26
106,68,150
107,80,28
108,75,13
109,74,-4
110,44,69
111,28,75
112,73,66
113,36,53
114,79,79
115,74,105
116,20,81
117,31,81
118,40,84
119,53,83
120,63,80
121,71,77
122,88,69
123,19,97
124,31,52
125,90,115
126,74,91
127,20,64
128,77,72
129,69,106
130,38,60
131,75,100
132,22,120
133,73,63
134,80,96
135,38,157
136,41,166
137,16,100
138,28,147
139,22,50
140,69,182
141,91,117
142,67,96
143,23,65
144,50,66
145,56,67
146,63,135
147,19,113
148,83,192
149,63,182
150,53,175
151,97,13
152,98,194
153,62,66
154,67,65
155,71,64
156,27,50
157,67,58
158,61,55
159,56,54
160,49,55
161,45,57
162,21,46
163,46,65
164,95,123
165,69,124
166,76,111
167,84,123
168,96,55
169,50,166
170,59,174
171,82,187
172,32,155
173,71,61
174,83,81
175,97,189
176,72,188
177,17,117
178,80,135
179,79,139
180,77,143
181,76,147
182,76,155
183,67,132
184,65,131
185,63,130
186,56,131
187,26,117
188,84,73
189,79,56
190,74,58
191,69,133
192,28,136
193,86,55
194,72,164
195,94,84
196,88,77
197,95,76
198,77,93
199,97,181
200,97,170
201,84,169
202,55,149
203,62,111
204,64,158
205,43,110
206,54,118
207,36,122
208,82,179
209,73,97
210,50,156
211,60,165
212,47,139
213,22,127
214,38,143
215,21,133
216,48,126
217,78,86
218,77,109
219,73,110
220,80,104
221,74,47
222,63,42
223,53,40
224,45,42
225,39,46
226,34,62
227,16,83
228,38,74
229,45,76
230,54,76
231,63,75
232,70,72
233,75,70
234,20,82
235,73,112
236,82,88
237,82,110
238,86,114
239,82,111
240,75,114
241,88,115
242,89,116
243,75,64
244,79,65
245,82,66
246,43,59
247,39,54
248,101,85
249,156,64
250,102,115
251,191,28
252,133,72
253,141,72
254,149,71
255,159,66
256,127,70
257,144,45
258,135,46
259,152,47
260,158,50
261,166,70
262,127,174
263,159,62
264,194,64
265,176,63
266,140,101
267,110,127
268,109,135
269,122,129
270,129,130
271,119,134
272,126,133
273,139,143
274,100,111
275,100,103
276,169,41
277,122,83
278,121,107
279,122,102
280,166,98
281,101,93
282,148,31
283,160,34
284,182,14
285,114,40
286,128,51
287,146,135
288,188,138
289,115,111
290,109,114
291,139,132
292,137,133
293,165,29
294,122,109
295,133,32
296,134,25
297,146,-3
298,174,22
299,140,11
300,175,37
301,184,33
302,110,131
303,120,131
304,128,132
305,114,113
306,138,132
307,133,135
308,135,133
309,110,110
310,124,135
311,117,136
312,108,137
313,108,159
314,111,152
315,110,147
316,109,141
317,108,137
318,124,135
319,126,136
320,128,139
321,130,142
322,135,126
323,197,98
324,129,134
325,131,135
326,106,117
327,120,113
328,107,116
329,131,86
330,145,91
331,124,105
332,168,3
333,161,14
334,151,24
335,130,150
336,115,29
337,120,12
338,124,-6
339,155,70
340,175,75
341,123,68
342,166,54
343,116,78
344,115,105
345,186,79
346,169,81
347,158,84
348,142,83
349,131,81
350,123,78
351,103,68
352,186,95
353,173,52
354,98,115
355,121,90
356,198,62
357,117,74
358,126,105
359,163,61
360,116,99
361,194,118
362,123,65
363,108,96
364,167,157
365,167,166
366,194,98
367,179,146
368,189,47
369,128,183
370,98,116
371,129,95
372,184,64
373,148,68
374,141,68
375,135,136
376,186,111
377,114,193
378,139,183
379,151,176
380,135,68
381,129,66
382,125,66
383,180,49
384,130,59
385,137,56
386,143,55
387,150,56
388,154,58
389,196,43
390,152,66
391,125,123
392,115,110
393,108,123
394,153,167
395,141,175
396,114,188
397,179,154
398,125,63
399,109,81
400,127,189
401,192,115
402,117,136
403,119,139
404,120,143
405,122,148
406,120,155
407,131,133
408,133,132
409,135,131
410,143,129
411,175,115
412,109,73
413,116,57
414,121,59
415,129,134
416,176,134
417,108,57
418,124,165
419,102,77
420,115,93
421,111,169
422,145,148
423,133,110
424,135,158
425,155,109
426,143,117
427,163,121
428,113,180
429,120,96
430,151,156
431,139,166
432,153,138
433,184,125
434,164,142
435,188,132
436,151,125
437,115,86
438,113,109
439,118,109
440,108,104
441,122,48
442,134,41
443,145,40
444,155,42
445,162,47
446,168,62
447,195,81
448,161,74
449,153,76
450,142,77
451,132,76
452,125,73
453,120,71
454,198,80
455,119,111
456,108,88
457,106,110
458,102,114
459,107,111
460,117,113
461,101,114
462,100,116
463,120,65
464,115,66
465,112,68
466,157,60
467,162,55
468,57,60
469,65,60
470,58,53
471,49,60
472,57,67
473,144,61
474,152,61
475,144,53
476,136,61
477,144,69
