0,99,133
1,100,112
2,100,118
3,93,84
4,100,104
5,100,92
6,99,65
7,47,59
8,99,44
9,98,34
10,98,-7
11,99,135
12,99,137
13,99,138
14,100,151
15,100,154
16,100,157
17,100,160
18,101,165
19,100,116
20,92,115
21,14,28
22,66,66
23,59,66
24,52,66
25,43,61
26,72,64
27,56,44
28,64,45
29,49,45
30,44,48
31,36,66
32,71,179
33,44,56
34,10,64
35,27,60
36,59,100
37,88,131
38,89,136
39,78,132
40,71,133
41,80,135
42,74,135
43,62,147
44,93,112
45,92,104
46,33,42
47,76,81
48,74,107
49,74,102
50,35,98
51,93,93
52,52,36
53,42,37
54,23,14
55,84,44
56,71,48
57,55,138
58,16,141
59,80,112
60,86,114
61,63,135
62,65,136
63,38,32
64,74,109
65,66,37
66,66,31
67,54,-3
68,29,23
69,59,12
70,29,37
71,20,34
72,88,134
73,79,134
74,72,134
75,81,113
76,64,135
77,68,141
78,66,136
79,84,111
80,75,136
81,81,136
82,89,137
83,89,165
84,89,159
85,89,156
86,89,152
87,90,150
88,76,145
89,74,145
90,73,147
91,71,149
92,64,128
93,8,99
94,100,117
95,71,141
96,69,141
97,89,117
98,76,113
99,88,116
100,68,85
101,54,89
102,72,105
103,35,3
104,41,15
105,50,29
106,69,154
107,83,34
108,78,12
109,74,-7
110,46,64
111,27,71
112,76,62
113,36,51
114,82,76
115,80,105
116,17,79
117,32,77
118,42,81
119,56,80
120,67,77
121,75,74
122,92,66
123,17,95
124,30,50
125,96,116
126,76,89
127,8,62
128,81,70
129,71,105
130,40,57
131,79,99
132,11,120
133,76,60
134,86,95
135,34,161
136,34,171
137,9,98
138,23,150
139,15,48
140,70,188
141,96,117
142,69,94
143,20,60
144,54,62
145,60,62
146,66,142
147,17,112
148,85,199
149,60,189
150,48,182
151,98,12
152,101,201
153,66,61
154,71,60
155,75,60
156,23,47
157,70,53
158,64,50
159,57,50
160,51,52
161,48,54
162,10,43
163,50,60
164,100,123
165,72,124
166,80,111
167,88,123
168,99,54
169,46,171
170,57,180
171,84,194
172,24,159
173,74,57
174,87,79
175,101,195
176,71,195
177,11,117
178,82,148
179,81,150
180,80,152
181,79,155
182,78,161
183,69,135
184,67,134
185,66,134
186,57,132
187,27,116
188,87,71
189,82,55
190,77,55
191,70,136
192,26,137
193,90,56
194,74,169
195,99,83
196,92,76
197,99,74
198,81,92
199,101,186
200,101,175
201,87,174
202,55,152
203,64,111
204,64,162
205,45,109
206,56,118
207,38,122
208,85,185
209,76,96
210,49,160
211,60,170
212,48,141
213,18,127
214,37,145
215,15,134
216,49,127
217,82,84
218,82,109
219,77,110
220,86,104
221,77,48
222,66,43
223,55,41
224,46,43
225,40,46
226,35,58
227,9,81
228,40,70
229,48,72
230,58,73
231,67,71
232,74,69
233,79,66
234,8,80
235,77,111
236,87,87
237,88,111
238,91,114
239,87,112
240,78,113
241,93,115
242,94,117
243,79,60
244,83,63
245,86,65
246,46,55
247,41,52
248,106,84
249,148,59
250,107,115
251,179,27
252,130,66
253,137,66
254,143,66
255,152,62
256,124,65
257,140,46
258,132,47
259,147,47
260,152,50
261,159,66
262,130,178
263,151,58
264,185,62
265,169,61
266,139,99
267,110,131
268,110,136
269,121,132
270,129,133
271,119,136
272,126,136
273,138,145
274,106,112
275,107,104
276,162,45
277,121,80
278,124,106
279,125,101
280,163,97
281,106,93
282,144,38
283,154,40
284,172,13
285,113,45
286,126,50
287,145,137
288,181,140
289,119,111
290,113,114
291,138,136
292,136,137
293,158,35
294,125,109
295,130,39
296,131,33
297,142,-4
298,166,22
299,137,12
300,167,40
301,174,33
302,110,134
303,120,134
304,127,135
305,117,112
306,137,136
307,133,142
308,135,137
309,115,110
310,125,136
311,118,136
312,109,137
313,112,165
314,112,159
315,111,155
316,111,152
317,110,150
318,125,145
319,127,146
320,128,147
321,129,149
322,136,126
323,186,98
324,130,142
325,132,142
326,110,117
327,123,113
328,111,115
329,130,84
330,143,88
331,126,104
332,160,2
333,154,15
334,146,31
335,132,153
336,115,35
337,119,11
338,122,-7
339,149,64
340,168,71
341,121,64
342,159,53
343,116,76
344,119,105
345,179,77
346,162,77
347,153,80
348,139,79
349,129,77
350,122,74
351,106,66
352,180,94
353,166,52
354,104,116
355,122,89
356,186,60
357,116,70
358,127,104
359,155,58
360,119,99
361,185,118
362,121,61
363,113,95
364,165,159
365,164,170
366,186,97
367,175,149
368,180,46
369,131,188
370,103,117
371,129,94
372,176,62
373,142,61
374,136,62
375,135,143
376,180,111
377,117,199
378,141,188
379,152,181
380,131,62
381,126,61
382,123,61
383,172,49
384,127,55
385,133,53
386,139,52
387,144,54
388,148,55
389,184,41
390,145,60
391,127,123
392,119,110
393,112,123
394,153,170
395,143,179
396,117,193
397,174,157
398,123,59
399,111,79
400,130,194
401,186,116
402,118,148
403,120,150
404,121,152
405,122,155
406,123,160
407,132,136
408,133,135
409,134,135
410,142,131
411,171,115
412,111,71
413,115,56
414,120,56
415,131,136
416,173,135
417,108,56
418,127,169
419,106,75
420,117,91
421,114,174
422,144,151
423,134,110
424,136,161
425,153,108
426,142,117
427,160,120
428,116,185
429,122,95
430,151,159
431,141,169
432,152,140
433,179,125
434,162,143
435,183,133
436,150,126
437,116,84
438,117,109
439,122,109
440,114,104
441,120,49
442,131,44
443,141,43
444,149,45
445,156,48
446,161,60
447,186,79
448,155,70
449,148,72
450,138,72
451,129,71
452,123,69
453,118,67
454,186,79
455,122,111
456,112,87
457,112,110
458,108,114
459,112,111
460,120,112
461,106,115
462,106,116
463,119,61
464,115,63
465,112,65
466,150,57
467,155,54
468,60,55
469,67,55
470,60,48
471,52,55
472,60,63
473,135,56
474,142,56
475,135,49
476,128,56
477,135,63
