0,96,131
1,93,113
2,95,118
3,87,88
4,92,106
5,92,96
6,94,69
7,48,59
8,94,49
9,94,39
10,94,1
11,96,135
12,96,139
13,97,142
14,97,142
15,97,147
16,97,152
17,98,157
18,99,159
19,93,116
20,88,115
21,28,28
22,69,67
23,62,68
24,55,68
25,46,61
26,75,65
27,56,48
28,64,49
29,49,49
30,45,51
31,42,67
32,76,166
33,46,56
34,27,59
35,35,61
36,64,101
37,87,129
38,89,139
39,80,132
40,76,134
41,84,138
42,80,138
43,70,145
44,87,112
45,85,106
46,36,47
47,77,82
48,74,108
49,74,103
50,45,98
51,86,96
52,49,44
53,41,44
54,32,18
55,80,51
56,72,52
57,65,139
58,41,122
59,79,112
60,84,114
61,72,139
62,74,139
63,38,39
64,75,110
65,62,46
66,60,40
67,54,5
68,34,27
69,57,20
70,33,42
71,30,36
72,88,134
73,82,135
74,78,136
75,81,113
76,73,139
77,75,141
78,75,139
79,81,111
80,82,140
81,86,141
82,91,141
83,91,158
84,89,156
85,89,151
86,90,146
87,91,141
88,82,140
89,80,142
90,78,144
91,77,147
92,71,128
93,33,86
94,94,117
95,79,139
96,77,140
97,87,117
98,78,114
99,86,116
100,71,86
101,60,91
102,74,106
103,39,10
104,43,22
105,47,38
106,76,150
107,77,42
108,74,20
109,71,2
110,49,66
111,36,72
112,78,64
113,39,53
114,81,78
115,77,106
116,30,76
117,39,79
118,47,83
119,60,82
120,69,78
121,76,75
122,88,70
123,32,92
124,35,52
125,90,115
126,77,90
127,28,55
128,81,72
129,74,105
130,43,57
131,77,101
132,36,103
133,78,61
134,81,98
135,51,146
136,53,151
137,29,89
138,43,134
139,28,46
140,75,172
141,91,116
142,72,95
143,31,61
144,55,63
145,62,64
146,74,142
147,35,106
148,88,183
149,70,170
150,62,161
151,94,20
152,102,185
153,68,63
154,73,61
155,77,61
156,32,49
157,71,55
158,65,53
159,58,52
160,52,53
161,48,54
162,27,40
163,51,62
164,96,123
165,76,125
166,79,111
167,87,124
168,95,58
169,59,156
170,67,164
171,86,179
172,47,138
173,76,58
174,84,82
175,101,182
176,78,177
177,33,105
178,86,141
179,84,144
180,83,148
181,82,152
182,82,155
183,77,139
184,75,138
185,73,137
186,67,133
187,43,112
188,84,74
189,82,58
190,78,57
191,79,139
192,44,127
193,87,60
194,79,160
195,93,87
196,87,79
197,94,78
198,80,94
199,100,175
200,100,167
201,89,165
202,64,146
203,69,111
204,71,154
205,54,109
206,63,118
207,50,119
208,87,173
209,77,97
210,60,150
211,68,158
212,58,138
213,38,117
214,51,137
215,37,120
216,60,127
217,81,86
218,79,110
219,76,110
220,81,106
221,76,52
222,64,48
223,53,47
224,45,48
225,41,50
226,40,59
227,27,74
228,45,71
229,52,74
230,61,74
231,70,72
232,76,70
233,80,68
234,31,70
235,77,112
236,83,90
237,83,111
238,87,114
239,83,111
240,79,113
241,88,115
242,89,116
243,80,62
244,83,65
245,84,67
246,47,55
247,43,53
248,99,87
249,150,59
250,102,114
251,186,24
252,126,66
253,134,67
254,142,67
255,154,60
256,120,64
257,141,47
258,132,48
259,149,48
260,154,50
261,160,65
262,128,167
263,154,55
264,190,57
265,171,57
266,134,100
267,105,129
268,105,138
269,115,132
270,121,134
271,112,138
272,118,138
273,132,145
274,99,112
275,99,106
276,164,45
277,119,81
278,118,107
279,119,103
280,158,97
281,99,96
282,145,43
283,156,43
284,175,14
285,110,51
286,124,50
287,138,139
288,186,122
289,113,112
290,107,114
291,129,138
292,127,139
293,160,37
294,119,110
295,130,45
296,131,39
297,140,2
298,168,24
299,134,18
300,169,39
301,178,32
302,105,134
303,114,135
304,120,136
305,112,113
306,128,139
307,125,141
308,126,139
309,108,110
310,117,140
311,111,140
312,104,141
313,109,159
314,108,156
315,106,151
316,105,146
317,105,141
318,117,140
319,119,142
320,121,145
321,123,147
322,127,128
323,195,84
324,122,139
325,123,140
326,105,117
327,117,114
328,106,115
329,127,85
330,140,90
331,121,105
332,161,6
333,154,19
334,148,36
335,126,150
336,112,42
337,115,19
338,118,0
339,149,65
340,169,69
341,117,63
342,161,52
343,114,77
344,113,106
345,181,74
346,162,77
347,150,83
348,135,82
349,125,78
350,118,76
351,102,70
352,179,90
353,168,49
354,97,115
355,118,90
356,195,52
357,112,73
358,122,105
359,157,55
360,114,100
361,192,102
362,118,60
363,107,98
364,163,146
365,166,151
366,190,88
367,174,134
368,184,43
369,130,174
370,97,116
371,125,94
372,178,56
373,141,64
374,134,64
375,127,142
376,178,105
377,118,184
378,142,171
379,153,163
380,128,62
381,122,60
382,119,60
383,175,45
384,125,53
385,133,51
386,140,51
387,147,51
388,150,53
389,192,36
390,146,62
391,120,124
392,113,111
393,106,124
394,153,157
395,142,165
396,117,180
397,176,138
398,120,58
399,107,82
400,130,178
401,188,104
402,111,141
403,113,144
404,115,148
405,116,153
406,118,155
407,123,138
408,125,137
409,126,136
410,133,133
411,165,111
412,108,73
413,112,57
414,118,56
415,122,139
416,168,127
417,104,60
418,123,161
419,101,79
420,112,93
421,112,165
422,141,147
423,129,110
424,133,155
425,147,108
426,136,117
427,154,119
428,115,173
429,118,96
430,149,151
431,138,160
432,146,138
433,176,116
434,157,137
435,183,119
436,142,126
437,113,86
438,111,109
439,116,110
440,106,106
441,118,52
442,131,48
443,142,46
444,151,47
445,157,48
446,163,56
447,191,72
448,155,69
449,146,73
450,135,73
451,125,71
452,119,69
453,114,68
454,196,68
455,116,111
456,106,90
457,105,111
458,102,114
459,105,111
460,115,113
461,100,115
462,100,116
463,115,61
464,111,65
465,108,69
466,153,54
467,157,52
468,62,56
469,69,55
470,61,49
471,54,56
472,62,63
473,141,54
474,148,54
475,141,47
476,133,54
477,141,61
