0,94,130
1,93,112
2,95,118
3,88,84
4,92,104
5,93,93
6,96,65
7,48,60
8,97,45
9,97,34
10,99,-7
11,94,132
12,94,135
13,95,136
14,96,148
15,96,152
16,96,156
17,96,160
18,98,164
19,93,116
20,87,115
21,30,27
22,67,67
23,60,68
24,54,67
25,45,63
26,73,66
27,57,44
28,66,45
29,50,45
30,45,48
31,41,67
32,72,174
33,46,58
34,26,61
35,35,61
36,61,100
37,83,128
38,85,134
39,75,130
40,69,131
41,78,134
42,73,134
43,65,144
44,87,112
45,86,104
46,37,41
47,76,81
48,72,106
49,72,102
50,40,97
51,87,94
52,52,34
53,43,36
54,35,14
55,81,43
56,73,49
57,59,136
58,35,134
59,77,111
60,83,114
61,64,134
62,66,135
63,41,30
64,72,109
65,64,36
66,63,29
67,58,-2
68,37,22
69,61,13
70,35,37
71,32,33
72,84,132
73,76,132
74,71,133
75,79,112
76,65,135
77,68,140
78,67,135
79,80,110
80,75,135
81,80,135
82,87,135
83,88,163
84,85,159
85,85,154
86,86,150
87,87,147
88,75,142
89,74,143
90,72,145
91,71,147
92,66,127
93,29,94
94,94,117
95,72,139
96,70,140
97,85,117
98,75,113
99,84,116
100,69,85
101,57,89
102,71,104
103,43,3
104,46,15
105,50,28
106,71,151
107,79,33
108,78,12
109,76,-6
110,48,66
111,34,72
112,77,64
113,40,51
114,81,76
115,76,105
116,28,77
117,37,78
118,44,81
119,58,80
120,68,78
121,75,75
122,89,67
123,27,93
124,36,50
125,90,116
126,76,89
127,28,59
128,80,71
129,71,104
130,43,58
131,76,99
132,31,113
133,78,61
134,81,96
135,44,154
136,47,162
137,25,94
138,36,143
139,29,46
140,71,183
141,91,117
142,70,94
143,31,62
144,54,63
145,60,63
146,67,141
147,28,109
148,84,194
149,65,182
150,57,174
151,98,13
152,99,197
153,66,63
154,72,62
155,76,62
156,33,48
157,72,55
158,66,52
159,59,51
160,53,52
161,49,55
162,28,41
163,50,62
164,96,123
165,72,124
166,77,110
167,85,123
168,97,54
169,54,165
170,62,174
171,83,189
172,40,150
173,76,59
174,84,80
175,98,191
176,74,189
177,27,112
178,80,145
179,79,147
180,78,150
181,77,154
182,79,158
183,69,134
184,67,134
185,66,133
186,61,131
187,35,114
188,85,71
189,82,56
190,78,56
191,71,135
192,36,132
193,88,56
194,75,166
195,94,83
196,89,76
197,95,75
198,79,92
199,98,183
200,98,173
201,86,171
202,60,148
203,66,110
204,67,158
205,49,108
206,59,117
207,44,120
208,84,181
209,75,95
210,55,155
211,64,165
212,53,138
213,30,122
214,45,140
215,30,128
216,54,125
217,80,84
218,78,109
219,74,109
220,80,104
221,77,48
222,65,42
223,55,40
224,46,42
225,41,45
226,40,59
227,25,78
228,43,70
229,50,73
230,59,73
231,68,72
232,75,70
233,79,68
234,28,76
235,75,111
236,83,87
237,82,110
238,86,114
239,82,111
240,77,113
241,87,115
242,89,116
243,80,62
244,83,64
245,85,65
246,47,56
247,43,52
248,101,84
249,152,61
250,102,115
251,187,26
252,131,67
253,139,68
254,146,67
255,156,63
256,125,65
257,141,45
258,133,46
259,149,47
260,154,50
261,163,68
262,127,176
263,154,59
264,190,61
265,172,62
266,137,100
267,106,128
268,106,134
269,119,130
270,128,131
271,117,134
272,126,134
273,137,144
274,99,112
275,100,104
276,165,43
277,120,81
278,120,107
279,121,102
280,161,97
281,100,94
282,145,35
283,156,37
284,178,13
285,111,44
286,125,49
287,144,136
288,184,135
289,115,111
290,108,114
291,141,134
292,139,135
293,161,32
294,121,109
295,130,37
296,131,30
297,145,-3
298,171,23
299,138,12
300,170,39
301,180,33
302,106,131
303,118,132
304,127,132
305,113,113
306,140,134
307,134,140
308,137,135
309,109,110
310,125,134
311,116,135
312,106,135
313,109,163
314,109,159
315,108,155
316,107,150
317,107,147
318,125,142
319,126,143
320,128,145
321,129,147
322,133,126
323,193,95
324,131,139
325,133,139
326,106,117
327,119,113
328,107,116
329,129,85
330,142,89
331,123,105
332,165,2
333,157,15
334,147,28
335,130,152
336,113,33
337,119,12
338,123,-6
339,152,66
340,172,73
341,120,63
342,163,53
343,115,76
344,114,105
345,181,77
346,166,78
347,156,81
348,141,80
349,130,77
350,122,74
351,103,67
352,180,94
353,169,52
354,97,116
355,119,89
356,195,59
357,116,70
358,124,104
359,158,59
360,115,99
361,190,115
362,121,61
363,107,96
364,163,156
365,164,165
366,189,95
367,174,145
368,185,46
369,128,185
370,97,117
371,127,94
372,180,63
373,144,63
374,138,63
375,136,141
376,180,110
377,115,196
378,139,184
379,151,176
380,132,63
381,126,62
382,122,61
383,176,50
384,128,55
385,134,53
386,140,53
387,146,54
388,150,56
389,192,41
390,148,62
391,123,123
392,114,111
393,107,123
394,151,167
395,140,176
396,114,190
397,175,152
398,123,59
399,108,80
400,127,191
401,187,113
402,116,145
403,118,147
404,119,150
405,120,154
406,121,159
407,133,134
408,135,133
409,136,132
410,140,130
411,169,114
412,109,71
413,114,55
414,119,56
415,132,134
416,171,133
417,106,55
418,124,167
419,102,76
420,113,92
421,111,172
422,143,149
423,131,110
424,134,159
425,150,108
426,140,117
427,158,120
428,113,182
429,119,95
430,149,157
431,138,167
432,150,139
433,178,123
434,160,142
435,183,130
436,147,125
437,114,84
438,112,109
439,117,110
440,107,104
441,119,48
442,131,43
443,142,42
444,152,43
445,159,47
446,164,60
447,190,78
448,159,71
449,151,73
450,140,73
451,131,72
452,123,69
453,118,67
454,195,76
455,118,111
456,107,88
457,105,110
458,102,114
459,106,111
460,116,113
461,100,115
462,100,116
463,118,61
464,114,63
465,111,65
466,153,57
467,158,54
468,63,57
469,71,57
470,63,50
471,56,57
472,63,64
473,139,57
474,147,57
475,139,50
476,132,57
477,139,64
