0,97,128
1,100,113
2,99,118
3,94,87
4,101,105
5,101,95
6,99,69
7,43,62
8,99,47
9,99,37
10,100,0
11,97,131
12,97,133
13,97,135
14,97,141
15,97,144
16,97,149
17,97,153
18,96,160
19,100,117
20,91,115
21,16,28
22,66,70
23,59,71
24,51,70
25,40,64
26,72,68
27,55,44
28,64,46
29,47,45
30,41,48
31,35,68
32,67,172
33,40,58
34,11,62
35,27,60
36,59,100
37,86,127
38,87,133
39,75,129
40,67,131
41,78,133
42,71,133
43,59,143
44,94,113
45,94,105
46,33,40
47,75,83
48,75,107
49,74,103
50,35,97
51,94,95
52,52,35
53,41,35
54,25,16
55,83,46
56,71,51
57,52,135
58,13,133
59,80,112
60,86,114
61,58,135
62,60,135
63,37,29
64,73,109
65,65,38
66,64,32
67,57,1
68,31,24
69,61,16
70,28,35
71,22,34
72,86,130
73,76,131
74,69,132
75,81,113
76,59,135
77,64,138
78,61,135
79,84,111
80,72,134
81,79,134
82,87,134
83,86,159
84,85,152
85,86,148
86,87,143
87,87,140
88,72,138
89,71,139
90,69,142
91,67,144
92,62,125
93,7,94
94,99,118
95,67,137
96,65,137
97,88,117
98,75,113
99,87,116
100,67,86
101,54,90
102,72,105
103,38,6
104,43,18
105,50,28
106,66,149
107,81,37
108,79,17
109,77,-1
110,44,68
111,28,72
112,76,66
113,34,51
114,81,79
115,80,106
116,17,78
117,34,79
118,44,83
119,58,82
120,68,79
121,75,77
122,92,70
123,17,93
124,29,49
125,96,116
126,76,90
127,8,59
128,81,74
129,71,105
130,37,58
131,79,100
132,8,113
133,75,64
134,87,97
135,31,153
136,31,162
137,9,95
138,20,143
139,16,47
140,65,180
141,96,117
142,68,95
143,20,60
144,52,67
145,59,67
146,62,139
147,16,109
148,79,190
149,55,179
150,44,172
151,100,18
152,95,191
153,65,66
154,70,65
155,74,64
156,23,46
157,68,56
158,62,53
159,55,52
160,49,53
161,45,55
162,11,42
163,47,65
164,98,123
165,71,122
166,80,111
167,87,122
168,99,58
169,43,164
170,53,172
171,79,185
172,21,150
173,73,61
174,87,82
175,95,187
176,67,185
177,10,112
178,79,139
179,78,142
180,76,145
181,75,149
182,74,155
183,65,134
184,63,134
185,62,133
186,56,129
187,26,113
188,87,74
189,81,58
190,76,58
191,67,135
192,24,132
193,89,59
194,70,163
195,100,86
196,93,79
197,100,78
198,81,93
199,96,179
200,96,169
201,83,168
202,52,147
203,64,110
204,60,156
205,45,108
206,55,116
207,37,119
208,80,177
209,76,97
210,46,154
211,56,163
212,45,137
213,17,122
214,35,140
215,13,128
216,48,124
217,82,86
218,82,110
219,77,110
220,86,106
221,76,50
222,64,44
223,54,41
224,45,42
225,38,45
226,33,59
227,9,78
228,40,72
229,48,75
230,58,76
231,67,74
232,74,72
233,78,70
234,7,76
235,76,111
236,87,89
237,88,111
238,91,115
239,88,112
240,78,113
241,93,116
242,93,117
243,78,64
244,82,66
245,85,68
246,42,57
247,38,52
248,106,87
249,150,63
250,106,116
251,171,32
252,128,70
253,135,71
254,142,71
255,152,65
256,122,68
257,141,46
258,132,47
259,149,47
260,154,51
261,156,70
262,122,172
263,153,60
264,173,65
265,163,63
266,135,101
267,108,127
268,107,132
269,118,128
270,125,130
271,115,132
272,121,132
273,130,143
274,106,113
275,107,105
276,162,43
277,120,83
278,122,108
279,122,103
280,156,99
281,107,95
282,148,36
283,157,38
284,166,20
285,116,46
286,124,51
287,137,136
288,162,134
289,116,112
290,111,115
291,132,133
292,130,133
293,160,32
294,122,110
295,135,38
296,136,32
297,141,3
298,163,27
299,137,18
300,166,39
301,168,38
302,108,130
303,117,130
304,123,131
305,115,113
306,131,133
307,127,137
308,129,133
309,114,112
310,119,133
311,113,133
312,106,134
313,106,159
314,108,152
315,108,148
316,107,143
317,106,140
318,119,137
319,121,139
320,123,141
321,125,144
322,130,126
323,169,96
324,123,136
325,125,136
326,108,117
327,119,114
328,109,116
329,127,87
330,139,91
331,123,106
332,157,10
333,153,20
334,151,30
335,124,150
336,119,36
337,120,18
338,123,0
339,148,69
340,162,75
341,118,66
342,159,54
343,115,79
344,118,106
345,169,80
346,158,81
347,149,85
348,136,83
349,126,80
350,119,77
351,106,70
352,169,96
353,163,52
354,104,116
355,119,91
356,172,63
357,114,73
358,123,106
359,155,60
360,118,101
361,166,115
362,118,63
363,113,97
364,151,154
365,148,162
366,172,97
367,159,143
368,171,50
369,122,180
370,102,117
371,126,96
372,168,63
373,142,67
374,136,67
375,129,138
376,168,111
377,109,190
378,129,179
379,138,172
380,129,66
381,124,64
382,120,64
383,167,49
384,126,57
385,132,54
386,139,53
387,146,54
388,150,57
389,173,46
390,147,65
391,122,123
392,117,112
393,109,122
394,141,164
395,131,172
396,110,185
397,156,150
398,121,61
399,111,82
400,120,185
401,169,113
402,113,139
403,115,141
404,116,145
405,117,149
406,116,156
407,126,133
408,128,132
409,129,131
410,135,130
411,161,115
412,110,74
413,114,58
414,118,58
415,124,133
416,159,133
417,108,58
418,119,163
419,106,79
420,116,94
421,108,168
422,135,148
423,129,111
424,128,157
425,146,110
426,136,118
427,152,121
428,110,178
429,120,97
430,140,155
431,131,164
432,142,138
433,165,123
434,150,140
435,166,129
436,142,125
437,115,87
438,116,110
439,120,110
440,113,106
441,121,50
442,133,44
443,144,43
444,152,44
445,157,48
446,158,61
447,173,81
448,152,74
449,145,76
450,135,76
451,127,74
452,120,72
453,116,70
454,171,79
455,119,112
456,111,90
457,111,112
458,107,115
459,111,113
460,117,113
461,106,116
462,105,117
463,116,64
464,112,66
465,110,68
466,151,58
467,156,55
468,54,60
469,62,60
470,54,53
471,46,60
472,54,67
473,136,60
474,144,60
475,137,53
476,129,59
477,136,67
