0,97,131
1,92,115
2,94,121
3,86,87
4,91,107
5,91,96
6,93,68
7,49,60
8,94,47
9,94,36
10,94,-6
11,97,133
12,97,135
13,98,136
14,98,149
15,98,152
16,98,155
17,98,159
18,98,167
19,92,119
20,86,118
21,30,28
22,69,67
23,62,68
24,55,67
25,47,63
26,75,66
27,57,47
28,65,48
29,49,48
30,45,50
31,41,68
32,73,178
33,47,59
34,26,63
35,36,62
36,59,102
37,86,130
38,87,134
39,77,131
40,71,131
41,80,133
42,74,133
43,63,147
44,86,115
45,84,107
46,36,42
47,74,83
48,70,109
49,70,104
50,39,99
51,85,96
52,48,36
53,40,37
54,33,15
55,79,45
56,73,51
57,56,138
58,37,134
59,76,114
60,81,117
61,65,134
62,67,134
63,38,32
64,70,111
65,61,38
66,59,31
67,55,-1
68,35,24
69,59,14
70,33,38
71,31,34
72,86,132
73,78,132
74,73,132
75,77,115
76,66,134
77,69,139
78,68,134
79,78,114
80,76,134
81,81,134
82,89,135
83,88,166
84,87,158
85,88,154
86,88,151
87,89,148
88,77,142
89,75,143
90,73,145
91,72,147
92,63,129
93,31,95
94,93,120
95,73,139
96,71,139
97,84,120
98,73,115
99,83,118
100,67,87
101,55,91
102,69,107
103,41,5
104,44,17
105,46,29
106,70,155
107,76,34
108,75,14
109,73,-4
110,49,66
111,35,73
112,79,64
113,40,53
114,79,78
115,74,108
116,28,78
117,37,79
118,44,82
119,58,81
120,68,78
121,75,75
122,87,69
123,27,95
124,35,51
125,89,119
126,74,91
127,29,59
128,80,72
129,69,106
130,44,59
131,74,102
132,33,114
133,79,62
134,79,98
135,46,156
136,49,164
137,26,96
138,38,145
139,29,47
140,73,186
141,90,120
142,68,96
143,32,62
144,55,63
145,61,63
146,68,140
147,28,110
148,86,198
149,67,185
150,59,176
151,94,14
152,100,201
153,68,63
154,74,62
155,77,62
156,33,49
157,72,56
158,66,54
159,59,54
160,53,55
161,50,57
162,28,42
163,51,62
164,95,126
165,70,126
166,75,113
167,84,125
168,94,57
169,55,167
170,64,177
171,84,193
172,43,152
173,77,59
174,82,82
175,99,196
176,75,192
177,28,113
178,82,145
179,81,147
180,79,150
181,79,154
182,77,162
183,70,134
184,69,133
185,67,132
186,58,133
187,34,116
188,83,74
189,82,56
190,79,57
191,72,134
192,36,134
193,86,57
194,75,169
195,92,86
196,86,79
197,93,77
198,77,94
199,99,187
200,98,177
201,86,175
202,59,151
203,63,112
204,67,161
205,47,110
206,57,119
207,42,122
208,84,185
209,73,98
210,55,158
211,64,168
212,52,140
213,31,124
214,45,143
215,32,130
216,52,127
217,78,87
218,76,112
219,72,112
220,79,107
221,76,49
222,63,44
223,53,43
224,45,44
225,40,47
226,40,60
227,25,79
228,44,71
229,50,74
230,60,74
231,69,72
232,76,70
233,80,68
234,30,77
235,73,113
236,81,90
237,81,114
238,85,117
239,81,115
240,75,115
241,86,118
242,88,119
243,81,62
244,83,64
245,84,66
246,48,58
247,43,54
248,99,87
249,151,61
250,101,118
251,180,25
252,130,67
253,137,67
254,144,67
255,154,63
256,124,66
257,139,46
258,131,47
259,147,47
260,152,49
261,161,67
262,128,179
263,154,58
264,185,61
265,170,61
266,136,101
267,109,130
268,109,134
269,121,130
270,129,130
271,119,133
272,126,132
273,137,146
274,98,115
275,98,107
276,162,40
277,119,82
278,120,108
279,120,103
280,160,97
281,98,96
282,142,34
283,154,35
284,170,12
285,109,44
286,124,51
287,144,137
288,185,135
289,114,113
290,108,116
291,140,131
292,138,132
293,158,30
294,121,111
295,128,36
296,128,30
297,138,-3
298,164,22
299,133,13
300,167,37
301,173,33
302,109,132
303,120,132
304,128,131
305,113,115
306,139,132
307,134,138
308,137,133
309,109,113
310,125,133
311,118,134
312,108,135
313,109,166
314,110,158
315,110,154
316,109,150
317,109,148
318,125,141
319,126,142
320,128,144
321,129,146
322,132,127
323,191,94
324,131,138
325,132,138
326,105,119
327,119,114
328,106,118
329,127,86
330,141,90
331,123,106
332,157,2
333,151,16
334,144,27
335,130,154
336,110,34
337,115,13
338,118,-6
339,151,66
340,170,72
341,120,64
342,161,52
343,113,78
344,113,107
345,178,77
346,164,78
347,154,81
348,139,80
349,128,78
350,120,75
351,101,69
352,179,93
353,167,50
354,96,119
355,119,90
356,189,57
357,114,71
358,124,106
359,157,58
360,114,101
361,190,114
362,120,62
363,106,98
364,165,158
365,166,167
366,188,95
367,176,146
368,179,45
369,130,188
370,96,120
371,126,95
372,178,62
373,143,63
374,136,63
375,136,138
376,180,109
377,116,199
378,141,187
379,152,179
380,131,63
381,125,62
382,122,62
383,173,48
384,127,58
385,133,56
386,139,55
387,145,55
388,149,56
389,186,39
390,147,62
391,123,125
392,114,113
393,107,125
394,152,169
395,142,179
396,115,194
397,177,153
398,122,60
399,106,82
400,129,194
401,187,113
402,118,145
403,119,147
404,120,149
405,121,153
406,121,162
407,133,132
408,134,131
409,136,131
410,140,131
411,169,114
412,107,73
413,113,57
414,118,57
415,132,133
416,172,134
417,105,57
418,125,170
419,100,79
420,113,94
421,112,176
422,143,151
423,131,111
424,135,162
425,150,109
426,139,118
427,158,121
428,114,186
429,119,97
430,149,159
431,139,170
432,150,140
433,179,124
434,160,143
435,184,130
436,147,126
437,112,86
438,111,112
439,117,112
440,106,107
441,118,49
442,129,43
443,140,41
444,149,42
445,156,45
446,163,60
447,187,78
448,157,71
449,148,73
450,138,73
451,129,72
452,122,70
453,117,68
454,191,75
455,118,113
456,106,90
457,104,113
458,101,117
459,105,114
460,116,115
461,99,118
462,99,119
463,117,62
464,112,64
465,109,66
466,152,58
467,156,53
468,64,58
469,71,58
470,64,52
471,57,58
472,64,65
473,141,59
474,148,58
475,140,52
476,133,59
477,141,65
