0,96,126
1,106,116
2,102,120
3,98,88
4,107,108
5,106,97
6,104,68
7,42,59
8,104,46
9,104,35
10,104,-9
11,96,129
12,96,131
13,96,132
14,97,153
15,98,156
16,98,160
17,98,165
18,97,168
19,105,119
20,95,118
21,9,21
22,65,65
23,57,66
24,49,65
25,37,61
26,71,64
27,54,45
28,63,46
29,46,46
30,39,48
31,30,65
32,65,177
33,38,57
34,4,57
35,21,59
36,56,99
37,82,125
38,83,130
39,69,126
40,61,128
41,72,130
42,64,130
43,52,142
44,99,116
45,99,108
46,28,40
47,76,81
48,74,108
49,73,103
50,29,95
51,98,97
52,50,34
53,38,35
54,19,8
55,85,45
56,70,50
57,44,133
58,7,130
59,80,113
60,87,116
61,50,131
62,53,132
63,33,29
64,72,109
65,66,37
66,65,30
67,55,-7
68,26,19
69,60,10
70,23,36
71,16,29
72,82,128
73,71,128
74,62,129
75,81,114
76,51,132
77,57,139
78,54,132
79,87,114
80,66,131
81,74,131
82,84,132
83,84,167
84,83,163
85,84,158
86,84,154
87,85,151
88,67,143
89,65,144
90,63,146
91,61,149
92,58,125
93,0,89
94,104,120
95,61,139
96,59,139
97,90,119
98,74,113
99,89,117
100,66,84
101,52,88
102,71,105
103,33,-1
104,40,12
105,48,27
106,60,152
107,84,34
108,81,11
109,78,-9
110,42,64
111,21,70
112,75,63
113,30,51
114,82,77
115,82,107
116,12,74
117,28,75
118,39,78
119,55,78
120,66,76
121,74,73
122,96,69
123,10,90
124,24,49
125,100,119
126,76,89
127,0,52
128,81,70
129,69,104
130,34,57
131,81,101
132,1,109
133,75,60
134,90,99
135,27,154
136,27,162
137,2,91
138,15,142
139,10,41
140,64,186
141,100,120
142,67,93
143,13,60
144,51,61
145,57,61
146,55,140
147,9,106
148,79,197
149,54,184
150,42,175
151,104,11
152,95,198
153,64,61
154,69,60
155,73,60
156,17,47
157,68,57
158,61,55
159,55,55
160,48,55
161,44,56
162,3,35
163,45,60
164,101,124
165,68,123
166,81,113
167,88,124
168,103,56
169,40,165
170,52,176
171,79,192
172,16,148
173,72,59
174,90,82
175,96,194
176,66,192
177,3,109
178,75,148
179,73,150
180,72,153
181,71,157
182,71,161
183,58,131
184,56,130
185,54,129
186,49,128
187,20,112
188,89,73
189,82,55
190,76,56
191,59,131
192,18,131
193,90,56
194,67,168
195,105,87
196,97,79
197,105,78
198,82,93
199,96,186
200,97,176
201,82,175
202,47,147
203,61,109
204,56,159
205,40,107
206,51,116
207,31,118
208,80,185
209,76,96
210,42,155
211,53,167
212,39,136
213,10,120
214,29,139
215,7,126
216,42,123
217,83,86
218,84,112
219,77,111
220,90,108
221,77,49
222,64,43
223,53,41
224,43,41
225,35,45
226,28,58
227,2,74
228,35,69
229,44,71
230,55,72
231,65,70
232,73,68
233,78,67
234,0,70
235,76,112
236,90,90
237,92,114
238,95,118
239,91,115
240,77,113
241,97,119
242,97,119
243,78,61
244,83,63
245,86,65
246,41,57
247,35,52
248,112,87
249,157,58
250,112,118
251,173,22
252,136,66
253,143,66
254,149,65
255,159,60
256,130,64
257,145,45
258,138,47
259,153,45
260,158,47
261,163,63
262,124,175
263,159,56
264,174,57
265,169,56
266,141,98
267,109,125
268,108,130
269,121,126
270,129,128
271,118,130
272,125,131
273,135,141
274,112,116
275,114,108
276,165,37
277,124,81
278,129,107
279,129,102
280,162,94
281,113,97
282,150,33
283,159,33
284,170,10
285,120,43
286,131,50
287,142,131
288,161,127
289,124,112
290,117,115
291,138,133
292,135,133
293,162,27
294,129,109
295,137,36
296,138,29
297,147,-5
298,168,19
299,144,11
300,168,32
301,172,29
302,109,128
303,119,128
304,127,129
305,122,113
306,136,133
307,133,140
308,134,133
309,120,113
310,123,131
311,116,131
312,107,132
313,109,166
314,111,163
315,111,159
316,110,154
317,109,151
318,124,144
319,126,145
320,129,147
321,131,150
322,136,124
323,168,88
324,129,140
325,131,140
326,114,118
327,127,112
328,116,117
329,132,84
330,144,87
331,130,104
332,162,0
333,159,13
334,152,26
335,128,151
336,121,33
337,126,11
338,129,-8
339,155,63
340,169,67
341,127,63
342,164,48
343,120,77
344,125,107
345,173,73
346,165,74
347,157,78
348,145,78
349,135,76
350,128,73
351,111,69
352,174,89
353,168,46
354,109,119
355,125,89
356,172,53
357,122,70
358,130,103
359,162,54
360,125,101
361,165,107
362,127,60
363,119,98
364,151,150
365,147,158
366,174,90
367,160,139
368,173,42
369,123,184
370,107,120
371,131,93
372,174,56
373,149,61
374,143,62
375,135,141
376,173,104
377,110,196
378,129,181
379,137,171
380,137,62
381,132,61
382,129,60
383,171,42
384,133,57
385,139,56
386,145,55
387,151,55
388,155,55
389,174,36
390,154,60
391,129,122
392,124,112
393,114,123
394,141,162
395,132,173
396,111,191
397,154,145
398,129,59
399,116,82
400,121,189
401,171,107
402,118,148
403,120,150
404,121,154
405,123,158
406,120,160
407,131,132
408,133,131
409,135,130
410,141,126
411,167,110
412,115,73
413,121,55
414,126,56
415,129,132
416,163,128
417,114,56
418,122,167
419,111,79
420,122,93
421,110,174
422,138,145
423,136,108
424,131,157
425,153,106
426,142,115
427,158,117
428,111,184
429,126,95
430,142,153
431,132,164
432,146,134
433,169,118
434,154,137
435,167,123
436,147,122
437,120,85
438,123,111
439,127,110
440,120,107
441,126,48
442,137,42
443,147,40
444,156,40
445,161,43
446,165,55
447,175,73
448,160,67
449,153,71
450,144,71
451,135,70
452,129,68
453,124,67
454,170,70
455,127,111
456,117,90
457,118,114
458,113,117
459,118,114
460,125,113
461,112,118
462,110,119
463,125,61
464,120,63
465,118,65
466,157,55
467,161,50
468,51,58
469,59,58
470,51,51
471,44,58
472,51,64
473,149,58
474,156,58
475,148,52
476,141,58
477,149,64
