0,100,133
1,93,109
2,96,115
3,87,84
4,92,102
5,92,91
6,94,64
7,51,60
8,94,43
9,93,32
10,92,-6
11,100,136
12,100,139
13,101,141
14,101,141
15,101,145
16,101,150
17,102,154
18,103,158
19,94,113
20,89,112
21,31,27
22,72,67
23,65,68
24,58,68
25,50,61
26,77,65
27,57,43
28,66,44
29,50,44
30,46,48
31,46,66
32,81,168
33,49,56
34,30,60
35,40,59
36,65,100
37,92,131
38,94,138
39,86,132
40,82,134
41,89,137
42,85,137
43,76,145
44,88,109
45,86,102
46,37,42
47,77,80
48,76,106
49,76,102
50,47,99
51,86,92
52,48,36
53,41,37
54,34,15
55,77,45
56,74,48
57,71,139
58,46,126
59,82,110
60,87,112
61,78,137
62,80,137
63,38,32
64,77,109
65,60,38
66,58,32
67,54,0
68,36,23
69,57,14
70,35,37
71,32,33
72,93,135
73,87,135
74,84,135
75,84,111
76,79,137
77,81,140
78,81,138
79,83,108
80,87,138
81,90,139
82,95,140
83,95,158
84,94,153
85,94,149
86,95,144
87,95,141
88,87,139
89,86,140
90,84,143
91,83,145
92,74,128
93,37,89
94,95,114
95,84,138
96,83,139
97,89,115
98,80,113
99,88,114
100,71,85
101,61,90
102,76,105
103,40,6
104,43,16
105,45,30
106,81,150
107,73,35
108,73,14
109,71,-4
110,52,66
111,40,72
112,80,63
113,42,51
114,81,75
115,78,104
116,32,77
117,43,79
118,51,83
119,63,82
120,72,78
121,78,75
122,88,66
123,34,93
124,38,49
125,91,113
126,78,88
127,33,57
128,82,72
129,76,104
130,47,56
131,78,98
132,41,107
133,80,60
134,82,95
135,56,149
136,59,154
137,32,91
138,48,138
139,31,45
140,81,174
141,93,114
142,73,94
143,37,59
144,57,64
145,64,65
146,80,141
147,38,108
148,93,185
149,75,172
150,68,165
151,93,13
152,107,187
153,70,63
154,76,62
155,79,61
156,36,46
157,74,52
158,67,49
159,60,48
160,54,50
161,51,52
162,31,41
163,53,62
164,97,121
165,79,124
166,81,109
167,89,122
168,94,53
169,64,158
170,72,166
171,91,181
172,52,142
173,78,57
174,84,79
175,106,183
176,83,180
177,36,108
178,91,140
179,89,142
180,88,146
181,88,150
182,87,154
183,83,137
184,81,136
185,80,135
186,71,133
187,45,114
188,85,70
189,83,55
190,80,55
191,84,138
192,48,130
193,86,56
194,84,161
195,93,82
196,88,75
197,94,74
198,80,91
199,105,176
200,104,166
201,93,165
202,69,148
203,71,110
204,76,155
205,56,109
206,66,118
207,53,120
208,91,174
209,78,95
210,64,152
211,73,160
212,63,139
213,41,120
214,56,139
215,41,123
216,63,127
217,81,83
218,80,107
219,78,109
220,81,103
221,76,48
222,63,42
223,53,41
224,46,42
225,42,46
226,44,57
227,30,76
228,49,71
229,55,74
230,64,74
231,72,72
232,78,69
233,82,67
234,35,72
235,79,110
236,83,87
237,84,108
238,88,111
239,85,109
240,82,112
241,89,112
242,91,113
243,82,61
244,85,63
245,85,66
246,50,54
247,45,51
248,99,83
249,150,57
250,102,112
251,182,18
252,130,66
253,137,66
254,144,65
255,154,59
256,123,64
257,137,40
258,129,42
259,146,41
260,151,44
261,162,63
262,132,168
263,153,54
264,189,53
265,171,56
266,135,97
267,109,131
268,108,138
269,117,133
270,123,135
271,115,138
272,120,138
273,135,144
274,99,109
275,99,102
276,160,37
277,120,78
278,118,104
279,119,100
280,159,95
281,99,92
282,139,31
283,150,32
284,172,7
285,108,42
286,122,46
287,140,137
288,191,123
289,113,109
290,108,112
291,130,138
292,128,139
293,154,27
294,119,107
295,125,34
296,125,28
297,137,-6
298,165,17
299,132,10
300,165,33
301,175,26
302,108,135
303,116,136
304,122,136
305,112,110
306,129,139
307,126,141
308,127,139
309,109,107
310,119,139
311,114,140
312,108,140
313,112,157
314,110,153
315,109,149
316,109,144
317,108,141
318,119,139
319,121,141
320,122,143
321,124,146
322,129,126
323,197,83
324,123,139
325,124,140
326,105,115
327,118,112
328,106,113
329,128,82
330,140,87
331,121,103
332,158,-1
333,151,11
334,141,25
335,129,149
336,108,32
337,113,11
338,116,-7
339,151,63
340,171,68
341,119,63
342,160,48
343,114,74
344,113,103
345,180,71
346,165,75
347,155,79
348,140,79
349,129,76
350,121,74
351,102,66
352,180,88
353,166,46
354,98,112
355,118,87
356,194,49
357,115,71
358,123,103
359,157,54
360,114,97
361,196,102
362,119,60
363,106,94
364,169,148
365,172,154
366,191,86
367,179,136
368,182,38
369,135,175
370,98,114
371,125,92
372,179,56
373,142,61
374,136,62
375,127,142
376,180,103
377,123,186
378,147,174
379,159,166
380,130,62
381,124,61
382,121,61
383,173,43
384,125,52
385,131,48
386,138,47
387,144,48
388,148,50
389,189,32
390,147,59
391,121,122
392,113,108
393,107,121
394,158,159
395,147,167
396,121,181
397,182,141
398,121,57
399,107,78
400,136,181
401,190,103
402,114,140
403,115,143
404,117,146
405,118,150
406,121,154
407,124,138
408,126,137
409,127,137
410,135,131
411,167,110
412,108,69
413,112,55
414,117,55
415,123,139
416,171,127
417,105,56
418,127,161
419,101,75
420,113,90
421,116,165
422,144,147
423,130,108
424,137,155
425,148,106
426,137,115
427,156,117
428,119,174
429,118,93
430,153,152
431,143,160
432,149,137
433,179,116
434,161,137
435,187,119
436,144,125
437,113,82
438,111,106
439,116,107
440,106,102
441,116,46
442,127,40
443,138,37
444,147,38
445,155,42
446,163,55
447,191,69
448,157,67
449,149,71
450,139,71
451,129,70
452,122,69
453,117,67
454,196,65
455,116,109
456,106,86
457,105,107
458,102,111
459,105,108
460,115,111
461,100,112
462,100,113
463,116,61
464,113,63
465,110,65
466,151,52
467,155,48
468,66,56
469,73,55
470,65,48
471,58,57
472,66,64
473,141,54
474,148,54
475,140,47
476,133,55
477,142,62
