0,101,131
1,97,113
2,96,119
3,91,86
4,97,105
5,97,94
6,97,67
7,45,63
8,97,47
9,98,36
10,98,-4
11,100,133
12,100,136
13,100,137
14,99,154
15,99,157
16,99,161
17,98,166
18,95,171
19,97,117
20,89,116
21,21,30
22,66,70
23,59,71
24,52,70
25,42,65
26,72,69
27,55,46
28,64,48
29,47,47
30,42,51
31,37,69
32,66,180
33,43,60
34,16,65
35,29,62
36,58,101
37,88,129
38,88,135
39,76,130
40,67,131
41,78,134
42,71,134
43,57,148
44,91,113
45,90,105
46,33,43
47,74,83
48,72,107
49,72,103
50,35,99
51,90,94
52,49,37
53,39,38
54,28,16
55,80,46
56,71,52
57,51,138
58,20,140
59,77,112
60,84,115
61,57,135
62,59,136
63,36,33
64,71,110
65,62,39
66,61,33
67,56,0
68,32,25
69,60,15
70,29,39
71,25,35
72,88,132
73,77,132
74,69,133
75,79,114
76,58,136
77,62,143
78,60,136
79,82,111
80,72,135
81,80,135
82,89,136
83,84,170
84,85,164
85,86,160
86,87,156
87,88,153
88,72,146
89,70,147
90,68,149
91,66,151
92,61,128
93,14,99
94,97,118
95,67,142
96,64,142
97,86,118
98,73,114
99,85,117
100,66,86
101,53,91
102,70,106
103,39,6
104,43,18
105,47,31
106,64,157
107,78,36
108,78,15
109,75,-3
110,46,68
111,29,74
112,76,67
113,36,54
114,80,78
115,77,106
116,20,80
117,34,80
118,43,83
119,57,82
120,68,80
121,75,77
122,90,69
123,19,96
124,31,52
125,93,116
126,74,91
127,14,63
128,80,73
129,69,106
130,39,60
131,77,100
132,15,119
133,76,65
134,84,97
135,35,159
136,36,169
137,14,98
138,25,148
139,20,49
140,65,189
141,93,118
142,67,95
143,24,63
144,52,66
145,59,67
146,61,143
147,19,112
148,79,200
149,57,188
150,47,180
151,98,15
152,94,202
153,65,66
154,71,66
155,74,65
156,26,49
157,69,57
158,63,54
159,56,53
160,50,55
161,46,57
162,16,45
163,48,65
164,96,124
165,69,124
166,78,112
167,85,124
168,97,57
169,45,170
170,55,180
171,79,195
172,27,157
173,74,62
174,85,81
175,95,197
176,67,195
177,15,116
178,80,150
179,78,152
180,76,155
181,75,159
182,73,165
183,64,134
184,62,134
185,61,133
186,54,132
187,28,116
188,85,73
189,81,59
190,77,59
191,66,135
192,27,136
193,87,59
194,69,172
195,97,85
196,91,78
197,97,76
198,79,93
199,95,189
200,95,179
201,82,178
202,52,152
203,62,111
204,60,163
205,45,110
206,55,119
207,38,122
208,80,187
209,74,97
210,47,160
211,57,171
212,46,141
213,21,126
214,37,144
215,18,133
216,48,127
217,80,86
218,80,110
219,74,110
220,83,105
221,75,51
222,63,45
223,52,43
224,44,44
225,38,48
226,35,61
227,14,81
228,41,73
229,48,75
230,58,76
231,67,74
232,74,72
233,78,70
234,13,81
235,74,112
236,85,89
237,85,111
238,89,115
239,85,112
240,76,114
241,90,116
242,91,117
243,78,65
244,82,67
245,84,68
246,44,59
247,39,55
248,103,86
249,149,62
250,104,116
251,175,30
252,128,70
253,135,71
254,142,70
255,152,64
256,121,68
257,140,45
258,130,46
259,148,46
260,153,49
261,157,68
262,123,181
263,152,59
264,178,65
265,164,61
266,135,102
267,112,129
268,110,135
269,122,130
270,128,132
271,118,135
272,124,135
273,133,148
274,103,113
275,104,105
276,162,41
277,119,83
278,121,108
279,121,103
280,158,99
281,104,94
282,146,35
283,156,36
284,169,17
285,114,44
286,123,51
287,140,138
288,169,139
289,115,112
290,109,115
291,135,137
292,132,138
293,159,31
294,121,110
295,132,37
296,134,30
297,140,0
298,164,25
299,136,15
300,166,37
301,171,36
302,112,133
303,120,133
304,126,134
305,114,114
306,133,137
307,130,144
308,131,138
309,111,111
310,122,136
311,116,136
312,109,136
313,107,170
314,110,164
315,110,160
316,109,156
317,108,153
318,122,147
319,123,148
320,125,150
321,127,152
322,131,128
323,177,99
324,126,143
325,128,143
326,107,118
327,119,114
328,108,117
329,127,87
330,140,91
331,123,106
332,158,6
333,153,17
334,148,28
335,127,157
336,116,34
337,118,15
338,121,-3
339,148,68
340,164,73
341,117,67
342,159,52
343,114,78
344,116,106
345,173,80
346,159,80
347,150,83
348,137,83
349,126,80
350,119,77
351,104,69
352,173,96
353,164,51
354,101,116
355,119,91
356,179,63
357,114,73
358,124,106
359,155,59
360,116,100
361,174,119
362,117,64
363,110,97
364,154,160
365,153,169
366,178,98
367,164,148
368,175,49
369,123,189
370,100,118
371,126,96
372,170,62
373,142,66
374,135,67
375,131,144
376,172,112
377,110,200
378,132,188
379,141,180
380,129,66
381,123,65
382,119,65
383,168,48
384,124,57
385,131,53
386,138,52
387,144,53
388,148,55
389,178,45
390,146,64
391,123,125
392,115,112
393,108,124
394,144,171
395,134,180
396,110,195
397,161,156
398,120,61
399,109,81
400,122,195
401,176,116
402,116,150
403,118,152
404,119,155
405,120,159
406,118,165
407,129,136
408,130,135
409,132,134
410,137,132
411,163,117
412,109,73
413,113,58
414,117,58
415,127,137
416,163,136
417,107,58
418,121,172
419,104,78
420,114,93
421,109,178
422,138,152
423,130,112
424,130,163
425,148,110
426,137,119
427,154,122
428,110,187
429,119,97
430,143,160
431,133,171
432,145,141
433,170,126
434,153,144
435,171,133
436,144,127
437,114,86
438,114,110
439,119,111
440,110,105
441,119,49
442,131,43
443,142,41
444,151,43
445,157,46
446,159,60
447,179,82
448,153,72
449,146,75
450,136,76
451,127,74
452,120,72
453,115,70
454,178,81
455,118,112
456,109,89
457,108,111
458,104,115
459,108,112
460,117,114
461,103,116
462,102,117
463,115,64
464,112,66
465,109,68
466,150,57
467,155,53
468,62,60
469,70,60
470,61,53
471,53,60
472,62,68
473,137,60
474,145,60
475,137,53
476,129,60
477,137,67
