0,98,131
1,93,110
2,98,115
3,89,85
4,92,103
5,93,93
6,96,67
7,58,62
8,97,48
9,96,38
10,94,0
11,99,133
12,99,136
13,100,137
14,100,138
15,100,141
16,100,145
17,101,150
18,104,157
19,95,113
20,91,112
21,42,29
22,78,68
23,71,69
24,65,69
25,58,63
26,84,67
27,64,48
28,72,49
29,57,49
30,54,52
31,54,68
32,86,165
33,56,59
34,45,60
35,50,62
36,72,100
37,92,129
38,94,135
39,87,131
40,84,133
41,90,135
42,87,136
43,81,143
44,89,110
45,87,103
46,46,47
47,83,81
48,80,106
49,80,102
50,57,98
51,88,94
52,55,42
53,48,43
54,44,18
55,82,48
56,80,52
57,76,137
58,64,121
59,85,110
60,89,112
61,82,138
62,83,137
63,46,39
64,81,109
65,66,43
66,63,37
67,60,4
68,45,28
69,63,20
70,44,43
71,43,36
72,93,132
73,88,133
74,85,135
75,86,111
76,82,138
77,84,139
78,84,137
79,85,109
80,89,137
81,92,137
82,95,137
83,97,156
84,94,149
85,94,144
86,94,140
87,95,137
88,89,137
89,87,138
90,86,141
91,85,143
92,79,126
93,55,86
94,96,114
95,86,137
96,85,138
97,91,115
98,84,112
99,90,114
100,77,85
101,68,90
102,80,104
103,49,10
104,52,22
105,53,36
106,85,148
107,78,39
108,77,19
109,75,0
110,60,67
111,50,72
112,87,65
113,51,55
114,86,77
115,81,104
116,46,76
117,51,79
118,57,82
119,69,82
120,77,79
121,83,76
122,91,68
123,48,91
124,48,53
125,92,113
126,83,89
127,48,56
128,87,73
129,81,104
130,55,59
131,81,99
132,59,103
133,87,63
134,84,96
135,69,144
136,73,149
137,49,89
138,63,133
139,43,47
140,87,170
141,94,114
142,79,94
143,48,62
144,64,65
145,71,66
146,83,140
147,52,105
148,98,181
149,84,168
150,80,160
151,95,18
152,110,183
153,77,65
154,83,64
155,86,63
156,46,51
157,81,56
158,74,53
159,67,53
160,61,54
161,58,56
162,44,41
163,61,64
164,99,121
165,83,122
166,84,109
167,91,121
168,97,57
169,75,154
170,81,162
171,96,177
172,69,136
173,85,60
174,87,80
175,108,180
176,90,175
177,53,104
178,92,137
179,90,139
180,89,143
181,89,147
182,90,153
183,85,137
184,84,136
185,82,135
186,77,131
187,57,111
188,88,72
189,89,58
190,86,58
191,86,137
192,61,126
193,91,59
194,88,159
195,94,84
196,90,77
197,95,76
198,84,92
199,107,173
200,106,165
201,96,163
202,76,145
203,77,109
204,82,152
205,64,108
206,73,116
207,63,118
208,95,171
209,82,95
210,74,148
211,80,157
212,71,137
213,56,116
214,66,136
215,58,118
216,70,125
217,85,85
218,83,107
219,82,108
220,83,103
221,82,51
222,70,47
223,60,46
224,53,48
225,50,50
226,53,60
227,46,74
228,56,72
229,62,75
230,70,75
231,78,73
232,84,71
233,88,69
234,52,71
235,83,110
236,86,88
237,85,108
238,90,111
239,86,109
240,85,112
241,90,112
242,92,114
243,89,63
244,90,65
245,90,68
246,57,57
247,53,55
248,101,85
249,153,60
250,103,113
251,188,22
252,131,67
253,138,67
254,146,67
255,157,61
256,124,65
257,142,44
258,133,45
259,150,46
260,156,49
261,164,65
262,134,167
263,156,57
264,192,56
265,174,58
266,137,99
267,106,129
268,107,135
269,115,131
270,122,134
271,114,136
272,120,136
273,136,144
274,99,110
275,99,103
276,166,42
277,122,80
278,119,106
279,121,101
280,161,97
281,100,93
282,144,37
283,156,38
284,176,11
285,111,46
286,125,49
287,141,138
288,194,122
289,114,110
290,109,112
291,131,138
292,129,138
293,161,32
294,121,108
295,130,39
296,130,33
297,139,0
298,168,21
299,133,15
300,172,37
301,180,30
302,106,132
303,114,134
304,121,135
305,113,111
306,130,138
307,126,139
308,128,138
309,109,109
310,119,137
311,114,137
312,107,137
313,114,157
314,109,149
315,108,145
316,107,140
317,107,137
318,119,137
319,120,139
320,122,141
321,123,143
322,130,126
323,201,84
324,124,137
325,125,138
326,107,115
327,119,112
328,108,114
329,130,84
330,142,89
331,123,104
332,160,3
333,153,16
334,147,31
335,131,149
336,112,36
337,114,16
338,117,-2
339,153,65
340,173,69
341,120,64
342,164,51
343,117,76
344,114,104
345,183,74
346,167,76
347,156,81
348,141,80
349,130,77
350,122,75
351,104,68
352,182,90
353,171,49
354,99,113
355,121,88
356,199,51
357,116,72
358,124,104
359,160,56
360,115,99
361,199,102
362,121,61
363,107,95
364,170,147
365,174,152
366,194,88
367,180,135
368,186,42
369,137,173
370,99,114
371,128,93
372,182,57
373,144,63
374,138,64
375,127,140
376,182,105
377,125,182
378,150,170
379,161,163
380,132,63
381,126,61
382,122,61
383,178,45
384,128,54
385,135,51
386,141,51
387,148,52
388,152,54
389,195,35
390,149,62
391,122,123
392,114,109
393,108,121
394,159,157
395,149,165
396,124,179
397,185,139
398,123,58
399,109,80
400,138,177
401,193,104
402,114,137
403,114,139
404,115,143
405,116,147
406,123,154
407,125,137
408,126,137
409,127,136
410,136,132
411,169,111
412,110,72
413,115,56
414,119,56
415,124,137
416,173,127
417,107,58
418,130,160
419,102,77
420,114,91
421,118,164
422,146,147
423,131,109
424,139,154
425,149,107
426,139,116
427,157,118
428,121,172
429,120,95
430,154,151
431,145,159
432,150,138
433,181,117
434,162,137
435,189,119
436,145,126
437,115,84
438,111,108
439,117,109
440,107,103
441,120,49
442,131,44
443,143,43
444,152,44
445,160,46
446,166,57
447,195,71
448,159,69
449,150,73
450,140,73
451,130,71
452,123,69
453,118,68
454,201,67
455,117,110
456,108,87
457,105,109
458,103,112
459,106,110
460,116,112
461,101,112
462,102,114
463,118,62
464,114,64
465,111,67
466,154,56
467,159,52
468,72,58
469,80,57
470,72,51
471,64,58
472,73,65
473,142,56
474,150,56
475,142,48
476,134,56
477,142,64
