0,101,127
1,103,105
2,101,113
3,96,80
4,104,98
5,103,88
6,101,64
7,44,62
8,101,40
9,101,29
10,101,-5
11,101,130
12,100,134
13,100,136
14,98,156
15,99,159
16,99,162
17,99,166
18,98,162
19,103,109
20,94,109
21,13,28
22,65,70
23,58,70
24,51,69
25,41,64
26,71,67
27,56,44
28,64,45
29,48,45
30,42,48
31,35,68
32,68,170
33,41,59
34,9,62
35,26,61
36,59,97
37,88,126
38,89,133
39,75,129
40,65,133
41,78,134
42,69,136
43,61,145
44,97,105
45,96,98
46,32,39
47,76,80
48,76,102
49,75,98
50,36,96
51,96,88
52,51,30
53,41,33
54,22,14
55,84,37
56,71,49
57,55,137
58,13,134
59,81,107
60,88,109
61,54,141
62,56,141
63,36,27
64,75,105
65,65,30
66,65,23
67,55,-3
68,28,21
69,60,10
70,26,35
71,19,32
72,88,130
73,76,132
74,67,134
75,83,108
76,55,141
77,59,147
78,58,141
79,86,105
80,71,137
81,79,136
82,89,136
83,87,161
84,85,165
85,85,161
86,86,158
87,87,155
88,69,150
89,67,151
90,65,152
91,64,154
92,65,124
93,5,96
94,102,111
95,63,147
96,61,147
97,90,112
98,77,110
99,89,111
100,67,83
101,54,88
102,73,101
103,35,3
104,41,13
105,49,23
106,67,151
107,82,26
108,79,11
109,77,-6
110,44,67
111,27,73
112,76,65
113,34,52
114,82,75
115,82,100
116,16,77
117,33,78
118,44,81
119,58,81
120,68,78
121,76,75
122,94,65
123,17,93
124,28,50
125,99,109
126,76,87
127,5,61
128,82,70
129,71,102
130,38,59
131,81,95
132,7,115
133,75,62
134,88,91
135,33,153
136,32,162
137,8,95
138,22,143
139,14,46
140,67,178
141,99,111
142,69,92
143,18,62
144,51,66
145,58,67
146,58,147
147,17,108
148,80,189
149,56,178
150,45,172
151,101,12
152,96,190
153,64,66
154,69,64
155,73,63
156,21,48
157,69,57
158,63,54
159,57,54
160,51,55
161,46,56
162,7,43
163,47,64
164,101,118
165,73,120
166,82,106
167,89,118
168,101,53
169,44,163
170,55,170
171,81,183
172,22,150
173,73,60
174,89,77
175,97,185
176,67,184
177,9,112
178,77,153
179,75,155
180,74,157
181,73,160
182,76,157
183,62,138
184,60,137
185,58,136
186,58,130
187,28,112
188,88,70
189,82,54
190,77,56
191,63,139
192,27,131
193,90,53
194,72,163
195,103,80
196,95,73
197,102,72
198,82,88
199,97,177
200,98,169
201,84,168
202,54,148
203,65,107
204,62,156
205,47,106
206,57,115
207,39,118
208,82,176
209,77,92
210,47,154
211,58,163
212,48,138
213,19,122
214,37,140
215,14,128
216,51,124
217,83,82
218,84,104
219,78,105
220,89,99
221,76,45
222,65,40
223,55,38
224,46,40
225,38,45
226,33,60
227,7,79
228,39,72
229,48,74
230,57,75
231,66,73
232,74,71
233,79,68
234,4,78
235,78,107
236,89,84
237,91,104
238,94,108
239,90,106
240,80,109
241,96,109
242,96,110
243,78,62
244,83,63
245,86,64
246,44,58
247,38,53
248,109,81
249,149,64
250,109,109
251,170,32
252,130,71
253,137,72
254,143,71
255,152,66
256,125,69
257,140,44
258,132,46
259,147,46
260,152,50
261,156,70
262,123,170
263,152,61
264,172,65
265,162,63
266,137,98
267,112,126
268,110,133
269,122,128
270,128,132
271,118,134
272,123,135
273,131,145
274,109,105
275,111,98
276,160,40
277,122,80
278,125,103
279,125,99
280,157,97
281,110,89
282,146,30
283,154,34
284,166,18
285,117,36
286,126,50
287,137,138
288,161,135
289,119,107
290,113,110
291,132,140
292,130,140
293,158,28
294,125,106
295,134,30
296,135,23
297,143,0
298,164,24
299,140,12
300,163,37
301,168,36
302,111,130
303,120,131
304,126,134
305,117,109
306,131,140
307,129,146
308,129,141
309,116,105
310,121,136
311,116,135
312,109,135
313,108,161
314,111,165
315,111,161
316,110,157
317,108,155
318,121,149
319,123,150
320,125,151
321,127,153
322,131,125
323,168,98
324,125,145
325,127,146
326,111,112
327,122,110
328,112,111
329,129,84
330,141,89
331,126,102
332,158,7
333,155,16
334,148,24
335,125,151
336,119,25
337,122,12
338,124,-4
339,149,69
340,162,75
341,121,67
342,157,53
343,117,76
344,121,100
345,170,80
346,159,80
347,151,83
348,138,82
349,129,79
350,122,76
351,108,66
352,170,95
353,162,51
354,106,109
355,122,87
356,170,65
357,117,72
358,126,102
359,154,61
360,121,95
361,166,116
362,121,64
363,116,91
364,151,153
365,149,162
366,172,98
367,160,144
368,170,50
369,124,177
370,105,111
371,128,93
372,167,65
373,143,67
374,137,68
375,130,147
376,168,110
377,110,188
378,130,177
379,139,171
380,132,67
381,126,66
382,123,65
383,165,49
384,127,58
385,133,55
386,139,55
387,145,56
388,148,58
389,171,47
390,147,66
391,125,121
392,119,106
393,111,118
394,142,163
395,133,170
396,112,183
397,155,151
398,123,62
399,113,78
400,121,183
401,170,114
402,116,152
403,118,154
404,120,157
405,121,160
406,118,157
407,127,138
408,130,137
409,131,136
410,135,130
411,161,114
412,112,70
413,116,55
414,120,58
415,126,138
416,160,132
417,110,54
418,121,163
419,108,74
420,118,89
421,110,168
422,137,148
423,132,108
424,129,156
425,148,107
426,138,116
427,152,119
428,111,176
429,122,93
430,141,154
431,132,162
432,143,139
433,166,123
434,151,140
435,166,130
436,142,125
437,117,82
438,119,104
439,123,105
440,116,99
441,122,46
442,133,40
443,143,39
444,150,41
445,155,46
446,158,62
447,173,82
448,153,74
449,146,76
450,138,76
451,130,75
452,123,72
453,118,69
454,169,81
455,122,107
456,114,84
457,114,104
458,110,108
459,114,106
460,120,109
461,108,109
462,107,111
463,118,64
464,115,65
465,113,65
466,150,59
467,154,55
468,55,60
469,63,59
470,55,53
471,48,60
472,56,67
473,138,61
474,145,61
475,137,54
476,131,61
477,138,67
