0,98,131
1,98,105
2,97,113
3,92,81
4,98,98
5,98,88
6,98,64
7,44,60
8,98,43
9,99,33
10,99,-5
11,98,134
12,98,137
13,98,139
14,98,142
15,98,145
16,98,150
17,98,154
18,96,165
19,97,109
20,91,109
21,16,28
22,64,67
23,57,67
24,50,67
25,41,63
26,70,65
27,55,44
28,63,45
29,47,45
30,41,48
31,34,68
32,68,175
33,42,58
34,11,63
35,26,62
36,61,100
37,90,130
38,92,137
39,83,133
40,79,136
41,86,138
42,82,139
43,66,151
44,92,105
45,91,98
46,31,41
47,75,81
48,77,104
49,76,101
50,38,100
51,91,89
52,49,32
53,39,35
54,24,15
55,82,40
56,70,49
57,62,144
58,17,136
59,82,108
60,87,110
61,74,143
62,76,143
63,35,30
64,77,108
65,63,33
66,62,27
67,55,-1
68,30,23
69,60,13
70,27,38
71,21,34
72,91,134
73,85,136
74,80,138
75,84,110
76,75,143
77,77,144
78,76,143
79,85,105
80,83,140
81,87,139
82,92,139
83,87,164
84,91,154
85,91,149
86,92,145
87,92,141
88,83,142
89,82,143
90,80,146
91,79,148
92,69,129
93,9,96
94,97,111
95,80,142
96,79,143
97,89,113
98,79,113
99,88,112
100,67,85
101,55,91
102,75,104
103,37,4
104,42,16
105,47,26
106,71,156
107,80,29
108,78,13
109,75,-4
110,44,65
111,26,73
112,74,63
113,34,52
114,81,75
115,80,101
116,18,79
117,31,79
118,41,82
119,55,81
120,66,78
121,73,74
122,91,65
123,19,96
124,28,51
125,94,109
126,77,88
127,8,61
128,80,70
129,74,105
130,38,58
131,80,96
132,12,115
133,74,61
134,85,92
135,35,157
136,34,166
137,11,96
138,26,146
139,16,47
140,66,182
141,95,111
142,70,94
143,19,63
144,51,62
145,57,63
146,76,146
147,21,112
148,79,193
149,56,182
150,46,175
151,99,13
152,95,195
153,63,63
154,68,62
155,72,61
156,22,49
157,68,56
158,62,53
159,56,53
160,50,54
161,46,55
162,11,43
163,47,61
164,97,119
165,76,124
166,82,107
167,88,120
168,98,53
169,46,167
170,55,174
171,79,188
172,25,153
173,72,59
174,86,78
175,96,190
176,67,188
177,13,114
178,87,141
179,86,144
180,85,147
181,84,151
182,78,161
183,79,141
184,77,141
185,76,140
186,65,135
187,33,117
188,86,70
189,80,54
190,75,56
191,80,141
192,31,136
193,88,54
194,73,168
195,98,80
196,91,74
197,98,72
198,81,90
199,96,182
200,96,173
201,84,172
202,57,154
203,67,111
204,64,162
205,49,110
206,61,119
207,44,123
208,81,180
209,77,94
210,49,159
211,59,167
212,52,144
213,23,125
214,41,145
215,17,131
216,56,130
217,81,83
218,83,104
219,79,107
220,85,99
221,75,47
222,63,41
223,52,40
224,43,41
225,37,45
226,33,60
227,10,79
228,38,71
229,46,74
230,56,74
231,65,72
232,72,70
233,77,67
234,8,78
235,80,109
236,86,84
237,87,104
238,91,108
239,87,106
240,81,111
241,92,109
242,93,110
243,77,61
244,81,63
245,84,64
246,44,57
247,38,52
248,104,81
249,152,60
250,103,109
251,177,29
252,131,66
253,138,67
254,145,67
255,155,63
256,125,64
257,142,44
258,133,45
259,150,45
260,156,48
261,160,68
262,123,174
263,155,58
264,181,63
265,168,62
266,133,100
267,105,130
268,104,137
269,113,133
270,117,137
271,110,138
272,114,139
273,127,151
274,103,105
275,105,98
276,165,41
277,119,80
278,118,104
279,119,101
280,155,100
281,104,89
282,148,33
283,158,35
284,170,16
285,115,40
286,126,49
287,132,143
288,171,135
289,112,109
290,107,111
291,122,143
292,120,143
293,161,31
294,117,108
295,134,34
296,135,28
297,142,0
298,165,24
299,137,14
300,169,38
301,172,34
302,105,134
303,111,136
304,116,138
305,110,110
306,121,143
307,119,144
308,119,143
309,110,106
310,113,140
311,109,139
312,104,139
313,105,164
314,106,154
315,105,149
316,105,145
317,104,141
318,113,142
319,114,143
320,116,146
321,117,149
322,125,129
323,180,96
324,116,142
325,117,143
326,105,114
327,115,113
328,106,112
329,127,85
330,139,91
331,119,104
332,159,5
333,154,16
334,150,27
335,122,156
336,117,30
337,119,13
338,122,-4
339,151,66
340,168,73
341,120,62
342,162,52
343,114,75
344,115,101
345,175,79
346,163,79
347,154,82
348,140,80
349,129,77
350,121,73
351,105,65
352,173,96
353,167,51
354,101,109
355,118,88
356,182,61
357,115,69
358,120,105
359,158,58
360,115,96
361,177,115
362,120,59
363,110,92
364,155,156
365,155,164
366,180,96
367,164,145
368,177,47
369,124,181
370,100,111
371,124,94
372,173,63
373,145,62
374,138,62
375,120,146
376,171,111
377,111,193
378,134,181
379,144,174
380,132,62
381,126,60
382,122,60
383,171,49
384,127,55
385,133,53
386,140,53
387,147,54
388,151,56
389,181,43
390,149,62
391,118,124
392,112,107
393,106,120
394,145,166
395,135,173
396,111,187
397,164,152
398,122,58
399,109,78
400,123,187
401,177,113
402,109,141
403,110,144
404,111,147
405,112,152
406,114,161
407,117,141
408,119,141
409,120,140
410,129,135
411,160,116
412,110,70
413,114,54
414,119,55
415,116,141
416,160,135
417,108,53
418,119,167
419,105,74
420,114,90
421,108,172
422,135,153
423,126,111
424,128,161
425,144,110
426,133,119
427,149,122
428,110,180
429,117,94
430,142,158
431,133,166
432,141,144
433,168,125
434,151,144
435,173,130
436,138,129
437,114,83
438,112,104
439,115,107
440,110,99
441,121,46
442,133,41
443,145,40
444,154,41
445,160,45
446,162,60
447,182,79
448,157,71
449,149,74
450,139,73
451,130,71
452,122,68
453,117,66
454,181,78
455,115,109
456,109,84
457,108,104
458,104,108
459,107,106
460,113,111
461,103,109
462,102,110
463,118,60
464,113,62
465,111,63
466,153,57
467,159,52
468,58,57
469,65,57
470,58,50
471,50,57
472,58,64
473,140,57
474,148,57
475,140,50
476,132,56
477,139,63
