0,96,130
1,98,110
2,97,116
3,92,84
4,98,102
5,98,92
6,99,66
7,45,61
8,99,47
9,100,37
10,101,-1
11,96,133
12,96,135
13,96,137
14,96,154
15,96,157
16,96,161
17,96,165
18,97,171
19,98,114
20,89,113
21,14,32
22,64,67
23,57,68
24,50,68
25,41,64
26,70,66
27,55,48
28,63,49
29,47,49
30,42,52
31,33,68
32,64,180
33,42,60
34,9,66
35,24,63
36,54,100
37,83,128
38,84,134
39,71,129
40,63,131
41,74,134
42,66,134
43,53,147
44,91,110
45,90,102
46,30,45
47,73,81
48,69,105
49,69,101
50,30,98
51,91,92
52,50,38
53,39,40
54,22,19
55,83,46
56,70,52
57,47,137
58,12,139
59,75,110
60,82,113
61,53,134
62,55,135
63,34,34
64,68,108
65,65,40
66,64,33
67,55,1
68,28,27
69,59,17
70,25,41
71,19,38
72,83,131
73,72,132
74,64,132
75,77,111
76,54,135
77,58,142
78,56,135
79,81,109
80,68,135
81,75,135
82,85,136
83,83,170
84,82,164
85,83,160
86,84,156
87,85,153
88,68,146
89,66,147
90,64,149
91,62,152
92,57,126
93,6,99
94,97,116
95,63,142
96,61,142
97,85,115
98,71,112
99,84,114
100,64,85
101,50,89
102,67,104
103,35,8
104,41,20
105,48,32
106,61,157
107,82,36
108,79,16
109,76,-1
110,44,66
111,24,73
112,74,65
113,33,55
114,79,77
115,76,104
116,14,80
117,30,79
118,40,82
119,55,81
120,65,78
121,73,75
122,91,68
123,12,95
124,26,53
125,93,114
126,73,89
127,7,64
128,80,71
129,66,104
130,38,60
131,75,98
132,7,118
133,74,62
134,83,95
135,29,158
136,30,168
137,6,98
138,18,148
139,14,51
140,63,188
141,94,115
142,65,94
143,16,64
144,52,63
145,58,63
146,57,143
147,12,111
148,79,200
149,54,187
150,42,179
151,100,17
152,97,202
153,63,63
154,69,63
155,72,62
156,20,51
157,68,57
158,62,55
159,56,55
160,50,56
161,46,58
162,9,46
163,48,62
164,97,122
165,66,123
166,76,109
167,84,122
168,99,56
169,40,169
170,52,179
171,79,195
172,20,156
173,72,60
174,85,80
175,97,197
176,65,195
177,7,116
178,76,150
179,74,152
180,72,155
181,71,159
182,70,165
183,60,134
184,58,133
185,57,132
186,50,131
187,22,115
188,85,72
189,81,57
190,75,58
191,62,135
192,20,135
193,88,57
194,67,171
195,98,83
196,91,76
197,99,75
198,78,91
199,97,189
200,97,179
201,81,178
202,48,151
203,59,109
204,57,162
205,40,109
206,51,117
207,33,121
208,79,187
209,72,95
210,42,159
211,53,170
212,41,140
213,13,125
214,31,143
215,10,132
216,43,126
217,79,84
218,78,108
219,72,108
220,83,103
221,75,50
222,64,46
223,53,44
224,44,46
225,37,49
226,32,61
227,7,82
228,38,72
229,46,74
230,56,74
231,65,72
232,72,70
233,77,68
234,6,81
235,72,110
236,85,87
237,85,109
238,89,113
239,84,110
240,73,112
241,90,113
242,91,115
243,77,62
244,81,64
245,84,66
246,44,59
247,38,55
248,105,84
249,149,61
250,106,113
251,181,32
252,128,66
253,135,67
254,143,67
255,153,63
256,122,65
257,142,48
258,133,49
259,150,49
260,154,52
261,160,68
262,128,179
263,152,59
264,185,65
265,168,63
266,140,99
267,109,128
268,108,134
269,121,129
270,129,130
271,118,133
272,125,133
273,138,146
274,105,110
275,106,102
276,167,46
277,122,81
278,125,105
279,126,100
280,163,97
281,106,92
282,150,40
283,160,41
284,174,19
285,116,47
286,125,52
287,145,136
288,179,138
289,119,110
290,112,112
291,139,134
292,136,135
293,165,36
294,126,107
295,136,41
296,138,35
297,145,2
298,169,27
299,140,17
300,171,42
301,176,38
302,109,131
303,120,131
304,127,132
305,117,111
306,137,134
307,133,142
308,135,135
309,114,109
310,124,134
311,116,135
312,107,136
313,110,170
314,109,164
315,109,159
316,108,156
317,107,153
318,123,146
319,125,147
320,127,149
321,129,151
322,136,125
323,186,99
324,128,141
325,131,141
326,109,115
327,123,111
328,111,114
329,131,85
330,144,89
331,128,103
332,163,9
333,158,20
334,154,34
335,131,156
336,120,38
337,122,16
338,125,0
339,149,66
340,167,73
341,118,64
342,162,55
343,117,77
344,120,103
345,180,79
346,162,78
347,153,81
348,138,80
349,127,77
350,119,74
351,106,68
352,180,94
353,168,54
354,102,114
355,123,89
356,186,63
357,114,71
358,128,103
359,156,59
360,120,98
361,184,118
362,118,61
363,113,94
364,162,158
365,161,168
366,186,97
367,173,147
368,181,50
369,129,188
370,101,115
371,130,93
372,175,64
373,142,62
374,136,63
375,135,143
376,180,110
377,114,200
378,139,187
379,149,179
380,129,62
381,124,62
382,120,62
383,174,52
384,125,57
385,132,55
386,139,55
387,145,56
388,149,57
389,185,46
390,146,61
391,127,122
392,119,109
393,110,121
394,151,169
395,140,178
396,114,194
397,171,155
398,120,60
399,112,80
400,127,194
401,185,115
402,116,150
403,118,152
404,119,155
405,120,159
406,122,164
407,132,134
408,133,133
409,135,132
410,142,130
411,171,114
412,111,72
413,114,57
414,118,57
415,130,134
416,171,134
417,108,57
418,125,171
419,106,76
420,118,91
421,111,177
422,143,151
423,135,109
424,135,162
425,153,108
426,142,116
427,160,120
428,113,187
429,123,94
430,149,158
431,139,169
432,151,139
433,178,124
434,160,142
435,181,131
436,149,125
437,117,84
438,117,107
439,123,108
440,113,102
441,121,51
442,134,46
443,145,45
444,154,46
445,160,49
446,162,61
447,186,81
448,155,71
449,147,73
450,137,73
451,127,71
452,120,69
453,115,67
454,186,81
455,123,109
456,112,87
457,111,108
458,106,112
459,111,110
460,121,111
461,105,113
462,104,114
463,116,62
464,112,64
465,110,65
466,151,58
467,157,55
468,59,59
469,66,58
470,58,51
471,51,59
472,59,66
473,138,59
474,145,59
475,138,53
476,130,58
477,137,64
