0,99,131
1,99,111
2,98,116
3,91,85
4,99,104
5,98,93
6,96,67
7,44,60
8,95,45
9,94,35
10,93,-6
11,99,134
12,99,137
13,99,139
14,99,139
15,99,143
16,99,147
17,99,152
18,99,157
19,99,114
20,91,113
21,14,25
22,66,67
23,59,68
24,51,68
25,41,62
26,72,65
27,54,43
28,62,45
29,46,45
30,41,48
31,35,67
32,73,168
33,41,57
34,12,59
35,26,61
36,61,102
37,91,130
38,92,137
39,83,132
40,78,135
41,86,137
42,81,138
43,68,148
44,93,111
45,91,104
46,31,42
47,74,82
48,76,108
49,75,104
50,39,101
51,91,94
52,48,36
53,38,37
54,21,13
55,80,45
56,69,48
57,63,142
58,24,127
59,82,112
60,87,114
61,73,140
62,75,140
63,34,31
64,76,111
65,62,38
66,60,32
67,49,-1
68,26,23
69,54,15
70,27,37
71,19,32
72,91,134
73,85,135
74,80,137
75,83,113
76,74,140
77,77,142
78,75,140
79,85,110
80,82,139
81,87,139
82,92,139
83,90,157
84,91,151
85,92,147
86,92,142
87,93,139
88,83,139
89,81,141
90,80,143
91,79,146
92,70,130
93,14,88
94,98,115
95,79,140
96,78,141
97,89,116
98,78,115
99,88,115
100,67,86
101,55,92
102,74,107
103,32,4
104,37,17
105,46,30
106,74,152
107,77,35
108,72,15
109,69,-4
110,45,66
111,27,73
112,75,63
113,34,51
114,79,77
115,80,105
116,19,78
117,33,80
118,43,84
119,57,82
120,67,78
121,74,75
122,89,68
123,21,95
124,28,50
125,95,114
126,76,90
127,11,55
128,80,72
129,73,106
130,38,57
131,79,100
132,18,107
133,75,60
134,84,96
135,41,151
136,41,156
137,15,92
138,32,139
139,15,44
140,72,174
141,96,115
142,69,96
143,19,61
144,52,64
145,59,64
146,76,143
147,25,109
148,85,182
149,63,172
150,53,166
151,94,14
152,100,183
153,65,63
154,70,62
155,74,61
156,22,47
157,68,53
158,62,50
159,55,49
160,48,51
161,45,53
162,11,38
163,47,62
164,98,122
165,76,125
166,82,111
167,89,123
168,95,55
169,52,160
170,61,167
171,84,179
172,32,143
173,73,58
174,85,81
175,100,180
176,73,178
177,18,108
178,87,139
179,86,142
180,85,145
181,84,149
182,82,155
183,78,139
184,76,139
185,75,138
186,65,136
187,35,116
188,84,72
189,80,55
190,76,55
191,79,140
192,35,132
193,86,57
194,76,161
195,97,84
196,90,78
197,97,76
198,80,93
199,100,174
200,99,165
201,88,165
202,60,150
203,67,112
204,68,157
205,50,111
206,61,119
207,45,122
208,85,173
209,76,97
210,54,154
211,63,161
212,54,142
213,28,121
214,45,141
215,23,124
216,57,130
217,80,85
218,82,109
219,78,110
220,85,104
221,74,48
222,62,42
223,51,41
224,43,42
225,37,46
226,33,59
227,13,76
228,39,72
229,47,75
230,58,74
231,67,72
232,73,70
233,78,68
234,12,71
235,79,112
236,85,88
237,87,110
238,91,112
239,87,110
240,81,114
241,93,113
242,93,114
243,77,61
244,81,64
245,84,66
246,42,55
247,38,52
248,104,85
249,150,59
250,105,113
251,171,19
252,129,66
253,136,67
254,143,66
255,153,61
256,122,65
257,140,43
258,131,45
259,148,44
260,153,47
261,158,65
262,125,166
263,153,56
264,175,54
265,165,58
266,133,99
267,106,129
268,105,136
269,113,131
270,118,134
271,111,136
272,115,137
273,128,146
274,104,110
275,105,103
276,162,39
277,118,80
278,119,106
279,120,102
280,153,96
281,105,94
282,146,33
283,156,34
284,165,8
285,113,44
286,123,49
287,133,139
288,166,120
289,114,110
290,109,113
291,123,138
292,122,138
293,159,29
294,119,109
295,132,36
296,133,29
297,137,-4
298,161,18
299,133,12
300,166,34
301,168,26
302,106,133
303,112,134
304,117,135
305,112,112
306,122,138
307,120,140
308,121,138
309,112,109
310,114,138
311,110,138
312,105,138
313,108,156
314,106,151
315,106,146
316,105,142
317,105,138
318,114,138
319,115,139
320,117,142
321,118,144
322,126,127
323,174,82
324,117,138
325,119,139
326,107,116
327,117,113
328,108,114
329,125,84
330,137,89
331,121,105
332,154,0
333,150,13
334,148,27
335,123,150
336,115,33
337,115,13
338,117,-6
339,149,65
340,165,70
341,118,63
342,159,49
343,113,76
344,116,104
345,171,72
346,161,76
347,152,81
348,138,80
349,127,77
350,120,74
351,103,68
352,169,89
353,164,47
354,102,114
355,118,88
356,175,49
357,114,71
358,121,104
359,156,56
360,116,99
361,171,101
362,118,60
363,111,95
364,153,146
365,153,150
366,174,86
367,161,134
368,172,39
369,126,171
370,101,115
371,124,93
372,170,58
373,143,62
374,136,63
375,121,141
376,167,104
377,114,181
378,134,169
379,143,161
380,130,62
381,124,61
382,120,61
383,168,45
384,125,54
385,132,52
386,138,51
387,145,52
388,149,54
389,174,32
390,147,61
391,120,124
392,114,109
393,107,122
394,144,156
395,136,164
396,114,177
397,160,137
398,121,58
399,109,80
400,125,176
401,171,102
402,110,138
403,111,141
404,112,144
405,113,148
406,116,154
407,119,137
408,120,137
409,121,136
410,130,133
411,158,111
412,108,71
413,113,55
414,117,55
415,117,138
416,158,127
417,106,56
418,121,160
419,104,77
420,114,92
421,111,164
422,136,147
423,127,110
424,129,154
425,143,107
426,134,117
427,149,118
428,113,172
429,118,95
430,142,150
431,134,158
432,141,139
433,164,116
434,150,137
435,168,118
436,138,126
437,113,84
438,114,108
439,117,109
440,111,103
441,119,48
442,131,42
443,142,40
444,151,41
445,157,44
446,160,57
447,175,70
448,154,69
449,147,72
450,137,73
451,128,71
452,121,69
453,116,67
454,175,65
455,117,110
456,109,88
457,109,109
458,106,112
459,109,110
460,115,112
461,104,113
462,104,114
463,116,61
464,112,63
465,110,65
466,151,55
467,156,51
468,59,55
469,67,54
470,58,47
471,51,55
472,60,63
473,136,56
474,144,56
475,136,49
476,128,56
477,136,63
