0,98,132
1,98,118
2,99,121
3,92,89
4,98,110
5,98,99
6,98,69
7,48,57
8,98,48
9,98,37
10,99,-3
11,98,134
12,98,136
13,98,137
14,99,146
15,99,150
16,99,154
17,99,159
18,100,163
19,98,121
20,91,119
21,25,23
22,69,65
23,62,66
24,55,66
25,46,59
26,75,64
27,57,43
28,65,45
29,49,44
30,45,46
31,41,64
32,74,172
33,45,54
34,22,57
35,34,57
36,63,100
37,89,130
38,90,135
39,80,131
40,75,132
41,83,134
42,78,134
43,67,143
44,92,117
45,91,110
46,36,39
47,78,82
48,76,109
49,76,104
50,42,96
51,92,99
52,51,36
53,42,36
54,31,12
55,82,47
56,73,49
57,61,135
58,31,124
59,81,114
60,87,117
61,68,134
62,70,135
63,39,30
64,76,111
65,64,39
66,63,33
67,57,-1
68,35,22
69,61,15
70,33,34
71,29,31
72,89,133
73,82,133
74,76,133
75,82,115
76,69,134
77,72,139
78,71,135
79,84,114
80,79,135
81,84,136
82,91,136
83,90,162
84,89,157
85,89,153
86,90,148
87,91,145
88,80,140
89,78,142
90,76,144
91,75,147
92,68,126
93,24,85
94,98,121
95,76,138
96,74,138
97,89,120
98,78,114
99,88,118
100,71,85
101,59,89
102,75,106
103,41,3
104,45,16
105,49,29
106,73,150
107,80,38
108,78,16
109,76,-3
110,49,63
111,34,69
112,78,63
113,39,48
114,83,78
115,80,109
116,27,74
117,39,76
118,47,80
119,61,80
120,70,77
121,77,74
122,92,71
123,28,90
124,35,47
125,95,120
126,78,91
127,22,52
128,82,71
129,74,105
130,43,54
131,80,103
132,26,104
133,78,60
134,86,100
135,44,149
136,45,156
137,23,89
138,35,137
139,25,42
140,74,179
141,95,121
142,72,95
143,29,57
144,55,61
145,62,62
146,71,140
147,29,105
148,86,190
149,66,176
150,56,168
151,98,16
152,101,192
153,68,61
154,73,60
155,76,60
156,31,44
157,71,54
158,65,50
159,58,50
160,52,50
161,48,52
162,23,35
163,51,60
164,99,125
165,75,124
166,81,114
167,89,125
168,98,58
169,54,160
170,64,170
171,86,186
172,37,142
173,76,58
174,87,83
175,101,188
176,75,184
177,25,105
178,85,143
179,83,145
180,82,149
181,81,153
182,80,157
183,74,134
184,72,134
185,71,133
186,63,130
187,37,111
188,87,74
189,83,57
190,78,56
191,75,135
192,37,128
193,89,58
194,77,164
195,98,89
196,92,81
197,98,79
198,82,95
199,101,181
200,100,171
201,88,170
202,61,146
203,68,110
204,68,156
205,52,108
206,61,117
207,46,118
208,86,179
209,78,97
210,56,152
211,65,162
212,54,136
213,31,118
214,46,137
215,29,121
216,56,124
217,83,87
218,82,113
219,78,112
220,85,109
221,77,50
222,65,44
223,55,41
224,46,41
225,41,44
226,39,55
227,22,72
228,44,68
229,52,72
230,61,72
231,70,70
232,76,69
233,81,67
234,23,68
235,78,113
236,87,92
237,87,115
238,91,118
239,87,116
240,80,115
241,92,119
242,93,120
243,80,61
244,84,64
245,86,67
246,46,53
247,42,49
248,104,89
249,150,60
250,106,119
251,175,23
252,128,67
253,135,67
254,143,67
255,152,62
256,122,65
257,140,45
258,131,46
259,148,46
260,153,49
261,158,66
262,127,172
263,152,57
264,179,57
265,166,59
266,136,100
267,108,130
268,107,135
269,118,131
270,124,132
271,115,134
272,121,134
273,134,142
274,104,117
275,105,110
276,163,41
277,120,82
278,121,109
279,122,104
280,157,96
281,105,99
282,146,36
283,156,37
284,169,12
285,114,47
286,124,50
287,140,134
288,173,125
289,117,114
290,111,117
291,131,134
292,129,134
293,160,31
294,122,111
295,133,39
296,134,33
297,141,-1
298,164,22
299,136,15
300,167,37
301,171,31
302,108,133
303,116,133
304,122,133
305,115,115
306,130,134
307,127,139
308,128,134
309,113,114
310,120,135
311,114,135
312,107,136
313,110,162
314,109,157
315,108,153
316,108,148
317,107,145
318,119,140
319,121,142
320,123,144
321,124,146
322,131,126
323,179,86
324,123,138
325,125,138
326,108,120
327,120,114
328,110,118
329,128,85
330,140,89
331,123,106
332,158,3
333,153,17
334,149,30
335,128,150
336,116,37
337,119,16
338,122,-3
339,149,65
340,166,70
341,118,64
342,159,51
343,115,78
344,117,109
345,173,74
346,161,77
347,152,81
348,138,80
349,128,78
350,120,75
351,105,71
352,173,90
353,165,49
354,102,120
355,120,91
356,181,52
357,114,72
358,124,105
359,155,57
360,117,103
361,177,105
362,118,61
363,111,100
364,158,150
365,157,156
366,179,89
367,167,138
368,175,43
369,128,180
370,102,121
371,126,95
372,171,59
373,142,63
374,135,63
375,128,140
376,172,105
377,115,190
378,137,177
379,146,168
380,129,63
381,123,62
382,119,62
383,169,46
384,125,55
385,132,52
386,139,52
387,145,53
388,149,54
389,179,36
390,146,61
391,123,124
392,116,114
393,109,125
394,147,161
395,138,171
396,115,186
397,166,143
398,120,59
399,110,83
400,127,185
401,177,106
402,114,143
403,115,145
404,117,149
405,118,153
406,120,157
407,126,134
408,127,133
409,128,132
410,137,129
411,164,112
412,110,74
413,113,57
414,117,57
415,124,134
416,164,129
417,107,58
418,124,164
419,105,81
420,115,95
421,112,170
422,140,146
423,131,110
424,132,156
425,148,108
426,138,117
427,154,119
428,114,179
429,120,98
430,145,153
431,136,163
432,146,136
433,171,118
434,155,138
435,173,122
436,144,124
437,115,87
438,115,113
439,119,112
440,111,109
441,119,50
442,132,44
443,143,42
444,151,43
445,157,46
446,160,58
447,180,73
448,154,70
449,147,73
450,137,73
451,127,71
452,120,70
453,116,68
454,180,68
455,119,113
456,110,92
457,110,115
458,106,118
459,110,116
460,118,115
461,105,119
462,104,120
463,115,62
464,112,64
465,110,67
466,151,56
467,156,52
468,60,54
469,67,54
470,60,47
471,53,55
472,59,62
473,137,57
474,144,57
475,137,50
476,129,56
477,136,63
