0,102,135
1,117,112
2,108,118
3,106,84
4,118,104
5,116,93
6,108,64
7,44,54
8,106,39
9,107,28
10,107,-7
11,102,138
12,101,141
13,100,143
14,99,143
15,99,148
16,99,153
17,98,158
18,98,165
19,114,115
20,103,115
21,2,16
22,68,64
23,60,64
24,52,63
25,40,56
26,74,62
27,59,34
28,68,37
29,50,35
30,42,38
31,32,62
32,65,174
33,41,51
34,-3,52
35,21,53
36,63,99
37,93,132
38,93,140
39,83,134
40,75,137
41,85,140
42,78,140
43,61,149
44,110,112
45,110,104
46,30,26
47,79,79
48,85,107
49,83,102
50,36,96
51,108,93
52,55,18
53,41,19
54,16,4
55,90,35
56,75,42
57,56,142
58,-6,125
59,90,112
60,96,115
61,65,141
62,67,141
63,36,12
64,82,110
65,71,23
66,70,15
67,60,-8
68,26,12
69,66,6
70,23,22
71,13,23
72,93,137
73,84,137
74,77,138
75,91,114
76,66,141
77,70,143
78,68,141
79,97,111
80,78,141
81,85,141
82,92,142
83,87,164
84,89,157
85,90,152
86,91,147
87,92,143
88,78,141
89,77,143
90,75,146
91,73,149
92,70,129
93,-15,83
94,111,117
95,73,141
96,72,142
97,98,118
98,83,115
99,97,116
100,70,83
101,57,88
102,80,105
103,35,-4
104,43,6
105,52,10
106,68,155
107,89,23
108,87,9
109,84,-9
110,44,61
111,22,67
112,79,60
113,32,41
114,85,75
115,92,105
116,9,72
117,30,75
118,43,79
119,59,78
120,70,75
121,78,71
122,100,66
123,11,89
124,25,39
125,110,115
126,81,88
127,-14,48
128,85,67
129,77,105
130,36,50
131,90,99
132,-13,103
133,78,57
134,99,96
135,24,152
136,17,159
137,-5,87
138,11,139
139,4,37
140,61,181
141,108,117
142,73,93
143,11,54
144,53,59
145,60,60
146,68,144
147,11,105
148,73,191
149,45,179
150,33,171
151,108,11
152,89,191
153,67,59
154,73,58
155,77,58
156,16,36
157,72,50
158,65,47
159,59,46
160,52,46
161,47,48
162,-7,31
163,48,57
164,107,124
165,79,126
166,91,111
167,96,124
168,105,51
169,36,164
170,48,172
171,76,187
172,4,144
173,76,55
174,95,79
175,93,187
176,59,186
177,-3,105
178,85,142
179,83,145
180,82,149
181,81,154
182,77,161
183,72,140
184,71,140
185,69,139
186,62,135
187,26,112
188,93,70
189,86,50
190,80,51
191,73,141
192,21,130
193,95,50
194,70,167
195,113,83
196,103,76
197,110,75
198,89,91
199,95,181
200,96,172
201,83,172
202,52,152
203,69,111
204,59,160
205,50,108
206,61,118
207,40,120
208,80,180
209,83,95
210,42,157
211,53,166
212,47,142
213,12,118
214,33,141
215,0,122
216,53,128
217,88,83
218,95,109
219,88,110
220,101,105
221,81,40
222,69,32
223,58,28
224,47,29
225,38,33
226,29,52
227,-5,69
228,38,66
229,47,70
230,59,70
231,69,69
232,76,66
233,82,64
234,-15,65
235,86,112
236,98,87
237,103,111
238,105,114
239,101,112
240,87,114
241,107,115
242,105,116
243,82,58
244,87,60
245,91,61
246,44,49
247,37,43
248,117,84
249,138,59
250,117,115
251,143,27
252,121,65
253,127,66
254,133,66
255,138,61
256,117,63
257,134,44
258,127,45
259,140,45
260,142,48
261,140,66
262,113,170
263,139,57
264,141,58
265,142,59
266,130,100
267,109,133
268,106,140
269,114,135
270,116,137
271,110,140
272,112,141
273,120,147
274,121,111
275,123,104
276,149,39
277,119,80
278,126,107
279,125,102
280,142,97
281,121,93
282,144,33
283,148,34
284,145,15
285,121,41
286,120,47
287,124,139
288,119,122
289,122,111
290,117,114
291,117,142
292,115,142
293,149,28
294,124,109
295,135,35
296,137,28
297,137,0
298,147,22
299,136,13
300,149,35
301,147,32
302,108,137
303,112,138
304,114,139
305,120,113
306,116,142
307,115,144
308,114,142
309,123,110
310,110,142
311,108,142
312,105,142
313,105,163
314,106,157
315,106,152
316,105,147
317,104,143
318,110,142
319,112,144
320,113,146
321,114,149
322,124,128
323,126,86
324,112,142
325,113,143
326,115,118
327,121,114
328,116,116
329,124,84
330,132,89
331,124,105
332,143,5
333,144,16
334,145,26
335,117,153
336,125,31
337,124,12
338,125,-4
339,136,65
340,143,71
341,114,61
342,144,50
343,117,75
344,126,105
345,145,75
346,143,78
347,139,82
348,130,80
349,123,76
350,118,73
351,112,66
352,145,91
353,145,48
354,117,115
355,120,88
356,133,55
357,115,69
358,123,105
359,140,56
360,125,99
361,123,103
362,114,58
363,123,95
364,123,146
365,115,152
366,139,89
367,126,134
368,144,44
369,111,176
370,114,117
371,123,94
372,141,59
373,133,62
374,128,62
375,116,145
376,141,105
377,101,188
378,110,173
379,112,164
380,123,61
381,118,59
382,115,59
383,145,46
384,119,53
385,124,51
386,130,51
387,135,52
388,138,54
389,140,39
390,136,61
391,122,124
392,123,110
393,115,124
394,119,157
395,115,166
396,104,184
397,117,138
398,116,56
399,117,79
400,107,181
401,135,104
402,108,142
403,109,145
404,111,149
405,111,154
406,112,159
407,114,141
408,115,141
409,117,140
410,125,133
411,140,111
412,114,70
413,113,52
414,115,53
415,112,142
416,132,127
417,112,53
418,112,164
419,115,76
420,121,91
421,105,170
422,122,148
423,126,110
424,117,156
425,136,108
426,129,117
427,136,119
428,106,178
429,122,95
430,123,151
431,117,161
432,127,138
433,136,116
434,129,137
435,130,119
436,130,126
437,119,84
438,125,108
439,125,109
440,125,104
441,120,45
442,130,41
443,139,40
444,144,41
445,146,44
446,141,58
447,140,73
448,139,70
449,135,73
450,128,72
451,121,70
452,117,67
453,114,65
454,129,70
455,123,111
456,120,87
457,124,110
458,119,113
459,122,111
460,121,113
461,118,114
462,115,116
463,113,58
464,112,61
465,112,63
466,139,56
467,142,51
468,54,51
469,62,52
470,55,44
471,46,51
472,54,59
473,125,55
474,132,56
475,125,48
476,117,55
477,124,63
