0,97,132
1,97,108
2,95,114
3,92,81
4,97,100
5,97,89
6,98,64
7,47,65
8,99,46
9,99,35
10,100,-6
11,97,135
12,97,139
13,96,142
14,96,142
15,96,146
16,95,151
17,95,157
18,93,161
19,96,112
20,88,111
21,16,28
22,67,71
23,60,71
24,54,71
25,43,67
26,72,68
27,59,50
28,65,51
29,52,51
30,47,54
31,37,70
32,65,175
33,44,63
34,12,64
35,28,64
36,58,97
37,86,129
38,87,138
39,76,130
40,70,132
41,79,137
42,73,136
43,57,143
44,91,108
45,90,99
46,36,45
47,75,79
48,73,103
49,72,98
50,35,95
51,91,90
52,57,38
53,46,40
54,25,14
55,85,48
56,71,54
57,51,134
58,13,142
59,77,108
60,83,110
61,62,135
62,64,136
63,41,34
64,71,105
65,70,41
66,69,34
67,58,-3
68,32,22
69,63,11
70,30,40
71,23,34
72,87,134
73,77,134
74,71,134
75,79,109
76,63,136
77,66,139
78,65,136
79,82,107
80,74,138
81,80,139
82,88,141
83,82,160
84,85,155
85,86,150
86,87,145
87,87,141
88,74,139
89,72,140
90,71,143
91,69,145
92,60,123
93,8,101
94,96,113
95,70,137
96,68,138
97,85,113
98,73,109
99,84,112
100,67,83
101,54,87
102,70,101
103,39,2
104,45,14
105,54,31
106,64,150
107,84,37
108,80,12
109,78,-6
110,47,70
111,29,74
112,75,67
113,38,56
114,81,75
115,78,101
116,18,78
117,35,79
118,45,82
119,58,81
120,68,79
121,74,76
122,91,66
123,17,94
124,31,54
125,92,112
126,75,87
127,8,63
128,80,72
129,69,101
130,41,63
131,78,96
132,9,121
133,74,65
134,85,92
135,30,158
136,30,170
137,9,98
138,20,148
139,17,47
140,64,184
141,93,113
142,68,92
143,20,64
144,55,68
145,61,68
146,65,140
147,16,111
148,77,197
149,54,187
150,43,180
151,100,13
152,92,199
153,66,67
154,70,65
155,73,65
156,24,51
157,69,61
158,64,60
159,59,60
160,53,60
161,49,62
162,11,43
163,51,67
164,95,119
165,69,120
166,78,107
167,84,119
168,98,55
169,42,168
170,52,176
171,77,190
172,21,159
173,72,63
174,86,78
175,92,192
176,64,192
177,10,117
178,80,140
179,79,143
180,77,147
181,76,151
182,72,156
183,68,136
184,66,135
185,65,134
186,54,128
187,26,114
188,86,70
189,81,59
190,75,60
191,69,137
192,24,134
193,88,59
194,68,165
195,97,81
196,91,74
197,98,73
198,80,89
199,92,182
200,93,171
201,80,170
202,51,148
203,62,107
204,59,158
205,44,106
206,54,114
207,36,119
208,78,180
209,75,93
210,45,157
211,55,166
212,44,138
213,17,125
214,34,142
215,13,134
216,47,123
217,81,82
218,80,105
219,75,106
220,84,100
221,77,52
222,67,47
223,59,45
224,50,46
225,43,50
226,35,63
227,10,81
228,42,73
229,50,75
230,59,76
231,67,74
232,73,72
233,77,70
234,8,82
235,74,107
236,86,85
237,85,106
238,88,110
239,85,108
240,76,109
241,90,111
242,90,113
243,77,65
244,81,66
245,84,67
246,47,63
247,42,57
248,103,82
249,146,67
250,103,111
251,174,33
252,126,71
253,132,72
254,139,72
255,149,69
256,121,70
257,137,52
258,130,53
259,144,54
260,149,56
261,154,73
262,119,177
263,149,65
264,177,68
265,162,68
266,132,100
267,107,129
268,105,139
269,116,131
270,121,133
271,112,138
272,118,138
273,127,145
274,103,108
275,104,100
276,159,49
277,117,81
278,119,104
279,119,100
280,155,99
281,103,90
282,143,42
283,153,44
284,167,19
285,113,49
286,123,56
287,134,137
288,169,147
289,113,109
290,108,111
291,128,137
292,126,137
293,157,39
294,119,107
295,130,43
296,132,37
297,140,0
298,161,28
299,135,15
300,163,46
301,168,39
302,106,134
303,114,135
304,120,135
305,112,110
306,127,137
307,123,140
308,125,138
309,110,108
310,116,139
311,111,140
312,104,141
313,103,161
314,105,156
315,105,150
316,104,145
317,104,141
318,116,139
319,117,141
320,119,144
321,120,146
322,127,125
323,176,106
324,120,138
325,122,139
326,105,114
327,117,110
328,106,112
329,125,85
330,137,90
331,120,103
332,157,8
333,151,20
334,146,36
335,121,151
336,116,39
337,119,14
338,122,-4
339,145,71
340,161,77
341,117,68
342,156,59
343,112,76
344,114,102
345,171,82
346,155,82
347,146,84
348,133,83
349,124,80
350,117,77
351,104,66
352,171,98
353,161,58
354,100,112
355,117,88
356,178,68
357,112,73
358,121,103
359,152,65
360,115,97
361,174,126
362,118,66
363,109,93
364,154,162
365,153,174
366,177,103
367,164,152
368,173,52
369,120,186
370,99,113
371,123,94
372,168,69
373,139,68
374,133,68
375,125,142
376,171,115
377,107,198
378,129,189
379,140,183
380,127,68
381,123,67
382,120,66
383,166,56
384,124,62
385,130,60
386,136,60
387,141,61
388,145,63
389,177,49
390,143,68
391,120,121
392,113,108
393,106,119
394,142,171
395,131,179
396,107,191
397,162,163
398,120,64
399,108,78
400,119,194
401,176,121
402,110,140
403,112,144
404,113,147
405,113,152
406,113,157
407,122,137
408,124,136
409,125,135
410,132,130
411,162,117
412,108,71
413,113,60
414,117,61
415,120,138
416,162,138
417,106,59
418,116,167
419,104,74
420,113,90
421,104,171
422,133,151
423,127,109
424,125,160
425,145,109
426,134,117
427,151,122
428,106,182
429,117,94
430,139,160
431,129,169
432,141,140
433,169,129
434,151,145
435,172,138
436,140,126
437,112,83
438,112,106
439,117,107
440,109,101
441,119,54
442,130,49
443,140,48
444,148,50
445,153,53
446,156,66
447,178,86
448,150,76
449,142,77
450,133,77
451,125,75
452,119,73
453,114,71
454,177,87
455,116,108
456,108,85
457,107,107
458,104,111
459,107,108
460,115,110
461,102,111
462,101,113
463,115,66
464,111,67
465,108,68
466,147,64
467,152,60
468,60,64
469,65,64
470,60,58
471,55,64
472,60,70
473,131,64
474,137,64
475,132,58
476,125,64
477,130,70
