0,104,129
1,114,105
2,106,113
3,105,80
4,115,98
5,114,88
6,108,63
7,44,52
8,107,42
9,109,32
10,110,-1
11,104,133
12,103,138
13,101,142
14,101,148
15,101,154
16,101,160
17,99,166
18,95,167
19,111,109
20,101,109
21,5,20
22,65,61
23,58,61
24,50,61
25,39,55
26,72,60
27,58,37
28,66,39
29,49,38
30,42,40
31,31,60
32,61,173
33,40,50
34,0,54
35,21,53
36,62,96
37,95,126
38,93,137
39,82,129
40,73,133
41,84,137
42,76,138
43,58,149
44,107,105
45,107,97
46,32,32
47,78,78
48,82,102
49,80,98
50,36,93
51,106,88
52,56,26
53,43,27
54,19,7
55,90,36
56,73,43
57,53,140
58,-5,127
59,87,107
60,93,110
61,62,140
62,65,140
63,39,22
64,80,106
65,72,28
66,72,21
67,63,-5
68,29,15
69,68,9
70,26,28
71,15,25
72,94,132
73,83,134
74,75,136
75,88,109
76,64,140
77,68,143
78,66,140
79,94,104
80,77,140
81,85,140
82,93,141
83,84,166
84,88,164
85,90,158
86,92,152
87,93,147
88,77,143
89,75,145
90,73,148
91,71,151
92,67,126
93,-13,87
94,109,111
95,72,141
96,70,142
97,96,113
98,81,111
99,95,111
100,69,81
101,56,86
102,77,101
103,38,-1
104,46,9
105,54,19
106,64,155
107,90,25
108,89,12
109,86,-4
110,43,58
111,21,65
112,76,58
113,33,43
114,85,73
115,89,99
116,10,71
117,28,72
118,40,76
119,56,76
120,67,73
121,76,70
122,100,64
123,11,88
124,26,42
125,107,109
126,80,86
127,-10,52
128,83,66
129,75,102
130,36,49
131,88,94
132,-11,106
133,76,55
134,97,90
135,22,151
136,15,159
137,-3,87
138,10,139
139,6,39
140,57,181
141,106,111
142,72,91
143,12,53
144,52,56
145,59,57
146,66,145
147,11,103
148,70,192
149,42,180
150,30,171
151,110,15
152,86,193
153,65,56
154,70,56
155,74,55
156,18,39
157,70,50
158,64,47
159,57,47
160,51,47
161,46,48
162,-4,34
163,47,54
164,104,120
165,76,122
166,88,105
167,94,120
168,106,53
169,33,163
170,44,172
171,72,187
172,4,145
173,74,53
174,95,76
175,89,189
176,55,187
177,-2,105
178,84,145
179,83,148
180,80,153
181,78,158
182,73,161
183,70,139
184,68,138
185,67,136
186,59,132
187,26,109
188,93,68
189,85,50
190,78,50
191,71,140
192,20,128
193,94,50
194,66,167
195,112,80
196,102,73
197,110,72
198,88,88
199,92,182
200,93,174
201,80,172
202,48,150
203,67,107
204,56,160
205,49,105
206,59,115
207,39,117
208,76,180
209,81,92
210,39,155
211,49,165
212,44,140
213,11,117
214,31,139
215,1,122
216,51,125
217,87,81
218,92,103
219,85,105
220,98,98
221,80,42
222,69,35
223,58,33
224,47,34
225,39,37
226,30,51
227,-3,70
228,36,64
229,46,67
230,57,68
231,66,66
232,74,64
233,80,62
234,-12,69
235,83,107
236,96,83
237,100,104
238,102,108
239,99,105
240,84,110
241,104,108
242,103,110
243,79,56
244,85,58
245,89,60
246,43,49
247,37,44
248,117,81
249,139,64
250,114,110
251,152,39
252,124,68
253,130,69
254,135,70
255,140,68
256,119,66
257,136,49
258,128,48
259,141,51
260,144,54
261,144,73
262,112,174
263,141,63
264,149,70
265,147,68
266,131,102
267,113,128
268,109,139
269,119,132
270,122,137
271,114,140
272,117,142
273,120,152
274,119,106
275,121,98
276,152,48
277,121,82
278,126,105
279,126,101
280,144,103
281,119,89
282,145,38
283,150,42
284,153,26
285,121,41
286,122,51
287,125,144
288,127,135
289,121,109
290,116,111
291,123,147
292,121,146
293,152,38
294,124,109
295,136,37
296,138,31
297,141,7
298,153,32
299,140,20
300,153,46
301,154,43
302,111,134
303,117,137
304,120,140
305,118,111
306,122,147
307,121,149
308,120,146
309,121,106
310,114,144
311,111,143
312,107,142
313,103,166
314,108,166
315,109,160
316,109,153
317,107,148
318,115,147
319,117,150
320,119,153
321,120,156
322,124,130
323,135,100
324,117,146
325,119,148
326,114,114
327,120,113
328,115,113
329,126,87
330,134,93
331,125,105
332,150,15
333,149,24
334,147,32
335,116,157
336,125,32
337,127,17
338,129,1
339,139,69
340,148,79
341,116,63
342,147,58
343,118,76
344,126,102
345,151,84
346,147,84
347,142,86
348,132,83
349,124,79
350,119,75
351,113,66
352,151,100
353,150,58
354,114,109
355,121,89
356,142,69
357,115,70
358,124,105
359,143,64
360,125,97
361,131,117
362,115,61
363,122,92
364,127,155
365,121,161
366,146,100
367,132,144
368,151,56
369,111,180
370,111,111
371,125,95
372,148,71
373,135,65
374,130,65
375,122,151
376,146,114
377,99,191
378,112,179
379,116,172
380,125,64
381,120,63
382,117,62
383,151,57
384,120,57
385,126,57
386,132,57
387,136,59
388,139,61
389,149,52
390,138,65
391,121,125
392,122,108
393,113,121
394,122,164
395,117,172
396,103,187
397,123,150
398,117,59
399,117,78
400,107,186
401,142,116
402,112,148
403,114,152
404,115,157
405,115,162
406,111,162
407,119,144
408,121,143
409,123,142
410,125,136
411,143,118
412,115,71
413,114,54
414,116,56
415,117,145
416,136,135
417,113,53
418,111,167
419,115,74
420,121,90
421,103,173
422,123,153
423,127,112
424,118,161
425,137,112
426,130,120
427,137,124
428,104,180
429,123,95
430,125,158
431,119,166
432,129,144
433,141,126
434,132,144
435,137,130
436,130,131
437,119,84
438,124,105
439,124,108
440,124,100
441,120,47
442,131,44
443,140,45
444,146,47
445,148,52
446,145,66
447,148,85
448,142,76
449,138,77
450,131,76
451,124,73
452,118,70
453,115,67
454,138,84
455,123,110
456,120,85
457,122,105
458,116,109
459,120,107
460,120,112
461,116,109
462,113,111
463,114,61
464,112,62
465,113,63
466,140,62
467,145,58
468,53,50
469,61,51
470,54,44
471,46,50
472,53,57
473,127,60
474,134,61
475,127,53
476,119,59
477,126,66
