0,97,134
1,102,111
2,100,116
3,95,83
4,103,104
5,102,92
6,101,64
7,48,57
8,100,47
9,101,38
10,101,-2
11,97,136
12,97,138
13,97,139
14,97,139
15,97,142
16,97,146
17,96,150
18,96,159
19,102,115
20,93,113
21,17,25
22,67,62
23,61,63
24,54,63
25,44,59
26,73,61
27,56,46
28,64,46
29,49,47
30,44,49
31,37,64
32,68,171
33,45,55
34,13,58
35,29,59
36,62,97
37,89,132
38,89,137
39,80,133
40,74,135
41,82,137
42,77,137
43,62,143
44,96,111
45,95,103
46,35,45
47,77,78
48,76,105
49,75,100
50,40,94
51,96,93
52,53,39
53,42,41
54,26,13
55,85,46
56,71,49
57,56,136
58,14,129
59,81,109
60,87,112
61,67,137
62,69,137
63,39,37
64,75,107
65,67,40
66,66,34
67,58,0
68,32,24
69,63,15
70,30,41
71,24,33
72,89,135
73,81,135
74,76,136
75,82,110
76,68,137
77,71,139
78,70,137
79,86,109
80,78,137
81,83,138
82,90,138
83,86,158
84,88,149
85,88,145
86,89,142
87,90,139
88,78,137
89,77,139
90,75,141
91,74,143
92,66,125
93,8,89
94,101,115
95,74,137
96,73,138
97,90,115
98,77,111
99,88,113
100,70,82
101,58,86
102,74,102
103,39,4
104,45,17
105,51,34
106,68,149
107,83,36
108,81,16
109,78,-2
110,48,62
111,29,69
112,76,60
113,37,52
114,83,74
115,82,103
116,21,74
117,34,74
118,44,77
119,58,76
120,68,74
121,76,71
122,94,66
123,21,90
124,31,51
125,98,114
126,78,86
127,9,55
128,81,68
129,72,102
130,41,56
131,81,98
132,10,108
133,76,57
134,88,94
135,33,151
136,31,159
137,12,90
138,23,139
139,18,44
140,65,179
141,98,115
142,71,91
143,22,59
144,55,58
145,61,58
146,70,140
147,21,105
148,78,190
149,54,179
150,43,171
151,101,16
152,94,191
153,66,58
154,71,57
155,75,57
156,26,49
157,70,53
158,64,51
159,58,51
160,52,52
161,48,53
162,12,38
163,51,57
164,100,121
165,74,122
166,81,109
167,89,121
168,100,55
169,43,162
170,53,171
171,79,185
172,22,146
173,74,56
174,89,78
175,95,186
176,65,186
177,13,108
178,83,138
179,82,140
180,81,143
181,80,147
182,76,154
183,73,137
184,71,136
185,70,136
186,59,130
187,32,110
188,88,69
189,82,54
190,77,54
191,74,137
192,28,129
193,90,55
194,72,162
195,102,83
196,94,75
197,101,74
198,83,90
199,96,178
200,96,167
201,84,167
202,54,147
203,66,107
204,62,155
205,50,105
206,59,115
207,42,117
208,81,176
209,78,93
210,47,153
211,57,162
212,48,137
213,22,119
214,38,138
215,16,124
216,52,124
217,83,82
218,84,107
219,78,108
220,88,103
221,77,48
222,66,45
223,55,44
224,47,45
225,40,48
226,36,58
227,12,74
228,42,67
229,49,69
230,59,69
231,68,67
232,75,66
233,79,64
234,8,72
235,78,109
236,89,86
237,90,109
238,93,112
239,89,110
240,79,111
241,95,114
242,95,114
243,79,58
244,83,61
245,86,63
246,46,54
247,41,52
248,108,83
249,146,57
250,109,113
251,165,28
252,126,64
253,134,64
254,140,64
255,148,60
256,120,63
257,138,46
258,129,47
259,146,47
260,150,50
261,153,65
262,121,170
263,148,56
264,168,60
265,158,61
266,132,97
267,106,132
268,104,137
269,113,134
270,118,135
271,110,137
272,115,137
273,127,143
274,108,111
275,110,103
276,158,45
277,119,78
278,123,105
279,123,100
280,151,95
281,109,93
282,145,40
283,154,41
284,161,16
285,115,47
286,122,50
287,133,136
288,160,129
289,118,109
290,113,112
291,124,139
292,122,139
293,156,37
294,123,107
295,132,41
296,134,35
297,139,1
298,158,26
299,135,17
300,160,42
301,163,35
302,105,135
303,112,136
304,116,136
305,116,110
306,123,139
307,120,140
308,121,139
309,115,109
310,114,138
311,109,138
312,104,139
313,106,158
314,105,150
315,105,145
316,104,142
317,103,139
318,114,138
319,115,140
320,117,142
321,118,144
322,127,125
323,166,91
324,117,138
325,119,139
326,110,115
327,120,111
328,111,113
329,125,82
330,136,87
331,124,103
332,153,7
333,150,20
334,147,34
335,122,149
336,118,38
337,120,17
338,122,-1
339,146,63
340,160,70
341,116,61
342,155,52
343,114,74
344,120,104
345,165,75
346,158,75
347,151,78
348,138,78
349,128,75
350,120,72
351,107,66
352,165,91
353,159,52
354,106,114
355,119,87
356,167,58
357,115,68
358,124,102
359,150,56
360,119,98
361,164,109
362,115,59
363,114,95
364,149,150
365,147,158
366,168,92
367,157,139
368,166,46
369,123,178
370,104,115
371,125,92
372,162,62
373,140,60
374,134,60
375,121,141
376,163,106
377,109,190
378,130,177
379,138,169
380,127,60
381,121,59
382,117,59
383,161,51
384,122,54
385,129,52
386,136,51
387,142,52
388,145,54
389,167,41
390,143,59
391,122,122
392,118,109
393,110,121
394,141,161
395,132,170
396,110,184
397,154,145
398,118,57
399,111,78
400,121,185
401,166,108
402,109,138
403,110,141
404,112,144
405,112,147
406,115,154
407,119,138
408,120,137
409,121,137
410,132,130
411,156,111
412,111,69
413,112,55
414,115,55
415,117,138
416,156,129
417,108,56
418,118,161
419,107,75
420,116,90
421,107,166
422,134,146
423,129,108
424,126,155
425,143,106
426,134,115
427,148,117
428,110,176
429,120,93
430,139,152
431,130,161
432,140,137
433,161,119
434,148,137
435,163,124
436,138,124
437,115,82
438,118,108
439,121,108
440,115,103
441,118,49
442,131,45
443,141,44
444,149,45
445,154,48
446,154,59
447,169,76
448,151,68
449,145,70
450,136,70
451,126,69
452,119,67
453,115,65
454,166,74
455,121,109
456,112,86
457,113,109
458,109,112
459,113,110
460,119,111
461,108,113
462,107,114
463,113,59
464,111,62
465,111,63
466,147,55
467,151,52
468,59,54
469,66,54
470,59,48
471,52,54
472,59,60
473,134,55
474,141,54
475,134,49
476,127,55
477,134,60
