0,99,134
1,99,115
2,99,119
3,93,87
4,99,107
5,99,96
6,99,67
7,50,60
8,99,48
9,99,38
10,99,0
11,99,137
12,99,140
13,99,142
14,99,142
15,99,147
16,99,152
17,99,157
18,98,161
19,99,118
20,91,117
21,23,30
22,70,66
23,63,67
24,57,67
25,48,62
26,77,65
27,58,47
28,67,47
29,51,48
30,47,51
31,42,67
32,71,172
33,48,58
34,20,62
35,33,61
36,63,99
37,89,132
38,90,139
39,80,134
40,75,135
41,83,139
42,77,138
43,64,144
44,93,115
45,92,107
46,36,46
47,78,81
48,74,108
49,74,103
50,43,96
51,92,96
52,51,39
53,42,41
54,29,18
55,83,45
56,74,50
57,58,137
58,26,129
59,79,112
60,85,115
61,67,138
62,69,138
63,37,37
64,74,110
65,65,40
66,63,34
67,57,4
68,34,28
69,61,19
70,31,42
71,28,37
72,89,136
73,82,136
74,76,137
75,81,113
76,68,138
77,72,141
78,70,138
79,84,112
80,79,140
81,84,141
82,91,141
83,88,160
84,89,156
85,89,151
86,90,146
87,91,141
88,79,140
89,77,142
90,76,144
91,74,146
92,67,127
93,19,91
94,99,119
95,75,139
96,73,140
97,88,118
98,76,113
99,87,116
100,71,84
101,59,89
102,73,105
103,40,9
104,45,22
105,48,33
106,70,150
107,80,36
108,79,19
109,76,1
110,51,65
111,34,72
112,80,63
113,40,54
114,83,77
115,79,107
116,26,77
117,39,77
118,48,81
119,62,80
120,72,77
121,79,73
122,92,68
123,27,92
124,34,53
125,95,118
126,78,89
127,18,58
128,84,70
129,72,104
130,45,58
131,79,101
132,21,109
133,80,61
134,86,98
135,40,150
136,41,158
137,20,92
138,32,139
139,23,48
140,69,180
141,95,119
142,71,94
143,28,62
144,57,63
145,63,63
146,70,142
147,28,107
148,82,191
149,60,179
150,51,170
151,99,19
152,98,193
153,69,63
154,75,61
155,79,61
156,29,50
157,73,55
158,67,53
159,60,53
160,54,54
161,51,56
162,19,42
163,53,62
164,99,124
165,74,124
166,80,112
167,88,124
168,99,56
169,50,162
170,59,171
171,82,186
172,33,145
173,78,58
174,87,81
175,98,187
176,70,186
177,22,109
178,84,141
179,83,144
180,81,148
181,80,152
182,78,156
183,73,138
184,72,137
185,70,137
186,61,131
187,36,112
188,88,72
189,85,56
190,81,56
191,75,139
192,35,129
193,90,56
194,75,163
195,99,86
196,92,78
197,99,76
198,82,93
199,98,179
200,98,169
201,86,168
202,58,147
203,67,110
204,66,156
205,52,108
206,60,117
207,45,119
208,84,178
209,77,96
210,52,153
211,61,163
212,52,137
213,29,119
214,43,138
215,26,124
216,55,125
217,83,85
218,82,111
219,76,111
220,85,107
221,78,49
222,66,45
223,55,45
224,47,46
225,42,49
226,40,60
227,19,77
228,46,70
229,53,73
230,62,73
231,71,71
232,78,69
233,83,67
234,18,74
235,76,112
236,87,89
237,87,113
238,90,116
239,87,114
240,78,113
241,92,117
242,93,118
243,83,61
244,86,63
245,88,65
246,49,57
247,44,54
248,105,86
249,148,58
250,107,116
251,172,27
252,127,65
253,134,66
254,141,65
255,150,60
256,121,63
257,139,44
258,131,45
259,147,45
260,151,48
261,156,64
262,125,170
263,150,55
264,176,59
265,164,58
266,134,98
267,108,132
268,107,139
269,116,134
270,122,135
271,114,139
272,119,139
273,132,143
274,105,115
275,106,107
276,161,42
277,120,80
278,123,107
279,123,102
280,155,95
281,106,96
282,145,37
283,155,38
284,166,16
285,114,44
286,123,48
287,138,135
288,170,126
289,118,112
290,112,114
291,129,138
292,127,139
293,158,33
294,124,109
295,132,38
296,133,32
297,140,2
298,162,25
299,136,18
300,165,39
301,168,34
302,107,136
303,115,136
304,120,137
305,117,113
306,128,139
307,125,141
308,126,139
309,114,112
310,118,140
311,112,141
312,106,142
313,108,160
314,108,156
315,108,151
316,107,146
317,106,142
318,118,140
319,119,142
320,121,144
321,122,147
322,130,126
323,176,88
324,121,139
325,123,140
326,109,118
327,122,113
328,111,116
329,127,83
330,138,88
331,125,104
332,156,7
333,152,20
334,148,31
335,125,149
336,116,35
337,119,18
338,121,0
339,147,63
340,163,69
341,118,62
342,157,51
343,115,76
344,119,106
345,171,74
346,158,75
347,149,79
348,136,78
349,126,75
350,119,72
351,106,68
352,170,90
353,163,49
354,103,118
355,120,88
356,177,56
357,114,69
358,125,104
359,153,55
360,119,100
361,174,106
362,118,59
363,112,98
364,156,148
365,155,156
366,176,90
367,164,137
368,172,45
369,127,179
370,102,118
371,126,93
372,169,59
373,141,61
374,135,62
375,126,142
376,169,104
377,113,191
378,136,177
379,145,168
380,129,61
381,123,60
382,119,59
383,167,47
384,124,53
385,131,50
386,137,50
387,143,51
388,147,53
389,175,40
390,145,60
391,123,123
392,118,111
393,110,123
394,146,160
395,137,169
396,114,185
397,163,142
398,120,56
399,110,81
400,125,185
401,174,106
402,112,141
403,114,144
404,115,148
405,116,152
406,118,156
407,123,139
408,124,138
409,126,137
410,135,130
411,161,110
412,110,72
413,113,54
414,117,54
415,122,139
416,162,127
417,107,55
418,121,162
419,105,78
420,116,92
421,110,168
422,138,146
423,131,109
424,130,155
425,146,106
426,137,116
427,152,117
428,112,177
429,120,95
430,144,151
431,135,161
432,144,136
433,168,117
434,153,136
435,171,122
436,142,124
437,115,84
438,116,110
439,121,110
440,113,107
441,119,48
442,131,43
443,142,42
444,150,43
445,155,46
446,157,57
447,177,74
448,152,68
449,145,71
450,135,71
451,127,69
452,120,67
453,116,65
454,176,72
455,121,111
456,111,89
457,111,113
458,107,116
459,111,113
460,119,113
461,106,117
462,105,118
463,115,60
464,112,62
465,110,64
466,149,54
467,153,51
468,63,57
469,70,57
470,63,51
471,56,57
472,63,63
473,135,54
474,142,54
475,135,48
476,128,54
477,135,61
