0,97,133
1,100,109
2,99,115
3,93,82
4,100,101
5,99,90
6,98,65
7,44,60
8,98,47
9,98,36
10,99,-4
11,97,135
12,97,136
13,97,137
14,97,146
15,98,148
16,97,151
17,97,154
18,98,163
19,99,113
20,91,112
21,15,29
22,65,66
23,58,67
24,50,67
25,41,62
26,71,65
27,54,46
28,63,47
29,46,47
30,41,50
31,35,66
32,68,175
33,41,57
34,11,64
35,26,61
36,58,99
37,86,131
38,86,136
39,75,132
40,69,134
41,78,135
42,72,136
43,59,143
44,93,109
45,92,101
46,32,44
47,75,80
48,73,104
49,73,100
50,34,97
51,93,91
52,50,38
53,39,40
54,23,16
55,83,46
56,70,50
57,52,135
58,16,137
59,79,109
60,85,112
61,60,137
62,63,137
63,36,35
64,72,107
65,64,40
66,63,34
67,55,-1
68,29,24
69,60,14
70,27,40
71,21,35
72,86,134
73,77,134
74,70,135
75,81,110
76,61,137
77,66,141
78,64,137
79,84,108
80,73,136
81,79,136
82,87,137
83,87,162
84,86,153
85,87,150
86,87,147
87,88,145
88,74,142
89,72,143
90,71,144
91,69,146
92,62,124
93,9,98
94,99,114
95,69,140
96,67,140
97,88,114
98,75,111
99,87,113
100,66,84
101,53,88
102,71,103
103,36,5
104,42,17
105,48,33
106,66,151
107,81,36
108,78,14
109,75,-4
110,44,65
111,26,71
112,76,63
113,34,53
114,80,76
115,79,102
116,17,78
117,31,77
118,41,81
119,55,80
120,66,77
121,74,74
122,91,66
123,17,94
124,28,52
125,95,113
126,75,88
127,8,62
128,80,70
129,70,103
130,38,57
131,78,97
132,11,117
133,75,60
134,86,93
135,34,156
136,34,165
137,10,97
138,23,145
139,16,48
140,68,183
141,96,114
142,68,93
143,20,61
144,51,63
145,58,63
146,64,141
147,17,110
148,82,194
149,58,183
150,47,176
151,98,15
152,98,196
153,64,62
154,70,61
155,74,61
156,23,49
157,69,54
158,62,52
159,55,51
160,49,53
161,45,54
162,11,44
163,47,61
164,99,120
165,71,121
166,79,108
167,87,120
168,98,55
169,45,166
170,56,175
171,82,189
172,24,154
173,73,58
174,86,79
175,98,191
176,69,190
177,12,114
178,80,144
179,79,145
180,78,148
181,77,151
182,75,158
183,67,136
184,65,136
185,64,135
186,55,129
187,27,114
188,86,71
189,81,55
190,76,56
191,68,137
192,26,133
193,88,56
194,71,166
195,99,81
196,92,75
197,99,73
198,80,90
199,98,183
200,98,172
201,84,171
202,53,148
203,63,109
204,62,158
205,44,107
206,55,116
207,37,119
208,82,181
209,75,94
210,47,156
211,58,166
212,46,137
213,19,124
214,36,141
215,15,131
216,48,124
217,81,83
218,82,106
219,76,107
220,85,101
221,76,49
222,64,45
223,53,43
224,44,45
225,37,48
226,33,59
227,10,80
228,39,70
229,46,73
230,56,73
231,66,71
232,73,69
233,78,67
234,8,80
235,76,109
236,86,86
237,88,107
238,91,111
239,87,109
240,77,111
241,93,112
242,93,113
243,78,61
244,82,63
245,85,65
246,43,56
247,38,53
248,105,83
249,148,62
250,106,112
251,172,31
252,128,67
253,136,68
254,142,68
255,151,65
256,123,65
257,141,48
258,132,49
259,148,50
260,152,53
261,157,69
262,126,175
263,151,60
264,176,65
265,165,64
266,136,99
267,108,131
268,107,136
269,118,132
270,124,133
271,115,135
272,121,135
273,135,143
274,106,109
275,107,101
276,162,49
277,120,81
278,123,104
279,123,100
280,158,97
281,106,91
282,147,42
283,156,44
284,166,18
285,115,48
286,125,51
287,141,134
288,169,138
289,117,109
290,111,111
291,133,136
292,131,136
293,160,40
294,123,107
295,133,43
296,135,37
297,140,0
298,162,27
299,135,16
300,166,45
301,169,37
302,107,134
303,116,134
304,123,134
305,116,110
306,132,136
307,128,140
308,130,136
309,114,108
310,120,136
311,114,136
312,106,137
313,109,162
314,109,153
315,108,150
316,108,147
317,107,145
318,120,141
319,122,142
320,124,144
321,125,145
322,133,124
323,175,99
324,125,139
325,126,140
326,109,114
327,121,111
328,110,113
329,128,84
330,140,89
331,125,103
332,156,7
333,151,20
334,149,36
335,129,151
336,118,39
337,118,15
338,121,-3
339,148,67
340,164,74
341,119,64
342,159,56
343,115,76
344,118,102
345,172,79
346,160,79
347,151,81
348,137,80
349,127,77
350,120,74
351,105,67
352,172,95
353,164,55
354,103,112
355,120,88
356,176,64
357,115,70
358,125,103
359,154,61
360,119,97
361,173,118
362,119,61
363,112,93
364,156,156
365,154,166
366,177,98
367,165,146
368,172,50
369,127,183
370,102,114
371,127,93
372,170,65
373,142,63
374,136,63
375,129,141
376,172,110
377,113,194
378,134,183
379,144,176
380,130,63
381,124,62
382,120,62
383,168,54
384,126,56
385,132,54
386,138,54
387,144,55
388,148,57
389,175,46
390,146,63
391,125,121
392,117,108
393,110,120
394,146,166
395,137,175
396,114,189
397,162,154
398,121,59
399,110,79
400,125,190
401,175,115
402,115,143
403,116,145
404,117,147
405,118,150
406,120,158
407,126,136
408,128,135
409,129,134
410,139,128
411,165,114
412,110,71
413,114,57
414,118,57
415,125,136
416,164,133
417,108,57
418,124,166
419,105,75
420,116,90
421,112,171
422,140,148
423,131,108
424,132,158
425,149,107
426,139,115
427,155,119
428,113,181
429,121,94
430,145,156
431,136,166
432,147,137
433,170,124
434,155,141
435,172,131
436,146,123
437,115,83
438,116,106
439,121,107
440,113,101
441,120,51
442,133,47
443,143,46
444,152,48
445,157,51
446,158,62
447,177,81
448,153,72
449,146,74
450,137,73
451,128,72
452,121,69
453,116,67
454,176,81
455,120,108
456,111,86
457,111,107
458,107,111
459,111,109
460,119,110
461,106,112
462,104,113
463,116,62
464,113,64
465,111,65
466,150,59
467,155,56
468,56,57
469,64,57
470,56,50
471,49,57
472,56,64
473,135,58
474,143,58
475,135,52
476,127,58
477,135,64
