0,97,130
1,102,111
2,100,118
3,94,82
4,102,102
5,101,90
6,100,62
7,43,58
8,99,38
9,100,26
10,100,-12
11,97,132
12,97,134
13,97,135
14,97,152
15,97,154
16,97,158
17,97,162
18,99,171
19,101,115
20,93,114
21,8,24
22,64,67
23,56,67
24,48,66
25,39,60
26,71,65
27,55,38
28,63,40
29,46,39
30,40,43
31,31,64
32,68,180
33,40,55
34,6,62
35,23,56
36,57,99
37,84,128
38,85,134
39,72,129
40,64,131
41,75,133
42,67,134
43,56,147
44,95,110
45,95,101
46,29,29
47,75,80
48,74,105
49,73,101
50,32,96
51,95,91
52,48,20
53,37,23
54,18,9
55,82,32
56,71,45
57,49,137
58,12,142
59,80,111
60,86,113
61,55,136
62,57,137
63,33,16
64,73,108
65,63,22
66,62,15
67,53,-9
68,25,16
69,58,5
70,24,25
71,16,29
72,84,131
73,73,131
74,66,133
75,81,112
76,56,137
77,61,143
78,58,137
79,85,110
80,69,135
81,76,135
82,86,135
83,86,170
84,84,161
85,85,157
86,85,153
87,86,151
88,69,147
89,68,147
90,66,149
91,65,151
92,60,126
93,3,100
94,101,117
95,64,143
96,62,143
97,89,116
98,74,112
99,88,115
100,66,84
101,52,88
102,71,104
103,32,-2
104,38,8
105,46,12
106,64,157
107,81,20
108,78,5
109,75,-12
110,42,63
111,22,69
112,75,63
113,32,45
114,81,75
115,80,103
116,14,77
117,27,75
118,37,79
119,53,79
120,64,77
121,72,74
122,93,64
123,13,94
124,26,42
125,97,115
126,76,88
127,1,61
128,79,70
129,70,104
130,36,54
131,80,97
132,6,121
133,76,60
134,87,93
135,32,160
136,32,171
137,5,98
138,20,150
139,10,44
140,68,189
141,97,116
142,67,93
143,16,57
144,50,62
145,56,63
146,59,144
147,13,111
148,83,200
149,58,189
150,46,181
151,100,7
152,98,202
153,63,63
154,69,62
155,74,61
156,20,39
157,69,54
158,62,51
159,55,51
160,49,51
161,45,53
162,3,41
163,46,60
164,100,123
165,70,123
166,80,110
167,87,122
168,99,51
169,45,171
170,56,180
171,82,195
172,21,159
173,74,58
174,88,78
175,99,197
176,70,195
177,7,117
178,77,149
179,76,151
180,74,154
181,74,157
182,74,165
183,61,135
184,60,134
185,58,133
186,53,130
187,24,115
188,87,69
189,81,52
190,77,54
191,63,135
192,23,136
193,89,51
194,71,172
195,101,81
196,94,74
197,100,72
198,81,90
199,99,189
200,99,179
201,84,178
202,52,152
203,62,110
204,60,163
205,43,108
206,54,117
207,35,121
208,83,187
209,76,94
210,46,160
211,57,170
212,44,140
213,15,126
214,34,144
215,11,135
216,46,125
217,82,83
218,83,108
219,77,109
220,87,102
221,75,41
222,63,34
223,52,32
224,43,33
225,36,38
226,30,55
227,5,80
228,36,68
229,43,71
230,54,72
231,64,71
232,72,69
233,77,67
234,2,80
235,76,110
236,88,85
237,89,109
238,93,113
239,89,111
240,77,112
241,95,114
242,95,116
243,78,60
244,82,62
245,84,63
246,42,54
247,36,47
248,107,82
249,148,61
250,108,114
251,174,29
252,128,70
253,135,70
254,142,69
255,150,64
256,122,67
257,140,44
258,132,45
259,148,45
260,152,48
261,156,68
262,126,181
263,150,59
264,177,66
265,163,61
266,138,100
267,109,128
268,109,134
269,121,129
270,129,131
271,119,133
272,126,134
273,136,147
274,108,110
275,109,102
276,164,39
277,121,81
278,124,106
279,125,101
280,160,98
281,108,91
282,149,30
283,158,33
284,169,14
285,116,40
286,124,49
287,142,137
288,166,145
289,119,111
290,113,114
291,138,136
292,136,136
293,162,26
294,125,109
295,136,32
296,137,25
297,142,-6
298,165,21
299,138,8
300,167,34
301,170,34
302,109,131
303,120,131
304,128,132
305,117,112
306,137,136
307,132,143
308,135,137
309,115,110
310,124,135
311,117,134
312,108,135
313,111,170
314,109,161
315,109,157
316,108,153
317,107,151
318,123,146
319,125,147
320,127,149
321,128,151
322,134,126
323,173,103
324,129,143
325,131,143
326,110,117
327,123,113
328,112,115
329,129,85
330,142,89
331,126,104
332,159,2
333,155,12
334,152,23
335,130,157
336,120,28
337,121,7
338,123,-10
339,148,67
340,162,73
341,118,65
342,158,51
343,116,76
344,120,104
345,173,80
346,158,79
347,150,82
348,137,82
349,127,79
350,119,75
351,107,65
352,174,96
353,163,49
354,105,115
355,121,89
356,176,65
357,114,71
358,127,104
359,153,58
360,120,98
361,171,123
362,118,62
363,114,94
364,155,161
365,152,173
366,177,101
367,164,151
368,174,49
369,126,189
370,104,116
371,128,94
372,167,62
373,142,65
374,136,66
375,134,144
376,174,113
377,113,200
378,133,189
379,141,182
380,129,66
381,123,64
382,120,63
383,168,47
384,125,56
385,131,53
386,138,53
387,144,54
388,147,56
389,177,45
390,146,63
391,126,123
392,119,110
393,111,122
394,145,172
395,135,180
396,114,195
397,160,161
398,120,60
399,112,78
400,124,196
401,175,119
402,116,149
403,118,151
404,119,154
405,120,158
406,122,165
407,132,135
408,133,134
409,135,133
410,140,131
411,166,117
412,111,70
413,114,55
414,117,56
415,130,135
416,165,138
417,108,54
418,124,172
419,107,74
420,117,91
421,112,178
422,140,152
423,132,110
424,133,163
425,151,109
426,140,118
427,157,122
428,114,187
429,122,95
430,144,161
431,135,171
432,147,141
433,171,128
434,155,145
435,171,137
436,146,126
437,116,83
438,118,108
439,122,109
440,115,103
441,120,46
442,133,40
443,144,39
444,152,40
445,157,45
446,157,60
447,177,83
448,152,72
449,146,74
450,136,75
451,127,74
452,120,71
453,116,68
454,174,84
455,122,111
456,112,86
457,113,109
458,108,113
459,112,111
460,120,113
461,107,114
462,106,116
463,115,63
464,112,64
465,110,65
466,149,57
467,154,53
468,56,58
469,64,58
470,57,51
471,49,57
472,56,64
473,134,61
474,142,60
475,134,54
476,127,61
477,135,67
