0,97,131
1,98,109
2,98,116
3,92,83
4,98,101
5,98,90
6,99,65
7,47,61
8,99,45
9,99,34
10,100,-4
11,97,133
12,97,135
13,97,136
14,97,147
15,98,150
16,98,154
17,98,158
18,96,162
19,98,113
20,91,113
21,17,32
22,66,67
23,59,67
24,52,67
25,43,64
26,71,67
27,59,47
28,66,48
29,51,48
30,46,50
31,35,69
32,67,176
33,45,59
34,11,67
35,27,64
36,57,100
37,86,130
38,86,135
39,75,132
40,67,133
41,77,135
42,71,136
43,57,145
44,92,109
45,91,101
46,35,43
47,75,82
48,73,106
49,73,101
50,33,99
51,91,91
52,55,35
53,44,37
54,25,18
55,85,43
56,72,51
57,50,137
58,16,142
59,79,110
60,85,112
61,59,137
62,61,137
63,40,32
64,72,108
65,69,36
66,68,30
67,56,0
68,30,26
69,61,14
70,30,40
71,22,37
72,86,133
73,76,133
74,69,135
75,80,111
76,60,137
77,64,142
78,62,137
79,83,109
80,72,136
81,79,136
82,87,136
83,85,162
84,86,157
85,86,153
86,87,149
87,87,147
88,72,143
89,71,144
90,69,146
91,68,148
92,60,126
93,8,102
94,98,115
95,67,141
96,66,141
97,87,115
98,74,112
99,86,114
100,67,86
101,53,90
102,71,104
103,38,6
104,43,17
105,53,29
106,64,152
107,84,32
108,79,13
109,76,-3
110,46,66
111,26,74
112,75,65
113,37,54
114,81,77
115,78,103
116,16,81
117,31,79
118,41,81
119,56,81
120,66,78
121,74,75
122,91,67
123,15,97
124,30,53
125,94,113
126,75,89
127,9,66
128,80,71
129,70,104
130,41,60
131,78,98
132,11,122
133,75,63
134,85,94
135,33,158
136,34,168
137,8,100
138,22,149
139,16,51
140,67,184
141,95,115
142,68,94
143,19,66
144,54,62
145,60,62
146,63,142
147,15,113
148,81,195
149,58,184
150,47,178
151,100,14
152,97,196
153,65,63
154,70,63
155,73,63
156,24,51
157,70,58
158,64,56
159,59,55
160,53,56
161,49,57
162,11,47
163,50,61
164,97,121
165,70,123
166,79,109
167,86,121
168,99,55
169,45,168
170,56,176
171,80,189
172,24,157
173,73,61
174,86,79
175,97,191
176,69,190
177,10,118
178,79,145
179,78,147
180,77,150
181,76,153
182,73,158
183,65,136
184,63,136
185,62,135
186,53,131
187,25,117
188,87,71
189,82,57
190,77,58
191,66,137
192,24,136
193,89,56
194,70,167
195,98,82
196,92,75
197,98,74
198,80,91
199,97,183
200,96,172
201,83,172
202,52,150
203,63,110
204,60,159
205,43,109
206,54,118
207,35,122
208,81,182
209,75,95
210,46,158
211,57,167
212,44,140
213,17,127
214,35,143
215,14,135
216,46,126
217,81,84
218,81,107
219,76,108
220,84,102
221,78,49
222,67,43
223,57,42
224,48,43
225,41,47
226,35,61
227,9,83
228,39,71
229,47,74
230,57,74
231,66,73
232,73,71
233,78,69
234,8,83
235,75,110
236,86,86
237,86,108
238,90,112
239,86,109
240,77,112
241,92,113
242,92,114
243,78,63
244,82,65
245,85,66
246,47,58
247,41,54
248,105,83
249,150,60
250,105,113
251,181,31
252,130,66
253,137,66
254,144,66
255,154,63
256,125,65
257,141,47
258,133,48
259,148,48
260,153,51
261,161,67
262,126,175
263,153,59
264,185,65
265,170,62
266,138,99
267,108,129
268,108,135
269,119,131
270,127,133
271,117,135
272,124,135
273,135,144
274,104,109
275,105,101
276,164,43
277,122,81
278,123,105
279,123,101
280,163,97
281,105,91
282,146,36
283,156,38
284,173,17
285,114,43
286,126,51
287,141,135
288,179,139
289,117,110
290,111,112
291,136,136
292,134,136
293,160,33
294,123,108
295,132,36
296,133,30
297,143,0
298,168,25
299,138,14
300,169,39
301,176,36
302,108,132
303,118,133
304,125,134
305,115,111
306,135,136
307,130,141
308,133,137
309,113,108
310,122,136
311,115,136
312,107,136
313,108,162
314,109,157
315,109,152
316,108,149
317,107,146
318,122,142
319,123,143
320,125,145
321,127,147
322,133,125
323,187,100
324,127,140
325,129,140
326,108,115
327,121,112
328,109,114
329,130,85
330,144,89
331,125,104
332,162,6
333,156,17
334,148,29
335,128,151
336,116,32
337,120,14
338,124,-3
339,150,65
340,170,72
341,121,64
342,161,53
343,116,77
344,118,103
345,180,79
346,165,77
347,155,81
348,141,80
349,130,78
350,122,75
351,106,67
352,181,95
353,168,52
354,102,113
355,121,89
356,187,64
357,116,71
358,126,104
359,157,59
360,118,98
361,184,119
362,121,61
363,112,94
364,161,156
365,160,166
366,187,98
367,173,146
368,181,49
369,127,183
370,101,114
371,128,94
372,177,63
373,143,61
374,137,61
375,132,142
376,180,111
377,112,194
378,135,184
379,146,177
380,131,61
381,126,61
382,123,61
383,173,50
384,127,57
385,133,56
386,139,55
387,145,56
388,148,57
389,185,45
390,147,60
391,124,122
392,117,109
393,109,121
394,149,167
395,138,175
396,113,189
397,171,155
398,123,60
399,111,79
400,124,190
401,185,116
402,115,145
403,117,146
404,118,149
405,119,153
406,119,157
407,129,136
408,131,135
409,132,134
410,139,129
411,171,114
412,111,71
413,115,56
414,120,57
415,128,136
416,171,134
417,108,56
418,123,166
419,105,75
420,116,91
421,110,171
422,141,149
423,132,109
424,132,158
425,152,108
426,140,116
427,159,120
428,112,181
429,121,95
430,147,156
431,136,166
432,148,138
433,178,125
434,159,141
435,181,132
436,147,124
437,116,84
438,115,107
439,120,108
440,112,102
441,121,49
442,132,44
443,143,43
444,152,44
445,158,48
446,162,60
447,187,81
448,157,70
449,149,72
450,139,73
451,130,71
452,123,70
453,118,68
454,187,81
455,120,109
456,111,86
457,110,108
458,106,112
459,110,109
460,118,111
461,104,112
462,103,114
463,118,62
464,114,64
465,112,66
466,151,58
467,157,54
468,61,59
469,67,59
470,61,52
471,54,58
472,60,65
473,136,58
474,143,58
475,136,52
476,129,58
477,136,64
