0,95,130
1,89,109
2,94,116
3,86,82
4,88,101
5,89,90
6,95,64
7,49,60
8,95,43
9,95,32
10,95,-12
11,96,134
12,96,137
13,97,139
14,98,138
15,97,142
16,97,147
17,98,152
18,101,161
19,90,113
20,86,113
21,37,26
22,70,68
23,63,68
24,56,68
25,48,62
26,76,66
27,57,42
28,66,44
29,50,43
30,45,47
31,44,66
32,79,173
33,47,56
34,38,62
35,41,59
36,63,99
37,87,129
38,90,136
39,81,131
40,78,134
41,85,136
42,81,137
43,72,145
44,83,109
45,82,101
46,38,39
47,78,80
48,72,105
49,73,100
50,45,98
51,83,91
52,49,32
53,42,33
54,39,13
55,78,41
56,73,48
57,66,138
58,52,134
59,78,110
60,83,112
61,75,138
62,77,138
63,40,28
64,74,108
65,61,34
66,59,27
67,57,-5
68,40,21
69,60,11
70,37,35
71,37,32
72,88,133
73,83,134
74,79,135
75,80,111
76,76,138
77,78,140
78,78,138
79,79,108
80,83,138
81,87,138
82,91,138
83,92,160
84,90,151
85,90,146
86,90,142
87,91,138
88,83,138
89,82,140
90,80,142
91,79,145
92,70,126
93,46,95
94,92,115
95,81,138
96,79,139
97,86,115
98,77,112
99,84,114
100,71,84
101,60,89
102,73,103
103,45,2
104,47,14
105,47,25
106,77,151
107,75,30
108,75,10
109,73,-10
110,50,65
111,40,71
112,79,64
113,42,50
114,82,75
115,74,103
116,36,77
117,41,78
118,47,82
119,60,81
120,70,78
121,76,75
122,88,66
123,35,94
124,39,48
125,87,113
126,77,88
127,42,59
128,81,71
129,73,103
130,45,56
131,75,97
132,48,114
133,79,61
134,79,93
135,56,154
136,61,163
137,37,95
138,49,144
139,37,46
140,79,181
141,89,114
142,72,93
143,39,60
144,55,64
145,62,64
146,77,141
147,38,110
148,92,192
149,76,180
150,69,173
151,95,9
152,105,194
153,68,64
154,74,63
155,78,62
156,38,46
157,73,54
158,67,51
159,60,50
160,53,50
161,50,53
162,38,41
163,51,62
164,96,121
165,75,122
166,77,109
167,86,121
168,96,53
169,65,164
170,72,173
171,89,187
172,56,150
173,77,59
174,83,78
175,103,189
176,83,187
177,40,112
178,87,138
179,85,141
180,84,144
181,84,149
182,84,157
183,79,138
184,77,137
185,76,136
186,67,131
187,42,115
188,85,70
189,83,55
190,80,56
191,81,138
192,46,133
193,87,55
194,81,165
195,91,81
196,87,74
197,93,73
198,79,90
199,102,182
200,102,171
201,90,170
202,67,149
203,69,109
204,74,158
205,53,109
206,63,117
207,50,121
208,89,179
209,76,94
210,63,156
211,71,165
212,60,140
213,41,123
214,54,142
215,44,128
216,59,126
217,80,83
218,76,107
219,74,108
220,77,102
221,76,46
222,64,40
223,53,39
224,46,40
225,42,43
226,43,58
227,37,78
228,46,70
229,53,74
230,61,74
231,70,72
232,77,70
233,81,68
234,45,77
235,75,109
236,81,85
237,79,107
238,84,111
239,80,109
240,78,111
241,85,112
242,87,114
243,81,62
244,84,64
245,85,65
246,48,55
247,44,51
248,98,82
249,158,59
250,100,113
251,200,20
252,135,67
253,144,67
254,152,67
255,163,61
256,128,65
257,146,42
258,137,43
259,155,43
260,161,47
261,171,66
262,134,176
263,162,56
264,204,58
265,182,59
266,141,99
267,105,128
268,106,136
269,118,130
270,126,132
271,116,135
272,124,135
273,142,147
274,96,109
275,96,101
276,173,39
277,124,79
278,120,105
279,121,100
280,169,98
281,97,91
282,150,32
283,163,34
284,187,6
285,113,41
286,129,47
287,149,139
288,206,136
289,114,110
290,107,112
291,138,135
292,136,135
293,168,28
294,122,108
295,133,34
296,134,27
297,144,-10
298,177,16
299,137,7
300,180,35
301,190,28
302,106,132
303,117,133
304,125,134
305,113,111
306,137,135
307,132,137
308,135,135
309,108,109
310,123,136
311,115,137
312,106,138
313,112,161
314,108,151
315,107,146
316,107,141
317,106,138
318,123,136
319,124,138
320,125,140
321,127,142
322,135,127
323,214,94
324,129,136
325,130,136
326,105,115
327,120,112
328,106,114
329,133,83
330,147,89
331,124,103
332,169,-4
333,160,9
334,153,25
335,134,153
336,114,30
337,116,8
338,121,-12
339,159,65
340,182,71
341,124,63
342,171,50
343,117,75
344,113,103
345,194,76
346,174,77
347,162,81
348,145,81
349,133,78
350,125,74
351,103,65
352,193,94
353,179,48
354,95,113
355,122,88
356,213,55
357,118,70
358,126,103
359,166,56
360,115,97
361,212,115
362,124,60
363,106,93
364,178,159
365,181,167
366,207,95
367,191,147
368,198,42
369,136,184
370,95,114
371,130,93
372,192,60
373,150,63
374,143,63
375,133,138
376,194,111
377,121,194
378,150,184
379,164,178
380,136,63
381,130,61
382,126,61
383,187,45
384,131,53
385,138,50
386,145,49
387,152,51
388,157,53
389,208,36
390,155,61
391,125,123
392,113,109
393,107,121
394,163,169
395,150,177
396,120,189
397,195,154
398,126,57
399,108,78
400,136,190
401,206,114
402,115,137
403,116,139
404,117,143
405,118,147
406,124,158
407,131,135
408,132,134
409,133,133
410,143,132
411,179,116
412,110,69
413,116,54
414,122,54
415,129,136
416,184,135
417,107,54
418,130,167
419,101,74
420,114,90
421,116,171
422,150,152
423,135,109
424,141,161
425,156,109
426,144,117
427,166,122
428,119,181
429,121,94
430,159,159
431,147,168
432,157,142
433,193,125
434,170,144
435,202,131
436,153,127
437,115,83
438,110,107
439,117,108
440,105,102
441,122,46
442,135,40
443,147,38
444,158,40
445,166,44
446,173,58
447,207,76
448,166,70
449,156,73
450,145,73
451,134,72
452,126,69
453,121,67
454,214,74
455,118,110
456,106,85
457,102,108
458,100,112
459,104,109
460,117,112
461,98,112
462,98,114
463,121,61
464,116,63
465,112,64
466,159,55
467,166,51
468,59,57
469,67,57
470,59,50
471,52,57
472,60,64
473,141,55
474,149,55
475,141,48
476,133,55
477,141,63
