0,99,130
1,94,103
2,95,111
3,89,80
4,94,95
5,94,86
6,97,64
7,49,64
8,97,47
9,98,37
10,99,2
11,99,134
12,99,137
13,99,140
14,98,140
15,98,145
16,98,150
17,98,155
18,98,163
19,94,107
20,89,108
21,30,41
22,67,70
23,60,70
24,54,70
25,46,67
26,73,67
27,57,50
28,65,50
29,50,52
30,46,55
31,41,73
32,72,172
33,47,62
34,25,72
35,34,69
36,63,101
37,90,129
38,92,137
39,83,132
40,78,136
41,86,138
42,81,139
43,68,150
44,88,103
45,87,96
46,37,52
47,77,82
48,74,103
49,74,100
50,43,102
51,88,87
52,53,43
53,43,46
54,35,27
55,82,46
56,72,53
57,63,143
58,34,141
59,80,107
60,85,109
61,72,142
62,74,142
63,41,42
64,75,107
65,65,42
66,64,37
67,59,8
68,37,33
69,62,21
70,34,49
71,32,44
72,91,133
73,84,135
74,79,137
75,82,109
76,73,142
77,75,143
78,75,141
79,82,104
80,82,140
81,87,140
82,92,139
83,88,162
84,89,155
85,90,149
86,91,144
87,92,140
88,82,140
89,80,142
90,78,145
91,77,148
92,69,128
93,28,105
94,95,109
95,79,141
96,77,142
97,87,112
98,78,112
99,86,110
100,69,87
101,58,93
102,73,103
103,44,16
104,47,25
105,51,38
106,73,154
107,80,37
108,79,20
109,77,4
110,49,69
111,34,79
112,77,65
113,40,59
114,81,77
115,77,100
116,28,85
117,37,83
118,45,85
119,58,84
120,68,80
121,75,76
122,90,66
123,29,101
124,35,59
125,91,107
126,77,89
127,27,73
128,81,71
129,73,104
130,43,63
131,77,95
132,30,122
133,77,62
134,82,90
135,45,157
136,47,165
137,25,103
138,38,147
139,28,57
140,71,179
141,92,109
142,71,95
143,29,71
144,55,65
145,60,66
146,74,145
147,31,115
148,84,189
149,64,179
150,56,174
151,98,19
152,99,191
153,66,65
154,71,64
155,75,63
156,31,59
157,71,58
158,66,56
159,60,56
160,54,58
161,50,60
162,27,55
163,51,64
164,96,118
165,74,123
166,79,106
167,86,119
168,97,56
169,53,165
170,62,172
171,83,184
172,40,155
173,75,60
174,85,78
175,98,186
176,73,185
177,27,119
178,86,140
179,85,143
180,83,147
181,82,152
182,79,159
183,77,140
184,76,140
185,74,139
186,65,135
187,39,118
188,86,71
189,82,57
190,78,58
191,79,141
192,40,136
193,87,56
194,75,165
195,95,79
196,89,74
197,96,72
198,80,90
199,98,178
200,98,170
201,86,169
202,60,152
203,68,111
204,67,160
205,52,111
206,62,119
207,48,123
208,83,177
209,76,94
210,55,158
211,63,165
212,55,143
213,33,128
214,47,144
215,31,134
216,58,129
217,81,83
218,79,103
219,76,105
220,82,97
221,77,51
222,65,47
223,55,47
224,47,49
225,42,53
226,39,66
227,24,87
228,44,75
229,50,77
230,59,77
231,68,74
232,75,72
233,79,69
234,27,89
235,77,108
236,84,84
237,84,102
238,88,106
239,84,104
240,79,110
241,89,107
242,90,109
243,79,62
244,83,64
245,85,65
246,48,61
247,43,58
248,102,80
249,155,63
250,102,107
251,184,36
252,133,69
253,140,70
254,148,70
255,158,66
256,127,68
257,143,48
258,134,50
259,151,49
260,156,52
261,164,71
262,127,172
263,158,61
264,187,68
265,173,67
266,136,100
267,107,129
268,106,137
269,115,132
270,121,136
271,112,138
272,117,139
273,132,150
274,100,103
275,101,96
276,165,48
277,121,81
278,119,103
279,120,99
280,159,100
281,101,87
282,145,39
283,156,42
284,175,22
285,113,46
286,128,53
287,137,143
288,184,139
289,113,107
290,107,109
291,126,142
292,124,141
293,160,38
294,120,107
295,131,40
296,132,34
297,143,5
298,168,29
299,137,19
300,169,45
301,177,40
302,107,133
303,114,135
304,119,137
305,111,108
306,125,142
307,122,143
308,123,141
309,109,103
310,116,140
311,111,139
312,105,139
313,108,162
314,107,155
315,106,149
316,106,144
317,105,140
318,115,140
319,117,142
320,119,145
321,120,147
322,128,128
323,192,102
324,119,140
325,121,142
326,105,112
327,117,111
328,106,110
329,129,86
330,142,91
331,122,103
332,162,12
333,156,22
334,147,34
335,126,154
336,114,37
337,119,18
338,123,2
339,154,69
340,172,77
341,123,66
342,164,56
343,115,76
344,114,99
345,180,82
346,166,81
347,156,84
348,141,82
349,131,79
350,123,76
351,104,66
352,179,98
353,169,56
354,98,107
355,120,88
356,192,68
357,117,72
358,123,104
359,161,61
360,115,95
361,189,120
362,124,64
363,108,90
364,163,157
365,165,165
366,188,100
367,173,146
368,183,53
369,129,180
370,98,109
371,127,94
372,180,69
373,147,65
374,141,66
375,124,144
376,177,113
377,115,190
378,141,180
379,152,174
380,135,65
381,129,64
382,126,64
383,175,56
384,130,59
385,136,56
386,142,55
387,149,56
388,153,58
389,189,50
390,152,64
391,120,123
392,113,105
393,106,119
394,152,166
395,141,173
396,115,184
397,175,154
398,126,62
399,109,77
400,129,186
401,186,116
402,111,139
403,112,143
404,114,147
405,115,152
406,118,159
407,121,140
408,123,140
409,124,139
410,133,135
411,165,117
412,110,70
413,116,58
414,122,59
415,119,141
416,167,135
417,108,58
418,123,165
419,103,73
420,114,89
421,110,169
422,140,152
423,129,110
424,133,160
425,147,109
426,136,118
427,154,122
428,113,177
429,119,94
430,148,158
431,138,166
432,146,143
433,176,126
434,157,144
435,182,132
436,142,129
437,114,83
438,111,102
439,116,105
440,108,97
441,121,51
442,133,46
443,143,45
444,153,46
445,160,50
446,166,64
447,189,83
448,160,74
449,151,76
450,141,76
451,132,74
452,125,72
453,120,69
454,192,85
455,116,107
456,108,83
457,106,102
458,102,106
459,106,103
460,115,110
461,100,106
462,100,108
463,121,64
464,116,65
465,112,66
466,156,59
467,160,56
468,62,61
469,69,61
470,62,54
471,54,61
472,62,68
473,146,59
474,153,60
475,147,53
476,139,59
477,146,66
