0,101,132
1,104,113
2,100,118
3,95,84
4,105,104
5,104,93
6,100,65
7,43,60
8,99,45
9,99,34
10,99,-5
11,100,134
12,99,136
13,98,137
14,98,150
15,98,153
16,98,156
17,97,160
18,94,169
19,103,117
20,93,115
21,4,28
22,64,68
23,56,68
24,49,67
25,38,62
26,71,66
27,55,44
28,63,46
29,46,46
30,40,49
31,30,67
32,63,179
33,40,58
34,1,63
35,20,61
36,54,99
37,87,130
38,86,135
39,73,131
40,62,131
41,74,134
42,64,133
43,48,143
44,97,112
45,97,104
46,29,43
47,73,80
48,72,106
49,71,101
50,28,96
51,96,93
52,51,35
53,39,37
54,15,14
55,84,45
56,70,49
57,41,133
58,2,137
59,77,111
60,85,114
61,47,131
62,50,132
63,34,32
64,70,108
65,67,37
66,66,31
67,52,-2
68,23,24
69,58,13
70,23,38
71,13,35
72,87,133
73,73,132
74,63,132
75,79,112
76,49,131
77,55,139
78,51,132
79,85,111
80,65,134
81,75,135
82,86,136
83,81,168
84,83,159
85,84,155
86,85,152
87,86,150
88,66,143
89,64,144
90,63,145
91,61,147
92,55,124
93,-5,96
94,102,118
95,59,138
96,57,138
97,87,117
98,71,112
99,86,115
100,63,84
101,49,88
102,68,104
103,30,4
104,38,16
105,49,29
106,57,153
107,83,34
108,78,13
109,74,-5
110,42,65
111,20,72
112,75,65
113,31,52
114,79,76
115,80,105
116,9,77
117,27,77
118,38,80
119,54,80
120,65,77
121,73,74
122,92,67
123,8,93
124,24,51
125,99,116
126,73,88
127,-5,61
128,80,71
129,66,103
130,36,58
131,79,99
132,-3,116
133,75,62
134,88,96
135,24,157
136,24,166
137,-1,96
138,13,146
139,6,48
140,62,187
141,98,117
142,64,93
143,12,62
144,51,63
145,57,64
146,53,139
147,7,109
148,76,199
149,50,187
150,38,178
151,99,14
152,92,199
153,63,64
154,69,63
155,73,63
156,17,49
157,68,55
158,62,52
159,55,51
160,49,52
161,44,54
162,-1,42
163,46,62
164,99,123
165,66,122
166,78,111
167,85,122
168,99,55
169,37,168
170,49,178
171,77,193
172,12,154
173,73,60
174,87,80
175,94,194
176,63,194
177,0,114
178,75,147
179,74,148
180,72,151
181,72,155
182,67,162
183,56,132
184,55,131
185,53,131
186,46,128
187,18,113
188,86,71
189,81,56
190,76,57
191,57,133
192,15,133
193,89,56
194,65,170
195,102,83
196,94,76
197,101,75
198,80,91
199,94,186
200,94,177
201,79,176
202,44,148
203,58,109
204,53,160
205,39,107
206,49,116
207,29,119
208,78,185
209,73,95
210,39,157
211,51,168
212,37,136
213,8,123
214,27,141
215,4,131
216,39,123
217,80,84
218,83,109
219,75,109
220,88,105
221,77,49
222,65,43
223,54,41
224,44,43
225,36,46
226,29,59
227,0,79
228,35,70
229,44,73
230,55,73
231,64,72
232,72,70
233,77,68
234,-5,78
235,73,110
236,88,87
237,90,111
238,93,115
239,89,112
240,75,112
241,96,116
242,95,117
243,78,63
244,82,64
245,85,65
246,42,56
247,36,53
248,108,84
249,145,60
250,110,115
251,162,30
252,125,68
253,133,68
254,139,67
255,147,62
256,119,66
257,137,46
258,128,47
259,144,47
260,148,49
261,151,66
262,120,176
263,147,57
264,163,63
265,156,61
266,135,98
267,112,130
268,110,135
269,120,130
270,125,130
271,117,134
272,122,133
273,130,141
274,110,112
275,111,104
276,157,41
277,118,80
278,125,105
279,125,100
280,154,95
281,110,93
282,144,35
283,152,37
284,159,17
285,114,44
286,121,51
287,137,130
288,151,133
289,120,110
290,114,113
291,132,131
292,129,131
293,155,31
294,125,107
295,132,37
296,133,30
297,138,0
298,157,25
299,135,14
300,159,38
301,161,35
302,111,133
303,119,132
304,124,131
305,118,111
306,130,131
307,127,138
308,128,132
309,117,110
310,120,134
311,115,135
312,108,136
313,106,167
314,108,158
315,109,155
316,108,151
317,107,149
318,119,142
319,121,143
320,123,145
321,124,147
322,131,123
323,157,95
324,123,138
325,125,138
326,111,116
327,122,111
328,112,115
329,126,84
330,138,88
331,126,103
332,152,6
333,149,17
334,146,28
335,124,151
336,117,34
337,119,14
338,121,-3
339,144,65
340,157,71
341,115,65
342,153,52
343,114,76
344,121,104
345,163,77
346,154,76
347,147,79
348,135,79
349,126,77
350,119,74
351,106,67
352,164,92
353,157,50
354,107,116
355,120,88
356,161,61
357,113,71
358,125,102
359,149,58
360,121,98
361,155,114
362,115,62
363,115,95
364,144,152
365,139,162
366,164,95
367,152,142
368,162,48
369,119,184
370,105,117
371,126,93
372,159,62
373,139,63
374,133,64
375,128,139
376,164,107
377,107,197
378,124,182
379,131,173
380,126,64
381,121,63
382,117,63
383,159,48
384,122,57
385,128,54
386,134,53
387,140,54
388,144,55
389,163,44
390,143,61
391,124,121
392,120,110
393,111,122
394,135,164
395,127,174
396,108,192
397,146,149
398,117,60
399,111,79
400,117,190
401,162,112
402,114,146
403,116,148
404,117,150
405,117,154
406,117,160
407,126,132
408,128,131
409,129,130
410,136,126
411,159,111
412,110,71
413,111,56
414,115,57
415,124,133
416,155,130
417,107,56
418,118,167
419,107,76
420,117,91
421,107,175
422,133,146
423,130,108
424,126,157
425,146,106
426,136,115
427,151,117
428,108,184
429,121,94
430,136,153
431,127,165
432,140,134
433,161,120
434,147,138
435,158,127
436,141,121
437,115,84
438,120,109
439,123,108
440,117,104
441,117,49
442,129,44
443,140,42
444,148,43
445,152,46
446,152,59
447,164,79
448,148,70
449,142,72
450,134,73
451,125,72
452,118,70
453,114,68
454,158,78
455,123,109
456,113,87
457,115,110
458,110,114
459,115,111
460,121,111
461,109,115
462,108,116
463,113,63
464,110,64
465,110,65
466,146,56
467,150,53
468,58,58
469,66,58
470,58,51
471,50,58
472,58,66
473,134,58
474,142,58
475,134,51
476,127,58
477,135,65
