0,104,132
1,115,109
2,105,116
3,104,82
4,116,101
5,114,90
6,106,64
7,42,56
8,104,44
9,106,33
10,105,-6
11,103,136
12,102,139
13,100,142
14,99,142
15,100,146
16,99,151
17,98,156
18,94,161
19,112,113
20,101,113
21,-8,20
22,63,65
23,56,65
24,48,64
25,36,58
26,70,63
27,57,40
28,66,42
29,48,40
30,41,43
31,27,63
32,60,176
33,38,53
34,-13,57
35,15,56
36,59,99
37,94,129
38,92,138
39,80,131
40,69,133
41,81,137
42,71,137
43,53,146
44,108,109
45,108,101
46,29,35
47,76,79
48,81,105
49,79,100
50,29,97
51,107,91
52,56,29
53,42,30
54,9,6
55,90,40
56,72,46
57,47,139
58,-22,135
59,86,110
60,93,113
61,55,135
62,57,136
63,37,25
64,78,108
65,72,32
66,72,26
67,57,-8
68,22,16
69,65,8
70,21,31
71,5,27
72,93,134
73,81,135
74,70,135
75,87,111
76,56,136
77,61,138
78,58,136
79,95,108
80,71,138
81,81,139
82,90,140
83,83,160
84,87,154
85,89,149
86,90,145
87,90,141
88,71,138
89,70,140
90,69,142
91,67,144
92,63,127
93,-31,92
94,109,115
95,64,137
96,63,138
97,95,116
98,79,113
99,94,114
100,66,83
101,52,88
102,76,103
103,30,-3
104,41,9
105,54,23
106,62,152
107,90,30
108,86,10
109,81,-8
110,41,62
111,15,68
112,75,61
113,30,46
114,83,75
115,90,103
116,0,74
117,24,75
118,37,79
119,54,78
120,65,75
121,74,72
122,98,66
123,1,92
124,21,45
125,108,113
126,78,88
127,-28,54
128,81,68
129,73,104
130,34,52
131,88,97
132,-29,113
133,75,58
134,97,93
135,12,158
136,5,168
137,-18,93
138,-1,146
139,-5,41
140,56,185
141,106,114
142,69,93
143,3,56
144,50,60
145,57,61
146,60,139
147,0,109
148,70,195
149,39,186
150,24,179
151,106,13
152,86,195
153,63,61
154,69,59
155,73,59
156,11,42
157,69,52
158,63,50
159,56,49
160,49,49
161,44,51
162,-20,35
163,45,58
164,104,122
165,74,123
166,88,109
167,93,122
168,103,54
169,27,169
170,41,177
171,73,189
172,-9,154
173,73,56
174,93,78
175,90,189
176,54,192
177,-17,112
178,80,139
179,79,142
180,78,146
181,77,150
182,72,157
183,63,136
184,62,135
185,61,134
186,54,132
187,16,114
188,90,70
189,83,53
190,77,53
191,64,137
192,9,134
193,93,53
194,65,166
195,111,82
196,101,75
197,108,73
198,87,90
199,92,181
200,93,170
201,79,170
202,44,151
203,64,109
204,53,160
205,43,108
206,55,117
207,31,121
208,76,181
209,80,94
210,34,159
211,47,168
212,38,141
213,0,123
214,23,143
215,-13,130
216,44,127
217,86,83
218,93,107
219,84,108
220,99,102
221,79,45
222,69,39
223,57,36
224,46,37
225,37,40
226,25,54
227,-17,75
228,33,67
229,42,70
230,54,71
231,64,69
232,72,67
233,78,65
234,-30,73
235,82,110
236,96,86
237,101,108
238,102,112
239,99,109
240,83,112
241,105,112
242,103,114
243,78,59
244,83,61
245,87,63
246,41,52
247,35,47
248,116,83
249,138,60
250,114,113
251,146,33
252,121,68
253,127,68
254,133,68
255,138,63
256,116,66
257,133,45
258,125,47
259,139,47
260,142,50
261,142,69
262,112,173
263,139,58
264,144,66
265,145,62
266,130,101
267,111,131
268,108,139
269,116,133
270,119,136
271,112,140
272,114,140
273,119,145
274,119,109
275,121,101
276,149,42
277,118,81
278,125,106
279,124,101
280,145,100
281,119,91
282,142,34
283,147,37
284,147,19
285,117,42
286,118,50
287,125,138
288,125,135
289,120,110
290,115,113
291,119,141
292,117,141
293,149,31
294,123,109
295,132,35
296,134,29
297,136,1
298,148,27
299,135,16
300,150,39
301,149,38
302,110,135
303,114,137
304,117,138
305,118,112
306,118,141
307,116,143
308,116,141
309,121,108
310,112,142
311,109,142
312,105,142
313,102,160
314,105,155
315,106,150
316,106,146
317,105,142
318,112,142
319,113,143
320,115,145
321,115,148
322,124,127
323,131,97
324,114,141
325,115,142
326,113,116
327,119,113
328,114,114
329,123,86
330,133,91
331,123,104
332,144,8
333,144,20
334,143,28
335,114,151
336,120,31
337,123,14
338,124,-3
339,137,66
340,146,74
341,113,64
342,144,53
343,115,76
344,125,103
345,148,81
346,146,80
347,141,84
348,131,82
349,122,79
350,117,75
351,110,66
352,150,97
353,147,51
354,115,113
355,119,89
356,136,64
357,113,71
358,121,105
359,141,58
360,123,98
361,128,115
362,112,61
363,121,94
364,127,154
365,120,162
366,143,98
367,132,144
368,146,51
369,110,181
370,111,114
371,122,95
372,146,64
373,133,63
374,128,64
375,117,145
376,147,112
377,98,192
378,111,180
379,115,173
380,122,63
381,117,62
382,113,62
383,148,50
384,117,56
385,123,54
386,129,54
387,135,55
388,137,56
389,143,47
390,136,62
391,120,124
392,121,109
393,112,122
394,121,164
395,116,173
396,102,187
397,122,150
398,114,59
399,115,79
400,106,187
401,140,114
402,109,142
403,111,144
404,111,148
405,111,152
406,109,156
407,116,141
408,118,140
409,119,139
410,126,132
411,145,116
412,112,71
413,111,55
414,112,56
415,114,142
416,138,134
417,109,55
418,110,164
419,113,75
420,119,91
421,102,169
422,122,150
423,125,111
424,116,158
425,138,110
426,130,118
427,140,122
428,104,179
429,120,95
430,124,156
431,117,165
432,129,140
433,142,124
434,133,142
435,136,130
436,132,127
437,117,84
438,123,107
439,123,108
440,124,102
441,117,47
442,128,42
443,137,41
444,143,43
445,145,47
446,142,60
447,144,82
448,141,72
449,136,75
450,129,75
451,121,73
452,115,70
453,112,68
454,132,80
455,122,110
456,118,86
457,122,108
458,116,111
459,120,109
460,119,112
461,116,112
462,113,114
463,111,61
464,109,64
465,110,65
466,138,57
467,142,53
468,52,54
469,60,54
470,52,46
471,43,53
472,51,61
473,123,58
474,130,58
475,123,51
476,115,58
477,123,64
