0,98,132
1,100,121
2,100,124
3,94,92
4,100,113
5,100,102
6,100,71
7,44,61
8,100,48
9,100,38
10,100,-1
11,98,134
12,98,136
13,98,137
14,98,148
15,98,152
16,98,156
17,99,160
18,100,163
19,100,124
20,92,122
21,18,26
22,67,69
23,60,69
24,52,69
25,42,63
26,74,67
27,54,46
28,64,47
29,46,47
30,41,50
31,37,67
32,72,171
33,41,57
34,16,59
35,29,61
36,61,102
37,87,130
38,88,135
39,77,130
40,70,130
41,79,133
42,73,132
43,62,141
44,94,121
45,93,113
46,33,45
47,77,84
48,75,112
49,75,106
50,38,98
51,93,102
52,49,39
53,39,41
54,25,16
55,83,47
56,72,52
57,55,133
58,26,124
59,80,116
60,86,119
61,60,129
62,62,130
63,36,37
64,74,113
65,63,41
66,62,35
67,55,1
68,30,26
69,59,18
70,29,42
71,23,35
72,87,133
73,78,132
74,71,131
75,81,117
76,61,130
77,66,137
78,63,131
79,85,117
80,74,133
81,80,134
82,88,136
83,89,162
84,87,159
85,87,154
86,88,150
87,89,147
88,75,140
89,73,142
90,71,143
91,70,146
92,65,127
93,17,86
94,100,124
95,70,136
96,68,136
97,89,122
98,76,116
99,88,121
100,70,87
101,57,91
102,73,108
103,36,7
104,42,20
105,47,34
106,69,150
107,80,38
108,78,18
109,75,0
110,45,67
111,29,72
112,78,66
113,35,53
114,83,80
115,80,112
116,22,76
117,34,78
118,44,82
119,58,81
120,69,79
121,76,76
122,93,72
123,22,91
124,30,52
125,96,123
126,77,92
127,14,54
128,82,73
129,72,107
130,38,58
131,80,105
132,20,104
133,77,64
134,87,103
135,41,147
136,43,153
137,17,90
138,31,136
139,19,46
140,72,178
141,97,124
142,70,96
143,23,62
144,52,65
145,59,65
146,65,137
147,23,106
148,85,188
149,64,174
150,54,165
151,100,18
152,100,190
153,66,65
154,72,64
155,76,64
156,26,50
157,70,57
158,63,53
159,55,52
160,48,53
161,44,55
162,15,38
163,47,63
164,100,128
165,73,126
166,80,116
167,88,127
168,100,59
169,52,158
170,61,168
171,85,185
172,34,140
173,75,61
174,88,85
175,100,186
176,74,182
177,20,106
178,81,144
179,79,147
180,78,150
181,77,154
182,78,157
183,67,131
184,66,130
185,65,130
186,58,129
187,32,112
188,88,76
189,83,59
190,78,59
191,69,132
192,32,128
193,90,59
194,75,163
195,100,91
196,93,83
197,100,81
198,82,97
199,100,180
200,100,170
201,87,169
202,57,145
203,66,112
204,65,155
205,48,109
206,58,118
207,41,119
208,85,178
209,77,99
210,52,151
211,62,161
212,50,135
213,26,118
214,42,137
215,24,121
216,51,124
217,83,89
218,82,116
219,77,115
220,86,113
221,77,51
222,64,46
223,52,44
224,43,45
225,38,48
226,35,60
227,16,75
228,41,71
229,49,74
230,59,75
231,68,73
232,75,71
233,80,70
234,15,70
235,77,115
236,88,94
237,88,119
238,92,121
239,88,119
240,78,117
241,93,123
242,94,123
243,80,64
244,84,66
245,87,68
246,42,56
247,38,53
248,107,92
249,153,58
250,108,121
251,178,21
252,132,66
253,139,66
254,147,66
255,156,60
256,125,65
257,143,45
258,134,46
259,151,45
260,156,48
261,162,64
262,127,169
263,156,55
264,181,54
265,170,57
266,139,99
267,109,130
268,108,134
269,119,130
270,127,129
271,117,133
272,124,132
273,136,138
274,107,120
275,108,113
276,166,41
277,122,82
278,125,110
279,125,105
280,161,94
281,107,102
282,149,37
283,159,38
284,173,11
285,116,47
286,127,50
287,143,130
288,171,118
289,120,115
290,114,118
291,137,129
292,135,130
293,163,32
294,125,111
295,135,40
296,136,34
297,145,0
298,168,22
299,140,16
300,170,36
301,174,30
302,109,132
303,118,131
304,125,131
305,118,116
306,136,129
307,131,136
308,133,130
309,116,116
310,123,132
311,116,134
312,108,135
313,111,161
314,110,158
315,110,154
316,109,150
317,108,147
318,122,140
319,124,140
320,126,142
321,127,144
322,134,125
323,178,81
324,127,136
325,129,135
326,111,121
327,123,115
328,112,120
329,130,85
330,143,88
331,126,107
332,162,3
333,158,16
334,151,30
335,130,147
336,118,38
337,122,17
338,125,-2
339,153,63
340,170,68
341,121,64
342,163,50
343,117,79
344,120,111
345,175,71
346,165,74
347,156,79
348,142,79
349,132,77
350,124,74
351,107,72
352,175,86
353,168,48
354,104,123
355,122,91
356,181,48
357,118,72
358,127,105
359,159,55
360,120,104
361,175,99
362,121,61
363,114,102
364,157,143
365,155,149
366,179,84
367,166,131
368,178,40
369,128,176
370,104,123
371,129,95
372,175,57
373,146,62
374,139,63
375,133,136
376,174,101
377,115,187
378,135,171
379,144,162
380,133,62
381,127,62
382,123,62
383,173,45
384,128,54
385,135,51
386,142,50
387,148,51
388,152,53
389,181,33
390,150,60
391,126,124
392,120,115
393,112,126
394,147,155
395,138,165
396,115,184
397,163,136
398,124,59
399,113,85
400,126,180
401,177,101
402,116,144
403,117,146
404,119,149
405,120,152
406,122,155
407,130,131
408,131,130
409,132,129
410,140,126
411,166,107
412,112,75
413,116,57
414,120,57
415,128,131
416,166,123
417,110,58
418,125,161
419,107,82
420,118,96
421,113,168
422,141,142
423,133,110
424,134,152
425,151,106
426,141,115
427,157,115
428,115,177
429,122,98
430,146,147
431,137,158
432,148,131
433,172,113
434,156,132
435,173,116
436,147,121
437,117,88
438,118,115
439,123,114
440,114,112
441,122,50
442,134,44
443,146,43
444,154,43
445,160,45
446,163,56
447,181,69
448,158,68
449,151,71
450,141,72
451,131,71
452,124,69
453,119,68
454,180,64
455,123,114
456,113,93
457,112,118
458,109,121
459,113,118
460,121,115
461,107,122
462,106,122
463,119,62
464,115,64
465,114,67
466,154,54
467,159,51
468,56,59
469,64,59
470,56,52
471,48,59
472,55,66
473,140,55
474,148,55
475,139,48
476,132,56
477,140,62
