0,99,132
1,102,116
2,102,120
3,95,89
4,102,109
5,102,98
6,101,69
7,48,63
8,101,53
9,101,44
10,100,3
11,99,134
12,98,136
13,98,137
14,98,137
15,98,139
16,98,142
17,97,145
18,101,157
19,102,119
20,93,118
21,15,32
22,69,68
23,62,69
24,54,69
25,44,66
26,74,67
27,58,52
28,66,52
29,50,53
30,45,55
31,37,70
32,72,172
33,45,62
34,11,64
35,27,67
36,62,101
37,88,131
38,89,135
39,78,132
40,72,133
41,81,135
42,75,135
43,63,144
44,96,116
45,95,109
46,35,52
47,78,83
48,75,109
49,75,104
50,38,99
51,95,98
52,55,46
53,43,48
54,23,21
55,87,52
56,72,55
57,56,138
58,17,133
59,81,114
60,87,116
61,63,135
62,65,135
63,39,43
64,74,111
65,69,47
66,68,42
67,54,7
68,30,32
69,60,23
70,29,49
71,22,40
72,88,133
73,80,134
74,73,134
75,82,115
76,64,135
77,68,136
78,66,135
79,86,114
80,76,136
81,82,136
82,90,137
83,91,157
84,88,144
85,88,142
86,89,139
87,90,137
88,76,136
89,75,137
90,73,138
91,71,140
92,66,129
93,9,94
94,102,120
95,71,135
96,70,136
97,90,119
98,77,115
99,89,118
100,70,86
101,57,91
102,73,107
103,35,12
104,42,26
105,52,41
106,71,149
107,85,44
108,79,23
109,75,4
110,48,68
111,28,76
112,78,66
113,37,59
114,83,79
115,81,108
116,19,79
117,35,80
118,45,82
119,60,81
120,70,78
121,77,75
122,94,71
123,20,95
124,30,59
125,98,119
126,78,91
127,8,61
128,83,72
129,72,106
130,41,62
131,80,103
132,12,113
133,77,63
134,88,100
135,35,154
136,36,162
137,11,96
138,25,143
139,16,51
140,70,181
141,98,120
142,71,96
143,20,68
144,56,65
145,62,65
146,67,137
147,20,110
148,85,192
149,60,181
150,49,173
151,100,22
152,102,193
153,67,65
154,72,64
155,75,64
156,23,57
157,71,59
158,65,57
159,59,56
160,53,57
161,49,59
162,11,44
163,51,64
164,101,125
165,74,126
166,81,113
167,90,125
168,101,60
169,47,164
170,58,173
171,85,186
172,26,150
173,75,61
174,89,83
175,102,187
176,72,188
177,13,112
178,82,136
179,81,138
180,80,140
181,79,143
182,80,154
183,70,135
184,68,134
185,67,134
186,60,133
187,31,115
188,89,74
189,84,60
190,78,60
191,71,135
192,29,132
193,91,60
194,76,162
195,102,88
196,94,80
197,101,79
198,83,95
199,102,178
200,102,167
201,89,166
202,56,148
203,66,111
204,65,156
205,48,110
206,58,118
207,41,121
208,86,177
209,78,98
210,50,155
211,61,164
212,49,139
213,21,123
214,39,141
215,17,128
216,52,127
217,83,87
218,83,112
219,78,112
220,87,109
221,79,55
222,67,51
223,57,50
224,48,51
225,41,54
226,35,64
227,10,80
228,42,73
229,50,75
230,60,75
231,69,73
232,76,71
233,81,69
234,9,77
235,77,113
236,89,91
237,89,114
238,93,117
239,89,115
240,79,115
241,95,118
242,95,119
243,80,64
244,84,66
245,87,67
246,47,60
247,41,58
248,108,88
249,152,58
250,111,117
251,180,28
252,132,65
253,138,65
254,146,65
255,156,60
256,126,64
257,141,50
258,134,51
259,149,51
260,154,52
261,163,65
262,131,170
263,156,56
264,185,60
265,173,60
266,140,100
267,110,131
268,108,135
269,119,132
270,125,133
271,116,135
272,122,135
273,137,143
274,109,116
275,110,108
276,164,48
277,123,82
278,128,108
279,128,103
280,162,96
281,109,98
282,143,46
283,154,46
284,173,17
285,113,54
286,128,53
287,144,136
288,183,129
289,122,113
290,116,116
291,132,135
292,130,135
293,159,41
294,128,110
295,129,48
296,129,42
297,143,5
298,168,28
299,139,21
300,169,44
301,175,36
302,109,133
303,118,134
304,124,134
305,121,114
306,131,135
307,127,137
308,129,136
309,118,113
310,121,136
311,115,136
312,107,137
313,111,156
314,107,144
315,107,141
316,107,139
317,107,137
318,120,136
319,121,137
320,123,138
321,124,140
322,135,127
323,188,90
324,125,136
325,126,136
326,113,119
327,126,114
328,115,117
329,131,85
330,143,89
331,129,106
332,161,9
333,156,23
334,145,40
335,130,148
336,113,45
337,121,22
338,124,3
339,152,63
340,172,70
341,123,62
342,162,54
343,118,78
344,123,108
345,179,76
346,166,76
347,156,80
348,142,79
349,132,77
350,125,74
351,108,70
352,179,91
353,169,53
354,107,119
355,124,90
356,187,56
357,119,72
358,130,105
359,159,56
360,123,102
361,187,109
362,124,60
363,116,99
364,167,150
365,167,159
366,187,91
367,176,139
368,180,46
369,134,179
370,106,119
371,130,95
372,180,60
373,144,61
374,138,61
375,129,137
376,180,106
377,119,191
378,144,179
379,155,171
380,133,61
381,128,60
382,125,60
383,176,50
384,130,56
385,135,55
386,141,55
387,147,55
388,151,55
389,184,40
390,148,59
391,128,125
392,122,112
393,113,125
394,156,162
395,145,171
396,120,185
397,176,146
398,126,59
399,114,83
400,133,186
401,186,108
402,114,136
403,115,138
404,116,140
405,116,142
406,122,153
407,127,135
408,128,135
409,130,134
410,141,131
411,170,111
412,113,74
413,117,58
414,122,57
415,125,136
416,172,129
417,110,61
418,127,161
419,109,80
420,120,94
421,114,166
422,145,146
423,136,110
424,137,155
425,152,107
426,143,117
427,160,118
428,118,176
429,124,97
430,153,153
431,142,162
432,152,137
433,179,119
434,162,138
435,183,124
436,149,125
437,119,86
438,121,112
439,126,111
440,117,108
441,121,54
442,131,50
443,141,49
444,151,49
445,158,51
446,165,59
447,187,75
448,158,69
449,150,72
450,140,72
451,132,70
452,125,69
453,121,67
454,187,73
455,126,112
456,114,91
457,115,114
458,111,117
459,115,114
460,124,114
461,109,118
462,109,119
463,121,61
464,117,64
465,114,68
466,154,56
467,158,54
468,62,60
469,70,60
470,62,54
471,55,61
472,63,66
473,142,56
474,148,56
475,141,50
476,135,56
477,142,62
