0,96,132
1,90,112
2,94,117
3,85,87
4,90,106
5,90,96
6,93,69
7,50,59
8,93,47
9,92,37
10,91,0
11,96,135
12,97,138
13,97,140
14,98,142
15,98,146
16,98,152
17,99,158
18,99,157
19,91,115
20,85,114
21,32,28
22,69,65
23,63,66
24,56,66
25,48,62
26,75,64
27,57,49
28,65,49
29,50,50
30,46,52
31,43,66
32,78,161
33,48,57
34,32,58
35,37,60
36,63,99
37,87,130
38,90,137
39,81,132
40,77,134
41,85,137
42,81,137
43,71,142
44,85,112
45,83,105
46,37,46
47,76,81
48,72,106
49,72,102
50,46,97
51,84,96
52,50,43
53,41,43
54,33,18
55,79,51
56,72,51
57,66,136
58,49,115
59,77,110
60,82,113
61,74,138
62,75,138
63,39,37
64,73,109
65,62,45
66,61,38
67,51,5
68,34,27
69,54,20
70,35,41
71,32,35
72,88,134
73,83,135
74,79,136
75,79,112
76,74,138
77,76,141
78,76,138
79,79,109
80,83,139
81,86,139
82,91,140
83,90,156
84,89,156
85,89,151
86,90,145
87,91,141
88,83,139
89,81,141
90,79,144
91,77,147
92,71,126
93,41,82
94,92,116
95,80,138
96,78,140
97,85,116
98,76,112
99,84,114
100,69,85
101,59,90
102,72,104
103,38,10
104,41,21
105,48,36
106,76,147
107,77,41
108,71,20
109,68,2
110,51,64
111,37,71
112,78,62
113,41,53
114,79,78
115,74,105
116,34,75
117,39,77
118,46,81
119,59,80
120,68,77
121,75,74
122,86,70
123,35,90
124,37,52
125,88,114
126,76,89
127,36,53
128,79,71
129,72,104
130,45,58
131,74,100
132,44,98
133,78,59
134,79,97
135,56,139
136,60,143
137,35,86
138,50,128
139,32,45
140,78,166
141,89,115
142,71,94
143,34,60
144,56,61
145,63,61
146,75,142
147,39,102
148,90,175
149,74,162
150,68,154
151,92,19
152,103,178
153,68,61
154,74,60
155,77,59
156,34,49
157,72,55
158,66,54
159,59,53
160,54,54
161,50,56
162,32,39
163,53,60
164,94,122
165,75,123
166,76,110
167,85,122
168,93,58
169,64,149
170,71,157
171,88,173
172,55,131
173,76,58
174,82,82
175,101,175
176,81,170
177,39,100
178,86,140
179,85,143
180,83,148
181,82,152
182,82,152
183,78,138
184,76,137
185,75,136
186,68,130
187,45,109
188,83,74
189,82,56
190,78,56
191,80,138
192,49,123
193,86,58
194,80,156
195,91,87
196,86,80
197,92,78
198,77,93
199,100,170
200,99,163
201,89,161
202,66,142
203,68,109
204,73,149
205,55,107
206,63,116
207,52,116
208,88,167
209,75,96
210,63,145
211,70,153
212,61,134
213,43,113
214,55,132
215,43,114
216,61,124
217,79,86
218,76,108
219,74,109
220,78,105
221,76,52
222,64,48
223,54,47
224,46,47
225,42,50
226,42,59
227,33,72
228,46,70
229,52,72
230,61,72
231,69,71
232,75,68
233,79,67
234,39,67
235,75,110
236,81,90
237,80,110
238,85,113
239,81,110
240,77,112
241,86,114
242,87,115
243,80,60
244,83,63
245,83,66
246,49,57
247,44,54
248,98,87
249,152,57
250,100,114
251,185,22
252,130,66
253,137,67
254,145,66
255,156,59
256,124,65
257,139,44
258,131,46
259,148,44
260,153,46
261,162,64
262,129,162
263,155,54
264,189,54
265,171,56
266,135,99
267,105,130
268,105,137
269,116,131
270,123,134
271,113,137
272,120,137
273,133,142
274,97,112
275,97,105
276,163,38
277,119,81
278,118,106
279,120,102
280,159,95
281,97,96
282,142,35
283,153,35
284,175,11
285,109,50
286,124,50
287,138,136
288,187,115
289,113,111
290,107,113
291,132,138
292,130,138
293,157,28
294,119,109
295,127,40
296,127,34
297,139,0
298,168,21
299,134,16
300,168,33
301,178,29
302,105,134
303,114,134
304,121,135
305,111,112
306,131,138
307,128,141
308,129,138
309,108,110
310,119,138
311,112,139
312,105,139
313,109,156
314,109,157
315,108,151
316,107,145
317,106,141
318,119,139
319,121,141
320,123,144
321,125,147
322,128,126
323,194,79
324,124,138
325,126,139
326,104,116
327,117,112
328,105,114
329,128,84
330,140,89
331,121,104
332,161,4
333,155,16
334,143,28
335,127,148
336,110,40
337,114,18
338,117,0
339,152,63
340,171,68
341,120,64
342,161,48
343,113,77
344,113,105
345,181,72
346,165,76
347,155,81
348,140,81
349,129,78
350,121,75
351,101,70
352,179,88
353,168,46
354,95,114
355,118,89
356,194,48
357,115,73
358,123,104
359,158,53
360,114,100
361,192,96
362,121,62
363,106,97
364,164,141
365,167,145
366,190,84
367,175,129
368,184,40
369,131,168
370,96,115
371,126,93
372,179,56
373,144,62
374,137,62
375,130,142
376,178,101
377,118,176
378,143,164
379,154,156
380,131,62
381,126,62
382,122,62
383,174,43
384,127,55
385,134,51
386,140,50
387,146,50
388,151,52
389,190,34
390,148,60
391,120,123
392,112,110
393,105,122
394,154,151
395,143,159
396,117,174
397,178,132
398,123,59
399,106,82
400,131,171
401,188,99
402,113,140
403,115,144
404,117,148
405,118,153
406,119,153
407,125,137
408,127,137
409,128,136
410,134,131
411,166,109
412,107,73
413,113,58
414,119,57
415,124,138
416,169,123
417,105,60
418,124,157
419,99,79
420,112,92
421,112,162
422,142,144
423,129,109
424,134,151
425,147,106
426,136,115
427,154,116
428,115,168
429,118,95
430,150,146
431,139,155
432,147,135
433,177,113
434,158,133
435,184,114
436,143,124
437,112,85
438,110,109
439,116,109
440,105,105
441,118,51
442,129,44
443,140,41
444,149,41
445,157,43
446,164,55
447,190,69
448,158,68
449,149,72
450,139,73
451,129,72
452,122,70
453,117,69
454,194,63
455,116,110
456,105,89
457,103,110
458,100,113
459,104,111
460,115,112
461,98,114
462,98,115
463,118,63
464,113,65
465,110,68
466,153,53
467,157,49
468,62,56
469,69,56
470,62,49
471,55,57
472,62,63
473,141,55
474,149,55
475,140,48
476,133,56
477,141,62
