0,100,130
1,104,108
2,101,115
3,98,83
4,104,101
5,104,91
6,104,66
7,50,57
8,105,47
9,106,37
10,107,-3
11,100,133
12,99,137
13,99,139
14,98,140
15,98,144
16,98,149
17,97,155
18,98,160
19,103,112
20,95,112
21,22,25
22,69,65
23,63,65
24,56,65
25,46,60
26,75,63
27,61,43
28,69,44
29,54,43
30,48,46
31,41,65
32,71,172
33,47,55
34,18,60
35,32,58
36,66,98
37,91,128
38,91,136
39,82,130
40,75,134
41,84,136
42,78,137
43,66,145
44,98,108
45,98,100
46,40,39
47,81,81
48,81,104
49,80,100
50,44,96
51,98,91
52,59,33
53,48,34
54,32,12
55,89,45
56,75,48
57,61,138
58,18,134
59,85,109
60,91,111
61,68,140
62,70,139
63,44,28
64,80,107
65,72,37
66,72,30
67,65,-2
68,38,21
69,69,13
70,35,34
71,28,31
72,91,132
73,83,133
74,77,135
75,87,110
76,69,139
77,72,141
78,71,139
79,89,107
80,80,138
81,85,138
82,92,138
83,89,159
84,89,153
85,90,148
86,91,142
87,92,139
88,79,138
89,78,140
90,76,143
91,75,146
92,70,126
93,12,94
94,102,114
95,75,139
96,74,140
97,93,114
98,81,111
99,92,113
100,73,84
101,62,89
102,78,103
103,46,3
104,51,14
105,57,27
106,72,151
107,89,35
108,87,14
109,85,-4
110,50,63
111,33,70
112,78,62
113,41,49
114,87,76
115,86,102
116,25,76
117,38,77
118,48,81
119,62,80
120,71,76
121,78,73
122,97,67
123,25,92
124,35,47
125,99,112
126,82,88
127,13,58
128,84,70
129,77,103
130,43,54
131,85,97
132,14,113
133,78,59
134,92,93
135,37,154
136,35,163
137,16,94
138,28,143
139,23,45
140,69,180
141,99,113
142,75,93
143,25,59
144,57,60
145,63,61
146,71,142
147,25,108
148,81,192
149,58,181
150,47,174
151,106,16
152,97,193
153,68,60
154,73,59
155,76,59
156,29,45
157,72,53
158,67,50
159,61,50
160,55,50
161,51,52
162,16,40
163,53,59
164,101,121
165,78,122
166,86,107
167,92,121
168,104,56
169,47,164
170,57,172
171,82,186
172,26,151
173,76,57
174,92,79
175,97,188
176,69,187
177,17,111
178,85,138
179,84,141
180,82,145
181,81,150
182,80,156
183,74,138
184,72,137
185,71,137
186,64,131
187,36,113
188,92,71
189,85,55
190,80,55
191,75,139
192,33,132
193,93,56
194,75,163
195,104,82
196,98,76
197,104,74
198,87,90
199,97,179
200,98,169
201,86,168
202,58,149
203,70,109
204,66,157
205,54,107
206,63,116
207,46,119
208,83,177
209,82,94
210,51,155
211,61,164
212,53,139
213,26,122
214,43,141
215,20,128
216,57,126
217,87,83
218,87,105
219,83,107
220,91,101
221,81,48
222,70,42
223,61,39
224,52,40
225,45,43
226,39,56
227,16,77
228,45,69
229,53,72
230,62,72
231,70,70
232,77,68
233,81,66
234,12,76
235,82,108
236,92,86
237,93,107
238,95,110
239,92,108
240,84,111
241,97,111
242,97,113
243,80,60
244,85,62
245,89,65
246,49,53
247,44,49
248,110,84
249,151,65
250,109,112
251,174,35
252,130,71
253,137,72
254,144,72
255,152,67
256,124,69
257,143,49
258,134,50
259,150,50
260,154,53
261,157,72
262,121,174
263,153,62
264,174,69
265,163,67
266,135,103
267,108,129
268,106,137
269,116,133
270,121,137
271,113,139
272,117,140
273,127,149
274,109,108
275,111,101
276,163,47
277,122,83
278,123,107
279,123,103
280,154,103
281,110,92
282,150,39
283,159,42
284,169,22
285,119,46
286,127,53
287,133,142
288,162,141
289,117,111
290,112,113
291,126,144
292,124,144
293,162,37
294,122,110
295,138,40
296,140,34
297,145,3
298,165,30
299,141,18
300,166,44
301,170,41
302,108,134
303,115,136
304,119,139
305,116,112
306,125,144
307,122,145
308,123,144
309,115,109
310,116,141
311,111,140
312,105,140
313,106,160
314,106,155
315,106,149
316,106,144
317,105,140
318,116,141
319,117,144
320,118,146
321,119,150
322,127,130
323,170,102
324,119,142
325,120,144
326,110,115
327,120,114
328,111,114
329,128,88
330,139,93
331,124,106
332,160,11
333,155,22
334,153,33
335,122,154
336,123,36
337,125,17
338,128,0
339,149,70
340,163,78
341,120,67
342,159,57
343,118,78
344,120,104
345,169,84
346,159,83
347,151,86
348,138,85
349,129,81
350,122,77
351,110,68
352,168,101
353,163,56
354,106,112
355,121,91
356,174,67
357,117,73
358,124,106
359,155,62
360,120,99
361,167,121
362,120,64
363,115,95
364,151,160
365,149,168
366,172,102
367,159,150
368,172,53
369,123,182
370,105,114
371,127,96
372,166,68
373,144,68
374,137,68
375,123,147
376,166,116
377,111,193
378,131,184
379,140,178
380,131,67
381,125,66
382,122,65
383,166,55
384,127,59
385,134,56
386,140,56
387,147,57
388,150,59
389,175,49
390,148,67
391,122,125
392,118,110
393,110,122
394,141,169
395,133,176
396,111,187
397,156,157
398,122,62
399,114,80
400,122,189
401,170,119
402,111,140
403,112,144
404,113,148
405,113,153
406,115,158
407,121,142
408,123,142
409,124,141
410,131,136
411,158,120
412,114,73
413,116,58
414,120,59
415,119,143
416,157,138
417,112,57
418,118,166
419,110,76
420,118,92
421,108,169
422,134,153
423,129,112
424,127,160
425,145,112
426,135,120
427,149,125
428,110,179
429,121,97
430,139,160
431,131,168
432,140,144
433,164,129
434,149,146
435,166,135
436,139,131
437,118,85
438,117,107
439,120,109
440,116,102
441,123,51
442,136,46
443,146,45
444,154,47
445,158,51
446,158,64
447,174,85
448,153,76
449,147,78
450,138,78
451,129,75
452,122,72
453,118,70
454,172,84
455,120,111
456,114,87
457,114,108
458,110,111
459,113,109
460,118,113
461,109,112
462,107,113
463,118,64
464,115,66
465,114,67
466,152,61
467,156,57
468,60,55
469,67,55
470,60,48
471,53,55
472,60,62
473,139,62
474,146,62
475,140,56
476,132,62
477,139,68
