0,97,134
1,100,113
2,99,117
3,94,87
4,100,106
5,100,96
6,100,67
7,50,58
8,100,47
9,100,37
10,100,3
11,97,136
12,97,139
13,98,141
14,98,141
15,98,145
16,98,150
17,98,154
18,98,157
19,100,116
20,92,114
21,23,26
22,70,64
23,64,65
24,57,65
25,48,60
26,75,63
27,57,44
28,66,45
29,50,46
30,46,48
31,43,64
32,72,163
33,47,55
34,21,56
35,34,58
36,64,98
37,89,132
38,90,138
39,81,133
40,76,135
41,84,138
42,79,138
43,67,141
44,94,113
45,93,106
46,36,43
47,78,80
48,76,106
49,76,101
50,45,94
51,94,96
52,51,37
53,42,39
54,29,16
55,82,44
56,73,48
57,62,135
58,27,118
59,81,110
60,87,113
61,70,139
62,72,139
63,38,34
64,76,108
65,64,38
66,63,33
67,57,5
68,33,25
69,61,19
70,32,39
71,27,33
72,90,135
73,83,136
74,78,137
75,82,111
76,71,139
77,74,141
78,72,139
79,85,110
80,80,139
81,85,139
82,91,140
83,89,156
84,89,153
85,90,149
86,90,144
87,91,140
88,80,139
89,79,141
90,77,143
91,76,146
92,70,125
93,20,82
94,100,117
95,77,139
96,75,140
97,89,116
98,78,112
99,88,114
100,71,83
101,60,88
102,75,104
103,39,9
104,44,20
105,48,32
106,72,147
107,80,35
108,79,20
109,77,3
110,51,63
111,36,69
112,79,61
113,40,51
114,83,76
115,81,105
116,27,73
117,41,75
118,51,79
119,64,78
120,73,75
121,79,72
122,93,69
123,28,88
124,34,49
125,96,115
126,79,88
127,19,52
128,84,69
129,74,103
130,44,55
131,80,99
132,22,99
133,78,59
134,87,97
135,41,142
136,40,148
137,22,86
138,33,131
139,24,44
140,69,171
141,96,116
142,72,92
143,28,58
144,57,61
145,63,62
146,72,142
147,30,102
148,82,181
149,60,168
150,50,159
151,100,21
152,98,183
153,68,61
154,74,59
155,77,59
156,29,47
157,72,53
158,66,50
159,59,50
160,54,51
161,50,53
162,20,38
163,53,60
164,99,122
165,76,122
166,81,109
167,89,122
168,100,57
169,50,153
170,59,162
171,82,177
172,33,135
173,76,57
174,88,81
175,98,179
176,70,176
177,23,101
178,85,140
179,84,143
180,83,146
181,82,150
182,80,152
183,75,139
184,74,138
185,72,137
186,65,130
187,39,108
188,88,72
189,83,54
190,79,54
191,77,139
192,37,123
193,90,55
194,76,157
195,100,86
196,93,78
197,100,77
198,83,92
199,98,172
200,98,164
201,87,162
202,59,143
203,68,108
204,66,150
205,54,105
206,63,114
207,48,115
208,84,170
209,78,94
210,53,146
211,62,155
212,54,134
213,31,113
214,45,133
215,27,116
216,58,123
217,83,84
218,83,109
219,78,109
220,86,105
221,77,48
222,65,43
223,55,42
224,47,44
225,42,46
226,40,57
227,20,71
228,47,68
229,54,71
230,63,71
231,72,69
232,78,67
233,82,65
234,20,67
235,78,110
236,88,89
237,88,111
238,92,114
239,88,111
240,80,111
241,93,115
242,94,115
243,81,59
244,85,62
245,88,64
246,48,54
247,44,51
248,106,87
249,144,59
250,107,114
251,171,28
252,125,65
253,132,66
254,139,66
255,147,61
256,120,64
257,137,46
258,129,46
259,144,47
260,148,50
261,152,66
262,123,164
263,147,56
264,173,58
265,160,59
266,133,98
267,106,132
268,105,138
269,114,134
270,119,136
271,111,138
272,116,139
273,128,142
274,106,113
275,108,106
276,158,44
277,120,80
278,123,106
279,123,102
280,151,96
281,107,96
282,144,38
283,152,40
284,166,17
285,114,44
286,122,49
287,133,136
288,165,119
289,118,111
290,112,113
291,125,139
292,123,139
293,156,35
294,123,108
295,131,39
296,133,33
297,141,5
298,163,26
299,138,20
300,162,39
301,168,34
302,105,136
303,112,136
304,117,137
305,116,112
306,124,140
307,121,142
308,122,140
309,114,110
310,115,139
311,110,140
312,104,140
313,107,156
314,106,154
315,106,149
316,105,144
317,104,140
318,115,140
319,116,142
320,118,144
321,119,147
322,127,126
323,171,84
324,118,140
325,120,141
326,109,116
327,120,112
328,111,115
329,126,84
330,136,88
331,124,104
332,158,10
333,154,21
334,146,32
335,123,147
336,117,35
337,120,21
338,123,3
339,144,64
340,159,71
341,116,62
342,154,52
343,115,76
344,119,105
345,167,74
346,155,77
347,146,81
348,134,79
349,125,76
350,118,73
351,107,69
352,166,89
353,159,50
354,104,116
355,120,88
356,173,54
357,114,70
358,124,103
359,150,56
360,119,100
361,169,101
362,116,59
363,113,97
364,153,143
365,153,148
366,172,87
367,160,132
368,170,45
369,126,171
370,103,116
371,125,93
372,165,60
373,138,62
374,132,63
375,123,143
376,164,103
377,113,181
378,135,168
379,144,160
380,127,62
381,121,60
382,118,60
383,164,48
384,123,54
385,129,52
386,135,52
387,141,53
388,144,54
389,172,39
390,142,61
391,121,123
392,118,110
393,109,122
394,144,153
395,136,162
396,113,177
397,160,135
398,118,57
399,111,81
400,125,176
401,170,102
402,110,140
403,111,143
404,113,147
405,114,151
406,116,152
407,120,139
408,121,138
409,122,137
410,131,130
411,156,109
412,111,72
413,113,55
414,116,55
415,118,139
416,157,124
417,108,56
418,120,157
419,107,78
420,116,92
421,109,162
422,136,143
423,129,108
424,129,151
425,142,106
426,134,115
427,147,116
428,112,170
429,120,95
430,142,147
431,133,156
432,141,135
433,163,114
434,150,134
435,166,117
436,138,124
437,115,84
438,117,109
439,121,109
440,114,106
441,118,48
442,130,44
443,140,43
444,147,45
445,152,47
446,154,58
447,173,72
448,149,69
449,142,72
450,133,72
451,125,70
452,119,68
453,115,66
454,171,68
455,120,110
456,112,89
457,112,111
458,108,114
459,112,111
460,118,112
461,106,115
462,106,116
463,114,60
464,112,62
465,110,65
466,146,56
467,150,52
468,62,55
469,68,55
470,61,49
471,55,55
472,62,61
473,133,56
474,140,56
475,133,50
476,127,55
477,133,62
