0,93,133
1,96,112
2,98,118
3,90,85
4,96,103
5,96,92
6,97,66
7,47,65
8,97,48
9,96,37
10,95,-3
11,94,135
12,94,137
13,95,138
14,95,147
15,95,151
16,95,155
17,95,159
18,101,169
19,97,116
20,89,115
21,22,37
22,68,70
23,61,71
24,53,71
25,45,68
26,75,68
27,56,52
28,64,52
29,48,53
30,43,56
31,39,72
32,73,182
33,45,63
34,20,72
35,31,68
36,60,102
37,82,131
38,84,136
39,73,131
40,67,132
41,76,135
42,70,134
43,64,147
44,90,112
45,89,103
46,33,51
47,76,83
48,72,107
49,72,102
50,38,101
51,89,93
52,49,44
53,39,46
54,26,23
55,82,49
56,72,54
57,57,138
58,31,147
59,78,112
60,84,114
61,60,133
62,62,134
63,35,41
64,72,110
65,63,44
66,61,38
67,53,2
68,31,31
69,57,18
70,29,48
71,25,43
72,83,134
73,75,133
74,69,133
75,80,113
76,61,134
77,65,139
78,63,134
79,82,111
80,72,135
81,78,136
82,85,137
83,89,168
84,84,158
85,84,153
86,85,149
87,86,147
88,73,142
89,71,143
90,69,145
91,68,147
92,64,128
93,23,107
94,97,117
95,69,139
96,67,139
97,87,117
98,74,114
99,86,116
100,68,87
101,55,92
102,71,105
103,36,11
104,41,23
105,46,38
106,70,156
107,78,39
108,75,16
109,72,-1
110,48,70
111,31,78
112,79,66
113,37,59
114,81,79
115,77,105
116,24,85
117,35,83
118,44,85
119,58,84
120,69,80
121,76,77
122,90,68
123,24,100
124,31,59
125,93,116
126,76,91
127,20,71
128,82,73
129,70,105
130,42,64
131,77,100
132,25,127
133,79,64
134,83,96
135,43,163
136,46,173
137,20,105
138,34,153
139,22,56
140,72,191
141,94,117
142,69,96
143,26,69
144,54,67
145,60,67
146,63,140
147,25,116
148,86,203
149,66,192
150,57,184
151,95,15
152,102,204
153,67,66
154,73,65
155,77,64
156,27,57
157,71,59
158,65,58
159,58,58
160,52,59
161,48,61
162,20,53
163,50,66
164,99,124
165,72,124
166,78,111
167,87,124
168,97,57
169,53,173
170,63,182
171,86,197
172,38,162
173,76,62
174,85,81
175,102,198
176,75,198
177,23,122
178,79,144
179,77,147
180,76,150
181,75,154
182,78,163
183,66,134
184,64,133
185,63,133
186,59,132
187,32,119
188,86,73
189,83,58
190,79,59
191,68,135
192,33,139
193,88,58
194,76,172
195,96,83
196,90,77
197,97,75
198,80,93
199,101,189
200,101,179
201,88,178
202,59,153
203,65,112
204,67,164
205,47,111
206,58,119
207,41,124
208,86,188
209,75,97
210,54,162
211,64,172
212,52,142
213,27,130
214,43,146
215,27,139
216,52,128
217,81,86
218,79,109
219,74,110
220,82,104
221,77,53
222,64,49
223,53,49
224,44,51
225,39,54
226,37,66
227,19,88
228,42,75
229,50,77
230,59,77
231,69,75
232,76,72
233,81,70
234,21,89
235,75,111
236,85,88
237,84,110
238,89,114
239,85,111
240,77,113
241,90,115
242,91,116
243,81,64
244,84,66
245,86,67
246,46,62
247,41,60
248,103,84
249,153,61
250,106,115
251,184,30
252,131,67
253,139,68
254,146,67
255,156,63
256,124,66
257,143,48
258,133,48
259,151,49
260,156,52
261,163,67
262,132,181
263,156,59
264,188,66
265,173,62
266,140,100
267,107,131
268,107,135
269,120,131
270,129,132
271,118,135
272,127,134
273,143,146
274,103,111
275,104,103
276,167,46
277,122,82
278,125,106
279,125,101
280,165,97
281,103,93
282,147,40
283,158,42
284,175,16
285,112,47
286,126,51
287,150,137
288,186,143
289,119,111
290,112,114
291,143,133
292,140,133
293,162,37
294,126,109
295,131,41
296,132,35
297,141,-1
298,169,25
299,136,14
300,172,42
301,178,36
302,107,133
303,119,133
304,128,133
305,118,112
306,142,133
307,136,139
308,139,134
309,114,110
310,126,135
311,117,135
312,107,137
313,113,168
314,108,158
315,108,153
316,107,149
317,107,146
318,125,141
319,127,142
320,128,144
321,130,146
322,139,127
323,192,102
324,132,138
325,134,138
326,110,117
327,124,113
328,111,115
329,131,85
330,145,89
331,128,104
332,161,5
333,155,17
334,149,34
335,135,155
336,114,37
337,117,14
338,120,-4
339,153,66
340,172,72
341,120,64
342,164,54
343,116,77
344,118,104
345,182,79
346,167,78
347,157,81
348,142,81
349,130,78
350,122,75
351,105,68
352,183,95
353,170,53
354,101,115
355,122,89
356,191,65
357,116,72
358,129,104
359,159,59
360,119,98
361,191,122
362,120,62
363,111,95
364,169,161
365,168,172
366,190,100
367,179,150
368,183,50
369,133,191
370,101,117
371,130,94
372,180,62
373,145,63
374,139,63
375,137,140
376,184,112
377,118,203
378,144,191
379,155,183
380,132,63
381,126,62
382,122,62
383,176,50
384,128,56
385,135,54
386,141,53
387,148,55
388,152,56
389,188,46
390,150,62
391,129,124
392,119,110
393,111,123
394,157,172
395,145,181
396,119,197
397,178,160
398,123,60
399,110,80
400,132,198
401,189,118
402,117,144
403,118,146
404,119,149
405,120,153
406,126,163
407,135,134
408,136,133
409,137,132
410,147,131
411,174,116
412,110,72
413,114,57
414,119,57
415,133,134
416,176,136
417,107,58
418,129,171
419,104,76
420,117,92
421,115,177
422,148,152
423,136,110
424,140,163
425,155,109
426,145,117
427,164,121
428,118,188
429,123,95
430,154,160
431,143,171
432,156,140
433,183,127
434,165,144
435,186,135
436,153,126
437,116,85
438,116,108
439,122,109
440,111,103
441,120,51
442,132,46
443,144,45
444,154,46
445,160,49
446,165,60
447,190,82
448,159,71
449,151,73
450,140,74
451,131,72
452,123,70
453,118,68
454,192,83
455,123,110
456,110,87
457,109,110
458,106,114
459,110,111
460,121,112
461,104,115
462,103,116
463,117,62
464,113,64
465,111,66
466,154,58
467,159,55
468,60,62
469,68,61
470,59,55
471,52,62
472,61,68
473,142,58
474,149,58
475,141,51
476,134,58
477,142,65
