0,95,133
1,91,108
2,95,115
3,87,83
4,90,101
5,91,90
6,94,65
7,54,64
8,94,43
9,93,33
10,92,0
11,95,136
12,96,137
13,97,139
14,97,148
15,97,151
16,97,156
17,97,160
18,100,165
19,92,112
20,86,112
21,37,37
22,71,69
23,65,69
24,59,70
25,52,67
26,76,67
27,60,52
28,68,52
29,54,54
30,50,56
31,47,72
32,77,171
33,52,63
34,37,68
35,42,68
36,63,100
37,85,132
38,87,137
39,77,132
40,72,133
41,81,136
42,76,135
43,68,145
44,85,108
45,84,101
46,43,53
47,77,81
48,71,105
49,71,101
50,46,99
51,85,91
52,54,45
53,47,48
54,39,24
55,81,49
56,74,54
57,62,137
58,51,132
59,77,109
60,82,112
61,67,135
62,69,135
63,45,44
64,72,108
65,65,45
66,64,39
67,57,6
68,41,31
69,59,20
70,40,49
71,38,41
72,86,134
73,79,134
74,74,134
75,78,111
76,68,135
77,71,140
78,70,136
79,79,108
80,78,136
81,82,137
82,89,138
83,90,164
84,87,158
85,87,154
86,88,150
87,89,147
88,78,142
89,76,143
90,74,145
91,73,147
92,67,126
93,44,97
94,93,114
95,74,139
96,72,140
97,85,115
98,75,112
99,83,113
100,70,86
101,60,91
102,71,104
103,45,14
104,47,24
105,52,40
106,73,153
107,78,39
108,74,18
109,72,1
110,54,69
111,42,77
112,80,65
113,46,60
114,81,77
115,75,103
116,37,81
117,44,82
118,51,84
119,62,82
120,71,79
121,77,76
122,88,67
123,37,96
124,42,59
125,89,112
126,76,89
127,40,66
128,82,72
129,71,104
130,49,64
131,75,98
132,47,114
133,80,63
134,80,94
135,57,151
136,62,158
137,38,97
138,51,141
139,37,54
140,78,178
141,90,114
142,70,94
143,39,69
144,59,65
145,64,65
146,69,141
147,39,110
148,90,188
149,75,176
150,69,168
151,93,16
152,103,190
153,70,64
154,75,64
155,78,63
156,40,57
157,74,59
158,68,57
159,62,57
160,57,58
161,54,60
162,37,50
163,56,65
164,95,121
165,73,122
166,76,108
167,85,121
168,95,54
169,64,161
170,71,169
171,88,184
172,56,147
173,78,61
174,83,79
175,102,186
176,81,183
177,40,113
178,83,145
179,81,147
180,79,150
181,79,154
182,80,159
183,72,135
184,70,135
185,69,134
186,63,131
187,44,114
188,84,71
189,83,58
190,80,59
191,74,136
192,48,131
193,87,58
194,79,165
195,92,82
196,87,75
197,93,74
198,78,91
199,101,179
200,100,171
201,89,170
202,65,148
203,67,110
204,71,157
205,54,109
206,62,117
207,51,120
208,88,178
209,75,95
210,63,153
211,70,162
212,59,138
213,43,122
214,54,139
215,45,127
216,58,125
217,80,84
218,77,106
219,73,108
220,79,102
221,77,53
222,67,50
223,58,50
224,51,51
225,47,55
226,46,66
227,37,82
228,50,74
229,56,76
230,64,75
231,71,73
232,77,71
233,81,69
234,42,81
235,74,109
236,82,86
237,81,107
238,85,111
239,82,108
240,76,111
241,87,111
242,88,113
243,82,63
244,84,65
245,85,66
246,53,62
247,48,60
248,99,82
249,153,57
250,101,111
251,180,24
252,131,65
253,139,66
254,146,65
255,156,59
256,125,64
257,141,39
258,132,41
259,149,40
260,155,43
261,162,63
262,131,171
263,155,54
264,185,57
265,170,56
266,137,97
267,107,131
268,107,136
269,119,132
270,127,133
271,117,136
272,125,135
273,139,144
274,98,108
275,98,100
276,164,33
277,120,79
278,120,103
279,122,99
280,160,93
281,98,90
282,145,24
283,156,26
284,171,12
285,112,35
286,125,46
287,145,135
288,184,126
289,115,108
290,108,111
291,139,135
292,137,136
293,160,21
294,122,106
295,131,26
296,132,19
297,136,-1
298,165,19
299,132,11
300,169,29
301,174,29
302,107,134
303,118,134
304,126,134
305,113,109
306,138,135
307,133,140
308,136,136
309,109,106
310,124,136
311,116,137
312,107,138
313,112,163
314,109,158
315,108,154
316,108,150
317,107,147
318,124,142
319,125,143
320,127,145
321,129,147
322,133,124
323,190,89
324,129,139
325,131,140
326,106,114
327,120,110
328,107,112
329,128,82
330,141,86
331,124,102
332,157,3
333,151,13
334,148,17
335,132,151
336,113,24
337,113,14
338,115,-2
339,152,62
340,170,68
341,120,63
342,162,46
343,114,75
344,114,101
345,178,73
346,165,74
347,155,78
348,140,78
349,129,76
350,121,73
351,102,66
352,178,88
353,167,44
354,96,112
355,120,86
356,189,55
357,115,69
358,126,102
359,159,53
360,115,96
361,188,107
362,120,60
363,107,92
364,164,148
365,165,155
366,187,89
367,174,137
368,179,42
369,132,177
370,96,113
371,127,91
372,177,57
373,145,61
374,139,62
375,135,141
376,178,103
377,118,188
378,143,175
379,153,167
380,132,61
381,126,61
382,122,60
383,173,41
384,127,54
385,134,51
386,141,49
387,147,50
388,151,51
389,185,38
390,150,59
391,124,121
392,114,107
393,107,120
394,154,159
395,143,168
396,118,184
397,175,143
398,122,58
399,107,78
400,131,183
401,186,106
402,116,145
403,117,147
404,119,150
405,120,154
406,123,158
407,132,135
408,133,135
409,134,134
410,141,128
411,168,109
412,108,70
413,113,53
414,119,54
415,130,136
416,170,127
417,105,53
418,127,164
419,100,74
420,113,89
421,114,170
422,145,146
423,132,107
424,137,156
425,149,104
426,140,114
427,157,116
428,117,178
429,120,92
430,151,151
431,141,161
432,151,135
433,177,116
434,160,136
435,182,121
436,147,122
437,113,82
438,111,105
439,118,106
440,106,100
441,119,43
442,131,36
443,142,34
444,152,35
445,158,39
446,163,54
447,187,73
448,158,67
449,150,70
450,140,71
451,130,70
452,123,68
453,117,66
454,190,72
455,119,108
456,106,85
457,104,106
458,101,110
459,105,107
460,117,110
461,99,111
462,99,113
463,117,60
464,113,62
465,110,63
466,154,52
467,158,47
468,65,60
469,72,59
470,65,53
471,58,60
472,66,66
473,141,55
474,148,55
475,140,49
476,134,56
477,141,62
