0,95,129
1,90,112
2,94,117
3,86,86
4,90,105
5,91,95
6,95,69
7,46,59
8,96,53
9,96,43
10,98,1
11,95,132
12,96,134
13,97,136
14,98,163
15,97,166
16,98,170
17,98,175
18,99,180
19,91,116
20,83,114
21,25,31
22,68,65
23,61,65
24,54,65
25,44,61
26,74,64
27,54,49
28,62,50
29,46,49
30,42,51
31,39,65
32,69,181
33,44,57
34,23,63
35,32,60
36,56,98
37,82,127
38,84,133
39,72,127
40,66,128
41,76,132
42,70,131
43,59,146
44,83,112
45,82,104
46,32,45
47,73,81
48,65,104
49,65,100
50,35,94
51,84,95
52,46,41
53,37,42
54,30,20
55,78,50
56,70,53
57,53,134
58,33,130
59,71,109
60,78,113
61,60,132
62,62,133
63,34,37
64,65,106
65,59,44
66,57,38
67,54,5
68,32,29
69,58,21
70,29,41
71,27,38
72,83,130
73,74,129
74,68,130
75,73,111
76,61,133
77,65,144
78,63,134
79,75,109
80,72,132
81,78,133
82,86,134
83,85,177
84,85,173
85,85,168
86,86,164
87,87,161
88,73,151
89,71,152
90,69,154
91,68,156
92,59,123
93,27,92
94,92,117
95,69,144
96,67,144
97,81,116
98,68,110
99,79,114
100,65,84
101,53,87
102,64,102
103,38,11
104,42,23
105,43,35
106,65,158
107,75,42
108,76,21
109,73,2
110,48,64
111,33,69
112,77,62
113,37,53
114,78,78
115,70,104
116,24,76
117,36,75
118,44,78
119,58,78
120,68,75
121,75,73
122,88,70
123,23,90
124,32,52
125,87,115
126,71,88
127,25,60
128,80,70
129,64,102
130,41,57
131,70,98
132,28,110
133,77,60
134,77,96
135,43,152
136,46,161
137,21,92
138,35,140
139,25,49
140,69,190
141,88,117
142,65,92
143,29,60
144,54,61
145,60,61
146,63,145
147,23,105
148,83,206
149,62,186
150,55,175
151,97,21
152,100,210
153,67,60
154,72,60
155,75,60
156,29,49
157,70,57
158,63,55
159,57,55
160,51,55
161,47,56
162,24,44
163,50,60
164,95,122
165,66,121
166,71,109
167,81,121
168,96,60
169,52,165
170,60,177
171,82,200
172,40,147
173,74,59
174,82,82
175,100,204
176,71,197
177,23,109
178,79,157
179,77,159
180,75,162
181,75,166
182,73,169
183,65,132
184,64,131
185,62,130
186,55,128
187,31,110
188,83,74
189,81,57
190,77,57
191,67,133
192,33,129
193,86,59
194,72,174
195,92,86
196,87,79
197,94,78
198,74,92
199,99,196
200,99,186
201,84,183
202,55,148
203,59,107
204,63,161
205,44,106
206,54,114
207,40,117
208,82,191
209,70,94
210,51,155
211,60,168
212,49,136
213,26,118
214,41,138
215,27,125
216,49,122
217,77,85
218,72,108
219,67,107
220,76,104
221,74,52
222,61,48
223,50,46
224,42,47
225,37,49
226,37,58
227,22,77
228,42,68
229,50,71
230,59,71
231,69,70
232,75,68
233,79,67
234,26,76
235,68,108
236,80,89
237,78,110
238,83,114
239,78,111
240,70,110
241,84,115
242,86,116
243,79,61
244,83,64
245,84,66
246,45,57
247,40,54
248,100,87
249,153,62
250,102,115
251,194,34
252,131,66
253,138,66
254,146,67
255,158,65
256,125,65
257,143,52
258,134,52
259,151,53
260,156,56
261,166,70
262,135,185
263,157,62
264,198,67
265,178,66
266,144,100
267,110,128
268,110,134
269,125,129
270,136,130
271,123,133
272,133,133
273,149,149
274,98,112
275,99,105
276,170,52
277,124,82
278,126,106
279,127,101
280,170,98
281,99,95
282,147,45
283,159,47
284,185,22
285,112,51
286,127,54
287,156,137
288,196,137
289,119,111
290,111,113
291,150,136
292,148,136
293,165,43
294,128,108
295,131,46
296,132,41
297,148,6
298,176,32
299,141,22
300,177,48
301,186,41
302,110,131
303,124,131
304,135,132
305,118,112
306,149,136
307,143,147
308,146,136
309,112,111
310,132,134
311,122,134
312,110,135
313,115,178
314,113,174
315,112,169
316,111,165
317,111,162
318,132,153
319,133,154
320,136,157
321,137,159
322,142,126
323,203,97
324,139,147
325,141,147
326,108,116
327,126,112
328,110,115
329,133,85
330,148,90
331,129,104
332,170,12
333,162,25
334,150,40
335,141,160
336,114,43
337,120,21
338,125,2
339,153,66
340,177,74
341,121,64
342,166,59
343,117,79
344,117,105
345,189,81
346,169,79
347,156,81
348,140,80
349,129,77
350,121,74
351,104,71
352,190,95
353,175,58
354,96,116
355,124,90
356,202,63
357,115,71
358,131,103
359,161,62
360,119,100
361,201,116
362,122,62
363,109,97
364,174,159
365,175,169
366,200,98
367,185,147
368,192,52
369,136,194
370,96,117
371,133,94
372,188,67
373,144,62
374,138,62
375,145,148
376,191,111
377,120,208
378,149,192
379,161,182
380,132,62
381,127,61
382,123,62
383,183,56
384,129,59
385,135,58
386,141,59
387,147,60
388,151,61
389,200,47
390,149,62
391,131,122
392,118,110
393,111,122
394,162,172
395,150,183
396,119,202
397,186,155
398,124,61
399,109,82
400,135,202
401,199,115
402,122,159
403,124,161
404,125,165
405,126,169
406,130,171
407,142,134
408,143,133
409,145,132
410,151,130
411,179,115
412,110,74
413,115,58
414,120,58
415,141,134
416,182,135
417,107,60
418,133,176
419,102,79
420,117,93
421,116,185
422,154,152
423,139,109
424,145,165
425,158,109
426,148,117
427,167,121
428,118,193
429,124,95
430,160,161
431,148,173
432,161,140
433,190,124
434,171,144
435,194,132
436,157,125
437,117,86
438,114,109
439,123,109
440,108,105
441,120,54
442,132,50
443,144,50
444,154,51
445,162,54
446,169,64
447,199,82
448,160,72
449,151,73
450,140,73
451,130,71
452,123,69
453,118,68
454,203,80
455,124,110
456,108,89
457,106,111
458,102,114
459,107,112
460,122,112
461,99,115
462,100,116
463,118,62
464,114,65
465,110,66
466,154,61
467,161,59
468,57,57
469,64,57
470,57,52
471,51,57
472,58,63
473,139,60
474,145,60
475,139,55
476,133,60
477,138,65
