0,103,137
1,95,111
2,98,117
3,90,83
4,94,103
5,95,92
6,97,65
7,53,58
8,98,45
9,97,35
10,96,-4
11,103,140
12,103,144
13,103,146
14,103,146
15,103,150
16,103,155
17,103,159
18,102,168
19,96,114
20,89,113
21,35,28
22,71,65
23,65,66
24,59,66
25,51,61
26,76,63
27,59,44
28,67,45
29,52,45
30,48,48
31,47,66
32,79,175
33,50,56
34,35,61
35,41,59
36,66,99
37,95,135
38,96,143
39,88,137
40,83,139
41,90,143
42,86,143
43,73,149
44,89,110
45,88,102
46,40,41
47,79,80
48,75,106
49,75,101
50,49,98
51,88,92
52,52,34
53,44,36
54,38,16
55,80,41
56,74,48
57,68,141
58,47,130
59,80,110
60,86,113
61,77,143
62,79,143
63,41,31
64,76,108
65,63,35
66,62,29
67,59,0
68,40,24
69,62,15
70,37,37
71,36,34
72,95,139
73,89,140
74,84,141
75,82,112
76,78,143
77,81,145
78,80,143
79,82,109
80,87,144
81,92,144
82,97,145
83,93,166
84,95,158
85,96,154
86,96,149
87,97,146
88,87,144
89,86,146
90,84,148
91,83,150
92,72,128
93,40,91
94,97,116
95,84,144
96,83,145
97,88,116
98,78,113
99,87,114
100,73,84
101,63,89
102,75,104
103,46,6
104,48,18
105,49,28
106,78,156
107,77,31
108,78,15
109,75,-3
110,54,64
111,42,71
112,79,61
113,44,50
114,83,75
115,78,104
116,36,76
117,46,77
118,53,81
119,65,79
120,73,76
121,79,72
122,91,66
123,37,93
124,40,49
125,92,114
126,79,88
127,37,59
128,84,69
129,75,104
130,48,56
131,78,98
132,42,110
133,79,58
134,83,94
135,55,153
136,57,160
137,35,92
138,48,141
139,35,46
140,78,183
141,94,115
142,74,93
143,38,60
144,59,61
145,64,61
146,80,146
147,39,108
148,90,195
149,72,181
150,65,172
151,96,15
152,105,198
153,69,61
154,74,59
155,77,59
156,37,47
157,73,53
158,68,52
159,62,51
160,56,52
161,53,54
162,35,42
163,55,60
164,99,122
165,77,124
166,80,109
167,89,122
168,98,54
169,62,164
170,69,174
171,89,190
172,52,147
173,77,56
174,86,79
175,104,193
176,80,189
177,38,109
178,92,145
179,90,148
180,89,151
181,88,155
182,84,162
183,83,143
184,81,142
185,80,141
186,69,134
187,46,113
188,87,70
189,83,53
190,79,54
191,84,144
192,48,131
193,88,53
194,82,168
195,96,82
196,90,75
197,97,74
198,81,91
199,103,185
200,103,175
201,92,174
202,67,151
203,70,110
204,74,160
205,58,108
206,66,118
207,54,120
208,90,182
209,78,94
210,63,156
211,71,166
212,62,141
213,42,121
214,55,141
215,42,125
216,63,128
217,83,83
218,80,108
219,77,108
220,82,103
221,77,46
222,65,41
223,56,40
224,48,41
225,44,45
226,45,58
227,34,76
228,50,69
229,56,72
230,65,72
231,73,70
232,78,67
233,82,65
234,39,75
235,78,110
236,85,86
237,84,109
238,89,112
239,85,110
240,80,112
241,90,113
242,91,115
243,81,59
244,85,61
245,87,63
246,51,55
247,47,51
248,102,83
249,153,60
250,105,114
251,182,26
252,131,66
253,138,67
254,145,67
255,156,62
256,125,64
257,142,43
258,134,44
259,150,44
260,156,48
261,162,67
262,133,177
263,157,57
264,188,61
265,171,60
266,138,100
267,112,136
268,111,143
269,120,138
270,125,140
271,117,143
272,122,143
273,138,151
274,101,110
275,102,103
276,165,40
277,123,80
278,123,106
279,124,102
280,160,98
281,102,92
282,145,33
283,156,35
284,172,13
285,113,41
286,127,47
287,143,143
288,190,134
289,118,111
290,111,113
291,131,144
292,129,144
293,161,30
294,124,109
295,131,35
296,132,29
297,139,-1
298,166,23
299,135,14
300,170,36
301,176,33
302,111,140
303,118,141
304,123,142
305,116,112
306,130,144
307,127,147
308,128,144
309,112,110
310,120,145
311,116,145
312,110,145
313,113,167
314,112,159
315,111,154
316,111,149
317,110,146
318,120,145
319,122,147
320,123,149
321,125,152
322,133,129
323,196,93
324,124,145
325,125,146
326,109,116
327,122,113
328,110,115
329,130,84
330,142,89
331,126,105
332,159,4
333,153,16
334,148,27
335,131,157
336,115,31
337,117,14
338,119,-4
339,152,66
340,170,72
341,122,62
342,163,51
343,117,75
344,117,104
345,181,77
346,163,78
347,153,81
348,138,80
349,129,76
350,121,72
351,105,66
352,181,94
353,169,50
354,100,114
355,122,88
356,193,58
357,116,69
358,127,104
359,160,57
360,118,98
361,195,113
362,122,59
363,110,95
364,168,157
365,171,166
366,192,94
367,178,145
368,182,45
369,135,186
370,100,115
371,129,94
372,179,61
373,145,63
374,138,63
375,128,148
376,181,110
377,121,197
378,147,186
379,159,178
380,132,62
381,127,61
382,124,60
383,176,47
384,129,53
385,135,51
386,142,51
387,148,52
388,152,54
389,189,40
390,149,62
391,125,125
392,117,110
393,110,123
394,158,169
395,147,178
396,121,192
397,182,152
398,124,57
399,110,79
400,135,193
401,191,112
402,116,145
403,117,148
404,118,152
405,119,156
406,123,163
407,125,144
408,127,143
409,128,142
410,139,135
411,169,115
412,111,70
413,116,53
414,121,54
415,124,144
416,172,134
417,108,54
418,128,170
419,104,75
420,116,91
421,116,174
422,146,154
423,134,110
424,138,162
425,150,109
426,140,118
427,157,122
428,119,183
429,122,95
430,153,160
431,144,169
432,151,143
433,180,124
434,162,144
435,187,129
436,147,129
437,116,83
438,114,108
439,120,109
440,110,103
441,121,46
442,132,41
443,143,40
444,152,41
445,159,45
446,165,59
447,191,77
448,157,71
449,149,73
450,139,73
451,130,70
452,123,68
453,119,65
454,195,75
455,121,111
456,109,87
457,108,109
458,105,113
459,109,110
460,120,113
461,103,114
462,103,115
463,119,60
464,115,61
465,111,63
466,155,56
467,159,52
468,65,55
469,72,55
470,64,49
471,57,56
472,65,62
473,143,56
474,151,57
475,144,49
476,135,55
477,143,63
