0,92,131
1,89,112
2,93,118
3,85,84
4,89,104
5,89,93
6,93,65
7,49,62
8,94,44
9,94,33
10,94,-7
11,93,133
12,93,135
13,95,136
14,95,145
15,94,148
16,95,152
17,95,156
18,98,163
19,90,116
20,84,115
21,30,28
22,68,67
23,62,68
24,55,68
25,46,64
26,73,65
27,57,47
28,65,48
29,50,49
30,46,52
31,42,68
32,74,175
33,46,61
34,28,62
35,35,62
36,59,100
37,82,130
38,84,135
39,74,131
40,69,133
41,78,135
42,73,135
43,66,145
44,83,112
45,81,104
46,38,44
47,74,81
48,68,107
49,69,102
50,40,97
51,83,94
52,52,37
53,43,39
54,34,16
55,80,42
56,71,50
57,59,137
58,42,131
59,74,112
60,80,115
61,65,137
62,67,137
63,41,34
64,69,110
65,63,37
66,62,31
67,54,-1
68,35,24
69,57,14
70,35,40
71,31,34
72,83,133
73,76,133
74,71,134
75,76,113
76,66,137
77,69,141
78,68,137
79,77,111
80,75,136
81,80,136
82,86,136
83,89,162
84,85,155
85,85,151
86,85,147
87,87,145
88,76,142
89,74,143
90,72,145
91,71,147
92,64,127
93,35,93
94,92,117
95,72,140
96,70,140
97,83,118
98,72,114
99,81,116
100,67,85
101,55,89
102,68,105
103,41,5
104,43,17
105,50,31
106,72,152
107,78,32
108,74,13
109,72,-5
110,50,67
111,35,73
112,77,64
113,40,54
114,78,76
115,72,105
116,29,77
117,39,78
118,47,81
119,59,80
120,68,77
121,75,74
122,86,67
123,29,93
124,36,52
125,87,116
126,73,89
127,31,59
128,80,71
129,68,105
130,43,60
131,72,100
132,38,111
133,76,61
134,77,96
135,49,152
136,54,160
137,29,94
138,42,141
139,29,47
140,73,183
141,88,117
142,67,94
143,31,63
144,56,64
145,62,63
146,68,142
147,31,108
148,86,195
149,69,181
150,62,172
151,94,12
152,101,197
153,67,63
154,72,62
155,75,61
156,32,50
157,70,57
158,65,55
159,59,55
160,53,56
161,50,58
162,30,42
163,52,63
164,94,123
165,70,124
166,74,111
167,83,123
168,94,54
169,58,164
170,66,173
171,85,190
172,48,147
173,74,59
174,81,80
175,100,192
176,76,189
177,32,110
178,80,144
179,79,146
180,77,148
181,77,152
182,79,158
183,70,136
184,68,136
185,66,135
186,60,131
187,36,113
188,82,71
189,81,55
190,77,56
191,72,137
192,40,131
193,86,55
194,77,166
195,91,83
196,85,76
197,92,74
198,76,92
199,99,184
200,99,173
201,87,172
202,61,149
203,63,111
204,68,158
205,48,108
206,57,118
207,44,120
208,85,182
209,72,96
210,57,155
211,66,165
212,54,139
213,34,121
214,47,140
215,36,126
216,53,126
217,77,84
218,74,110
219,71,110
220,76,105
221,75,48
222,64,44
223,55,43
224,47,45
225,42,49
226,40,61
227,28,78
228,45,71
229,51,73
230,60,73
231,68,71
232,74,69
233,79,67
234,33,76
235,71,112
236,80,87
237,78,111
238,83,114
239,79,112
240,74,114
241,84,115
242,86,116
243,79,61
244,82,63
245,84,65
246,48,60
247,43,55
248,98,84
249,153,58
250,100,115
251,188,22
252,132,64
253,140,65
254,147,65
255,158,61
256,126,63
257,143,45
258,134,45
259,151,46
260,156,48
261,165,65
262,131,176
263,157,57
264,193,58
265,175,58
266,139,98
267,105,130
268,106,134
269,119,131
270,129,132
271,117,134
272,126,134
273,141,145
274,96,112
275,97,104
276,167,41
277,121,79
278,121,106
279,122,101
280,164,95
281,97,93
282,147,34
283,158,36
284,178,9
285,113,41
286,127,48
287,148,137
288,192,131
289,115,111
290,108,114
291,143,135
292,140,135
293,163,30
294,122,109
295,132,35
296,133,29
297,142,-5
298,171,19
299,136,10
300,173,36
301,181,29
302,105,132
303,118,133
304,127,133
305,113,113
306,141,135
307,135,139
308,139,135
309,109,111
310,126,135
311,116,135
312,106,136
313,110,163
314,108,155
315,107,151
316,106,147
317,106,145
318,125,141
319,126,142
320,128,144
321,130,146
322,135,126
323,200,90
324,132,139
325,134,139
326,105,117
327,121,113
328,107,116
329,130,83
330,144,87
331,124,104
332,164,0
333,157,12
334,149,28
335,133,152
336,114,31
337,116,11
338,120,-7
339,154,63
340,174,69
341,122,62
342,165,51
343,115,75
344,114,105
345,185,74
346,169,75
347,158,78
348,142,78
349,131,75
350,123,72
351,101,66
352,185,91
353,172,49
354,95,116
355,120,88
356,199,55
357,117,69
358,126,104
359,161,56
360,115,99
361,197,110
362,123,59
363,106,95
364,170,154
365,172,162
366,195,91
367,181,142
368,188,42
369,133,185
370,95,117
371,128,93
372,183,59
373,145,60
374,139,61
375,137,140
376,185,107
377,118,196
378,145,183
379,158,175
380,133,60
381,128,59
382,124,59
383,179,46
384,129,54
385,135,53
386,142,53
387,148,54
388,152,55
389,195,36
390,150,59
391,125,123
392,114,111
393,107,123
394,158,166
395,146,175
396,118,191
397,183,149
398,125,57
399,107,79
400,132,191
401,193,109
402,116,143
403,117,145
404,118,148
405,119,151
406,123,158
407,134,135
408,136,134
409,137,134
410,144,130
411,173,112
412,108,70
413,116,54
414,121,54
415,133,135
416,177,131
417,107,54
418,128,167
419,100,75
420,114,91
421,113,172
422,148,149
423,134,109
424,139,159
425,153,107
426,143,116
427,162,119
428,116,182
429,120,94
430,155,156
431,144,167
432,155,138
433,184,120
434,166,140
435,190,126
436,151,125
437,114,83
438,111,109
439,118,109
440,105,104
441,121,47
442,133,42
443,144,41
444,154,42
445,161,45
446,167,58
447,195,74
448,160,68
449,152,71
450,141,71
451,132,69
452,124,67
453,119,65
454,200,72
455,119,111
456,106,87
457,103,110
458,100,114
459,104,112
460,117,113
461,98,115
462,98,116
463,120,60
464,115,62
465,112,64
466,155,56
467,160,52
468,62,59
469,69,58
470,62,52
471,55,59
472,62,65
473,139,56
474,147,56
475,139,50
476,132,56
477,139,63
