0,94,127
1,97,107
2,97,114
3,91,81
4,97,99
5,97,88
6,97,64
7,43,61
8,98,46
9,98,36
10,98,-4
11,94,130
12,94,133
13,94,134
14,95,154
15,95,157
16,94,161
17,94,164
18,98,168
19,97,111
20,89,111
21,21,33
22,64,66
23,57,67
24,50,67
25,39,64
26,70,64
27,54,48
28,62,49
29,46,49
30,41,51
31,34,68
32,68,180
33,40,60
34,14,67
35,26,64
36,58,100
37,83,126
38,84,133
39,72,128
40,66,132
41,76,133
42,70,135
43,61,150
44,90,107
45,89,99
46,32,46
47,74,80
48,72,104
49,71,100
50,34,99
51,90,89
52,50,39
53,40,41
54,28,19
55,82,45
56,69,51
57,54,141
58,17,145
59,78,108
60,84,111
61,60,138
62,62,138
63,36,36
64,71,107
65,64,39
66,63,33
67,56,0
68,32,26
69,60,15
70,28,42
71,24,38
72,83,129
73,74,131
74,68,133
75,79,110
76,61,138
77,64,144
78,64,138
79,82,106
80,72,135
81,78,134
82,85,134
83,87,167
84,83,163
85,83,159
86,84,156
87,85,153
88,72,147
89,70,148
90,68,150
91,67,152
92,63,127
93,11,104
94,97,113
95,68,144
96,66,144
97,87,114
98,74,111
99,85,112
100,66,84
101,53,89
102,70,103
103,39,8
104,43,19
105,48,33
106,68,156
107,80,35
108,77,15
109,75,-2
110,43,66
111,26,74
112,74,63
113,34,55
114,80,75
115,77,101
116,18,81
117,31,79
118,40,81
119,54,80
120,65,77
121,73,74
122,90,66
123,17,97
124,29,54
125,93,111
126,74,88
127,13,67
128,79,70
129,69,103
130,37,60
131,76,96
132,13,124
133,74,61
134,83,92
135,32,163
136,33,174
137,10,101
138,22,152
139,19,51
140,66,190
141,94,113
142,67,93
143,21,65
144,51,62
145,57,62
146,62,145
147,17,114
148,81,202
149,56,191
150,45,184
151,98,15
152,98,203
153,63,61
154,68,61
155,72,61
156,24,53
157,68,58
158,61,57
159,55,57
160,49,58
161,45,59
162,16,48
163,46,61
164,98,120
165,70,123
166,78,107
167,86,120
168,98,55
169,44,173
170,55,182
171,81,195
172,24,162
173,72,59
174,85,78
175,98,197
176,68,197
177,11,120
178,77,151
179,76,153
180,74,155
181,73,159
182,76,163
183,65,136
184,63,135
185,62,135
186,57,133
187,27,117
188,85,70
189,80,56
190,75,56
191,67,137
192,26,139
193,88,56
194,72,171
195,97,80
196,90,74
197,97,72
198,79,90
199,98,188
200,98,177
201,85,176
202,54,154
203,63,110
204,62,164
205,45,109
206,56,118
207,38,123
208,82,186
209,74,94
210,47,162
211,57,172
212,47,143
213,18,129
214,36,147
215,14,137
216,49,128
217,80,83
218,79,105
219,74,106
220,83,100
221,75,50
222,63,45
223,52,44
224,43,45
225,37,49
226,32,62
227,11,84
228,38,71
229,45,73
230,55,73
231,65,71
232,72,69
233,77,67
234,12,85
235,74,108
236,85,84
237,85,106
238,89,110
239,85,107
240,76,111
241,90,110
242,91,112
243,77,61
244,81,63
245,84,64
246,42,59
247,37,55
248,104,81
249,151,61
250,105,111
251,179,32
252,131,67
253,138,67
254,145,67
255,155,64
256,125,65
257,141,48
258,133,48
259,149,49
260,154,52
261,162,69
262,129,181
263,154,60
264,186,66
265,171,64
266,139,99
267,106,126
268,106,133
269,119,130
270,128,133
271,116,134
272,124,136
273,138,149
274,103,107
275,104,99
276,164,46
277,121,80
278,123,103
279,124,99
280,162,98
281,104,89
282,144,39
283,155,41
284,171,18
285,112,46
286,126,51
287,144,140
288,185,145
289,118,108
290,111,111
291,139,140
292,136,140
293,159,36
294,124,107
295,130,40
296,131,34
297,141,0
298,166,26
299,136,15
300,168,43
301,174,37
302,106,130
303,118,132
304,126,135
305,116,110
306,138,140
307,133,146
308,135,140
309,113,106
310,123,137
311,115,135
312,105,135
313,110,167
314,108,163
315,107,159
316,107,156
317,107,154
318,124,148
319,125,149
320,127,151
321,129,152
322,134,127
323,190,103
324,129,145
325,131,145
326,108,114
327,122,111
328,110,112
329,130,84
330,143,89
331,126,103
332,159,7
333,154,18
334,147,33
335,131,156
336,114,36
337,118,14
338,121,-3
339,151,66
340,171,74
341,121,64
342,162,55
343,116,75
344,118,101
345,181,80
346,166,79
347,156,82
348,142,81
349,131,78
350,123,74
351,105,65
352,181,96
353,168,55
354,101,111
355,121,88
356,188,66
357,117,71
358,127,103
359,158,61
360,119,96
361,190,123
362,121,61
363,111,92
364,167,163
365,167,174
366,190,100
367,178,152
368,180,50
369,131,190
370,100,112
371,129,93
372,179,66
373,144,62
374,138,63
375,135,146
376,182,113
377,116,202
378,142,192
379,154,185
380,132,62
381,127,62
382,123,61
383,174,53
384,128,57
385,134,56
386,140,56
387,145,57
388,149,58
389,185,47
390,148,62
391,126,122
392,117,107
393,110,120
394,155,174
395,144,182
396,116,196
397,177,162
398,123,60
399,110,77
400,130,198
401,189,119
402,116,151
403,117,153
404,119,155
405,120,159
406,122,163
407,131,138
408,133,137
409,135,136
410,141,133
411,171,117
412,110,70
413,115,56
414,120,57
415,130,138
416,173,138
417,108,57
418,126,171
419,104,73
420,116,89
421,112,176
422,145,154
423,134,109
424,136,164
425,152,108
426,141,117
427,160,122
428,115,186
429,122,93
430,152,162
431,141,172
432,151,143
433,181,128
434,162,146
435,186,136
436,149,127
437,116,82
438,115,105
439,121,106
440,111,100
441,120,50
442,132,45
443,142,44
444,151,46
445,158,49
446,164,62
447,189,83
448,158,72
449,150,74
450,140,74
451,131,72
452,124,70
453,119,67
454,190,84
455,121,108
456,110,84
457,109,105
458,105,109
459,110,107
460,119,110
461,104,110
462,103,112
463,118,61
464,114,63
465,112,65
466,152,60
467,157,56
468,54,60
469,62,60
470,54,54
471,46,60
472,54,66
473,139,59
474,146,59
475,138,53
476,131,59
477,139,66
