0,96,130
1,97,113
2,97,118
3,91,85
4,96,104
5,97,93
6,98,67
7,47,60
8,98,48
9,99,38
10,100,-2
11,96,132
12,97,134
13,97,135
14,98,152
15,98,154
16,97,158
17,98,162
18,100,170
19,97,117
20,89,115
21,21,33
22,67,66
23,60,66
24,53,67
25,44,64
26,73,64
27,55,48
28,64,49
29,48,50
30,43,53
31,38,68
32,71,179
33,44,59
34,18,67
35,30,63
36,58,101
37,84,129
38,85,133
39,73,129
40,66,131
41,76,133
42,70,133
43,60,147
44,90,112
45,89,104
46,33,48
47,76,82
48,72,107
49,71,102
50,36,98
51,90,94
52,50,41
53,40,44
54,28,19
55,83,47
56,71,51
57,53,137
58,28,139
59,77,112
60,84,114
61,59,134
62,61,135
63,37,39
64,71,109
65,64,42
66,63,35
67,56,1
68,32,28
69,61,17
70,30,44
71,25,39
72,84,131
73,75,131
74,68,132
75,79,113
76,60,134
77,64,141
78,62,135
79,82,111
80,71,133
81,78,134
82,86,134
83,87,169
84,86,161
85,86,157
86,86,153
87,87,151
88,73,145
89,71,146
90,69,148
91,68,150
92,61,127
93,20,100
94,97,118
95,68,141
96,66,141
97,86,117
98,73,113
99,85,116
100,67,86
101,54,90
102,70,105
103,39,8
104,43,20
105,48,35
106,67,156
107,80,37
108,78,16
109,76,-2
110,47,66
111,30,73
112,77,63
113,37,56
114,81,78
115,77,106
116,22,80
117,34,78
118,43,81
119,57,81
120,68,78
121,75,74
122,91,68
123,22,96
124,31,55
125,93,116
126,75,90
127,18,65
128,81,71
129,69,105
130,41,60
131,77,100
132,23,119
133,77,60
134,83,96
135,41,157
136,44,167
137,18,99
138,32,147
139,21,51
140,71,187
141,94,117
142,68,95
143,24,64
144,54,61
145,60,61
146,63,142
147,23,112
148,85,198
149,64,186
150,55,177
151,99,16
152,101,200
153,66,61
154,72,60
155,75,60
156,27,53
157,70,56
158,64,54
159,57,54
160,51,55
161,48,57
162,18,47
163,50,61
164,97,123
165,70,123
166,77,111
167,85,123
168,98,57
169,52,168
170,61,177
171,84,194
172,36,155
173,74,58
174,86,81
175,100,195
176,73,193
177,21,116
178,79,149
179,78,150
180,76,153
181,76,156
182,76,164
183,65,133
184,63,133
185,62,132
186,55,131
187,30,116
188,86,73
189,82,56
190,78,56
191,66,134
192,32,135
193,88,57
194,73,171
195,97,84
196,91,77
197,97,76
198,80,93
199,100,188
200,100,178
201,86,177
202,56,151
203,63,111
204,64,162
205,46,109
206,56,118
207,40,121
208,84,186
209,75,96
210,52,158
211,61,169
212,49,140
213,25,125
214,41,143
215,25,132
216,49,126
217,81,85
218,79,110
219,74,110
220,83,105
221,76,50
222,64,46
223,53,46
224,45,48
225,39,51
226,36,62
227,17,83
228,42,71
229,49,73
230,59,73
231,68,71
232,75,69
233,79,67
234,19,82
235,74,111
236,85,88
237,85,111
238,89,115
239,85,112
240,76,113
241,90,116
242,91,117
243,79,61
244,83,63
245,85,65
246,46,58
247,40,56
248,104,85
249,152,63
250,105,115
251,184,32
252,131,68
253,139,69
254,146,68
255,155,66
256,125,67
257,142,49
258,134,50
259,150,51
260,155,54
261,162,70
262,130,179
263,154,62
264,187,66
265,171,65
266,140,100
267,109,129
268,109,133
269,122,130
270,131,131
271,120,133
272,128,133
273,140,146
274,103,112
275,104,104
276,165,49
277,122,82
278,124,106
279,124,102
280,164,97
281,104,94
282,147,40
283,157,43
284,176,19
285,113,46
286,126,52
287,147,136
288,180,140
289,118,111
290,111,114
291,143,135
292,140,135
293,161,39
294,125,109
295,132,40
296,133,34
297,144,1
298,169,28
299,139,17
300,170,45
301,178,38
302,109,131
303,121,131
304,130,132
305,117,113
306,142,135
307,136,142
308,139,135
309,113,111
310,127,134
311,119,134
312,109,134
313,112,169
314,111,161
315,110,157
316,110,153
317,109,151
318,127,146
319,128,146
320,130,148
321,131,150
322,136,125
323,188,100
324,133,142
325,135,142
326,109,117
327,123,113
328,110,115
329,131,86
330,144,90
331,126,105
332,164,8
333,157,21
334,149,35
335,133,155
336,116,36
337,120,16
338,124,-2
339,152,68
340,171,74
341,121,65
342,163,57
343,116,78
344,118,105
345,180,80
346,166,79
347,156,81
348,141,80
349,130,78
350,122,75
351,105,68
352,180,95
353,169,56
354,101,116
355,122,90
356,190,65
357,116,71
358,128,104
359,158,62
360,118,99
361,185,120
362,121,63
363,111,96
364,163,158
365,162,168
366,187,99
367,173,147
368,182,51
369,131,188
370,100,117
371,130,94
372,178,66
373,145,64
374,139,64
375,138,143
376,180,111
377,116,199
378,140,187
379,150,179
380,133,64
381,127,63
382,123,63
383,174,55
384,128,58
385,134,57
386,141,56
387,147,58
388,150,59
389,188,46
390,149,64
391,127,123
392,118,111
393,110,122
394,152,169
395,142,178
396,116,194
397,172,156
398,123,61
399,110,81
400,129,194
401,185,116
402,118,149
403,120,150
404,121,153
405,122,157
406,124,163
407,136,134
408,137,133
409,138,132
410,143,130
411,171,115
412,111,73
413,115,57
414,120,58
415,134,134
416,172,135
417,108,57
418,127,171
419,104,77
420,116,92
421,114,177
422,145,151
423,134,110
424,137,162
425,153,109
426,143,117
427,161,120
428,116,186
429,122,96
430,150,159
431,140,169
432,152,139
433,179,125
434,161,143
435,181,133
436,150,125
437,116,85
438,115,109
439,121,110
440,111,105
441,121,51
442,133,46
443,144,46
444,153,48
445,159,52
446,164,64
447,187,82
448,158,72
449,150,74
450,140,74
451,131,72
452,123,70
453,118,68
454,189,82
455,122,111
456,110,88
457,109,111
458,106,115
459,110,112
460,120,112
461,104,115
462,103,117
463,118,63
464,114,64
465,111,66
466,153,61
467,158,58
468,60,58
469,68,57
470,60,51
471,52,58
472,60,64
473,140,61
474,148,61
475,140,54
476,132,60
477,140,67
