0,101,128
1,96,113
2,97,118
3,90,87
4,96,105
5,96,94
6,97,69
7,46,63
8,97,50
9,97,40
10,98,0
11,101,130
12,101,133
13,100,134
14,100,157
15,100,160
16,100,163
17,100,167
18,99,169
19,96,116
20,89,115
21,27,34
22,66,69
23,59,70
24,52,69
25,43,66
26,72,68
27,55,50
28,64,51
29,48,51
30,43,53
31,38,70
32,71,178
33,44,61
34,21,67
35,31,65
36,59,101
37,88,126
38,89,132
39,76,128
40,68,130
41,79,132
42,71,133
43,62,147
44,89,113
45,88,105
46,34,47
47,76,83
48,72,107
49,71,103
50,38,99
51,89,95
52,49,41
53,40,43
54,32,22
55,81,50
56,71,54
57,55,138
58,27,138
59,77,112
60,84,114
61,58,135
62,61,135
63,37,38
64,71,110
65,63,44
66,62,38
67,57,5
68,35,30
69,60,20
70,31,43
71,29,40
72,88,129
73,78,130
74,70,131
75,79,113
76,60,135
77,64,143
78,62,136
79,81,111
80,73,133
81,80,133
82,90,133
83,87,168
84,87,166
85,88,162
86,88,158
87,89,155
88,73,148
89,71,148
90,69,150
91,68,152
92,63,127
93,21,100
94,96,118
95,68,143
96,66,143
97,86,117
98,74,113
99,85,116
100,68,87
101,55,91
102,70,105
103,41,12
104,45,23
105,48,35
106,68,155
107,79,41
108,77,20
109,75,1
110,47,68
111,31,75
112,76,67
113,37,56
114,81,79
115,76,106
116,24,81
117,35,80
118,43,83
119,56,82
120,67,80
121,74,77
122,90,70
123,23,96
124,32,55
125,92,116
126,75,91
127,22,65
128,80,73
129,70,105
130,41,62
131,76,100
132,23,118
133,76,64
134,83,97
135,39,158
136,41,167
137,19,99
138,30,147
139,25,52
140,70,186
141,93,117
142,68,95
143,27,66
144,53,65
145,59,65
146,62,144
147,23,112
148,83,197
149,62,185
150,52,178
151,98,19
152,99,199
153,65,65
154,71,64
155,74,64
156,29,53
157,70,59
158,64,57
159,57,56
160,51,57
161,47,59
162,23,48
163,49,64
164,97,123
165,71,124
166,77,111
167,86,123
168,97,59
169,50,168
170,59,177
171,83,192
172,33,155
173,74,62
174,85,82
175,99,194
176,71,192
177,20,116
178,80,152
179,79,154
180,77,157
181,76,160
182,76,163
183,65,134
184,63,133
185,62,132
186,58,131
187,31,116
188,86,74
189,81,60
190,77,60
191,67,134
192,31,135
193,87,60
194,73,169
195,96,86
196,90,79
197,97,77
198,79,93
199,99,186
200,99,177
201,85,175
202,56,151
203,64,111
204,64,161
205,47,110
206,57,118
207,41,121
208,83,184
209,75,97
210,51,158
211,61,168
212,50,140
213,25,125
214,41,143
215,23,132
216,51,126
217,80,86
218,79,110
219,74,110
220,82,105
221,76,54
222,64,49
223,53,47
224,44,48
225,39,51
226,37,63
227,19,83
228,41,73
229,48,75
230,58,75
231,67,74
232,74,72
233,79,70
234,22,82
235,74,111
236,84,89
237,84,111
238,88,115
239,84,112
240,76,113
241,90,115
242,91,117
243,79,65
244,82,67
245,84,68
246,45,60
247,40,57
248,103,86
249,152,61
250,105,115
251,180,32
252,131,68
253,138,68
254,145,68
255,156,63
256,126,66
257,142,48
258,134,49
259,150,49
260,155,51
261,161,68
262,128,178
263,155,59
264,185,65
265,170,62
266,138,100
267,113,126
268,112,132
269,125,127
270,133,129
271,122,132
272,130,132
273,139,146
274,102,112
275,103,105
276,165,44
277,121,83
278,123,107
279,124,102
280,162,98
281,103,95
282,146,39
283,157,40
284,172,19
285,113,48
286,127,52
287,145,136
288,182,137
289,118,111
290,111,114
291,143,135
292,140,135
293,161,35
294,124,109
295,132,41
296,133,35
297,141,3
298,166,28
299,136,19
300,170,40
301,175,38
302,113,129
303,124,130
304,131,131
305,116,113
306,141,135
307,137,142
308,139,135
309,113,111
310,128,133
311,120,133
312,111,133
313,111,168
314,113,165
315,113,161
316,112,158
317,112,155
318,128,147
319,130,148
320,131,149
321,133,151
322,135,126
323,188,98
324,133,142
325,135,142
326,108,117
327,122,113
328,110,116
329,130,86
330,143,90
331,126,105
332,160,10
333,154,21
334,148,33
335,131,154
336,115,38
337,118,19
338,121,1
339,152,66
340,169,72
341,122,65
342,162,54
343,116,79
344,117,105
345,179,79
346,164,78
347,154,82
348,140,81
349,130,78
350,122,75
351,104,70
352,180,95
353,168,52
354,100,116
355,121,90
356,187,63
357,117,72
358,127,104
359,159,59
360,118,100
361,187,117
362,123,62
363,110,97
364,164,157
365,163,166
366,188,97
367,174,146
368,180,50
369,129,186
370,100,117
371,129,95
372,177,62
373,144,64
374,138,64
375,139,143
376,180,110
377,115,197
378,140,185
379,151,177
380,133,64
381,128,63
382,124,63
383,174,50
384,129,57
385,135,55
386,141,55
387,147,56
388,151,57
389,184,46
390,149,63
391,126,123
392,117,111
393,110,123
394,152,168
395,141,177
396,115,192
397,173,154
398,125,61
399,110,82
400,128,192
401,186,115
402,121,152
403,122,153
404,123,156
405,124,160
406,123,162
407,136,133
408,138,133
409,139,132
410,142,130
411,170,114
412,110,74
413,116,58
414,121,58
415,134,134
416,171,134
417,108,59
418,126,169
419,104,79
420,116,93
421,112,175
422,144,150
423,134,110
424,136,160
425,152,109
426,142,117
427,159,120
428,114,184
429,121,96
430,150,157
431,139,168
432,151,139
433,179,124
434,161,142
435,182,131
436,149,125
437,115,86
438,115,109
439,121,110
440,110,105
441,121,52
442,133,47
443,143,45
444,152,46
445,159,49
446,163,60
447,187,81
448,157,71
449,149,74
450,139,74
451,130,72
452,124,71
453,119,69
454,188,80
455,121,111
456,109,89
457,109,111
458,105,114
459,109,112
460,119,113
461,103,115
462,103,116
463,120,63
464,115,65
465,112,67
466,154,58
467,158,54
468,59,61
469,67,61
470,59,54
471,51,60
472,58,67
473,142,59
474,149,59
475,141,52
476,134,59
477,142,65
