0,99,132
1,94,114
2,96,120
3,91,88
4,95,107
5,96,96
6,99,69
7,51,61
8,101,45
9,101,34
10,103,-4
11,99,134
12,99,137
13,99,139
14,98,161
15,98,165
16,98,169
17,98,172
18,98,172
19,95,117
20,89,116
21,32,26
22,70,69
23,63,69
24,57,69
25,49,63
26,76,67
27,60,46
28,68,47
29,53,47
30,48,50
31,44,68
32,72,176
33,49,59
34,29,59
35,38,61
36,62,101
37,88,130
38,89,136
39,79,132
40,73,133
41,81,136
42,76,136
43,65,147
44,89,114
45,88,106
46,41,43
47,78,83
48,74,108
49,74,103
50,43,97
51,89,97
52,55,36
53,46,38
54,37,14
55,85,43
56,75,51
57,60,138
58,38,127
59,79,113
60,84,115
61,65,137
62,67,138
63,44,33
64,74,110
65,67,37
66,67,31
67,62,0
68,40,23
69,64,14
70,38,39
71,34,32
72,88,133
73,80,134
74,74,135
75,81,114
76,66,138
77,69,146
78,68,138
79,82,112
80,77,137
81,83,137
82,90,138
83,87,170
84,87,170
85,87,167
86,88,163
87,90,160
88,77,152
89,75,152
90,73,154
91,72,156
92,67,127
93,32,88
94,95,119
95,73,146
96,71,146
97,87,118
98,76,114
99,86,117
100,71,86
101,59,90
102,73,106
103,46,4
104,49,16
105,54,30
106,71,156
107,83,33
108,82,15
109,80,-3
110,51,67
111,37,72
112,79,65
113,43,53
114,83,79
115,78,107
116,31,76
117,40,78
118,48,82
119,60,81
120,70,79
121,77,76
122,92,70
123,31,91
124,39,51
125,91,117
126,78,91
127,30,55
128,83,72
129,73,106
130,46,58
131,78,101
132,34,107
133,80,63
134,83,98
135,48,151
136,50,157
137,28,90
138,41,139
139,31,44
140,72,183
141,92,118
142,71,95
143,33,61
144,57,65
145,63,65
146,68,146
147,32,106
148,84,195
149,66,179
150,59,170
151,102,15
152,98,198
153,69,65
154,74,64
155,78,63
156,35,49
157,74,56
158,68,54
159,62,53
160,55,54
161,52,56
162,30,39
163,53,63
164,96,125
165,73,125
166,79,112
167,86,124
168,100,57
169,56,162
170,64,172
171,83,191
172,44,144
173,78,60
174,87,83
175,98,194
176,74,188
177,30,107
178,82,156
179,81,158
180,79,161
181,78,165
182,78,164
183,71,137
184,69,136
185,68,135
186,62,132
187,39,112
188,88,74
189,85,57
190,81,58
191,72,137
192,41,130
193,91,57
194,75,169
195,97,87
196,92,80
197,98,79
198,81,94
199,97,187
200,98,179
201,85,176
202,61,149
203,67,111
204,67,160
205,52,109
206,61,118
207,47,119
208,83,184
209,77,97
210,56,155
211,64,165
212,55,138
213,35,119
214,48,139
215,34,123
216,56,126
217,82,87
218,80,110
219,76,111
220,82,106
221,79,49
222,68,44
223,58,43
224,50,44
225,45,47
226,43,60
227,28,74
228,46,71
229,53,74
230,62,75
231,70,73
232,77,71
233,82,69
234,31,71
235,76,112
236,85,90
237,84,112
238,88,115
239,84,113
240,78,114
241,89,116
242,90,118
243,82,63
244,85,65
245,87,67
246,50,57
247,46,54
248,103,88
249,155,65
250,103,117
251,188,26
252,134,71
253,141,72
254,148,72
255,158,67
256,128,69
257,144,47
258,136,47
259,152,48
260,157,52
261,165,70
262,126,178
263,158,63
264,190,61
265,173,62
266,138,102
267,109,130
268,109,136
269,120,132
270,126,133
271,117,136
272,123,136
273,135,149
274,101,114
275,102,107
276,167,42
277,123,83
278,121,109
279,122,104
280,161,99
281,103,97
282,148,34
283,159,37
284,180,14
285,116,41
286,129,51
287,141,140
288,180,131
289,115,113
290,109,116
291,135,137
292,132,138
293,163,31
294,122,111
295,134,34
296,135,28
297,149,-1
298,174,23
299,143,14
300,172,37
301,182,33
302,109,134
303,118,134
304,125,135
305,114,115
306,133,137
307,130,146
308,131,138
309,111,112
310,122,137
311,116,137
312,108,138
313,109,171
314,110,170
315,109,167
316,109,163
317,108,160
318,122,151
319,123,152
320,125,154
321,127,155
322,131,129
323,190,91
324,126,146
325,128,146
326,107,119
327,120,115
328,108,117
329,131,87
330,143,91
331,124,107
332,168,4
333,162,16
334,150,27
335,129,157
336,118,30
337,124,14
338,128,-3
339,155,70
340,173,74
341,124,67
342,165,54
343,118,79
344,116,107
345,182,78
346,168,80
347,158,83
348,143,83
349,133,80
350,126,77
351,107,70
352,180,94
353,171,52
354,99,117
355,122,91
356,194,57
357,119,73
358,125,106
359,161,62
360,117,102
361,186,110
362,124,64
363,110,99
364,160,155
365,161,162
366,188,94
367,171,143
368,186,46
369,127,185
370,99,118
371,129,96
372,181,62
373,147,68
374,141,69
375,131,146
376,178,110
377,114,196
378,137,182
379,148,174
380,135,68
381,130,66
382,126,65
383,177,48
384,131,58
385,137,56
386,144,56
387,150,58
388,154,60
389,192,40
390,152,67
391,123,126
392,115,113
393,108,125
394,149,166
395,139,175
396,113,192
397,171,149
398,126,62
399,111,83
400,126,190
401,185,111
402,115,156
403,117,158
404,118,161
405,119,164
406,120,165
407,128,137
408,130,136
409,131,135
410,137,133
411,167,115
412,112,74
413,119,57
414,123,58
415,127,137
416,167,133
417,111,56
418,124,171
419,105,80
420,116,94
421,111,177
422,141,152
423,132,112
424,134,162
425,150,111
426,139,119
427,156,122
428,113,185
429,121,98
430,147,158
431,137,168
432,147,141
433,175,123
434,157,143
435,180,127
436,145,128
437,116,87
438,113,111
439,118,112
440,109,107
441,124,48
442,135,43
443,145,42
444,154,44
445,161,48
446,166,62
447,190,77
448,160,74
449,153,76
450,143,77
451,134,75
452,127,72
453,122,70
454,193,74
455,119,113
456,110,91
457,107,112
458,103,116
459,107,113
460,117,115
461,101,117
462,101,118
463,122,64
464,118,66
465,115,67
466,156,61
467,161,56
468,65,59
469,72,59
470,65,52
471,57,59
472,64,66
473,141,61
474,149,61
475,142,53
476,134,60
477,140,68
