0,99,134
1,110,112
2,104,118
3,101,84
4,111,104
5,110,92
6,105,65
7,43,56
8,105,41
9,106,30
10,106,-7
11,98,136
12,98,138
13,97,139
14,96,146
15,96,149
16,96,153
17,95,157
18,97,168
19,108,115
20,99,114
21,6,19
22,65,66
23,58,66
24,50,65
25,38,59
26,72,65
27,57,40
28,65,42
29,48,40
30,41,43
31,31,63
32,65,176
33,39,53
34,0,55
35,21,57
36,60,99
37,88,132
38,88,137
39,77,133
40,69,134
41,79,137
42,72,136
43,56,147
44,103,111
45,103,103
46,31,36
47,77,80
48,80,106
49,78,102
50,33,95
51,102,93
52,55,29
53,42,31
54,18,6
55,88,40
56,72,46
57,50,138
58,0,129
59,85,111
60,91,114
61,58,136
62,60,137
63,37,25
64,78,109
65,70,32
66,70,25
67,59,-7
68,27,15
69,64,7
70,25,32
71,15,26
72,88,135
73,78,135
74,70,135
75,86,113
76,59,136
77,63,141
78,61,137
79,92,110
80,73,137
81,80,138
82,88,138
83,85,167
84,84,156
85,85,152
86,86,148
87,87,145
88,72,142
89,70,143
90,69,145
91,67,147
92,64,127
93,-8,87
94,106,117
95,67,140
96,65,140
97,94,117
98,79,113
99,93,115
100,68,83
101,54,88
102,75,105
103,35,-2
104,42,9
105,52,22
106,64,155
107,88,29
108,85,9
109,82,-8
110,43,62
111,22,69
112,76,63
113,32,47
114,84,75
115,87,104
116,10,73
117,28,75
118,40,79
119,56,79
120,67,77
121,76,74
122,97,66
123,11,90
124,25,46
125,104,115
126,79,88
127,-6,52
128,82,70
129,73,104
130,35,53
131,85,99
132,-5,107
133,76,60
134,94,95
135,26,153
136,22,161
137,-1,89
138,13,141
139,7,39
140,64,183
141,103,116
142,70,93
143,12,57
144,51,60
145,58,62
146,62,142
147,10,106
148,77,194
149,50,181
150,38,173
151,106,11
152,94,195
153,64,62
154,70,61
155,74,61
156,17,43
157,70,53
158,63,49
159,57,48
160,50,49
161,45,50
162,-1,34
163,46,58
164,103,124
165,74,124
166,86,110
167,91,124
168,104,53
169,38,164
170,50,174
171,79,190
172,10,147
173,74,58
174,92,79
175,95,191
176,63,188
177,0,107
178,79,144
179,77,146
180,76,149
181,75,153
182,73,162
183,65,136
184,64,136
185,63,135
186,55,132
187,24,112
188,91,70
189,83,54
190,78,54
191,67,137
192,20,130
193,92,54
194,69,168
195,108,83
196,99,75
197,107,74
198,86,91
199,97,184
200,97,175
201,83,174
202,49,150
203,65,110
204,58,160
205,45,107
206,56,117
207,36,119
208,80,183
209,79,95
210,42,156
211,53,166
212,43,139
213,11,119
214,32,140
215,4,124
216,48,125
217,85,83
218,89,108
219,82,109
220,95,104
221,79,45
222,67,38
223,56,36
224,46,37
225,37,40
226,29,55
227,-1,72
228,36,67
229,45,71
230,56,72
231,66,71
232,74,69
233,79,67
234,-8,69
235,81,111
236,94,87
237,97,110
238,99,114
239,95,111
240,82,113
241,101,114
242,101,116
243,79,61
244,84,63
245,88,64
246,42,52
247,37,47
248,114,84
249,146,61
250,113,115
251,160,30
252,129,69
253,135,69
254,140,69
255,147,64
256,124,67
257,139,45
258,132,46
259,146,46
260,149,50
261,151,69
262,120,175
263,147,59
264,161,63
265,156,62
266,135,101
267,108,133
268,106,138
269,115,133
270,120,135
271,112,137
272,117,137
273,127,148
274,115,111
275,117,104
276,157,42
277,122,81
278,126,108
279,126,103
280,153,99
281,116,93
282,146,34
283,153,37
284,159,17
285,120,40
286,126,50
287,133,139
288,145,131
289,121,112
290,116,115
291,125,137
292,123,138
293,156,32
294,125,110
295,136,34
296,137,28
297,143,0
298,158,24
299,141,14
300,159,39
301,161,35
302,107,135
303,114,136
304,118,136
305,119,113
306,124,138
307,121,142
308,122,138
309,120,110
310,115,138
311,110,138
312,105,139
313,107,167
314,105,156
315,105,152
316,104,148
317,104,145
318,114,142
319,116,144
320,117,146
321,118,148
322,129,129
323,152,94
324,118,141
325,119,141
326,113,117
327,122,115
328,114,116
329,128,86
330,139,91
331,126,106
332,154,6
333,152,17
334,148,28
335,122,155
336,123,30
337,126,13
338,128,-4
339,145,67
340,156,74
341,121,65
342,153,53
343,118,76
344,124,105
345,162,79
346,154,80
347,148,83
348,136,82
349,128,79
350,122,76
351,111,67
352,163,95
353,157,52
354,112,115
355,122,90
356,156,60
357,118,72
358,126,106
359,150,59
360,124,100
361,149,112
362,120,63
363,120,96
364,141,154
365,136,161
366,161,95
367,148,143
368,161,48
369,119,182
370,109,116
371,127,95
372,159,63
373,140,64
374,135,65
375,122,143
376,160,110
377,107,193
378,123,180
379,129,172
380,130,65
381,125,64
382,122,63
383,160,50
384,126,56
385,131,53
386,137,52
387,142,54
388,145,56
389,160,43
390,144,63
391,124,125
392,121,111
393,113,124
394,133,164
395,127,173
396,109,189
397,141,148
398,122,60
399,116,80
400,116,187
401,158,112
402,110,144
403,111,146
404,112,149
405,113,153
406,116,162
407,120,137
408,122,137
409,123,136
410,132,133
411,155,115
412,115,71
413,117,56
414,120,57
415,118,138
416,151,133
417,113,55
418,118,168
419,113,76
420,121,92
421,108,174
422,131,151
423,130,112
424,125,160
425,145,110
426,135,119
427,148,122
428,110,182
429,123,96
430,134,156
431,127,166
432,138,141
433,156,123
434,144,142
435,153,127
436,138,128
437,119,85
438,122,109
439,124,110
440,121,104
441,123,47
442,134,42
443,142,41
444,149,43
445,153,47
446,152,61
447,161,79
448,149,72
449,143,75
450,136,75
451,128,73
452,123,71
453,119,69
454,153,77
455,123,112
456,118,87
457,119,110
458,114,114
459,118,111
460,121,114
461,113,114
462,111,116
463,119,63
464,116,64
465,115,66
466,147,57
467,151,54
468,53,55
469,62,55
470,54,47
471,45,54
472,53,62
473,131,59
474,138,59
475,131,52
476,123,58
477,131,65
