0,99,133
1,100,118
2,99,121
3,93,92
4,100,111
5,100,100
6,100,73
7,45,64
8,100,51
9,100,41
10,101,5
11,99,136
12,100,138
13,100,139
14,101,153
15,101,156
16,101,160
17,102,164
18,98,165
19,99,121
20,91,119
21,21,31
22,66,71
23,59,71
24,52,71
25,42,66
26,72,70
27,55,49
28,64,51
29,47,50
30,42,53
31,36,69
32,69,170
33,42,61
34,18,62
35,29,63
36,58,101
37,87,132
38,87,136
39,75,131
40,67,131
41,78,135
42,70,134
43,58,141
44,93,117
45,92,110
46,33,45
47,76,85
48,72,110
49,72,105
50,36,97
51,93,101
52,50,38
53,40,40
54,28,21
55,82,46
56,71,55
57,51,132
58,24,124
59,78,114
60,84,117
61,57,131
62,59,132
63,37,35
64,71,111
65,63,38
66,62,33
67,57,7
68,32,29
69,60,22
70,30,41
71,25,38
72,87,134
73,76,133
74,69,132
75,79,116
76,58,132
77,64,140
78,60,133
79,83,115
80,71,135
81,79,136
82,88,138
83,86,164
84,89,162
85,89,158
86,89,155
87,90,152
88,73,144
89,72,145
90,70,147
91,69,149
92,61,125
93,17,89
94,99,121
95,67,140
96,65,140
97,87,120
98,73,115
99,86,119
100,68,87
101,55,91
102,70,107
103,38,12
104,43,24
105,47,32
106,65,150
107,80,36
108,79,23
109,77,5
110,45,69
111,29,73
112,76,69
113,36,55
114,82,81
115,78,110
116,22,77
117,33,79
118,43,82
119,57,82
120,67,80
121,75,78
122,92,74
123,21,92
124,31,53
125,95,120
126,75,93
127,16,58
128,81,75
129,69,106
130,39,61
131,78,104
132,19,106
133,76,67
134,85,102
135,38,146
136,40,153
137,17,91
138,29,135
139,21,49
140,69,177
141,96,121
142,68,96
143,23,63
144,52,67
145,59,68
146,62,140
147,21,105
148,82,188
149,61,174
150,51,164
151,101,23
152,97,190
153,65,68
154,70,67
155,74,67
156,26,51
157,69,61
158,63,58
159,56,57
160,50,58
161,46,59
162,18,43
163,48,66
164,99,125
165,70,124
166,78,114
167,86,125
168,100,61
169,49,157
170,58,167
171,82,184
172,31,140
173,74,64
174,87,86
175,98,187
176,70,182
177,18,106
178,80,149
179,79,151
180,78,154
181,78,157
182,74,158
183,64,133
184,62,132
185,61,131
186,55,128
187,30,111
188,87,77
189,82,61
190,77,62
191,65,134
192,30,127
193,89,61
194,71,163
195,100,91
196,93,83
197,100,82
198,80,97
199,98,180
200,98,172
201,84,170
202,54,144
203,63,111
204,62,154
205,46,108
206,55,117
207,39,118
208,82,178
209,75,99
210,49,150
211,59,160
212,47,133
213,23,117
214,39,135
215,22,121
216,49,123
217,81,89
218,81,114
219,75,113
220,85,110
221,76,52
222,64,47
223,53,45
224,44,47
225,39,50
226,35,62
227,17,77
228,40,73
229,48,76
230,58,76
231,67,75
232,74,74
233,79,72
234,16,73
235,74,114
236,87,94
237,87,116
238,91,119
239,86,116
240,76,115
241,93,120
242,93,120
243,78,67
244,83,69
245,85,70
246,43,60
247,39,56
248,106,91
249,153,64
250,108,119
251,176,32
252,133,71
253,140,71
254,147,70
255,156,66
256,127,70
257,143,49
258,134,50
259,150,49
260,156,53
261,161,70
262,125,169
263,156,61
264,178,62
265,168,64
266,138,100
267,111,131
268,111,136
269,122,131
270,130,130
271,120,134
272,127,133
273,136,139
274,106,117
275,107,110
276,164,45
277,122,84
278,125,109
279,126,104
280,159,96
281,107,100
282,147,37
283,157,39
284,172,21
285,116,46
286,127,55
287,143,130
288,167,123
289,120,113
290,113,116
291,139,131
292,137,132
293,160,35
294,126,110
295,134,38
296,134,32
297,146,7
298,168,30
299,141,22
300,167,42
301,173,38
302,111,134
303,121,133
304,129,132
305,118,114
306,138,132
307,134,139
308,136,133
309,115,114
310,126,134
311,119,135
312,110,137
313,110,163
314,114,162
315,113,158
316,112,154
317,111,152
318,126,144
319,128,145
320,130,147
321,131,149
322,135,123
323,175,88
324,131,139
325,133,139
326,111,119
327,124,113
328,112,118
329,130,87
330,142,90
331,127,106
332,162,13
333,158,24
334,149,31
335,130,148
336,117,36
337,123,23
338,126,5
339,153,68
340,169,74
341,123,69
342,162,56
343,117,81
344,120,109
345,173,77
346,164,78
347,155,81
348,142,82
349,132,80
350,124,78
351,107,74
352,173,91
353,166,54
354,104,120
355,122,92
356,178,58
357,118,75
358,128,105
359,159,62
360,121,103
361,172,105
362,123,67
363,114,101
364,154,145
365,151,152
366,177,91
367,162,134
368,176,49
369,125,176
370,103,121
371,129,95
372,174,65
373,146,66
374,140,67
375,136,140
376,172,104
377,112,188
378,132,172
379,141,163
380,134,67
381,129,67
382,125,67
383,171,52
384,130,61
385,136,57
386,142,56
387,148,57
388,152,58
389,178,43
390,150,65
391,127,122
392,120,113
393,111,124
394,144,156
395,135,166
396,113,184
397,159,139
398,126,65
399,112,86
400,123,181
401,174,106
402,119,148
403,121,150
404,123,153
405,124,157
406,121,157
407,133,132
408,134,131
409,135,130
410,140,125
411,164,109
412,112,77
413,117,61
414,122,62
415,132,133
416,163,125
417,110,60
418,123,162
419,107,83
420,118,96
421,111,169
422,140,142
423,133,109
424,132,153
425,150,107
426,140,115
427,156,116
428,113,177
429,123,98
430,144,148
431,134,159
432,147,132
433,169,116
434,154,133
435,170,120
436,146,121
437,117,89
438,118,113
439,123,112
440,114,110
441,122,52
442,134,46
443,144,44
444,153,46
445,159,49
446,163,63
447,178,76
448,158,73
449,150,75
450,141,76
451,132,75
452,125,74
453,120,72
454,176,73
455,123,112
456,112,93
457,112,115
458,108,118
459,112,116
460,121,114
461,106,119
462,105,120
463,121,67
464,116,69
465,114,70
466,155,60
467,159,56
468,59,62
469,66,62
470,59,56
471,51,62
472,59,69
473,144,61
474,151,61
475,144,55
476,138,62
477,145,67
