0,97,135
1,105,111
2,102,117
3,97,84
4,106,103
5,105,92
6,102,65
7,44,59
8,101,41
9,101,30
10,101,-7
11,97,138
12,97,140
13,96,142
14,96,142
15,96,146
16,96,151
17,96,155
18,97,163
19,104,114
20,96,114
21,5,23
22,65,67
23,57,67
24,50,66
25,40,61
26,72,65
27,55,42
28,64,43
29,47,43
30,41,46
31,32,66
32,67,173
33,41,56
34,2,58
35,21,60
36,60,100
37,88,133
38,89,140
39,80,135
40,74,137
41,82,140
42,77,140
43,62,148
44,99,110
45,98,103
46,30,39
47,76,81
48,79,107
49,77,102
50,35,98
51,98,93
52,51,29
53,39,32
54,16,10
55,84,38
56,71,47
57,56,140
58,6,131
59,84,111
60,90,114
61,67,141
62,68,141
63,34,27
64,77,110
65,66,30
66,65,24
67,54,-5
68,24,18
69,60,9
70,23,35
71,14,29
72,89,137
73,81,138
74,75,139
75,85,113
76,68,141
77,71,143
78,69,141
79,89,110
80,78,141
81,83,141
82,89,142
83,87,162
84,87,155
85,88,150
86,88,146
87,89,142
88,78,141
89,76,143
90,75,145
91,73,148
92,67,128
93,-3,90
94,103,116
95,74,141
96,72,142
97,92,116
98,79,114
99,91,115
100,67,85
101,54,90
102,75,105
103,32,0
104,39,11
105,48,23
106,68,154
107,83,26
108,80,10
109,76,-7
110,43,64
111,22,72
112,76,64
113,32,50
114,82,76
115,84,105
116,12,76
117,29,78
118,40,81
119,56,81
120,67,78
121,75,74
122,94,66
123,13,93
124,25,49
125,100,114
126,77,89
127,-4,55
128,81,70
129,73,105
130,37,56
131,83,99
132,0,110
133,76,61
134,90,95
135,30,154
136,28,161
137,2,92
138,19,142
139,7,43
140,65,180
141,100,115
142,70,94
143,13,61
144,52,62
145,58,62
146,69,144
147,14,109
148,78,189
149,53,179
150,42,172
151,102,12
152,94,190
153,64,62
154,70,62
155,74,61
156,17,46
157,69,54
158,63,51
159,56,50
160,50,52
161,46,53
162,0,37
163,47,60
164,101,123
165,75,125
166,84,110
167,91,123
168,101,53
169,42,164
170,53,172
171,79,185
172,16,148
173,74,58
174,89,79
175,95,186
176,65,185
177,4,110
178,83,142
179,82,144
180,80,148
181,79,152
182,76,159
183,72,140
184,71,140
185,70,139
186,60,134
187,27,114
188,88,71
189,82,54
190,77,55
191,74,141
192,25,132
193,90,53
194,71,166
195,104,83
196,96,76
197,103,74
198,84,92
199,96,179
200,97,171
201,84,170
202,54,151
203,66,111
204,61,159
205,47,109
206,58,118
207,39,121
208,81,179
209,78,96
210,46,156
211,56,165
212,48,141
213,16,122
214,36,142
215,9,126
216,51,128
217,83,84
218,87,108
219,81,110
220,91,103
221,77,45
222,65,39
223,54,37
224,44,39
225,37,43
226,30,58
227,1,75
228,37,70
229,45,73
230,56,73
231,66,72
232,73,69
233,79,67
234,-4,72
235,81,111
236,90,87
237,93,109
238,96,113
239,92,110
240,82,113
241,98,114
242,98,115
243,79,61
244,83,63
245,86,64
246,43,55
247,37,51
248,110,84
249,146,59
250,109,114
251,164,26
252,128,67
253,135,67
254,141,67
255,148,61
256,123,66
257,138,43
258,131,44
259,145,44
260,149,48
261,153,66
262,120,170
263,148,56
264,165,60
265,160,60
266,133,100
267,105,132
268,104,139
269,112,134
270,116,135
271,109,139
272,113,139
273,126,146
274,111,110
275,112,103
276,158,39
277,119,81
278,122,107
279,122,102
280,152,98
281,111,93
282,145,32
283,153,34
284,161,13
285,116,39
286,124,48
287,132,139
288,151,128
289,117,111
290,112,114
291,120,139
292,119,139
293,156,28
294,122,110
295,133,32
296,134,26
297,140,-2
298,159,21
299,138,12
300,161,35
301,163,31
302,105,136
303,111,136
304,115,137
305,115,112
306,120,139
307,117,141
308,118,139
309,116,109
310,112,140
311,108,140
312,103,141
313,106,162
314,104,154
315,104,149
316,103,145
317,102,142
318,111,140
319,113,141
320,114,144
321,116,146
322,127,127
323,158,91
324,114,139
325,116,140
326,110,116
327,119,114
328,111,115
329,126,85
330,137,90
331,123,105
332,154,3
333,152,14
334,147,25
335,121,152
336,119,28
337,122,12
338,123,-5
339,145,65
340,159,71
341,120,64
342,155,50
343,115,76
344,120,104
345,164,76
346,156,78
347,148,81
348,136,81
349,127,78
350,121,75
351,108,67
352,163,93
353,159,49
354,107,114
355,119,89
356,163,57
357,116,71
358,122,105
359,151,56
360,120,99
361,155,109
362,120,61
363,116,95
364,143,150
365,139,156
366,164,92
367,150,139
368,165,45
369,120,177
370,106,115
371,125,94
372,164,60
373,140,62
374,135,63
375,118,142
376,161,107
377,107,188
378,124,175
379,131,167
380,130,63
381,125,62
382,121,62
383,163,46
384,125,55
385,131,52
386,136,51
387,142,52
388,145,54
389,165,40
390,144,61
391,121,124
392,118,110
393,110,123
394,135,160
395,128,168
396,109,184
397,145,144
398,121,59
399,113,79
400,117,182
401,161,108
402,108,141
403,109,143
404,110,147
405,111,151
406,115,158
407,116,139
408,117,138
409,119,137
410,130,132
411,154,113
412,112,71
413,115,55
414,119,56
415,114,139
416,151,130
417,110,54
418,117,164
419,109,76
420,117,92
421,108,169
422,132,148
423,128,111
424,125,157
425,143,108
426,134,118
427,147,120
428,109,177
429,120,96
430,135,153
431,128,162
432,138,139
433,157,120
434,144,139
435,156,124
436,137,126
437,116,84
438,118,108
439,120,109
440,117,103
441,121,46
442,131,40
443,141,39
444,148,41
445,153,44
446,154,58
447,166,76
448,150,70
449,144,73
450,136,73
451,128,72
452,122,70
453,117,68
454,160,74
455,120,111
456,114,87
457,115,109
458,110,112
459,114,110
460,117,113
461,109,113
462,108,115
463,118,62
464,114,63
465,112,65
466,147,55
467,151,51
468,56,56
469,63,56
470,56,49
471,48,56
472,56,64
473,131,56
474,139,57
475,132,49
476,124,56
477,131,64
