0,100,133
1,106,109
2,102,116
3,99,83
4,107,101
5,106,91
6,104,66
7,42,60
8,103,45
9,104,34
10,105,-6
11,100,136
12,99,139
13,98,140
14,98,140
15,98,143
16,98,147
17,97,150
18,96,161
19,105,113
20,96,112
21,11,23
22,64,68
23,57,68
24,49,68
25,39,62
26,70,66
27,56,42
28,65,44
29,48,43
30,41,46
31,32,66
32,65,173
33,39,56
34,6,59
35,23,59
36,60,100
37,90,131
38,90,138
39,79,133
40,71,134
41,81,137
42,73,136
43,60,145
44,100,109
45,100,101
46,33,40
47,77,81
48,80,105
49,78,101
50,35,97
51,99,91
52,55,33
53,43,35
54,23,10
55,87,43
56,71,48
57,54,138
58,5,132
59,85,110
60,91,112
61,60,135
62,62,136
63,39,29
64,78,108
65,70,35
66,70,29
67,60,-5
68,31,19
69,65,10
70,28,35
71,19,29
72,90,135
73,80,135
74,72,135
75,86,111
76,61,135
77,66,138
78,63,136
79,90,108
80,74,138
81,81,139
82,90,140
83,86,160
84,88,149
85,89,146
86,89,142
87,90,140
88,74,138
89,73,139
90,72,140
91,71,142
92,66,126
93,-2,92
94,103,114
95,69,137
96,67,137
97,93,115
98,80,113
99,92,114
100,68,85
101,55,89
102,76,104
103,39,0
104,45,12
105,54,26
106,67,152
107,87,33
108,84,12
109,82,-7
110,43,65
111,23,72
112,74,65
113,33,50
114,83,77
115,85,103
116,14,76
117,29,78
118,40,82
119,55,81
120,65,78
121,73,75
122,96,68
123,14,93
124,27,49
125,101,113
126,78,89
127,0,56
128,80,72
129,74,104
130,36,56
131,84,98
132,0,112
133,74,62
134,92,94
135,28,155
136,25,163
137,3,93
138,17,143
139,12,43
140,63,181
141,101,114
142,71,94
143,15,60
144,51,63
145,57,64
146,65,139
147,14,109
148,76,191
149,51,181
150,39,174
151,105,13
152,92,193
153,63,64
154,69,63
155,72,63
156,21,46
157,68,54
158,62,50
159,56,49
160,49,50
161,44,53
162,4,38
163,46,62
164,101,121
165,75,123
166,85,109
167,91,121
168,103,56
169,40,165
170,51,173
171,77,187
172,14,150
173,72,59
174,91,79
175,93,188
176,63,187
177,4,111
178,82,139
179,81,141
180,80,143
181,79,146
182,75,157
183,67,136
184,66,135
185,65,134
186,59,131
187,26,114
188,90,71
189,82,56
190,76,56
191,69,137
192,23,133
193,91,57
194,70,165
195,105,83
196,97,76
197,104,75
198,85,91
199,95,181
200,95,170
201,82,170
202,52,150
203,66,110
204,60,159
205,46,108
206,58,117
207,38,120
208,79,179
209,79,95
210,44,156
211,55,165
212,46,140
213,15,122
214,34,142
215,8,127
216,50,126
217,85,84
218,88,107
219,82,108
220,92,102
221,78,48
222,67,41
223,56,39
224,46,40
225,38,44
226,31,58
227,3,76
228,37,70
229,45,73
230,56,74
231,65,73
232,72,71
233,77,69
234,-1,74
235,81,110
236,92,86
237,94,108
238,97,111
239,93,109
240,83,112
241,99,112
242,98,114
243,77,63
244,82,65
245,85,66
246,42,55
247,37,51
248,111,84
249,147,61
250,109,113
251,164,32
252,127,68
253,134,69
254,140,69
255,148,64
256,121,67
257,140,46
258,131,47
259,147,46
260,151,50
261,152,69
262,118,173
263,149,58
264,164,66
265,157,63
266,133,102
267,109,132
268,106,139
269,116,134
270,119,135
271,112,138
272,116,138
273,125,146
274,111,109
275,113,101
276,159,43
277,120,83
278,122,107
279,122,103
280,152,101
281,112,92
282,148,37
283,155,38
284,161,19
285,119,46
286,123,51
287,131,139
288,146,135
289,117,111
290,112,113
291,123,139
292,122,139
293,157,32
294,121,110
295,136,39
296,138,33
297,142,0
298,159,27
299,139,16
300,161,39
301,163,37
302,108,136
303,114,136
304,118,137
305,115,112
306,123,139
307,120,141
308,121,139
309,116,109
310,114,139
311,110,140
312,105,140
313,104,160
314,106,150
315,106,146
316,106,143
317,105,140
318,114,139
319,116,141
320,117,142
321,118,144
322,126,128
323,155,98
324,117,139
325,119,140
326,110,116
327,118,114
328,111,115
329,127,87
330,138,92
331,122,106
332,155,8
333,152,19
334,150,30
335,120,152
336,122,36
337,124,15
338,126,-3
339,146,67
340,157,75
341,118,65
342,155,53
343,116,78
344,120,104
345,163,81
346,156,81
347,149,85
348,137,83
349,127,80
350,121,76
351,110,68
352,162,97
353,158,52
354,108,113
355,120,90
356,161,64
357,116,73
358,122,106
359,151,58
360,120,99
361,151,116
362,117,62
363,117,95
364,140,155
365,136,163
366,161,98
367,147,145
368,164,51
369,117,180
370,106,114
371,125,96
372,159,64
373,141,64
374,134,64
375,121,141
376,159,113
377,105,191
378,121,180
379,128,173
380,128,64
381,122,63
382,119,63
383,160,50
384,123,56
385,130,53
386,137,52
387,143,53
388,146,55
389,164,46
390,144,63
391,121,124
392,117,110
393,110,122
394,132,165
395,125,173
396,107,186
397,141,151
398,119,60
399,114,80
400,114,186
401,158,115
402,110,140
403,111,142
404,112,145
405,112,148
406,113,157
407,119,138
408,121,138
409,122,137
410,130,133
411,154,117
412,113,72
413,114,57
414,117,57
415,117,139
416,150,135
417,111,58
418,116,165
419,110,76
420,118,92
421,106,170
422,130,150
423,127,112
424,123,159
425,143,111
426,133,119
427,146,123
428,107,179
429,120,97
430,133,157
431,125,165
432,136,141
433,155,125
434,142,143
435,153,130
436,137,128
437,117,85
438,118,108
439,120,109
440,117,103
441,121,50
442,133,44
443,143,42
444,151,44
445,155,47
446,153,61
447,163,82
448,150,73
449,144,76
450,135,75
451,126,73
452,120,71
453,116,69
454,157,80
455,119,111
456,115,87
457,115,108
458,111,112
459,114,109
460,117,113
461,110,112
462,108,114
463,115,63
464,113,65
465,112,67
466,148,57
467,152,53
468,53,57
469,60,57
470,53,49
471,46,56
472,52,64
473,131,58
474,140,59
475,132,51
476,123,58
477,131,66
