0,100,129
1,100,112
2,99,117
3,93,86
4,100,105
5,100,94
6,99,68
7,40,63
8,99,49
9,99,38
10,99,-2
11,100,131
12,100,133
13,100,134
14,99,149
15,99,153
16,99,157
17,99,162
18,98,167
19,100,116
20,91,115
21,9,30
22,63,70
23,55,70
24,47,70
25,37,65
26,70,68
27,51,48
28,61,49
29,43,49
30,37,52
31,30,69
32,67,177
33,37,60
34,6,63
35,21,63
36,55,99
37,87,127
38,87,132
39,74,127
40,65,128
41,76,131
42,68,131
43,56,143
44,93,112
45,93,104
46,26,46
47,74,82
48,72,106
49,71,101
50,30,97
51,93,95
52,46,40
53,34,41
54,17,17
55,82,49
56,69,53
57,49,134
58,13,133
59,78,110
60,85,113
61,52,131
62,54,131
63,30,36
64,71,108
65,62,42
66,60,36
67,51,0
68,24,26
69,56,17
70,21,42
71,15,36
72,87,130
73,75,129
74,66,129
75,79,112
76,53,131
77,59,139
78,56,132
79,83,110
80,69,131
81,78,132
82,88,133
83,86,166
84,85,161
85,86,156
86,87,151
87,88,148
88,69,142
89,67,143
90,65,146
91,64,148
92,60,124
93,5,94
94,100,117
95,63,138
96,61,138
97,87,116
98,73,111
99,86,115
100,65,85
101,51,89
102,69,104
103,30,7
104,37,19
105,43,34
106,64,152
107,79,40
108,76,17
109,73,-1
110,41,68
111,22,73
112,75,67
113,29,55
114,80,78
115,78,105
116,13,78
117,28,79
118,38,82
119,53,81
120,65,79
121,73,76
122,91,69
123,13,93
124,23,54
125,96,116
126,74,89
127,3,60
128,80,73
129,68,103
130,34,61
131,77,99
132,8,113
133,75,64
134,85,96
135,31,153
136,32,162
137,6,94
138,20,142
139,11,48
140,65,185
141,96,117
142,66,94
143,14,64
144,48,66
145,55,66
146,57,140
147,13,108
148,80,197
149,55,183
150,44,174
151,99,17
152,97,199
153,62,66
154,69,65
155,73,65
156,17,52
157,67,58
158,60,54
159,52,54
160,45,55
161,41,57
162,5,43
163,43,64
164,99,122
165,69,121
166,78,110
167,86,121
168,99,58
169,43,165
170,54,175
171,80,192
172,22,149
173,72,62
174,86,81
175,98,194
176,67,192
177,8,111
178,78,146
179,76,148
180,74,152
181,73,156
182,73,160
183,60,131
184,58,130
185,57,129
186,53,128
187,23,113
188,86,73
189,81,59
190,76,59
191,62,131
192,22,131
193,88,60
194,70,168
195,100,85
196,92,78
197,100,77
198,80,92
199,98,186
200,98,176
201,84,174
202,51,147
203,61,109
204,59,158
205,41,107
206,53,116
207,34,119
208,81,184
209,74,95
210,45,155
211,55,166
212,43,136
213,15,121
214,33,139
215,13,127
216,45,123
217,80,85
218,80,109
219,74,109
220,85,105
221,74,53
222,61,47
223,49,45
224,40,47
225,33,50
226,28,62
227,6,79
228,35,72
229,44,75
230,54,75
231,64,74
232,72,72
233,77,70
234,3,77
235,74,110
236,86,89
237,87,111
238,91,114
239,86,111
240,76,111
241,93,115
242,93,116
243,78,65
244,82,66
245,84,68
246,39,59
247,34,56
248,107,86
249,154,63
250,108,114
251,179,31
252,130,69
253,138,70
254,146,70
255,156,64
256,124,67
257,144,47
258,135,48
259,153,48
260,158,51
261,162,68
262,128,176
263,157,60
264,182,64
265,170,62
266,140,99
267,113,126
268,111,132
269,123,126
270,130,127
271,120,130
272,127,130
273,138,142
274,107,112
275,108,104
276,168,43
277,122,82
278,126,106
279,126,101
280,163,96
281,107,94
282,151,37
283,162,38
284,173,19
285,116,47
286,126,52
287,144,132
288,170,132
289,120,110
290,113,113
291,139,129
292,137,130
293,166,33
294,126,108
295,137,40
296,138,34
297,145,2
298,169,27
299,141,17
300,173,39
301,176,37
302,112,129
303,122,129
304,129,128
305,118,111
306,138,129
307,134,137
308,136,130
309,116,110
310,125,131
311,119,131
312,110,133
313,111,165
314,112,160
315,112,155
316,111,151
317,110,147
318,125,141
319,127,142
320,129,144
321,130,147
322,136,124
323,178,94
324,129,136
325,132,136
326,110,116
327,124,111
328,112,115
329,131,85
330,145,89
331,128,104
332,163,9
333,159,20
334,154,31
335,131,151
336,119,38
337,122,17
338,124,-1
339,153,68
340,169,73
341,120,66
342,164,54
343,117,78
344,121,105
345,178,78
346,164,79
347,154,82
348,140,81
349,129,78
350,121,75
351,107,69
352,178,93
353,170,52
354,104,115
355,123,89
356,182,61
357,116,72
358,128,103
359,160,59
360,121,99
361,175,112
362,120,64
363,114,96
364,158,152
365,154,160
366,181,94
367,167,141
368,179,49
369,128,184
370,103,116
371,130,94
372,176,63
373,146,66
374,139,66
375,135,138
376,177,108
377,113,197
378,135,182
379,144,173
380,132,66
381,125,64
382,121,64
383,175,49
384,128,57
385,136,54
386,143,53
387,149,55
388,153,57
389,181,45
390,151,65
391,128,121
392,120,110
393,112,121
394,147,164
395,138,174
396,114,192
397,162,148
398,122,61
399,112,81
400,125,190
401,178,111
402,118,145
403,120,147
404,121,151
405,122,155
406,122,160
407,132,129
408,134,129
409,136,128
410,142,127
411,169,112
412,112,73
413,115,58
414,119,59
415,131,130
416,167,130
417,109,59
418,125,167
419,107,78
420,118,92
421,112,174
422,142,146
423,135,108
424,134,157
425,154,107
426,143,115
427,159,118
428,114,184
429,123,95
430,147,154
431,137,165
432,150,135
433,174,121
434,158,138
435,174,126
436,149,122
437,117,85
438,118,109
439,123,109
440,115,105
441,122,51
442,135,45
443,147,44
444,156,45
445,162,48
446,164,61
447,182,79
448,157,72
449,149,75
450,139,75
451,130,73
452,122,71
453,117,69
454,180,78
455,123,110
456,113,89
457,113,110
458,108,114
459,113,111
460,121,111
461,107,115
462,106,116
463,117,64
464,113,66
465,111,67
466,155,58
467,160,55
468,55,59
469,62,59
470,54,52
471,46,59
472,55,66
473,142,59
474,150,59
475,142,52
476,134,59
477,142,65
