0,100,134
1,88,111
2,95,117
3,85,84
4,87,104
5,88,93
6,93,64
7,58,53
8,93,40
9,92,30
10,90,-5
11,100,138
12,101,141
13,102,143
14,102,143
15,102,148
16,102,153
17,102,158
18,104,160
19,90,114
20,87,113
21,46,22
22,76,62
23,70,63
24,64,63
25,58,55
26,80,61
27,63,37
28,70,39
29,57,38
30,54,41
31,55,61
32,89,162
33,57,49
34,50,53
35,51,53
36,71,99
37,94,132
38,96,140
39,90,134
40,87,136
41,93,140
42,90,140
43,82,145
44,84,111
45,82,104
46,47,34
47,81,79
48,77,106
49,78,102
50,58,96
51,83,94
52,54,27
53,49,29
54,46,11
55,79,36
56,77,43
57,78,139
58,71,115
59,82,111
60,86,113
61,84,140
62,86,140
63,47,23
64,79,109
65,63,29
66,61,23
67,58,-1
68,46,19
69,60,13
70,45,29
71,45,28
72,95,137
73,91,137
74,88,138
75,84,112
76,85,140
77,86,143
78,86,141
79,81,109
80,91,141
81,94,142
82,97,142
83,98,158
84,95,157
85,95,152
86,96,147
87,97,142
88,91,141
89,90,143
90,88,145
91,87,148
92,79,127
93,63,79
94,92,115
95,89,141
96,88,142
97,88,116
98,82,113
99,87,115
100,76,83
101,68,88
102,78,105
103,49,3
104,50,14
105,51,21
106,86,150
107,75,26
108,73,13
109,71,-4
110,60,60
111,51,66
112,83,59
113,52,44
114,84,74
115,78,104
116,49,71
117,53,74
118,59,78
119,69,78
120,76,74
121,81,71
122,88,66
123,51,88
124,49,42
125,88,114
126,81,88
127,55,49
128,84,68
129,79,104
130,55,49
131,79,99
132,66,96
133,83,56
134,80,96
135,74,141
136,78,144
137,54,84
138,69,129
139,47,40
140,90,167
141,90,115
142,78,93
143,50,53
144,63,58
145,69,59
146,85,144
147,56,101
148,100,176
149,88,163
150,84,155
151,90,13
152,111,179
153,74,58
154,79,57
155,81,56
156,47,40
157,77,49
158,72,45
159,66,44
160,61,45
161,58,47
162,49,34
163,60,56
164,96,122
165,82,124
166,81,110
167,89,123
168,94,52
169,79,150
170,85,158
171,98,174
172,75,132
173,81,53
174,84,79
175,109,177
176,93,170
177,58,99
178,94,142
179,92,145
180,91,149
181,90,153
182,91,155
183,88,140
184,86,139
185,85,138
186,78,133
187,60,109
188,86,70
189,84,50
190,82,51
191,89,141
192,65,123
193,87,52
194,90,158
195,90,84
196,86,76
197,91,74
198,81,91
199,107,172
200,106,165
201,97,163
202,79,145
203,76,109
204,84,152
205,66,107
206,73,117
207,65,117
208,97,169
209,80,95
210,77,147
211,83,154
212,74,137
213,60,113
214,70,134
215,63,114
216,73,126
217,83,83
218,79,108
219,79,109
220,79,104
221,78,42
222,67,35
223,59,34
224,53,35
225,51,38
226,54,51
227,51,68
228,57,65
229,62,69
230,70,69
231,76,67
232,81,65
233,84,64
234,60,64
235,80,111
236,82,87
237,81,109
238,85,112
239,82,110
240,82,113
241,86,113
242,88,115
243,84,57
244,86,60
245,87,62
246,57,48
247,54,45
248,96,84
249,149,55
250,99,114
251,187,15
252,128,64
253,136,64
254,143,63
255,153,57
256,121,63
257,137,38
258,128,39
259,145,39
260,151,42
261,161,62
262,133,166
263,151,52
264,193,51
265,171,54
266,134,99
267,108,133
268,108,141
269,116,136
270,122,139
271,114,141
272,119,142
273,136,148
274,94,111
275,94,104
276,162,34
277,119,79
278,115,108
279,117,103
280,158,96
281,95,94
282,141,27
283,153,29
284,174,4
285,108,36
286,121,44
287,139,141
288,197,119
289,111,112
290,105,114
291,130,143
292,128,143
293,157,23
294,117,110
295,127,28
296,127,22
297,135,-6
298,165,15
299,129,9
300,168,29
301,177,24
302,108,137
303,115,139
304,120,140
305,109,113
306,129,143
307,126,145
308,127,143
309,105,110
310,119,143
311,114,143
312,108,143
313,113,159
314,110,158
315,109,153
316,108,147
317,108,143
318,119,143
319,120,145
320,122,147
321,123,150
322,127,129
323,204,79
324,123,143
325,124,144
326,104,116
327,116,114
328,104,115
329,127,83
330,139,88
331,119,105
332,157,-3
333,150,9
334,144,20
335,130,152
336,109,25
337,110,11
338,113,-7
339,149,61
340,171,66
341,116,61
342,160,45
343,113,74
344,109,105
345,182,71
346,165,74
347,154,78
348,139,78
349,127,75
350,119,72
351,100,66
352,181,88
353,167,43
354,94,114
355,117,88
356,201,45
357,112,68
358,121,105
359,155,52
360,111,99
361,202,98
362,116,58
363,103,96
364,170,146
365,175,150
366,196,84
367,181,134
368,186,36
369,137,171
370,95,115
371,125,93
372,179,54
373,141,59
374,135,60
375,127,146
376,181,103
377,126,178
378,150,168
379,161,161
380,129,60
381,122,59
382,118,59
383,174,40
384,123,50
385,129,47
386,136,47
387,143,48
388,147,49
389,196,28
390,146,57
391,120,125
392,110,111
393,105,123
394,159,156
395,148,163
396,123,176
397,187,136
398,118,55
399,105,79
400,138,174
401,195,101
402,114,143
403,115,146
404,116,150
405,117,155
406,122,157
407,124,142
408,125,142
409,126,141
410,134,135
411,166,111
412,106,69
413,110,51
414,115,52
415,123,143
416,172,127
417,102,51
418,129,161
419,98,76
420,111,91
421,117,165
422,145,149
423,129,110
424,138,155
425,146,108
426,135,118
427,154,119
428,121,171
429,116,95
430,153,151
431,144,159
432,149,140
433,180,116
434,161,138
435,191,117
436,142,128
437,111,83
438,107,109
439,113,110
440,102,105
441,115,42
442,127,36
443,139,34
444,148,35
445,155,39
446,162,53
447,195,67
448,156,66
449,148,70
450,138,70
451,128,69
452,120,67
453,114,65
454,203,61
455,114,112
456,103,87
457,100,110
458,99,113
459,102,111
460,113,114
461,97,114
462,98,115
463,113,58
464,110,60
465,107,62
466,149,51
467,155,46
468,73,50
469,80,50
470,72,42
471,65,51
472,73,58
473,136,53
474,144,52
475,135,45
476,128,53
477,137,60
