0,100,132
1,100,114
2,99,118
3,93,86
4,100,106
5,100,94
6,99,66
7,46,59
8,99,45
9,99,34
10,98,-5
11,100,135
12,100,137
13,100,139
14,99,150
15,99,153
16,99,156
17,99,160
18,100,167
19,100,117
20,92,116
21,16,26
22,67,67
23,59,67
24,52,67
25,43,62
26,73,65
27,56,44
28,64,46
29,48,46
30,43,49
31,37,66
32,72,176
33,43,57
34,14,60
35,28,61
36,60,99
37,88,130
38,89,136
39,77,130
40,70,130
41,80,134
42,73,133
43,62,142
44,93,113
45,93,105
46,33,44
47,77,81
48,75,106
49,75,102
50,37,96
51,93,95
52,51,37
53,40,39
54,24,14
55,83,45
56,72,49
57,55,133
58,24,131
59,80,111
60,86,114
61,61,131
62,63,132
63,36,34
64,74,108
65,65,38
66,64,32
67,54,-1
68,30,23
69,59,14
70,29,40
71,22,33
72,88,133
73,79,132
74,72,132
75,82,112
76,62,131
77,66,139
78,64,132
79,85,111
80,75,134
81,81,136
82,90,138
83,89,165
84,88,159
85,88,155
86,89,151
87,90,149
88,75,142
89,73,143
90,71,145
91,70,147
92,64,125
93,15,91
94,100,118
95,70,138
96,68,138
97,89,117
98,76,112
99,88,116
100,68,84
101,55,88
102,73,104
103,36,4
104,41,16
105,48,31
106,69,152
107,81,35
108,78,14
109,74,-4
110,46,65
111,29,71
112,77,64
113,36,52
114,82,77
115,80,106
116,21,76
117,34,77
118,43,80
119,58,80
120,68,77
121,76,74
122,92,68
123,21,91
124,30,51
125,96,117
126,77,89
127,11,57
128,82,70
129,72,103
130,40,57
131,80,100
132,18,110
133,77,61
134,86,97
135,40,152
136,42,161
137,15,92
138,30,141
139,17,45
140,72,184
141,96,118
142,70,93
143,22,62
144,53,62
145,59,63
146,65,139
147,22,107
148,86,196
149,64,182
150,54,173
151,98,14
152,101,198
153,65,63
154,71,62
155,75,62
156,25,49
157,70,54
158,64,51
159,57,50
160,51,52
161,47,54
162,12,40
163,49,61
164,99,123
165,72,122
166,81,111
167,88,123
168,99,55
169,51,164
170,61,174
171,85,191
172,32,148
173,75,59
174,87,81
175,101,193
176,74,190
177,18,109
178,81,146
179,80,148
180,79,151
181,78,155
182,77,160
183,67,132
184,66,131
185,64,130
186,57,128
187,30,112
188,87,72
189,83,56
190,78,56
191,69,133
192,31,130
193,89,56
194,75,167
195,99,85
196,93,77
197,99,76
198,82,92
199,101,185
200,101,175
201,87,174
202,57,147
203,65,109
204,65,158
205,47,107
206,57,116
207,40,118
208,86,183
209,77,95
210,52,154
211,62,165
212,50,135
213,24,120
214,41,138
215,22,126
216,51,123
217,82,85
218,82,110
219,77,110
220,86,105
221,77,49
222,65,43
223,54,42
224,45,43
225,39,47
226,35,59
227,14,76
228,41,70
229,48,72
230,58,73
231,68,71
232,75,69
233,80,67
234,13,74
235,77,110
236,87,88
237,88,112
238,92,115
239,88,112
240,79,112
241,93,116
242,94,117
243,80,62
244,84,63
245,86,65
246,45,55
247,40,52
248,106,86
249,148,60
250,107,115
251,174,26
252,129,67
253,136,67
254,142,67
255,151,62
256,123,66
257,139,45
258,131,46
259,146,46
260,151,49
261,157,67
262,128,175
263,151,58
264,179,60
265,165,61
266,137,99
267,112,130
268,111,136
269,123,130
270,130,130
271,120,135
272,126,133
273,137,142
274,106,113
275,107,105
276,160,44
277,121,81
278,123,106
279,124,101
280,160,95
281,106,95
282,143,37
283,153,39
284,168,14
285,113,46
286,124,50
287,143,132
288,172,131
289,118,111
290,112,114
291,139,131
292,137,132
293,157,34
294,124,108
295,130,39
296,131,33
297,140,-1
298,163,23
299,136,14
300,164,40
301,170,33
302,112,133
303,121,133
304,128,132
305,116,112
306,138,132
307,133,138
308,135,132
309,114,111
310,125,135
311,118,136
312,110,138
313,112,165
314,111,159
315,111,155
316,110,151
317,109,149
318,124,142
319,126,143
320,128,145
321,129,147
322,134,124
323,179,91
324,129,138
325,131,138
326,110,117
327,122,112
328,111,115
329,129,84
330,141,88
331,125,104
332,157,4
333,152,17
334,145,32
335,131,151
336,115,36
337,119,14
338,121,-4
339,148,65
340,165,72
341,119,64
342,158,53
343,116,77
344,119,105
345,174,75
346,160,77
347,151,80
348,137,79
349,128,77
350,121,74
351,106,68
352,174,91
353,163,52
354,104,117
355,121,89
356,180,57
357,115,70
358,126,103
359,154,58
360,119,100
361,176,111
362,119,62
363,113,97
364,159,153
365,157,161
366,179,92
367,167,141
368,175,45
369,129,184
370,103,118
371,128,93
372,172,62
373,142,62
374,136,63
375,135,139
376,174,106
377,116,196
378,137,182
379,146,173
380,130,63
381,125,62
382,121,62
383,169,50
384,126,55
385,132,52
386,138,51
387,144,52
388,148,54
389,178,39
390,146,61
391,126,122
392,118,111
393,111,123
394,148,164
395,139,174
396,116,191
397,165,148
398,121,59
399,111,81
400,128,190
401,178,109
402,118,146
403,119,148
404,120,151
405,121,155
406,123,160
407,132,132
408,134,132
409,135,130
410,140,127
411,166,111
412,111,72
413,114,56
414,118,57
415,131,133
416,166,130
417,108,57
418,126,167
419,106,77
420,116,92
421,114,173
422,142,146
423,132,108
424,134,157
425,150,107
426,140,115
427,157,118
428,116,183
429,121,95
430,147,154
431,138,165
432,148,135
433,172,120
434,157,138
435,174,126
436,147,122
437,116,85
438,116,110
439,121,109
440,113,105
441,119,50
442,130,44
443,140,42
444,149,44
445,155,47
446,159,60
447,180,76
448,153,70
449,146,72
450,137,73
451,128,71
452,122,69
453,117,67
454,179,74
455,121,110
456,111,88
457,111,111
458,108,115
459,111,112
460,120,112
461,106,116
462,105,117
463,117,62
464,113,64
465,111,65
466,150,56
467,154,53
468,58,57
469,66,57
470,58,50
471,51,57
472,58,64
473,136,57
474,144,57
475,136,51
476,129,57
477,136,64
