0,99,129
1,99,110
2,98,116
3,92,85
4,99,102
5,99,92
6,99,68
7,38,61
8,99,50
9,99,40
10,100,0
11,99,132
12,99,135
13,99,137
14,99,137
15,99,141
16,99,145
17,99,150
18,97,159
19,99,114
20,90,113
21,7,32
22,61,70
23,53,70
24,45,69
25,35,64
26,68,68
27,50,47
28,59,48
29,41,48
30,35,51
31,28,68
32,65,171
33,36,59
34,2,65
35,18,63
36,54,100
37,87,127
38,88,135
39,76,129
40,69,131
41,79,134
42,72,134
43,57,143
44,92,110
45,91,102
46,24,45
47,72,83
48,71,105
49,70,101
50,28,98
51,92,93
52,44,39
53,32,40
54,15,19
55,81,49
56,67,52
57,49,135
58,8,135
59,77,110
60,84,112
61,60,134
62,62,135
63,28,35
64,70,108
65,61,41
66,59,35
67,51,2
68,21,27
69,56,17
70,19,41
71,12,37
72,88,131
73,78,132
74,71,133
75,79,111
76,61,134
77,65,137
78,63,135
79,82,108
80,74,135
81,81,136
82,89,136
83,85,158
84,87,149
85,88,144
86,88,140
87,89,136
88,74,135
89,72,137
90,71,139
91,69,141
92,59,125
93,0,97
94,98,115
95,69,135
96,67,136
97,87,115
98,72,112
99,86,114
100,63,86
101,48,90
102,68,104
103,29,9
104,35,20
105,42,33
106,64,149
107,79,39
108,77,18
109,74,0
110,38,67
111,18,73
112,72,66
113,27,54
114,79,78
115,77,104
116,8,79
117,24,79
118,35,82
119,50,82
120,62,79
121,71,76
122,91,69
123,8,95
124,20,53
125,94,113
126,73,90
127,0,63
128,78,73
129,67,104
130,32,59
131,76,98
132,2,116
133,73,64
134,84,95
135,27,153
136,27,162
137,1,97
138,15,143
139,7,50
140,64,179
141,95,115
142,65,95
143,11,64
144,46,65
145,53,66
146,64,138
147,9,110
148,80,190
149,53,179
150,41,172
151,100,19
152,97,192
153,59,66
154,66,65
155,70,64
156,14,51
157,66,57
158,59,54
159,51,53
160,44,54
161,40,56
162,2,46
163,41,63
164,98,121
165,69,122
166,77,109
167,86,121
168,99,59
169,39,163
170,51,171
171,79,185
172,16,150
173,70,61
174,85,81
175,97,187
176,66,186
177,3,113
178,81,136
179,79,138
180,78,142
181,77,146
182,73,154
183,67,134
184,65,134
185,64,133
186,52,130
187,19,114
188,85,73
189,79,59
190,74,59
191,69,135
192,18,132
193,87,59
194,69,163
195,99,84
196,91,77
197,99,76
198,78,92
199,97,179
200,97,168
201,83,167
202,49,147
203,60,109
204,58,156
205,39,108
206,51,116
207,31,119
208,80,177
209,73,96
210,42,154
211,54,163
212,41,138
213,11,123
214,30,140
215,7,129
216,43,125
217,79,85
218,79,107
219,74,108
220,84,103
221,73,52
222,60,46
223,48,44
224,38,45
225,31,48
226,26,61
227,1,81
228,32,72
229,40,75
230,51,75
231,62,74
232,70,72
233,75,70
234,0,80
235,73,110
236,85,88
237,86,108
238,90,112
239,86,109
240,75,111
241,92,113
242,92,114
243,75,64
244,80,66
245,83,67
246,38,57
247,32,54
248,106,85
249,153,67
250,106,113
251,181,38
252,131,72
253,139,73
254,147,73
255,156,69
256,124,70
257,143,52
258,134,53
259,152,54
260,157,57
261,163,74
262,127,172
263,155,65
264,185,70
265,171,69
266,139,102
267,110,128
268,109,135
269,120,130
270,127,132
271,117,135
272,123,135
273,135,144
274,106,110
275,107,103
276,168,52
277,122,84
278,125,106
279,125,102
280,164,101
281,107,93
282,150,45
283,161,47
284,176,25
285,115,50
286,126,56
287,142,137
288,177,139
289,118,111
290,112,113
291,135,135
292,133,135
293,165,43
294,125,109
295,135,45
296,137,40
297,147,6
298,171,33
299,142,21
300,172,50
301,178,43
302,109,132
303,119,132
304,125,133
305,116,112
306,134,135
307,130,137
308,132,135
309,115,109
310,122,136
311,115,136
312,108,137
313,108,158
314,110,150
315,109,145
316,109,140
317,108,137
318,122,136
319,124,138
320,126,140
321,127,142
322,133,126
323,184,102
324,126,136
325,128,136
326,109,116
327,122,113
328,110,114
329,131,88
330,145,93
331,126,105
332,165,14
333,160,25
334,153,39
335,128,150
336,118,41
337,123,20
338,126,2
339,153,72
340,171,79
341,119,68
342,164,61
343,117,79
344,120,104
345,180,84
346,166,84
347,157,86
348,141,85
349,130,81
350,122,78
351,106,70
352,180,99
353,170,60
354,103,113
355,122,91
356,186,69
357,116,74
358,127,105
359,159,65
360,120,99
361,182,120
362,119,66
363,113,96
364,162,156
365,160,165
366,185,101
367,172,146
368,181,55
369,128,181
370,102,115
371,129,96
372,178,71
373,146,69
374,139,70
375,132,138
376,179,114
377,113,191
378,137,181
379,148,174
380,132,69
381,125,67
382,121,67
383,175,59
384,127,60
385,134,58
386,141,58
387,148,60
388,152,62
389,185,51
390,150,68
391,125,123
392,118,110
393,110,121
394,150,165
395,140,173
396,114,186
397,169,154
398,121,64
399,112,82
400,126,187
401,183,118
402,115,136
403,117,139
404,118,143
405,119,147
406,119,155
407,128,135
408,130,134
409,132,133
410,139,131
411,170,117
412,111,74
413,114,60
414,118,61
415,126,135
416,170,135
417,108,60
418,124,164
419,106,78
420,117,93
421,111,168
422,142,149
423,133,111
424,133,157
425,153,110
426,141,118
427,160,122
428,113,178
429,122,97
430,148,156
431,138,165
432,149,139
433,177,126
434,160,142
435,179,133
436,148,126
437,117,86
438,117,108
439,122,109
440,114,103
441,121,54
442,134,50
443,146,50
444,155,52
445,161,55
446,164,67
447,186,85
448,159,77
449,151,78
450,141,78
451,130,76
452,122,74
453,117,71
454,185,85
455,122,110
456,112,88
457,112,109
458,107,112
459,112,110
460,119,112
461,106,113
462,104,114
463,116,66
464,113,67
465,111,68
466,154,63
467,159,61
468,55,59
469,63,59
470,55,52
471,47,59
472,54,66
473,137,63
474,146,63
475,138,56
476,129,62
477,137,70
