0,93,127
1,92,101
2,95,111
3,87,78
4,91,92
5,92,83
6,95,62
7,47,69
8,96,46
9,95,36
10,96,0
11,93,130
12,94,134
13,95,137
14,96,137
15,95,141
16,95,146
17,96,151
18,100,161
19,93,106
20,87,107
21,29,47
22,67,73
23,60,74
24,53,75
25,44,72
26,73,71
27,55,53
28,64,53
29,48,55
30,43,58
31,40,78
32,72,177
33,44,67
34,26,80
35,33,74
36,60,102
37,83,126
38,85,135
39,73,130
40,69,135
41,79,136
42,74,139
43,65,152
44,86,101
45,84,93
46,35,54
47,74,82
48,70,103
49,70,99
50,39,105
51,85,85
52,49,44
53,40,47
54,33,32
55,80,47
56,71,56
57,59,145
58,36,153
59,76,107
60,83,109
61,66,143
62,68,143
63,37,43
64,70,107
65,62,43
66,61,38
67,56,9
68,34,37
69,58,22
70,32,52
71,30,49
72,84,131
73,76,134
74,71,137
75,78,109
76,67,143
77,70,144
78,69,143
79,79,103
80,77,139
81,81,138
82,88,137
83,90,161
84,86,151
85,86,146
86,87,141
87,88,137
88,77,140
89,75,142
90,73,145
91,72,148
92,65,129
93,29,117
94,94,108
95,74,141
96,72,142
97,85,112
98,74,112
99,84,110
100,67,88
101,55,94
102,69,104
103,41,19
104,44,27
105,47,38
106,72,156
107,77,38
108,75,19
109,73,3
110,48,74
111,34,83
112,77,69
113,38,63
114,79,77
115,74,99
116,27,91
117,37,87
118,46,89
119,59,86
120,68,82
121,76,78
122,88,65
123,27,106
124,33,63
125,89,106
126,74,89
127,28,82
128,81,73
129,69,105
130,42,68
131,74,95
132,32,135
133,77,66
134,79,89
135,44,165
136,48,176
137,25,112
138,37,156
139,28,64
140,71,186
141,91,108
142,68,96
143,29,76
144,53,70
145,59,70
146,68,146
147,28,122
148,86,196
149,65,189
150,57,184
151,95,17
152,103,197
153,65,69
154,71,68
155,75,67
156,30,63
157,70,62
158,64,60
159,57,60
160,51,61
161,48,64
162,28,63
163,49,70
164,96,117
165,71,123
166,76,106
167,85,118
168,96,55
169,53,174
170,62,180
171,84,190
172,41,167
173,74,64
174,83,76
175,102,190
176,74,193
177,27,128
178,82,138
179,80,141
180,78,145
181,78,150
182,79,159
183,71,141
184,68,140
185,66,140
186,61,137
187,35,123
188,84,70
189,81,60
190,77,61
191,73,141
192,37,143
193,87,58
194,76,168
195,93,76
196,87,71
197,94,69
198,77,89
199,101,181
200,100,171
201,87,171
202,59,156
203,64,112
204,66,164
205,49,113
206,58,120
207,44,127
208,85,181
209,73,94
210,53,164
211,63,171
212,52,147
213,31,135
214,44,150
215,31,144
216,53,132
217,79,83
218,76,102
219,72,105
220,78,96
221,75,53
222,63,50
223,53,49
224,45,52
225,39,56
226,38,71
227,25,96
228,43,80
229,50,81
230,59,80
231,68,77
232,75,74
233,79,71
234,29,100
235,73,108
236,81,82
237,81,101
238,86,106
239,82,103
240,76,110
241,87,106
242,89,108
243,79,66
244,83,67
245,85,67
246,46,66
247,41,63
248,100,77
249,158,61
250,102,106
251,191,35
252,135,68
253,142,68
254,150,68
255,162,64
256,128,66
257,145,45
258,136,47
259,154,47
260,160,50
261,168,69
262,134,175
263,161,59
264,194,69
265,178,64
266,140,98
267,105,124
268,105,134
269,119,128
270,129,132
271,116,134
272,125,136
273,140,148
274,99,100
275,100,92
276,171,44
277,123,79
278,123,100
279,124,96
280,166,97
281,100,84
282,149,36
283,162,38
284,181,20
285,113,45
286,129,50
287,147,141
288,194,146
289,116,105
290,109,107
291,140,139
292,138,139
293,167,33
294,124,104
295,132,38
296,133,31
297,143,1
298,173,26
299,138,15
300,177,41
301,184,38
302,105,129
303,117,131
304,127,134
305,115,106
306,139,139
307,133,140
308,137,138
309,111,101
310,124,137
311,115,136
312,105,136
313,111,161
314,108,150
315,107,145
316,106,140
317,105,136
318,123,137
319,125,139
320,127,141
321,129,144
322,135,125
323,201,107
324,130,138
325,132,139
326,107,111
327,122,109
328,108,109
329,132,84
330,146,88
331,126,100
332,165,8
333,159,18
334,151,29
335,133,153
336,114,35
337,117,15
338,121,0
339,157,67
340,177,74
341,124,65
342,169,54
343,117,74
344,116,96
345,187,81
346,170,79
347,158,82
348,143,81
349,132,78
350,123,74
351,103,64
352,186,97
353,175,53
354,97,105
355,122,86
356,200,71
357,117,70
358,127,101
359,165,60
360,117,92
361,199,126
362,124,62
363,108,87
364,173,160
365,175,172
366,196,102
367,183,150
368,189,52
369,137,185
370,97,108
371,130,92
372,186,65
373,149,64
374,142,64
375,135,141
376,186,113
377,121,196
378,150,187
379,162,181
380,136,63
381,130,63
382,126,63
383,182,52
384,131,56
385,138,53
386,144,52
387,151,53
388,156,56
389,196,51
390,154,63
391,126,120
392,116,103
393,108,117
394,162,170
395,150,178
396,120,189
397,185,161
398,126,60
399,109,75
400,136,192
401,195,119
402,115,136
403,116,139
404,118,143
405,119,147
406,123,157
407,132,137
408,134,136
409,136,135
410,142,132
411,174,115
412,110,68
413,117,56
414,122,57
415,130,138
416,177,136
417,107,56
418,129,167
419,102,70
420,115,86
421,115,170
422,149,153
423,135,108
424,140,161
425,154,107
426,143,116
427,162,120
428,118,180
429,122,91
430,157,160
431,146,168
432,155,142
433,185,127
434,167,144
435,191,135
436,151,127
437,115,80
438,113,100
439,120,102
440,108,94
441,122,50
442,134,44
443,146,42
444,157,43
445,165,47
446,170,62
447,196,85
448,163,72
449,154,74
450,143,74
451,133,72
452,126,70
453,120,68
454,201,89
455,120,105
456,108,81
457,106,100
458,102,104
459,106,101
460,118,108
461,100,105
462,100,107
463,121,62
464,116,64
465,112,65
466,159,58
467,164,54
468,59,64
469,66,63
470,58,58
471,51,65
472,59,71
473,144,58
474,152,58
475,144,51
476,136,58
477,144,65
