0,95,130
1,90,100
2,93,110
3,85,77
4,89,92
5,90,82
6,94,61
7,49,68
8,94,46
9,94,37
10,93,0
11,96,133
12,96,135
13,97,137
14,97,137
15,97,139
16,98,143
17,98,147
18,98,157
19,91,105
20,86,107
21,29,47
22,69,72
23,62,74
24,55,74
25,47,71
26,75,69
27,56,53
28,64,53
29,49,56
30,45,59
31,42,77
32,72,176
33,47,67
34,28,80
35,35,73
36,60,102
37,86,129
38,88,135
39,78,132
40,72,135
41,81,136
42,76,138
43,66,149
44,83,101
45,82,93
46,34,55
47,75,82
48,69,102
49,70,98
50,41,105
51,83,84
52,47,44
53,39,48
54,31,32
55,79,46
56,72,55
57,59,143
58,40,153
59,76,106
60,82,108
61,66,141
62,68,140
63,35,44
64,71,106
65,60,43
66,58,37
67,53,9
68,33,37
69,56,22
70,31,52
71,30,50
72,87,133
73,79,134
74,74,137
75,78,108
76,67,141
77,71,141
78,69,140
79,78,103
80,77,138
81,83,137
82,89,137
83,89,158
84,89,147
85,89,143
86,89,139
87,90,137
88,78,138
89,76,140
90,75,142
91,75,144
92,65,128
93,34,117
94,92,108
95,74,139
96,72,140
97,84,111
98,75,111
99,83,110
100,68,87
101,56,94
102,69,102
103,39,19
104,42,28
105,44,39
106,72,153
107,75,37
108,73,19
109,71,3
110,50,74
111,36,83
112,79,66
113,39,63
114,80,76
115,73,98
116,29,91
117,40,87
118,48,89
119,60,86
120,70,82
121,77,77
122,87,64
123,29,106
124,35,63
125,87,105
126,74,88
127,31,82
128,82,72
129,70,104
130,45,68
131,73,94
132,36,135
133,79,64
134,78,88
135,45,165
136,50,176
137,28,112
138,38,156
139,29,64
140,71,186
141,89,108
142,69,95
143,31,75
144,55,70
145,61,69
146,70,143
147,31,122
148,86,197
149,66,189
150,58,184
151,93,17
152,103,198
153,68,68
154,73,66
155,77,65
156,31,63
157,72,61
158,66,60
159,59,61
160,54,63
161,50,64
162,29,63
163,52,69
164,94,117
165,72,122
166,75,105
167,84,118
168,95,54
169,53,173
170,62,180
171,84,190
172,44,167
173,77,62
174,82,76
175,101,190
176,75,194
177,31,129
178,83,137
179,82,139
180,81,142
181,81,146
182,79,156
183,72,139
184,70,139
185,69,138
186,61,135
187,37,123
188,84,69
189,83,57
190,79,59
191,74,139
192,38,143
193,87,56
194,76,166
195,92,75
196,86,71
197,93,68
198,77,88
199,99,180
200,99,168
201,87,169
202,59,155
203,65,111
204,67,162
205,49,112
206,59,120
207,44,126
208,84,180
209,73,93
210,54,163
211,63,170
212,52,146
213,33,135
214,45,149
215,34,144
216,53,131
217,78,82
218,75,101
219,72,104
220,77,95
221,76,52
222,63,49
223,52,50
224,44,53
225,40,57
226,41,70
227,27,96
228,46,79
229,52,80
230,61,79
231,70,76
232,77,73
233,81,69
234,33,99
235,73,107
236,81,82
237,79,101
238,84,105
239,80,103
240,76,109
241,85,105
242,87,108
243,82,64
244,85,65
245,86,65
246,49,66
247,43,63
248,99,76
249,158,60
250,100,106
251,196,34
252,135,66
253,143,67
254,151,67
255,163,63
256,129,64
257,144,44
258,135,45
259,153,45
260,160,48
261,170,68
262,134,175
263,162,57
264,202,68
265,182,63
266,140,98
267,106,128
268,106,134
269,117,130
270,126,133
271,116,135
272,124,135
273,138,146
274,97,100
275,98,92
276,171,42
277,123,79
278,121,99
279,123,96
280,168,98
281,98,83
282,146,35
283,160,37
284,184,19
285,111,45
286,128,49
287,145,140
288,206,147
289,115,104
290,108,107
291,138,137
292,136,137
293,165,32
294,123,103
295,129,37
296,130,31
297,143,0
298,176,25
299,137,14
300,178,40
301,188,37
302,106,132
303,116,133
304,125,134
305,113,106
306,137,137
307,132,138
308,135,137
309,109,101
310,123,136
311,115,136
312,106,136
313,110,157
314,108,146
315,107,142
316,107,139
317,106,136
318,123,136
319,124,137
320,125,139
321,127,142
322,133,125
323,212,107
324,129,137
325,130,137
326,105,110
327,121,109
328,106,109
329,133,83
330,146,88
331,125,100
332,166,7
333,159,17
334,149,29
335,131,151
336,112,35
337,116,15
338,119,-1
339,158,65
340,181,74
341,124,62
342,170,52
343,116,73
344,114,96
345,192,81
346,172,79
347,160,81
348,143,80
349,132,76
350,124,73
351,103,63
352,192,97
353,177,52
354,95,105
355,122,85
356,209,70
357,117,69
358,127,101
359,166,58
360,116,91
361,212,127
362,125,60
363,107,86
364,179,161
365,183,173
366,205,102
367,192,151
368,195,51
369,138,185
370,96,107
371,130,92
372,192,65
373,150,62
374,143,62
375,133,139
376,193,114
377,121,196
378,153,188
379,167,182
380,137,62
381,131,61
382,127,60
383,186,51
384,131,54
385,138,52
386,144,51
387,151,52
388,156,54
389,204,50
390,155,61
391,124,120
392,115,103
393,106,117
394,166,171
395,152,178
396,120,189
397,196,162
398,127,58
399,108,74
400,138,193
401,205,121
402,115,136
403,116,138
404,117,141
405,118,144
406,121,154
407,131,136
408,132,136
409,133,135
410,141,132
411,178,116
412,109,67
413,116,55
414,123,55
415,129,136
416,183,137
417,107,55
418,128,165
419,101,69
420,114,86
421,114,168
422,149,152
423,134,108
424,140,160
425,155,107
426,143,116
427,165,121
428,118,179
429,121,91
430,160,160
431,147,168
432,156,142
433,192,128
434,170,145
435,202,137
436,151,127
437,115,80
438,111,99
439,118,102
440,106,93
441,121,48
442,133,43
443,144,40
444,155,41
445,164,45
446,173,60
447,205,85
448,165,71
449,155,73
450,144,73
451,134,71
452,126,68
453,121,66
454,211,88
455,119,104
456,107,80
457,104,99
458,100,104
459,104,101
460,117,107
461,98,104
462,98,107
463,121,60
464,116,62
465,112,63
466,159,56
467,165,52
468,61,64
469,68,63
470,60,58
471,55,65
472,62,70
473,146,56
474,154,56
475,146,50
476,138,56
477,146,62
