0,98,131
1,96,113
2,97,118
3,90,86
4,96,105
5,97,94
6,97,67
7,42,65
8,98,49
9,98,39
10,99,1
11,99,133
12,99,136
13,99,137
14,98,150
15,98,154
16,98,159
17,98,163
18,97,164
19,96,117
20,87,115
21,14,36
22,64,70
23,56,71
24,49,70
25,39,67
26,71,68
27,52,51
28,61,52
29,44,53
30,38,55
31,32,70
32,65,176
33,39,63
34,10,68
35,23,66
36,53,99
37,83,129
38,84,134
39,70,129
40,60,128
41,73,133
42,64,131
43,54,141
44,89,113
45,88,105
46,27,49
47,72,82
48,67,106
49,67,101
50,29,96
51,89,94
52,45,41
53,34,44
54,20,23
55,80,47
56,68,55
57,46,133
58,16,138
59,73,111
60,80,113
61,47,129
62,50,130
63,30,39
64,66,108
65,60,42
66,59,36
67,51,5
68,25,30
69,55,20
70,22,45
71,18,41
72,84,132
73,71,131
74,62,130
75,74,112
76,48,129
77,54,137
78,51,130
79,78,111
80,66,133
81,74,134
82,86,136
83,84,163
84,82,161
85,82,157
86,83,152
87,85,149
88,65,141
89,63,142
90,60,144
91,58,146
92,56,124
93,10,100
94,96,118
95,59,136
96,56,137
97,83,116
98,68,111
99,82,115
100,63,85
101,49,89
102,65,103
103,32,12
104,37,23
105,42,35
106,62,150
107,78,37
108,75,19
109,73,2
110,42,69
111,24,75
112,75,67
113,31,58
114,78,78
115,73,105
116,14,80
117,29,79
118,39,82
119,54,81
120,65,79
121,73,76
122,89,69
123,13,94
124,25,56
125,91,116
126,71,89
127,9,67
128,80,72
129,64,103
130,36,63
131,73,99
132,12,119
133,75,64
134,81,96
135,30,155
136,32,165
137,9,98
138,20,145
139,14,53
140,63,186
141,92,117
142,63,94
143,17,67
144,50,67
145,56,67
146,52,137
147,12,110
148,79,198
149,54,185
150,44,177
151,98,20
152,97,200
153,63,66
154,69,65
155,73,65
156,19,54
157,67,60
158,60,59
159,54,59
160,47,60
161,43,61
162,10,49
163,45,66
164,97,123
165,65,121
166,73,110
167,83,122
168,98,58
169,41,166
170,52,176
171,78,192
172,23,154
173,72,63
174,83,81
175,97,194
176,65,193
177,10,115
178,74,145
179,72,148
180,70,152
181,68,155
182,71,157
183,56,130
184,54,129
185,53,128
186,49,127
187,21,113
188,84,73
189,80,59
190,75,60
191,58,131
192,20,132
193,87,58
194,68,166
195,97,85
196,89,78
197,97,76
198,76,92
199,97,184
200,97,173
201,82,172
202,48,147
203,57,108
204,57,157
205,38,107
206,49,115
207,31,118
208,79,183
209,70,95
210,43,155
211,54,166
212,40,136
213,14,123
214,31,139
215,13,131
216,42,123
217,78,85
218,75,109
219,69,109
220,80,105
221,74,53
222,61,48
223,49,48
224,40,49
225,34,53
226,30,64
227,9,83
228,37,73
229,44,75
230,55,75
231,65,74
232,72,72
233,78,70
234,10,83
235,69,110
236,83,88
237,82,111
238,87,114
239,82,112
240,71,111
241,88,115
242,89,116
243,78,65
244,82,66
245,84,67
246,41,62
247,35,59
248,104,85
249,155,64
250,106,115
251,186,35
252,133,69
253,141,70
254,149,70
255,159,66
256,126,68
257,145,50
258,136,51
259,154,52
260,159,54
261,166,70
262,130,176
263,158,62
264,189,68
265,174,65
266,142,99
267,114,128
268,113,134
269,128,128
270,138,128
271,125,133
272,134,131
273,144,141
274,104,113
275,105,105
276,171,48
277,123,82
278,127,106
279,128,101
280,167,96
281,104,94
282,151,41
283,163,43
284,179,22
285,115,48
286,127,54
287,152,132
288,184,139
289,121,111
290,114,113
291,151,129
292,148,130
293,167,38
294,129,108
295,136,42
296,137,36
297,147,5
298,173,30
299,141,20
300,175,44
301,180,41
302,114,131
303,127,130
304,136,130
305,120,112
306,150,129
307,144,137
308,147,130
309,115,111
310,133,132
311,124,134
312,112,136
313,111,163
314,115,161
315,114,157
316,113,152
317,112,149
318,132,141
319,134,142
320,137,144
321,139,146
322,140,124
323,190,101
324,138,136
325,141,136
326,110,116
327,126,111
328,112,115
329,132,85
330,146,89
331,130,103
332,167,12
333,161,23
334,154,35
335,135,150
336,117,39
337,121,19
338,125,2
339,155,69
340,174,74
341,121,66
342,167,57
343,117,78
344,121,105
345,183,80
346,169,79
347,159,82
348,143,81
349,132,78
350,123,75
351,105,69
352,184,95
353,173,56
354,101,116
355,123,89
356,190,67
357,117,72
358,131,103
359,162,62
360,121,99
361,188,119
362,121,64
363,112,96
364,168,156
365,166,166
366,190,99
367,178,145
368,185,53
369,131,186
370,100,117
371,132,94
372,181,66
373,148,66
374,141,66
375,146,137
376,185,110
377,114,198
378,141,186
379,152,178
380,134,66
381,127,65
382,123,64
383,179,54
384,129,59
385,137,57
386,144,57
387,150,58
388,154,60
389,189,49
390,152,65
391,131,121
392,121,110
393,112,122
394,155,167
395,143,177
396,115,192
397,176,154
398,124,62
399,111,81
400,129,193
401,189,116
402,123,145
403,125,148
404,127,152
405,128,155
406,124,158
407,142,130
408,144,129
409,146,128
410,149,127
411,176,113
412,111,73
413,115,58
414,120,59
415,140,131
416,177,133
417,108,58
418,127,166
419,105,78
420,118,92
421,112,172
422,148,147
423,138,108
424,139,158
425,157,107
426,147,115
427,166,118
428,114,183
429,124,95
430,154,156
431,142,167
432,157,136
433,184,124
434,166,140
435,185,131
436,155,123
437,117,85
438,118,109
439,125,109
440,113,105
441,122,52
442,135,48
443,147,47
444,157,48
445,164,52
446,167,64
447,190,83
448,161,73
449,153,75
450,142,75
451,132,73
452,124,71
453,118,69
454,190,84
455,125,110
456,111,88
457,111,111
458,106,115
459,111,112
460,123,111
461,104,116
462,104,116
463,118,64
464,114,65
465,112,67
466,157,61
467,162,58
468,55,63
469,63,63
470,55,57
471,48,63
472,55,69
473,142,61
474,150,61
475,142,55
476,134,61
477,142,67
