0,101,132
1,95,110
2,96,117
3,90,82
4,95,101
5,95,90
6,97,64
7,47,59
8,97,47
9,97,37
10,98,-5
11,101,134
12,100,136
13,100,138
14,100,152
15,99,155
16,99,158
17,99,162
18,100,168
19,96,114
20,89,113
21,19,32
22,66,66
23,59,67
24,52,67
25,44,62
26,73,65
27,55,47
28,64,47
29,48,48
30,44,51
31,37,67
32,71,180
33,44,57
34,15,67
35,29,62
36,58,100
37,90,130
38,90,136
39,80,132
40,72,134
41,82,135
42,75,136
43,62,147
44,89,109
45,88,101
46,33,46
47,75,81
48,71,105
49,71,100
50,36,98
51,89,91
52,50,40
53,40,42
54,25,18
55,82,47
56,71,50
57,55,137
58,25,143
59,77,110
60,83,112
61,64,137
62,66,137
63,36,37
64,71,108
65,64,41
66,63,35
67,55,0
68,30,26
69,59,14
70,29,42
71,23,38
72,90,133
73,81,134
74,74,135
75,79,111
76,65,137
77,68,143
78,66,138
79,81,108
80,76,137
81,83,136
82,91,137
83,88,167
84,88,161
85,88,157
86,89,153
87,90,151
88,76,146
89,75,147
90,73,148
91,72,150
92,63,126
93,16,103
94,96,115
95,72,143
96,70,143
97,86,116
98,73,112
99,85,114
100,67,85
101,54,89
102,70,103
103,37,6
104,42,18
105,48,34
106,69,155
107,80,37
108,77,14
109,74,-4
110,47,65
111,29,72
112,77,63
113,37,54
114,81,76
115,76,103
116,20,80
117,33,78
118,42,81
119,56,80
120,67,77
121,74,74
122,90,66
123,20,96
124,31,53
125,92,114
126,75,88
127,15,66
128,80,70
129,69,103
130,41,58
131,76,97
132,19,123
133,77,60
134,82,94
135,39,160
136,42,170
137,15,100
138,29,149
139,19,51
140,70,189
141,93,115
142,68,94
143,23,62
144,53,62
145,59,63
146,67,144
147,21,113
148,85,201
149,63,189
150,53,181
151,97,14
152,101,204
153,65,62
154,71,61
155,75,60
156,26,50
157,70,54
158,64,52
159,57,52
160,51,53
161,48,55
162,16,47
163,49,61
164,97,122
165,71,123
166,77,109
167,86,122
168,97,55
169,50,171
170,60,180
171,84,195
172,33,159
173,75,58
174,85,78
175,100,197
176,73,196
177,17,118
178,82,149
179,81,151
180,80,153
181,79,157
182,77,162
183,69,136
184,68,136
185,67,135
186,57,131
187,29,116
188,85,70
189,82,56
190,78,56
191,71,137
192,30,136
193,88,56
194,74,170
195,96,81
196,90,75
197,96,73
198,79,91
199,100,188
200,100,178
201,86,176
202,57,151
203,63,110
204,65,162
205,46,109
206,56,117
207,39,121
208,84,187
209,74,94
210,51,160
211,61,170
212,49,140
213,23,127
214,40,144
215,21,135
216,50,126
217,80,83
218,78,107
219,74,108
220,82,102
221,76,50
222,64,46
223,53,45
224,45,46
225,39,49
226,36,60
227,14,83
228,41,70
229,48,73
230,57,73
231,67,71
232,74,69
233,79,67
234,15,84
235,74,109
236,84,86
237,84,108
238,88,112
239,84,109
240,76,111
241,89,113
242,90,114
243,79,61
244,83,63
245,84,65
246,46,56
247,41,54
248,102,82
249,150,63
250,104,113
251,185,32
252,130,68
253,137,69
254,144,69
255,154,66
256,123,66
257,141,50
258,132,50
259,149,51
260,153,54
261,162,70
262,130,181
263,153,61
264,189,67
265,171,65
266,138,100
267,112,130
268,111,136
269,123,133
270,130,134
271,120,136
272,127,137
273,140,147
274,102,109
275,103,101
276,165,49
277,121,81
278,123,105
279,123,100
280,163,98
281,102,91
282,145,42
283,156,44
284,176,18
285,111,48
286,125,52
287,147,138
288,186,146
289,117,110
290,110,113
291,139,138
292,136,138
293,161,39
294,124,108
295,130,43
296,131,37
297,143,0
298,169,27
299,136,15
300,170,45
301,178,39
302,112,133
303,121,134
304,128,135
305,115,111
306,138,138
307,133,143
308,136,138
309,112,109
310,126,137
311,119,137
312,111,137
313,112,168
314,111,161
315,111,157
316,110,153
317,110,151
318,125,146
319,126,147
320,127,148
321,128,150
322,136,127
323,193,104
324,130,143
325,131,143
326,108,116
327,122,112
328,109,114
329,129,85
330,143,90
331,125,104
332,162,6
333,155,19
334,147,36
335,133,155
336,113,39
337,118,14
338,122,-4
339,150,68
340,170,75
341,119,65
342,162,57
343,115,76
344,117,103
345,181,81
346,165,80
347,155,82
348,140,81
349,129,78
350,121,75
351,104,66
352,182,97
353,169,56
354,100,114
355,121,89
356,192,67
357,115,71
358,126,104
359,157,62
360,117,98
361,191,125
362,119,62
363,110,94
364,167,163
365,167,174
366,190,102
367,178,152
368,183,52
369,132,191
370,99,115
371,128,94
372,179,66
373,143,65
374,137,65
375,134,144
376,182,114
377,117,203
378,142,192
379,154,185
380,131,64
381,125,63
382,121,63
383,175,54
384,127,57
385,133,56
386,139,56
387,145,57
388,149,59
389,190,47
390,147,64
391,126,123
392,117,109
393,109,122
394,155,174
395,144,182
396,117,196
397,177,162
398,122,60
399,109,79
400,130,198
401,189,120
402,118,149
403,119,151
404,120,153
405,121,156
406,123,163
407,133,137
408,134,137
409,135,136
410,143,131
411,172,117
412,109,71
413,114,57
414,118,58
415,131,138
416,174,138
417,107,58
418,127,172
419,103,75
420,115,91
421,114,177
422,146,153
423,133,110
424,137,163
425,152,109
426,142,118
427,161,122
428,116,187
429,121,94
430,152,162
431,141,172
432,153,141
433,182,129
434,163,146
435,186,137
436,150,127
437,115,84
438,114,107
439,120,108
440,110,102
441,119,52
442,131,48
443,142,47
444,151,49
445,158,52
446,163,63
447,190,84
448,157,73
449,149,75
450,139,75
451,129,73
452,122,70
453,117,68
454,193,85
455,120,110
456,109,86
457,108,108
458,104,112
459,108,109
460,119,112
461,102,113
462,102,114
463,117,62
464,113,64
465,110,66
466,151,60
467,157,57
468,59,56
469,67,56
470,59,50
471,52,57
472,59,63
473,138,60
474,146,60
475,138,53
476,130,60
477,138,67
