0,99,129
1,89,105
2,92,112
3,85,80
4,88,97
5,89,87
6,93,63
7,50,62
8,93,46
9,93,37
10,93,-3
11,100,131
12,100,134
13,100,136
14,101,145
15,101,149
16,101,154
17,101,159
18,98,164
19,90,109
20,85,109
21,34,35
22,70,67
23,62,68
24,55,68
25,48,65
26,76,66
27,58,49
28,67,49
29,51,50
30,47,53
31,43,70
32,74,176
33,48,60
34,32,67
35,38,66
36,63,100
37,90,128
38,91,135
39,81,131
40,75,135
41,84,136
42,79,138
43,69,149
44,83,105
45,82,97
46,38,50
47,76,80
48,71,103
49,71,99
50,45,100
51,83,88
52,51,43
53,43,45
54,37,21
55,81,48
56,75,51
57,64,142
58,42,138
59,77,107
60,82,109
61,70,142
62,72,142
63,40,41
64,72,106
65,64,43
66,62,38
67,56,3
68,39,30
69,59,18
70,36,47
71,35,40
72,90,132
73,83,134
74,77,137
75,79,109
76,71,142
77,74,145
78,73,142
79,78,105
80,81,139
81,86,137
82,93,136
83,89,164
84,91,158
85,91,153
86,92,149
87,93,145
88,81,144
89,80,145
90,78,148
91,76,150
92,69,128
93,36,100
94,91,110
95,78,143
96,76,144
97,84,112
98,76,111
99,83,111
100,69,84
101,59,90
102,71,103
103,44,11
104,46,22
105,49,37
106,74,155
107,78,38
108,75,17
109,72,-1
110,50,67
111,37,76
112,80,64
113,42,57
114,80,75
115,74,100
116,33,82
117,39,81
118,45,83
119,58,81
120,68,78
121,76,74
122,87,65
123,33,97
124,38,57
125,87,108
126,75,87
127,34,66
128,81,70
129,72,103
130,46,61
131,74,95
132,38,119
133,81,61
134,78,91
135,50,157
136,53,166
137,32,99
138,43,147
139,33,52
140,73,184
141,88,110
142,70,93
143,35,68
144,56,63
145,62,64
146,72,146
147,35,113
148,86,196
149,68,184
150,61,176
151,93,15
152,101,198
153,69,63
154,75,62
155,79,62
156,36,56
157,75,56
158,68,54
159,61,54
160,55,55
161,51,57
162,33,49
163,52,63
164,93,119
165,74,123
166,76,106
167,84,120
168,94,54
169,57,168
170,65,176
171,85,190
172,47,154
173,79,59
174,82,77
175,100,192
176,76,191
177,34,116
178,86,144
179,85,147
180,83,151
181,82,155
182,80,160
183,75,140
184,73,139
185,72,139
186,65,134
187,42,117
188,83,69
189,84,56
190,81,56
191,77,140
192,44,135
193,87,56
194,77,167
195,90,79
196,85,73
197,91,71
198,77,89
199,99,183
200,98,173
201,87,172
202,63,153
203,67,110
204,70,161
205,54,109
206,62,118
207,50,122
208,85,181
209,75,93
210,58,159
211,66,168
212,58,143
213,38,126
214,51,144
215,38,132
216,59,128
217,79,82
218,76,103
219,73,106
220,77,98
221,78,51
222,66,47
223,55,47
224,47,48
225,42,52
226,42,64
227,31,83
228,45,73
229,51,75
230,60,74
231,70,72
232,77,70
233,81,67
234,36,83
235,74,108
236,80,84
237,79,104
238,84,107
239,80,105
240,77,110
241,85,108
242,86,110
243,83,61
244,85,63
245,85,64
246,49,59
247,45,57
248,97,79
249,152,56
250,99,108
251,187,24
252,131,63
253,138,63
254,145,63
255,156,58
256,125,62
257,140,44
258,132,45
259,148,45
260,154,47
261,163,64
262,129,175
263,155,54
264,192,59
265,173,59
266,134,97
267,109,126
268,109,133
269,120,128
270,126,131
271,117,133
272,123,134
273,135,148
274,95,104
275,96,97
276,164,43
277,119,77
278,117,101
279,118,97
280,159,95
281,96,87
282,141,38
283,154,39
284,176,11
285,109,46
286,126,48
287,140,140
288,193,134
289,111,106
290,105,109
291,134,137
292,132,137
293,158,35
294,118,105
295,126,39
296,127,33
297,139,-3
298,168,21
299,133,13
300,170,40
301,179,31
302,109,130
303,118,131
304,125,133
305,110,107
306,133,137
307,130,141
308,131,137
309,106,104
310,121,135
311,115,135
312,108,135
313,108,163
314,112,157
315,111,152
316,110,147
317,109,144
318,121,141
319,123,142
320,125,145
321,127,147
322,128,126
323,200,93
324,126,139
325,128,140
326,103,112
327,116,110
328,104,110
329,127,82
330,140,87
331,120,101
332,160,2
333,153,14
334,144,32
335,128,154
336,110,36
337,114,13
338,117,-4
339,152,62
340,172,69
341,121,61
342,163,50
343,113,73
344,111,99
345,182,74
346,165,75
347,154,78
348,139,78
349,128,75
350,121,72
351,100,64
352,181,91
353,169,50
354,94,108
355,117,85
356,198,57
357,114,68
358,122,101
359,159,54
360,112,94
361,198,113
362,122,58
363,104,90
364,168,155
365,172,164
366,194,92
367,179,143
368,186,43
369,132,184
370,94,110
371,125,91
372,182,60
373,143,58
374,137,59
375,132,142
376,181,107
377,118,196
378,146,184
379,158,176
380,132,58
381,127,58
382,124,58
383,177,48
384,128,53
385,134,50
386,140,50
387,146,50
388,150,51
389,194,39
390,148,57
391,120,121
392,111,105
393,104,119
394,157,167
395,145,176
396,117,190
397,183,151
398,124,56
399,105,76
400,133,191
401,192,110
402,116,142
403,117,145
404,119,149
405,121,153
406,119,159
407,128,136
408,130,135
409,131,134
410,135,132
411,167,112
412,106,68
413,114,54
414,120,54
415,126,136
416,172,132
417,105,55
418,125,167
419,99,72
420,111,87
421,112,172
422,143,151
423,129,107
424,135,160
425,147,106
426,136,115
427,155,119
428,115,181
429,117,91
430,152,157
431,141,167
432,149,141
433,180,121
434,160,142
435,189,127
436,144,126
437,111,80
438,108,102
439,114,104
440,103,97
441,119,48
442,130,44
443,140,42
444,150,43
445,157,45
446,165,57
447,194,75
448,158,67
449,149,70
450,139,70
451,130,68
452,123,67
453,118,65
454,200,75
455,115,106
456,104,83
457,101,103
458,98,107
459,102,104
460,113,109
461,96,108
462,97,109
463,119,59
464,114,61
465,110,63
466,153,53
467,158,50
468,66,58
469,74,58
470,66,51
471,57,58
472,66,65
473,142,53
474,151,53
475,142,47
476,134,54
477,143,60
