0,101,131
1,99,113
2,99,119
3,94,86
4,100,105
5,100,94
6,100,69
7,45,62
8,101,46
9,102,35
10,103,-3
11,101,134
12,101,136
13,100,137
14,100,149
15,100,153
16,100,158
17,100,163
18,98,167
19,99,116
20,91,116
21,18,28
22,66,69
23,58,70
24,51,69
25,41,64
26,72,68
27,56,45
28,65,47
29,47,46
30,42,50
31,35,69
32,70,176
33,42,59
34,15,63
35,27,63
36,60,102
37,91,129
38,91,135
39,81,132
40,74,135
41,84,136
42,78,137
43,62,149
44,93,112
45,93,104
46,32,43
47,77,84
48,75,108
49,75,104
50,37,100
51,93,95
52,50,35
53,39,37
54,26,14
55,84,44
56,72,51
57,57,140
58,21,136
59,81,113
60,87,115
61,67,140
62,69,140
63,36,32
64,75,111
65,64,36
66,64,30
67,58,-1
68,31,22
69,62,13
70,28,39
71,23,33
72,91,133
73,82,134
74,76,136
75,82,114
76,68,140
77,71,144
78,70,140
79,84,111
80,79,138
81,85,137
82,92,137
83,87,166
84,89,161
85,90,157
86,91,152
87,92,148
88,79,145
89,77,146
90,75,148
91,73,151
92,65,128
93,14,96
94,99,118
95,75,143
96,73,143
97,89,118
98,77,115
99,88,117
100,68,87
101,56,92
102,73,106
103,39,4
104,43,15
105,48,29
106,69,156
107,81,33
108,81,14
109,79,-3
110,45,67
111,27,75
112,77,67
113,35,53
114,82,79
115,80,106
116,20,79
117,32,80
118,41,83
119,56,83
120,67,80
121,75,77
122,93,70
123,20,95
124,29,52
125,95,116
126,77,91
127,12,61
128,82,73
129,72,107
130,39,60
131,80,101
132,16,115
133,77,64
134,86,97
135,38,157
136,38,165
137,14,96
138,28,146
139,18,47
140,69,183
141,96,117
142,70,96
143,21,65
144,52,64
145,58,65
146,69,145
147,21,111
148,83,194
149,60,183
150,50,176
151,102,15
152,98,195
153,65,65
154,71,64
155,75,64
156,25,50
157,70,57
158,64,54
159,57,53
160,50,54
161,46,56
162,14,42
163,47,63
164,99,124
165,73,125
166,81,112
167,88,124
168,101,57
169,48,167
170,59,175
171,82,189
172,29,152
173,75,61
174,88,82
175,98,191
176,71,189
177,16,114
178,85,147
179,83,149
180,81,153
181,80,157
182,77,162
183,73,138
184,71,138
185,70,137
186,60,133
187,31,116
188,88,74
189,83,58
190,78,58
191,75,139
192,30,135
193,90,57
194,73,169
195,100,85
196,93,79
197,100,77
198,82,94
199,98,184
200,98,175
201,85,174
202,56,152
203,66,112
204,64,162
205,48,111
206,58,119
207,41,123
208,83,183
209,77,98
210,50,158
211,60,168
212,50,142
213,23,125
214,40,144
215,20,130
216,52,128
217,82,87
218,82,110
219,78,111
220,86,105
221,77,49
222,65,43
223,53,41
224,44,43
225,38,47
226,34,61
227,13,79
228,39,73
229,47,75
230,57,76
231,67,74
232,74,72
233,80,70
234,13,78
235,78,112
236,87,89
237,88,111
238,91,115
239,87,112
240,79,114
241,93,115
242,93,117
243,80,64
244,84,66
245,86,67
246,44,58
247,39,54
248,106,87
249,153,64
250,106,116
251,178,32
252,131,71
253,139,71
254,146,71
255,155,66
256,125,69
257,144,48
258,135,48
259,152,49
260,157,53
261,161,71
262,126,177
263,155,62
264,181,67
265,167,65
266,138,104
267,111,130
268,109,136
269,120,133
270,125,136
271,116,137
272,121,138
273,134,150
274,105,112
275,107,105
276,166,47
277,122,85
278,123,109
279,124,105
280,160,102
281,107,95
282,151,38
283,160,41
284,172,19
285,119,43
286,127,52
287,140,142
288,173,139
289,117,113
290,111,116
291,131,141
292,128,141
293,163,36
294,123,112
295,138,38
296,140,32
297,145,1
298,167,27
299,141,16
300,169,43
301,174,37
302,110,133
303,118,135
304,123,137
305,115,115
306,130,141
307,127,145
308,127,141
309,114,112
310,120,138
311,115,137
312,108,137
313,109,167
314,111,162
315,110,157
316,109,152
317,108,149
318,119,145
319,121,147
320,123,149
321,125,151
322,132,130
323,181,100
324,123,144
325,125,144
326,109,118
327,121,116
328,110,117
329,130,89
330,143,94
331,125,108
332,161,8
333,157,20
334,154,32
335,128,157
336,122,33
337,123,16
338,126,-2
339,152,70
340,168,77
341,121,67
342,162,56
343,117,80
344,119,107
345,176,83
346,165,83
347,156,86
348,142,85
349,131,81
350,123,78
351,108,70
352,176,99
353,167,55
354,103,116
355,122,92
356,183,65
357,118,74
358,125,108
359,158,62
360,119,101
361,178,119
362,121,64
363,113,97
364,158,160
365,156,168
366,182,100
367,167,149
368,178,51
369,126,184
370,102,117
371,128,98
372,171,66
373,146,67
374,139,67
375,129,146
376,175,115
377,113,194
378,134,184
379,144,178
380,133,67
381,126,66
382,123,65
383,171,53
384,127,58
385,134,55
386,141,54
387,148,56
388,152,58
389,182,47
390,150,66
391,124,126
392,117,113
393,110,124
394,146,169
395,137,177
396,113,190
397,165,156
398,123,62
399,112,83
400,124,190
401,179,118
402,115,147
403,116,150
404,118,153
405,119,157
406,119,163
407,125,139
408,127,139
409,129,138
410,137,135
411,166,119
412,112,75
413,116,57
414,120,58
415,123,140
416,165,138
417,111,57
418,123,170
419,107,79
420,117,95
421,111,175
422,140,154
423,132,113
424,132,163
425,150,113
426,139,121
427,156,125
428,113,183
429,122,98
430,145,160
431,136,169
432,146,144
433,172,128
434,156,146
435,175,134
436,145,130
437,117,88
438,116,111
439,120,112
440,113,106
441,123,49
442,136,45
443,147,44
444,156,46
445,161,50
446,162,63
447,182,83
448,157,75
449,150,78
450,140,77
451,131,75
452,124,73
453,119,70
454,182,82
455,120,113
456,112,90
457,111,111
458,107,115
459,111,112
460,118,115
461,105,116
462,104,117
463,118,64
464,115,66
465,114,67
466,154,60
467,159,57
468,59,59
469,67,59
470,59,52
471,51,58
472,58,66
473,137,61
474,145,61
475,137,53
476,128,60
477,136,68
