0,99,134
1,94,107
2,96,115
3,89,82
4,94,99
5,94,89
6,96,64
7,49,64
8,96,43
9,95,33
10,95,-2
11,99,137
12,99,140
13,100,141
14,99,142
15,99,145
16,99,149
17,99,153
18,99,162
19,95,111
20,89,111
21,26,36
22,68,70
23,61,71
24,55,70
25,47,67
26,74,67
27,56,48
28,65,48
29,49,50
30,45,54
31,41,71
32,75,172
33,47,62
34,24,69
35,34,66
36,63,101
37,91,133
38,92,139
39,83,135
40,78,138
41,86,140
42,81,140
43,68,149
44,88,107
45,87,99
46,35,48
47,76,82
48,74,106
49,74,101
50,43,101
51,88,90
52,49,40
53,41,43
54,31,22
55,80,45
56,72,51
57,63,142
58,36,138
59,79,110
60,85,112
61,72,142
62,73,142
63,37,38
64,74,109
65,62,40
66,60,34
67,55,3
68,34,29
69,58,17
70,31,45
71,29,40
72,91,136
73,84,138
74,79,139
75,81,111
76,73,142
77,76,143
78,74,142
79,82,107
80,82,141
81,87,141
82,93,141
83,90,162
84,91,152
85,91,148
86,92,144
87,93,141
88,82,141
89,81,143
90,79,145
91,78,147
92,69,129
93,27,102
94,95,113
95,79,141
96,77,142
97,87,115
98,77,113
99,86,113
100,69,86
101,58,92
102,73,105
103,40,11
104,43,21
105,47,34
106,74,154
107,77,35
108,75,16
109,73,0
110,50,69
111,35,77
112,78,65
113,39,57
114,81,76
115,77,103
116,27,83
117,39,82
118,47,85
119,60,83
120,69,80
121,76,76
122,89,66
123,29,99
124,34,56
125,91,111
126,77,89
127,24,68
128,81,72
129,73,105
130,44,62
131,77,97
132,31,120
133,78,62
134,82,93
135,48,156
136,51,164
137,25,100
138,40,146
139,26,53
140,74,179
141,92,112
142,71,95
143,29,67
144,56,66
145,61,66
146,74,144
147,32,114
148,87,189
149,68,179
150,60,173
151,95,15
152,102,190
153,67,66
154,72,64
155,76,63
156,30,55
157,72,56
158,66,54
159,59,54
160,53,56
161,50,59
162,24,51
163,52,65
164,96,121
165,75,124
166,79,108
167,87,122
168,96,54
169,57,165
170,65,172
171,86,184
172,43,153
173,76,60
174,85,78
175,101,185
176,77,185
177,29,117
178,87,141
179,86,143
180,85,146
181,84,150
182,81,159
183,77,141
184,76,140
185,74,140
186,65,135
187,40,118
188,85,70
189,82,56
190,78,57
191,79,141
192,41,136
193,87,56
194,78,165
195,95,80
196,89,74
197,95,72
198,80,91
199,100,178
200,100,170
201,88,169
202,62,152
203,67,112
204,69,160
205,53,111
206,62,119
207,48,123
208,86,178
209,76,95
210,58,157
211,66,165
212,56,143
213,35,126
214,49,144
215,33,132
216,58,129
217,81,84
218,80,106
219,76,108
220,82,101
221,76,50
222,64,46
223,53,46
224,46,48
225,41,52
226,40,64
227,24,84
228,45,75
229,51,77
230,60,76
231,69,74
232,76,71
233,80,69
234,26,85
235,77,110
236,84,85
237,84,106
238,88,110
239,84,107
240,79,112
241,89,110
242,90,112
243,80,63
244,83,64
245,85,66
246,48,60
247,43,58
248,101,81
249,151,61
250,102,111
251,180,29
252,131,69
253,138,69
254,145,69
255,154,63
256,125,67
257,140,44
258,132,46
259,147,45
260,153,49
261,160,68
262,128,172
263,153,59
264,184,62
265,169,62
266,135,99
267,108,132
268,107,139
269,116,135
270,122,137
271,114,140
272,119,140
273,133,148
274,100,107
275,101,99
276,162,41
277,120,80
278,119,104
279,120,100
280,158,98
281,101,89
282,143,34
283,154,36
284,172,16
285,112,44
286,125,50
287,138,141
288,180,135
289,114,109
290,108,111
291,130,141
292,128,141
293,158,30
294,120,108
295,129,36
296,129,29
297,139,0
298,166,22
299,135,13
300,167,37
301,174,33
302,108,136
303,115,137
304,121,139
305,112,110
306,129,141
307,125,143
308,127,141
309,109,106
310,118,141
311,113,141
312,107,141
313,109,162
314,108,152
315,108,148
316,107,144
317,106,141
318,118,141
319,120,143
320,121,145
321,122,147
322,129,128
323,187,96
324,122,141
325,124,142
326,106,114
327,118,112
328,107,113
329,128,84
330,140,89
331,122,104
332,159,5
333,153,15
334,145,27
335,127,153
336,113,33
337,116,14
338,118,-2
339,151,67
340,168,73
341,121,65
342,160,52
343,114,75
344,114,101
345,177,78
346,163,79
347,153,82
348,139,81
349,129,79
350,121,75
351,103,65
352,176,94
353,166,51
354,99,111
355,119,88
356,188,62
357,115,72
358,123,104
359,157,58
360,115,96
361,185,115
362,121,62
363,108,92
364,161,154
365,162,162
366,185,95
367,171,143
368,179,47
369,131,179
370,98,112
371,126,93
372,176,63
373,144,64
374,138,65
375,127,144
376,175,109
377,118,189
378,141,179
379,151,172
380,132,64
381,127,63
382,123,63
383,172,48
384,128,56
385,133,53
386,139,53
387,145,54
388,149,55
389,185,44
390,148,63
391,121,124
392,113,108
393,107,121
394,151,164
395,141,171
396,117,184
397,172,150
398,123,60
399,108,77
400,130,185
401,182,112
402,113,141
403,114,143
404,115,146
405,116,150
406,119,158
407,124,141
408,125,140
409,127,139
410,135,134
411,164,114
412,108,70
413,115,56
414,120,57
415,122,141
416,166,132
417,107,57
418,124,165
419,102,74
420,113,90
421,112,169
422,141,151
423,130,110
424,133,159
425,147,108
426,137,117
427,154,120
428,115,177
429,118,94
430,148,156
431,138,164
432,146,141
433,173,123
434,156,141
435,179,128
436,143,127
437,113,83
438,112,105
439,117,107
440,108,100
441,119,49
442,130,43
443,140,41
444,149,42
445,156,46
446,162,60
447,186,79
448,156,72
449,148,74
450,139,75
451,130,73
452,123,71
453,118,69
454,188,79
455,117,109
456,107,84
457,106,106
458,103,109
459,106,107
460,115,111
461,101,110
462,101,112
463,118,63
464,114,64
465,111,66
466,151,57
467,156,53
468,64,60
469,73,59
470,64,52
471,56,60
472,65,67
473,140,58
474,147,58
475,140,51
476,133,58
477,141,65
