0,98,135
1,98,114
2,99,119
3,92,87
4,98,107
5,98,96
6,99,67
7,50,59
8,99,44
9,99,33
10,100,-5
11,98,137
12,98,140
13,99,142
14,99,142
15,99,145
16,98,148
17,98,152
18,102,160
19,99,117
20,92,116
21,23,23
22,69,66
23,62,67
24,55,66
25,47,61
26,74,65
27,58,45
28,66,46
29,51,46
30,46,49
31,41,66
32,76,168
33,47,56
34,22,57
35,33,59
36,64,100
37,90,133
38,91,139
39,82,133
40,77,134
41,84,138
42,79,137
43,69,142
44,92,114
45,91,107
46,36,43
47,79,81
48,77,108
49,77,103
50,43,97
51,92,96
52,52,37
53,42,39
54,28,12
55,83,45
56,73,49
57,63,135
58,35,123
59,83,112
60,88,115
61,70,134
62,72,135
63,39,33
64,77,110
65,65,39
66,64,32
67,56,-2
68,32,21
69,60,13
70,32,38
71,27,30
72,90,136
73,83,136
74,78,135
75,84,113
76,71,134
77,74,138
78,73,135
79,85,112
80,81,138
81,85,140
82,91,141
83,92,159
84,90,151
85,90,147
86,91,144
87,92,141
88,81,138
89,79,139
90,78,141
91,77,143
92,70,126
93,26,86
94,99,118
95,77,137
96,76,137
97,90,118
98,80,114
99,89,116
100,72,85
101,59,89
102,76,105
103,38,2
104,43,14
105,50,31
106,75,149
107,81,35
108,78,13
109,76,-5
110,50,65
111,34,70
112,78,63
113,40,52
114,84,77
115,81,107
116,27,74
117,38,77
118,47,81
119,60,80
120,70,77
121,77,74
122,92,68
123,28,90
124,34,50
125,95,117
126,79,89
127,21,53
128,82,71
129,76,105
130,44,57
131,81,101
132,29,104
133,78,60
134,86,98
135,48,146
136,50,152
137,24,88
138,39,135
139,24,42
140,76,174
141,96,118
142,73,94
143,27,60
144,56,62
145,62,63
146,73,138
147,31,105
148,88,184
149,69,171
150,60,163
151,100,14
152,103,186
153,67,62
154,73,61
155,76,61
156,29,47
157,72,54
158,66,51
159,60,51
160,54,52
161,50,54
162,21,36
163,52,61
164,100,124
165,77,124
166,82,112
167,90,124
168,100,55
169,57,157
170,66,165
171,87,181
172,42,140
173,76,58
174,88,81
175,103,183
176,78,179
177,27,105
178,85,140
179,84,142
180,83,145
181,83,148
182,82,155
183,76,136
184,74,135
185,73,134
186,66,130
187,39,111
188,88,72
189,83,55
190,79,56
191,77,137
192,40,127
193,89,56
194,79,161
195,99,86
196,92,78
197,99,77
198,83,93
199,102,177
200,102,168
201,90,167
202,63,145
203,70,110
204,70,154
205,53,108
206,63,117
207,48,118
208,88,175
209,79,96
210,58,150
211,67,159
212,57,136
213,33,117
214,49,136
215,32,120
216,58,124
217,84,85
218,83,110
219,79,111
220,85,106
221,77,49
222,66,44
223,55,43
224,47,44
225,42,47
226,39,58
227,22,73
228,45,69
229,52,72
230,61,73
231,69,71
232,76,69
233,80,67
234,23,69
235,80,112
236,87,89
237,87,112
238,91,115
239,88,113
240,82,114
241,93,116
242,94,117
243,80,61
244,84,63
245,86,65
246,49,55
247,44,52
248,105,87
249,151,58
250,106,116
251,185,22
252,131,66
253,138,66
254,145,65
255,155,60
256,125,65
257,142,43
258,134,44
259,150,44
260,155,47
261,162,65
262,130,169
263,154,55
264,189,56
265,171,58
266,139,100
267,108,133
268,107,139
269,117,134
270,124,134
271,115,138
272,121,137
273,136,143
274,104,114
275,105,107
276,165,40
277,123,81
278,123,108
279,123,103
280,162,97
281,105,96
282,148,33
283,158,35
284,177,10
285,116,40
286,127,48
287,142,135
288,182,124
289,117,112
290,111,115
291,132,134
292,131,135
293,162,29
294,123,110
295,134,33
296,136,27
297,146,-3
298,171,20
299,141,13
300,171,35
301,179,30
302,108,136
303,116,136
304,122,136
305,116,114
306,132,135
307,127,138
308,130,135
309,113,112
310,120,138
311,114,140
312,107,141
313,112,160
314,108,151
315,108,147
316,107,144
317,107,141
318,120,138
319,121,140
320,123,141
321,123,143
322,132,126
323,190,86
324,125,137
325,126,137
326,109,118
327,121,114
328,110,117
329,131,84
330,144,89
331,125,106
332,165,1
333,159,14
334,151,26
335,130,150
336,118,30
337,122,13
338,125,-5
339,151,63
340,170,69
341,122,63
342,162,50
343,118,77
344,118,107
345,181,74
346,165,76
347,155,80
348,141,79
349,130,77
350,123,74
351,107,68
352,180,90
353,169,48
354,102,117
355,122,89
356,192,52
357,117,70
358,126,105
359,158,55
360,119,101
361,188,104
362,122,60
363,112,98
364,164,148
365,164,154
366,188,89
367,174,136
368,184,42
369,131,175
370,102,118
371,129,94
372,178,58
373,144,61
374,138,62
375,129,139
376,179,105
377,118,185
378,141,172
379,151,165
380,133,62
381,127,61
382,123,61
383,175,45
384,128,54
385,134,52
386,141,51
387,147,52
388,150,53
389,190,35
390,148,59
391,125,124
392,117,112
393,110,124
394,152,158
395,142,167
396,118,181
397,174,141
398,124,58
399,112,81
400,130,180
401,186,105
402,114,140
403,115,142
404,116,145
405,116,148
406,122,155
407,126,136
408,128,135
409,129,134
410,139,130
411,169,111
412,112,72
413,116,54
414,121,55
415,125,137
416,170,128
417,109,55
418,126,162
419,106,78
420,117,93
421,114,167
422,143,146
423,133,110
424,136,155
425,152,108
426,140,117
427,158,118
428,117,175
429,122,96
430,150,151
431,140,160
432,149,136
433,177,118
434,160,137
435,182,121
436,147,125
437,117,85
438,116,111
439,120,111
440,112,106
441,122,46
442,134,40
443,144,39
444,153,41
445,159,44
446,163,56
447,189,72
448,158,68
449,150,72
450,140,72
451,131,71
452,124,69
453,119,67
454,191,68
455,120,112
456,111,89
457,110,112
458,107,115
459,110,113
460,119,114
461,105,116
462,104,117
463,119,61
464,115,63
465,112,65
466,152,54
467,158,50
468,62,57
469,70,57
470,63,50
471,54,57
472,62,64
473,136,56
474,145,55
475,137,48
476,128,56
477,136,63
