0,101,135
1,107,115
2,102,120
3,99,88
4,108,108
5,107,97
6,104,69
7,42,61
8,103,48
9,104,38
10,105,0
11,100,137
12,99,140
13,99,141
14,97,153
15,98,157
16,97,162
17,96,167
18,94,169
19,105,118
20,95,117
21,10,23
22,65,67
23,57,68
24,50,67
25,38,63
26,71,66
27,54,46
28,63,48
29,46,47
30,39,50
31,32,67
32,62,176
33,38,58
34,4,57
35,22,61
36,57,100
37,89,133
38,88,138
39,76,133
40,67,132
41,78,137
42,69,135
43,52,144
44,100,115
45,100,107
46,30,44
47,76,81
48,76,108
49,75,103
50,32,96
51,100,97
52,52,37
53,40,39
54,21,12
55,86,45
56,70,51
57,46,135
58,2,125
59,81,113
60,88,115
61,54,131
62,56,132
63,35,34
64,74,110
65,67,39
66,67,33
67,59,0
68,29,23
69,64,16
70,24,40
71,18,32
72,88,136
73,77,135
74,68,133
75,83,114
76,55,132
77,60,139
78,57,133
79,88,113
80,70,136
81,78,138
82,88,140
83,81,167
84,83,165
85,85,160
86,86,155
87,87,152
88,70,143
89,68,145
90,66,147
91,64,149
92,60,126
93,-3,86
94,104,119
95,64,139
96,62,139
97,90,118
98,75,113
99,89,117
100,67,85
101,53,89
102,72,105
103,37,4
104,44,17
105,50,32
106,59,154
107,85,36
108,84,17
109,81,-1
110,42,66
111,23,71
112,75,64
113,31,53
114,82,78
115,83,107
116,12,74
117,30,77
118,41,80
119,56,80
120,67,77
121,75,74
122,96,70
123,12,90
124,25,52
125,101,118
126,76,90
127,-1,52
128,82,71
129,70,104
130,35,58
131,82,101
132,-2,105
133,75,62
134,91,99
135,24,151
136,22,159
137,0,89
138,14,139
139,11,43
140,60,184
141,100,119
142,68,94
143,14,61
144,51,63
145,57,64
146,58,140
147,11,105
148,74,195
149,48,181
150,36,172
151,105,18
152,90,197
153,63,63
154,69,62
155,73,62
156,18,49
157,68,56
158,61,54
159,55,53
160,48,54
161,43,55
162,2,36
163,46,62
164,100,124
165,70,123
166,82,112
167,88,124
168,103,58
169,36,163
170,47,174
171,75,191
172,11,144
173,72,60
174,90,83
175,92,193
176,60,189
177,1,106
178,78,148
179,76,151
180,74,155
181,73,159
182,69,162
183,62,133
184,61,132
185,59,131
186,51,129
187,22,111
188,89,74
189,82,57
190,76,57
191,63,134
192,18,129
193,91,57
194,65,168
195,106,87
196,98,80
197,105,79
198,83,94
199,93,185
200,93,176
201,79,175
202,46,148
203,62,110
204,54,159
205,43,108
206,53,117
207,34,119
208,76,183
209,77,96
210,39,155
211,50,166
212,40,137
213,11,118
214,29,139
215,5,122
216,44,124
217,83,86
218,86,111
219,79,111
220,92,107
221,77,50
222,65,45
223,54,43
224,44,44
225,36,47
226,29,60
227,1,73
228,37,70
229,46,73
230,57,73
231,66,72
232,73,70
233,78,68
234,-3,69
235,78,112
236,91,90
237,93,113
238,96,117
239,92,114
240,79,113
241,98,117
242,98,118
243,78,62
244,83,64
245,87,66
246,41,57
247,35,53
248,112,88
249,147,60
250,111,117
251,161,28
252,126,67
253,134,68
254,140,68
255,148,61
256,121,66
257,140,44
258,132,46
259,147,45
260,151,48
261,152,66
262,117,173
263,149,56
264,162,60
265,157,58
266,134,100
267,110,133
268,108,139
269,118,132
270,122,132
271,114,137
272,118,136
273,127,143
274,112,115
275,114,107
276,159,40
277,121,82
278,125,108
279,125,103
280,152,96
281,113,97
282,149,35
283,156,36
284,159,17
285,120,44
286,124,50
287,133,133
288,144,123
289,120,112
290,114,115
291,126,133
292,124,134
293,158,30
294,125,110
295,138,37
296,140,31
297,142,3
298,158,26
299,139,19
300,161,36
301,161,35
302,110,136
303,116,135
304,120,134
305,118,113
306,125,133
307,122,140
308,123,134
309,118,112
310,116,137
311,112,139
312,106,140
313,105,167
314,107,165
315,107,160
316,107,155
317,106,151
318,116,144
319,118,145
320,120,147
321,121,150
322,128,125
323,153,87
324,119,140
325,121,140
326,112,118
327,122,113
328,113,117
329,127,85
330,138,89
331,125,105
332,153,9
333,151,21
334,151,29
335,121,152
336,124,35
337,124,18
338,126,0
339,146,65
340,157,71
341,118,64
342,155,50
343,117,78
344,123,107
345,162,75
346,154,77
347,148,81
348,135,81
349,126,77
350,120,75
351,110,70
352,162,90
353,158,48
354,109,118
355,121,90
356,158,56
357,116,72
358,125,104
359,151,55
360,122,101
361,150,104
362,118,61
363,118,98
364,139,147
365,133,153
366,161,89
367,146,135
368,162,46
369,117,180
370,107,119
371,126,94
372,159,59
373,141,64
374,134,65
375,124,141
376,160,104
377,104,193
378,120,176
379,126,166
380,128,64
381,122,62
382,119,62
383,160,46
384,124,55
385,130,52
386,137,51
387,144,52
388,147,53
389,161,41
390,145,62
391,123,123
392,121,112
393,111,124
394,131,159
395,124,169
396,106,189
397,139,139
398,119,59
399,115,83
400,114,186
401,157,105
402,112,148
403,113,151
404,115,155
405,115,159
406,114,161
407,121,135
408,123,133
409,125,132
410,132,128
411,154,110
412,113,74
413,115,56
414,118,57
415,119,136
416,149,126
417,111,57
418,116,166
419,111,80
420,119,94
421,105,174
422,130,145
423,130,110
424,123,156
425,144,108
426,135,116
427,147,118
428,106,182
429,122,96
430,132,151
431,125,162
432,137,135
433,155,116
434,142,136
435,152,120
436,138,123
437,118,86
438,121,111
439,123,111
440,119,107
441,122,49
442,134,43
443,144,41
444,151,42
445,155,45
446,153,57
447,162,74
448,149,70
449,143,73
450,134,73
451,126,72
452,120,70
453,116,68
454,155,71
455,122,112
456,116,90
457,117,113
458,112,116
459,116,113
460,120,113
461,111,117
462,109,118
463,116,62
464,113,64
465,113,67
466,148,55
467,152,51
468,52,57
469,59,57
470,52,51
471,44,57
472,52,64
473,132,56
474,140,57
475,133,50
476,125,56
477,132,63
