0,101,134
1,111,108
2,103,114
3,102,85
4,112,102
5,111,92
6,105,67
7,43,57
8,104,44
9,105,34
10,106,-1
11,101,137
12,100,139
13,99,140
14,99,149
15,100,153
16,99,158
17,99,162
18,95,160
19,109,111
20,99,111
21,3,23
22,67,64
23,59,65
24,51,65
25,38,60
26,73,63
27,55,42
28,64,43
29,46,43
30,40,46
31,31,65
32,64,165
33,39,55
34,-1,56
35,19,59
36,61,99
37,93,133
38,93,139
39,84,135
40,77,137
41,85,139
42,79,139
43,61,145
44,105,108
45,104,102
46,29,40
47,77,80
48,81,106
49,79,101
50,36,97
51,104,93
52,52,33
53,39,35
54,16,12
55,87,42
56,72,47
57,57,138
58,-2,120
59,87,109
60,92,111
61,67,139
62,69,140
63,34,30
64,80,108
65,68,34
66,67,28
67,57,0
68,26,21
69,63,15
70,22,36
71,13,30
72,93,136
73,85,137
74,78,138
75,88,111
76,68,139
77,71,144
78,70,140
79,93,108
80,79,140
81,86,140
82,92,140
83,85,159
84,89,161
85,90,157
86,91,152
87,92,148
88,79,145
89,78,146
90,76,148
91,74,151
92,69,126
93,-10,83
94,106,113
95,74,142
96,73,143
97,94,114
98,81,112
99,93,113
100,68,84
101,55,89
102,77,104
103,34,4
104,42,16
105,49,27
106,67,151
107,86,31
108,84,16
109,81,-2
110,43,63
111,20,71
112,77,62
113,31,50
114,83,76
115,88,103
116,10,75
117,29,77
118,41,81
119,58,80
120,69,76
121,77,73
122,97,68
123,11,91
124,23,49
125,105,111
126,79,88
127,-9,51
128,83,70
129,75,104
130,35,55
131,86,98
132,-8,101
133,76,59
134,95,95
135,25,146
136,20,150
137,-2,87
138,14,134
139,5,42
140,60,171
141,103,112
142,71,93
143,9,60
144,52,60
145,59,60
146,70,145
147,12,105
148,72,179
149,46,168
150,34,161
151,106,17
152,88,180
153,65,60
154,71,59
155,74,60
156,15,46
157,69,52
158,62,49
159,56,48
160,49,50
161,44,52
162,-4,36
163,47,59
164,102,119
165,77,122
166,87,109
167,93,120
168,104,55
169,37,156
170,48,163
171,75,176
172,8,137
173,74,57
174,92,80
175,91,177
176,59,175
177,-1,103
178,85,147
179,84,150
180,82,153
181,81,157
182,75,156
183,73,139
184,72,139
185,71,138
186,62,132
187,27,111
188,90,72
189,84,54
190,78,54
191,74,140
192,23,127
193,93,55
194,69,160
195,109,84
196,100,77
197,107,76
198,86,91
199,92,172
200,94,165
201,81,165
202,51,147
203,67,109
204,58,154
205,49,108
206,60,116
207,41,119
208,78,171
209,80,95
210,42,150
211,52,158
212,47,138
213,13,117
214,34,137
215,3,119
216,54,126
217,85,84
218,91,107
219,84,108
220,96,103
221,78,46
222,66,40
223,54,39
224,44,40
225,36,44
226,28,57
227,-3,72
228,37,69
229,47,72
230,58,72
231,68,70
232,75,68
233,80,66
234,-10,67
235,83,110
236,94,87
237,98,108
238,100,110
239,97,108
240,84,111
241,102,111
242,101,112
243,79,60
244,84,62
245,88,64
246,41,53
247,36,50
248,114,84
249,141,59
250,112,111
251,153,25
252,124,66
253,130,67
254,135,66
255,141,61
256,119,65
257,137,44
258,129,46
259,143,45
260,145,48
261,144,65
262,112,161
263,142,56
264,149,55
265,147,58
266,129,97
267,107,133
268,105,138
269,112,133
270,114,134
271,109,137
272,111,137
273,118,143
274,116,108
275,117,102
276,153,40
277,119,79
278,123,104
279,123,100
280,143,95
281,116,93
282,146,33
283,152,35
284,154,14
285,122,42
286,122,50
287,122,136
288,129,113
289,118,108
290,113,111
291,116,137
292,115,138
293,154,29
294,121,107
295,137,35
296,139,29
297,141,1
298,154,23
299,139,16
300,154,36
301,155,31
302,107,136
303,110,135
304,113,136
305,116,110
306,116,138
307,115,142
308,114,138
309,118,107
310,110,138
311,107,139
312,104,139
313,103,158
314,106,160
315,106,156
316,106,151
317,104,147
318,110,143
319,112,144
320,113,146
321,114,149
322,121,124
323,136,79
324,112,141
325,113,141
326,111,114
327,118,111
328,112,112
329,124,83
330,133,87
331,122,103
332,151,6
333,150,17
334,149,27
335,114,148
336,126,32
337,125,17
338,127,0
339,139,64
340,147,70
341,117,64
342,148,50
343,116,75
344,122,102
345,151,72
346,147,76
347,142,80
348,132,79
349,124,77
350,119,74
351,111,68
352,150,87
353,150,48
354,112,111
355,119,87
356,144,51
357,116,71
358,121,103
359,144,56
360,122,97
361,133,95
362,116,61
363,119,94
364,127,138
365,122,141
366,146,83
367,132,127
368,152,42
369,111,165
370,109,112
371,122,92
372,147,58
373,136,62
374,131,63
375,116,143
376,146,100
377,100,176
378,113,161
379,117,152
380,125,63
381,120,62
382,118,62
383,151,46
384,121,55
385,127,53
386,133,52
387,138,52
388,141,54
389,150,36
390,139,61
391,118,121
392,119,107
393,110,120
394,122,148
395,116,156
396,103,173
397,125,129
398,118,59
399,115,79
400,108,169
401,143,98
402,108,145
403,110,148
404,111,151
405,111,155
406,109,154
407,113,137
408,114,137
409,116,136
410,122,130
411,141,107
412,113,71
413,115,55
414,117,56
415,112,138
416,136,121
417,113,56
418,111,157
419,112,77
420,119,90
421,103,163
422,122,142
423,124,108
424,117,150
425,135,105
426,128,114
427,136,115
428,104,168
429,120,93
430,124,144
431,118,152
432,127,134
433,141,111
434,131,131
435,138,112
436,128,123
437,117,83
438,120,105
439,121,107
440,121,102
441,122,47
442,132,42
443,141,41
444,147,41
445,149,45
446,145,57
447,148,69
448,143,69
449,138,72
450,131,72
451,123,71
452,119,69
453,116,67
454,139,65
455,119,108
456,117,87
457,119,106
458,114,110
459,117,107
460,117,110
461,113,111
462,111,112
463,115,62
464,113,64
465,113,66
466,142,55
467,146,51
468,52,54
469,60,54
470,53,47
471,45,54
472,52,61
473,125,57
474,132,57
475,126,51
476,118,57
477,124,63
