0,99,129
1,104,118
2,101,121
3,96,90
4,105,111
5,104,99
6,102,70
7,41,58
8,101,49
9,101,40
10,102,0
11,99,132
12,98,135
13,98,137
14,96,141
15,97,146
16,96,152
17,95,158
18,97,165
19,103,121
20,93,119
21,10,22
22,65,66
23,57,66
24,49,66
25,38,60
26,71,65
27,52,45
28,62,47
29,43,45
30,38,48
31,31,64
32,65,171
33,37,55
34,7,55
35,22,58
36,57,99
37,88,127
38,88,134
39,76,128
40,68,130
41,78,134
42,71,133
43,55,141
44,97,118
45,97,110
46,27,41
47,75,81
48,74,109
49,73,104
50,33,95
51,97,100
52,47,38
53,35,38
54,19,12
55,83,49
56,69,51
57,48,132
58,11,119
59,79,114
60,86,116
61,57,133
62,59,133
63,31,32
64,73,110
65,63,41
66,62,35
67,54,0
68,25,23
69,59,17
70,22,37
71,17,31
72,88,131
73,77,131
74,69,132
75,81,115
76,58,133
77,62,138
78,60,133
79,86,115
80,72,134
81,79,135
82,88,136
83,84,164
84,83,157
85,84,151
86,86,145
87,87,140
88,71,137
89,69,139
90,67,143
91,65,146
92,61,125
93,3,81
94,102,121
95,66,135
96,64,136
97,89,119
98,74,113
99,88,118
100,66,84
101,53,88
102,71,106
103,33,4
104,39,18
105,44,31
106,62,150
107,81,40
108,80,18
109,76,0
110,42,64
111,23,69
112,75,64
113,30,50
114,81,78
115,81,109
116,14,72
117,29,75
118,40,79
119,55,79
120,66,77
121,74,74
122,94,71
123,14,88
124,24,49
125,99,120
126,75,90
127,2,49
128,81,71
129,69,104
130,34,55
131,80,103
132,6,99
133,75,61
134,88,101
135,30,146
136,29,152
137,6,85
138,19,134
139,11,42
140,64,179
141,99,121
142,67,94
143,15,58
144,50,62
145,57,63
146,60,139
147,14,102
148,79,190
149,53,175
150,42,165
151,102,19
152,95,191
153,63,62
154,70,62
155,73,62
156,18,46
157,67,55
158,60,51
159,53,50
160,46,51
161,42,53
162,5,34
163,44,60
164,100,125
165,70,123
166,80,114
167,87,124
168,101,59
169,41,158
170,52,168
171,79,186
172,19,137
173,72,59
174,88,84
175,96,188
176,65,184
177,8,102
178,79,139
179,77,143
180,75,147
181,73,153
182,72,159
183,65,133
184,63,132
185,61,131
186,53,128
187,25,109
188,87,74
189,82,58
190,76,57
191,66,134
192,23,125
193,89,59
194,68,164
195,103,90
196,95,81
197,102,80
198,81,95
199,96,181
200,96,172
201,82,171
202,49,144
203,62,109
204,57,155
205,43,107
206,54,115
207,35,116
208,80,179
209,75,97
210,43,150
211,54,161
212,42,134
213,15,114
214,33,135
215,11,117
216,46,122
217,82,87
218,83,113
219,76,112
220,89,110
221,75,51
222,62,45
223,50,43
224,40,43
225,34,45
226,29,56
227,6,70
228,36,68
229,45,72
230,56,72
231,66,71
232,73,69
233,78,68
234,3,65
235,76,113
236,89,92
237,91,116
238,94,119
239,90,116
240,77,114
241,96,120
242,96,120
243,78,62
244,82,65
245,86,67
246,39,54
247,34,51
248,109,90
249,148,61
250,111,118
251,165,27
252,127,67
253,134,68
254,140,68
255,150,63
256,122,66
257,140,48
258,132,49
259,147,49
260,151,51
261,153,66
262,122,170
263,151,58
264,166,58
265,159,60
266,135,99
267,110,127
268,107,134
269,118,127
270,123,128
271,114,133
272,119,132
273,130,140
274,111,117
275,112,110
276,158,45
277,121,82
278,126,108
279,125,103
280,154,95
281,111,100
282,145,42
283,153,42
284,162,17
285,117,50
286,125,52
287,136,131
288,155,119
289,120,113
290,115,116
291,128,131
292,126,132
293,156,37
294,125,110
295,133,44
296,134,38
297,142,4
298,160,27
299,139,20
300,161,41
301,164,35
302,109,131
303,116,130
304,121,130
305,119,114
306,127,131
307,124,136
308,125,132
309,118,114
310,117,134
311,112,135
312,106,136
313,107,164
314,106,157
315,107,151
316,106,145
317,105,140
318,116,136
319,118,138
320,120,141
321,122,144
322,130,124
323,161,83
324,120,134
325,122,135
326,111,119
327,123,113
328,113,118
329,127,85
330,139,89
331,126,105
332,156,9
333,153,22
334,147,36
335,125,149
336,119,42
337,123,20
338,125,1
339,146,66
340,159,71
341,119,64
342,155,53
343,116,78
344,122,109
345,165,74
346,155,77
347,147,81
348,135,80
349,126,77
350,120,74
351,108,72
352,166,89
353,159,52
354,107,120
355,121,90
356,164,53
357,116,72
358,126,104
359,153,58
360,122,102
361,159,100
362,120,62
363,117,101
364,147,144
365,144,150
366,166,87
367,154,133
368,165,45
369,122,177
370,106,121
371,127,94
372,163,60
373,141,65
374,134,65
375,126,137
376,164,102
377,110,188
378,128,172
379,135,163
380,129,64
381,124,62
382,121,62
383,162,49
384,126,56
385,132,54
386,139,53
387,144,54
388,148,55
389,166,38
390,145,63
391,124,123
392,121,113
393,111,124
394,138,156
395,131,166
396,111,185
397,150,136
398,122,60
399,113,84
400,120,182
401,164,102
402,111,138
403,113,142
404,115,146
405,115,152
406,117,158
407,123,132
408,125,131
409,126,130
410,134,127
411,158,109
412,112,75
413,115,58
414,119,58
415,121,133
416,156,124
417,110,60
418,120,163
419,109,81
420,119,95
421,109,170
422,135,143
423,131,109
424,128,153
425,146,107
426,136,115
427,150,116
428,110,178
429,122,97
430,138,148
431,130,159
432,141,133
433,161,114
434,148,134
435,160,117
436,141,122
437,117,87
438,120,113
439,124,112
440,118,109
441,121,53
442,132,48
443,142,46
444,150,47
445,154,49
446,155,59
447,167,72
448,150,70
449,143,73
450,134,73
451,126,71
452,121,70
453,117,68
454,162,68
455,123,112
456,114,92
457,116,115
458,111,118
459,115,115
460,121,114
461,110,119
462,108,120
463,117,63
464,114,65
465,112,67
466,150,57
467,153,54
468,54,56
469,62,56
470,54,48
471,45,55
472,53,63
473,139,58
474,146,58
475,139,51
476,132,57
477,139,65
