0,96,129
1,93,112
2,95,118
3,87,85
4,92,104
5,93,93
6,94,66
7,48,63
8,94,45
9,94,35
10,95,-1
11,96,132
12,97,136
13,97,139
14,98,156
15,98,161
16,98,166
17,98,171
18,99,172
19,93,116
20,87,115
21,30,34
22,67,69
23,60,69
24,54,69
25,46,65
26,73,67
27,57,47
28,65,48
29,49,48
30,45,52
31,41,70
32,74,178
33,46,61
34,27,66
35,35,65
36,62,102
37,86,127
38,88,136
39,78,130
40,73,133
41,82,136
42,77,138
43,67,150
44,87,112
45,85,104
46,37,45
47,76,82
48,72,108
49,72,103
50,43,100
51,86,94
52,51,37
53,43,39
54,34,21
55,80,44
56,72,51
57,62,141
58,38,136
59,77,112
60,83,115
61,70,141
62,72,141
63,40,35
64,72,110
65,63,38
66,62,32
67,56,3
68,36,28
69,59,18
70,35,42
71,32,39
72,87,132
73,80,133
74,75,136
75,79,113
76,71,141
77,73,148
78,73,142
79,80,111
80,79,139
81,84,138
82,90,139
83,89,171
84,88,169
85,88,164
86,89,159
87,90,156
88,80,151
89,78,152
90,76,154
91,75,157
92,67,130
93,31,98
94,94,117
95,77,147
96,75,147
97,85,118
98,75,115
99,84,116
100,69,87
101,58,92
102,71,106
103,42,11
104,44,21
105,49,31
106,72,158
107,78,35
108,75,17
109,73,0
110,49,68
111,35,75
112,76,65
113,40,55
114,80,78
115,75,106
116,29,81
117,38,81
118,45,83
119,58,82
120,67,79
121,74,76
122,88,68
123,30,97
124,36,54
125,90,116
126,76,90
127,29,64
128,79,72
129,71,106
130,43,61
131,76,100
132,33,116
133,77,63
134,81,96
135,48,156
136,51,164
137,27,98
138,41,145
139,29,51
140,73,185
141,91,117
142,70,96
143,31,66
144,54,65
145,60,65
146,72,149
147,32,112
148,86,197
149,67,184
150,59,175
151,94,16
152,101,199
153,66,64
154,71,63
155,75,63
156,33,53
157,70,57
158,64,55
159,58,54
160,52,56
161,49,58
162,29,48
163,51,64
164,96,124
165,73,126
166,77,111
167,86,124
168,95,55
169,57,167
170,65,176
171,85,192
172,44,152
173,75,61
174,83,81
175,100,194
176,75,191
177,29,115
178,84,154
179,83,156
180,81,160
181,80,165
182,79,165
183,74,139
184,72,138
185,71,137
186,63,135
187,39,117
188,84,72
189,81,57
190,77,58
191,76,140
192,41,135
193,86,57
194,77,171
195,93,84
196,88,77
197,94,75
198,79,93
199,100,186
200,99,178
201,87,177
202,62,153
203,66,112
204,69,162
205,52,111
206,61,120
207,48,123
208,86,185
209,75,97
210,57,158
211,66,168
212,56,142
213,35,125
214,49,144
215,34,131
216,57,129
217,80,86
218,78,109
219,74,110
220,80,105
221,75,50
222,64,45
223,54,43
224,46,45
225,41,49
226,40,62
227,26,82
228,44,73
229,50,75
230,59,75
231,67,73
232,74,71
233,78,69
234,30,81
235,75,112
236,83,88
237,82,111
238,86,114
239,82,112
240,77,114
241,88,115
242,89,116
243,79,63
244,82,65
245,83,66
246,47,59
247,43,56
248,100,85
249,150,60
250,102,115
251,180,27
252,129,67
253,136,67
254,143,67
255,154,62
256,122,66
257,140,44
258,131,46
259,148,45
260,153,49
261,160,67
262,128,178
263,153,58
264,184,61
265,169,60
266,135,100
267,107,127
268,107,136
269,119,129
270,126,132
271,116,136
272,123,136
273,137,149
274,99,112
275,100,104
276,163,41
277,119,81
278,120,107
279,121,102
280,158,97
281,100,94
282,144,35
283,155,36
284,171,15
285,111,44
286,123,50
287,142,140
288,182,133
289,114,111
290,108,114
291,135,139
292,133,139
293,159,31
294,121,109
295,129,37
296,130,30
297,138,0
298,164,23
299,133,14
300,168,37
301,173,33
302,107,131
303,117,133
304,125,134
305,113,113
306,134,139
307,130,146
308,132,140
309,109,110
310,122,138
311,115,138
312,107,138
313,111,170
314,110,169
315,109,164
316,108,159
317,107,155
318,122,149
319,123,150
320,125,153
321,127,155
322,132,128
323,189,94
324,127,145
325,129,146
326,106,117
327,119,114
328,107,116
329,127,85
330,140,89
331,123,105
332,158,5
333,152,16
334,146,28
335,130,157
336,113,34
337,115,15
338,118,-2
339,150,65
340,168,72
341,118,65
342,161,52
343,113,77
344,114,105
345,177,77
346,162,78
347,152,81
348,137,80
349,127,78
350,119,75
351,102,67
352,177,93
353,166,50
354,97,115
355,119,89
356,188,59
357,113,72
358,124,105
359,157,58
360,115,99
361,187,113
362,119,63
363,107,96
364,163,155
365,164,164
366,186,94
367,172,144
368,179,46
369,130,185
370,97,117
371,126,94
372,176,61
373,142,63
374,136,63
375,132,147
376,176,109
377,117,197
378,141,184
379,152,175
380,130,63
381,124,63
382,120,63
383,172,47
384,126,56
385,132,53
386,139,52
387,145,53
388,149,55
389,185,41
390,147,62
391,123,125
392,114,110
393,107,124
394,152,167
395,141,176
396,116,192
397,174,151
398,121,61
399,107,80
400,130,191
401,184,111
402,115,153
403,117,155
404,118,159
405,119,163
406,122,165
407,129,138
408,131,137
409,132,135
410,138,133
411,165,114
412,107,71
413,112,57
414,117,58
415,128,138
416,168,133
417,104,57
418,125,170
419,101,77
420,113,92
421,113,177
422,143,152
423,131,110
424,135,162
425,148,109
426,138,118
427,155,120
428,115,185
429,118,95
430,149,158
431,139,168
432,149,141
433,175,122
434,158,142
435,181,128
436,145,127
437,113,84
438,111,109
439,117,110
440,107,104
441,118,49
442,130,43
443,141,41
444,150,42
445,157,46
446,162,59
447,186,77
448,155,70
449,147,73
450,137,73
451,127,72
452,120,71
453,115,69
454,189,76
455,118,111
456,106,88
457,105,110
458,102,114
459,106,111
460,116,113
461,100,115
462,100,116
463,116,63
464,111,65
465,108,67
466,152,56
467,157,52
468,61,59
469,68,59
470,61,52
471,53,59
472,61,66
473,141,57
474,148,57
475,140,50
476,133,57
477,141,64
