0,97,133
1,93,105
2,95,113
3,87,81
4,92,97
5,93,87
6,95,64
7,44,66
8,96,41
9,95,29
10,96,-5
11,97,135
12,98,136
13,98,137
14,98,138
15,97,140
16,97,143
17,97,146
18,98,156
19,93,109
20,88,109
21,20,35
22,64,72
23,57,73
24,50,72
25,41,68
26,70,69
27,52,46
28,61,47
29,44,49
30,39,53
31,36,73
32,73,168
33,41,63
34,19,69
35,28,67
36,59,101
37,89,132
38,90,136
39,82,133
40,78,135
41,85,136
42,80,136
43,66,145
44,87,105
45,85,98
46,29,45
47,74,82
48,72,104
49,72,100
50,37,101
51,86,88
52,43,33
53,34,37
54,24,21
55,76,37
56,68,51
57,60,138
58,35,136
59,78,108
60,84,110
61,72,137
62,73,137
63,30,32
64,73,107
65,57,32
66,55,25
67,50,1
68,27,27
69,53,15
70,25,42
71,22,39
72,90,134
73,83,135
74,79,135
75,80,109
76,72,137
77,75,138
78,74,137
79,80,105
80,82,137
81,86,137
82,91,137
83,89,156
84,89,145
85,89,142
86,90,139
87,91,137
88,81,137
89,80,138
90,78,139
91,77,141
92,66,126
93,26,101
94,94,111
95,78,137
96,77,137
97,86,113
98,76,112
99,85,111
100,66,87
101,54,92
102,71,104
103,33,9
104,36,19
105,40,27
106,72,149
107,73,26
108,72,13
109,70,-3
110,44,71
111,29,78
112,74,66
113,33,57
114,79,77
115,75,101
116,22,83
117,33,83
118,42,85
119,56,84
120,66,81
121,74,76
122,88,66
123,24,99
124,28,55
125,90,109
126,75,89
127,21,68
128,79,71
129,71,104
130,38,64
131,75,96
132,30,118
133,75,64
134,80,91
135,45,153
136,49,160
137,22,100
138,37,144
139,20,53
140,73,175
141,91,110
142,68,95
143,23,69
144,50,68
145,56,69
146,74,139
147,27,113
148,87,184
149,67,174
150,59,169
151,95,13
152,102,185
153,62,68
154,68,66
155,72,65
156,24,54
157,68,58
158,61,56
159,55,56
160,49,57
161,45,60
162,19,50
163,46,67
164,95,119
165,73,122
166,78,107
167,85,119
168,96,53
169,55,161
170,64,168
171,85,180
172,42,150
173,72,61
174,83,78
175,100,181
176,76,180
177,26,116
178,86,137
179,84,139
180,83,141
181,82,143
182,79,153
183,77,137
184,75,136
185,74,136
186,62,132
187,34,117
188,84,71
189,79,55
190,75,57
191,78,137
192,36,134
193,85,53
194,76,160
195,94,79
196,88,74
197,94,72
198,78,90
199,99,174
200,99,165
201,87,164
202,60,148
203,65,110
204,67,155
205,47,110
206,58,118
207,43,122
208,85,173
209,74,95
210,55,154
211,64,161
212,53,140
213,30,125
214,45,141
215,30,131
216,53,127
217,79,83
218,78,104
219,74,106
220,80,99
221,72,46
222,59,41
223,48,41
224,40,44
225,35,49
226,34,65
227,20,84
228,39,76
229,46,78
230,56,78
231,65,76
232,72,73
233,77,69
234,24,84
235,75,108
236,82,85
237,82,104
238,87,108
239,83,105
240,78,110
241,88,108
242,89,110
243,77,63
244,81,64
245,83,65
246,43,62
247,37,57
248,101,80
249,160,62
250,101,109
251,194,27
252,135,70
253,144,70
254,152,69
255,163,64
256,128,68
257,148,42
258,138,43
259,158,44
260,164,48
261,170,68
262,130,167
263,163,59
264,197,61
265,179,60
266,140,98
267,106,132
268,106,136
269,115,134
270,122,136
271,113,137
272,120,137
273,136,144
274,99,104
275,100,97
276,176,36
277,123,80
278,121,103
279,122,99
280,167,97
281,100,88
282,156,26
283,168,30
284,184,13
285,116,35
286,129,48
287,142,137
288,192,132
289,114,107
290,108,109
291,131,138
292,130,138
293,173,24
294,121,106
295,139,27
296,141,20
297,147,-3
298,177,19
299,141,9
300,181,32
301,187,31
302,106,134
303,114,135
304,121,136
305,113,109
306,131,138
307,126,139
308,129,138
309,110,104
310,119,138
311,113,137
312,106,137
313,109,155
314,107,145
315,106,142
316,106,140
317,105,138
318,119,138
319,120,139
320,121,140
321,122,142
322,131,125
323,200,95
324,124,138
325,125,138
326,105,112
327,119,111
328,106,111
329,132,84
330,147,89
331,124,102
332,170,2
333,163,12
334,159,19
335,129,148
336,119,23
337,119,11
338,123,-6
339,159,67
340,178,72
341,123,66
342,172,50
343,117,75
344,115,100
345,189,77
346,173,78
347,163,82
348,146,82
349,134,79
350,124,76
351,104,65
352,187,93
353,178,47
354,97,108
355,121,87
356,201,60
357,117,72
358,125,103
359,167,59
360,116,95
361,197,113
362,122,63
363,108,90
364,169,151
365,171,158
366,197,94
367,181,140
368,192,45
369,133,174
370,97,110
371,129,93
372,186,60
373,151,66
374,144,66
375,128,140
376,186,108
377,118,184
378,144,174
379,156,167
380,137,66
381,130,65
382,125,64
383,184,45
384,130,56
385,138,53
386,146,53
387,154,54
388,158,56
389,199,42
390,156,64
391,123,121
392,114,106
393,106,119
394,157,160
395,145,167
396,118,179
397,182,147
398,125,60
399,109,77
400,132,180
401,194,111
402,112,137
403,114,139
404,114,141
405,115,144
406,120,152
407,125,138
408,126,137
409,127,137
410,138,131
411,174,113
412,110,70
413,116,54
414,121,56
415,124,138
416,176,130
417,108,53
418,126,160
419,102,73
420,115,89
421,112,164
422,145,147
423,133,108
424,136,154
425,154,107
426,141,116
427,161,119
428,116,173
429,121,93
430,153,152
431,142,160
432,152,138
433,184,121
434,164,139
435,190,126
436,148,125
437,115,82
438,112,103
439,118,105
440,108,98
441,123,44
442,138,37
443,151,36
444,162,38
445,169,43
446,172,59
447,198,78
448,166,72
449,157,74
450,145,75
451,134,74
452,125,72
453,119,69
454,201,77
455,118,107
456,108,84
457,105,103
458,102,107
459,106,105
460,116,110
461,100,108
462,100,110
463,119,63
464,115,64
465,112,66
466,161,58
467,167,52
468,61,62
469,70,62
470,60,54
471,52,63
472,61,71
473,144,59
474,155,59
475,144,50
476,133,60
477,145,68
