0,100,135
1,101,103
2,98,112
3,93,80
4,101,95
5,101,86
6,99,65
7,38,64
8,99,48
9,100,38
10,101,-1
11,99,137
12,99,139
13,98,140
14,98,140
15,98,142
16,98,144
17,98,147
18,95,162
19,100,107
20,92,108
21,1,33
22,61,71
23,53,72
24,45,71
25,34,67
26,68,69
27,50,47
28,60,48
29,41,49
30,35,52
31,26,71
32,62,176
33,35,62
34,-3,69
35,15,66
36,55,100
37,90,133
38,90,137
39,80,133
40,73,134
41,81,136
42,74,136
43,57,147
44,94,102
45,94,95
46,23,47
47,72,82
48,74,102
49,73,99
50,27,100
51,94,87
52,46,38
53,33,41
54,13,19
55,82,46
56,68,52
57,50,140
58,-3,146
59,80,107
60,86,109
61,62,134
62,64,135
63,28,36
64,73,106
65,62,40
66,61,34
67,52,0
68,22,27
69,59,15
70,17,43
71,10,38
72,90,135
73,81,135
74,73,135
75,81,108
76,63,135
77,67,137
78,65,135
79,84,103
80,75,137
81,82,137
82,90,139
83,84,161
84,88,146
85,89,143
86,89,141
87,90,139
88,75,137
89,74,137
90,73,139
91,71,140
92,61,126
93,-11,106
94,99,109
95,70,136
96,69,136
97,88,112
98,74,111
99,87,110
100,63,86
101,49,91
102,71,102
103,30,7
104,38,19
105,43,33
106,64,153
107,80,36
108,79,15
109,75,-2
110,38,70
111,16,77
112,73,68
113,26,57
114,79,77
115,79,99
116,5,82
117,23,82
118,34,84
119,51,83
120,63,81
121,71,77
122,91,67
123,5,99
124,19,55
125,96,107
126,73,89
127,-10,69
128,78,73
129,69,103
130,31,62
131,79,94
132,-9,126
133,73,65
134,86,90
135,20,162
136,18,173
137,-6,103
138,8,152
139,3,52
140,59,185
141,96,109
142,65,94
143,7,67
144,46,67
145,53,68
146,66,137
147,4,115
148,74,196
149,46,188
150,33,182
151,100,17
152,92,198
153,60,67
154,67,66
155,71,66
156,11,54
157,66,57
158,59,54
159,51,53
160,44,55
161,40,58
162,-5,49
163,42,66
164,98,118
165,70,121
166,80,105
167,87,119
168,99,57
169,34,171
170,46,178
171,75,190
172,6,162
173,71,62
174,86,78
175,93,191
176,60,193
177,-5,121
178,82,137
179,81,139
180,80,141
181,79,144
182,73,157
183,69,135
184,68,135
185,67,134
186,54,132
187,18,118
188,85,71
189,80,59
190,74,59
191,70,136
192,15,139
193,88,59
194,67,167
195,100,79
196,92,74
197,100,72
198,80,89
199,94,182
200,94,172
201,80,171
202,47,152
203,61,110
204,56,161
205,40,109
206,52,117
207,31,123
208,77,181
209,74,94
210,38,160
211,50,169
212,41,142
213,6,130
214,28,146
215,-1,138
216,44,128
217,80,83
218,82,102
219,76,104
220,86,96
221,74,51
222,61,46
223,49,44
224,39,46
225,31,50
226,24,64
227,-6,86
228,31,75
229,40,77
230,51,77
231,62,75
232,70,73
233,76,71
234,-11,87
235,76,107
236,86,83
237,88,102
238,92,106
239,88,103
240,78,109
241,93,106
242,93,109
243,76,65
244,80,67
245,83,68
246,37,60
247,31,57
248,106,80
249,150,70
250,105,108
251,177,42
252,128,75
253,136,76
254,143,76
255,153,73
256,123,73
257,141,51
258,132,52
259,149,54
260,154,58
261,158,77
262,122,177
263,153,68
264,179,76
265,166,73
266,136,103
267,109,134
268,107,139
269,116,135
270,121,137
271,113,139
272,118,139
273,129,149
274,107,103
275,108,96
276,164,55
277,120,84
278,121,104
279,122,100
280,159,104
281,107,87
282,147,44
283,157,48
284,172,27
285,114,47
286,124,55
287,135,142
288,166,150
289,115,108
290,109,110
291,127,140
292,125,140
293,161,44
294,120,107
295,133,43
296,135,38
297,144,5
298,167,34
299,139,20
300,168,52
301,173,46
302,108,137
303,115,137
304,119,138
305,113,109
306,126,140
307,123,141
308,124,140
309,113,104
310,116,139
311,111,140
312,105,140
313,105,161
314,106,147
315,107,144
316,106,142
317,106,140
318,116,140
319,118,141
320,119,142
321,120,144
322,129,128
323,175,112
324,120,140
325,121,140
326,107,112
327,117,112
328,108,111
329,128,89
330,141,94
331,122,104
332,161,15
333,156,25
334,150,39
335,123,154
336,117,38
337,121,18
338,125,0
339,149,75
340,165,82
341,119,71
342,160,63
343,115,78
344,118,100
345,175,89
346,159,87
347,150,88
348,136,86
349,126,83
350,118,79
351,106,67
352,175,104
353,166,63
354,103,107
355,119,90
356,179,77
357,113,75
358,122,105
359,156,69
360,118,96
361,171,131
362,119,68
363,113,91
364,154,164
365,151,174
366,179,109
367,164,155
368,177,60
369,122,185
370,102,109
371,126,96
372,172,75
373,143,72
374,136,72
375,124,142
376,173,120
377,108,196
378,130,188
379,140,182
380,130,72
381,124,70
382,121,69
383,171,63
384,125,61
385,131,57
386,138,57
387,145,59
388,149,62
389,180,58
390,147,71
391,121,123
392,115,106
393,108,119
394,143,172
395,133,179
396,109,190
397,159,164
398,121,65
399,111,79
400,120,192
401,176,126
402,111,140
403,113,141
404,113,143
405,114,146
406,115,158
407,122,139
408,123,139
409,124,138
410,134,134
411,164,122
412,110,72
413,114,61
414,118,62
415,120,139
416,163,142
417,107,59
418,119,168
419,106,74
420,116,90
421,107,171
422,136,154
423,129,112
424,128,162
425,148,113
426,137,120
427,154,126
428,109,181
429,119,95
430,142,162
431,132,170
432,143,145
433,170,134
434,153,149
435,171,142
436,142,130
437,115,84
438,115,103
439,119,106
440,113,97
441,120,54
442,132,49
443,143,49
444,152,51
445,158,57
446,160,71
447,180,92
448,154,80
449,146,81
450,136,81
451,127,79
452,120,76
453,115,73
454,176,94
455,118,108
456,112,84
457,111,103
458,106,107
459,110,104
460,115,110
461,105,107
462,104,109
463,116,68
464,112,68
465,109,69
466,152,65
467,157,63
468,53,60
469,63,59
470,52,50
471,42,60
472,53,70
473,133,64
474,145,64
475,134,55
476,122,63
477,133,73
