0,104,128
1,99,102
2,97,112
3,91,80
4,99,94
5,99,85
6,98,65
7,38,66
8,98,43
9,98,32
10,98,0
11,104,131
12,103,133
13,102,135
14,102,145
15,102,149
16,102,152
17,101,157
18,95,168
19,98,107
20,90,108
21,4,39
22,59,74
23,51,74
24,44,73
25,34,68
26,66,72
27,50,48
28,59,49
29,42,49
30,36,53
31,26,73
32,61,176
33,35,64
34,0,73
35,16,68
36,52,100
37,92,126
38,92,133
39,78,129
40,69,132
41,81,133
42,72,135
43,53,148
44,92,102
45,91,94
46,24,45
47,70,83
48,70,102
49,69,99
50,25,100
51,91,86
52,45,34
53,33,38
54,12,24
55,79,41
56,66,53
57,47,140
58,7,146
59,76,107
60,84,109
61,56,138
62,59,138
63,28,33
64,69,106
65,60,34
66,58,28
67,47,3
68,18,28
69,52,15
70,18,43
71,10,41
72,91,130
73,80,131
74,71,133
75,78,109
76,58,138
77,63,141
78,60,138
79,81,104
80,74,135
81,82,134
82,92,134
83,82,166
84,88,156
85,89,151
86,90,148
87,91,145
88,73,142
89,72,143
90,69,145
91,67,147
92,58,125
93,-1,109
94,98,110
95,67,140
96,65,141
97,86,112
98,71,111
99,85,111
100,60,87
101,46,91
102,67,103
103,26,11
104,32,19
105,42,28
106,60,155
107,77,30
108,74,15
109,71,0
110,37,71
111,16,79
112,70,69
113,26,57
114,77,78
115,76,99
116,6,84
117,23,83
118,34,85
119,50,84
120,61,82
121,70,78
122,89,67
123,6,99
124,19,56
125,94,107
126,71,89
127,-2,74
128,77,74
129,66,104
130,31,64
131,75,94
132,1,127
133,71,67
134,83,89
135,25,160
136,24,171
137,0,104
138,14,151
139,4,56
140,59,185
141,95,110
142,62,95
143,8,70
144,45,69
145,51,70
146,61,143
147,7,115
148,75,197
149,48,186
150,37,180
151,98,16
152,93,199
153,58,70
154,64,69
155,68,68
156,12,55
157,64,60
158,58,58
159,52,57
160,45,58
161,40,60
162,0,55
163,41,67
164,97,117
165,66,121
166,76,105
167,85,118
168,97,55
169,36,170
170,47,177
171,75,191
172,15,160
173,69,64
174,84,78
175,94,193
176,60,192
177,1,121
178,82,143
179,80,145
180,78,149
181,77,152
182,70,162
183,65,136
184,63,135
185,61,135
186,51,132
187,18,117
188,83,72
189,77,58
190,72,60
191,67,137
192,17,137
193,85,57
194,65,169
195,98,78
196,90,74
197,98,72
198,77,89
199,94,184
200,94,175
201,79,174
202,46,152
203,58,110
204,54,161
205,38,109
206,50,117
207,30,122
208,77,182
209,71,94
210,39,159
211,49,168
212,39,142
213,9,129
214,28,145
215,5,137
216,43,127
217,77,84
218,79,102
219,73,105
220,83,96
221,71,49
222,59,43
223,48,42
224,39,44
225,31,49
226,24,66
227,-1,89
228,31,76
229,39,78
230,50,79
231,60,78
232,68,75
233,74,72
234,-2,92
235,72,107
236,84,83
237,86,102
238,90,106
239,85,104
240,74,110
241,92,107
242,92,109
243,74,66
244,78,67
245,82,67
246,38,62
247,31,57
248,106,80
249,156,70
250,105,108
251,185,47
252,134,76
253,142,77
254,150,76
255,160,73
256,127,74
257,146,52
258,136,52
259,155,54
260,160,58
261,166,78
262,125,177
263,159,68
264,188,79
265,175,74
266,141,103
267,115,127
268,113,133
269,124,129
270,130,132
271,120,134
272,125,135
273,135,150
274,106,102
275,107,95
276,172,51
277,123,85
278,125,104
279,126,100
280,166,104
281,107,87
282,153,39
283,164,43
284,179,31
285,117,44
286,128,56
287,142,142
288,173,150
289,118,108
290,111,110
291,135,138
292,133,138
293,169,39
294,125,108
295,138,38
296,139,31
297,148,7
298,175,34
299,144,19
300,177,48
301,182,48
302,114,130
303,122,132
304,128,134
305,116,109
306,134,138
307,131,142
308,132,138
309,114,104
310,123,136
311,118,135
312,111,134
313,107,167
314,113,156
315,113,152
316,112,148
317,111,145
318,123,142
319,125,143
320,127,145
321,129,148
322,134,127
323,184,115
324,126,140
325,129,141
326,109,113
327,122,112
328,110,112
329,132,90
330,147,95
331,127,104
332,168,18
333,163,24
334,156,33
335,128,157
336,120,32
337,123,17
338,126,2
339,156,75
340,175,84
341,123,72
342,168,62
343,117,79
344,120,100
345,183,91
346,170,88
347,160,89
348,144,88
349,132,85
350,123,81
351,106,67
352,183,105
353,174,62
354,102,107
355,123,91
356,187,81
357,117,76
358,128,105
359,163,69
360,121,96
361,180,132
362,122,69
363,114,90
364,158,162
365,155,172
366,187,111
367,168,154
368,185,63
369,126,185
370,101,110
371,130,97
372,181,76
373,149,72
374,143,72
375,133,143
376,181,120
377,111,197
378,134,186
379,144,180
380,136,72
381,129,71
382,125,70
383,179,61
384,130,63
385,136,61
386,143,61
387,150,62
388,154,64
389,188,63
390,153,71
391,127,122
392,118,106
393,110,118
394,147,171
395,137,178
396,112,191
397,164,163
398,125,67
399,112,79
400,124,192
401,183,127
402,117,144
403,119,146
404,121,149
405,122,153
406,119,163
407,129,136
408,132,136
409,134,135
410,140,134
411,171,122
412,111,73
413,116,60
414,121,63
415,127,137
416,168,141
417,109,58
418,123,170
419,106,74
420,118,90
421,109,174
422,141,154
423,134,112
424,133,163
425,154,113
426,142,120
427,160,125
428,111,183
429,123,96
430,147,161
431,136,169
432,149,144
433,177,133
434,158,147
435,178,142
436,148,130
437,117,85
438,117,103
439,122,106
440,114,97
441,123,52
442,137,47
443,149,47
444,159,49
445,165,55
446,168,71
447,188,95
448,162,80
449,154,82
450,143,82
451,133,80
452,125,77
453,119,74
454,186,98
455,122,108
456,112,84
457,111,102
458,106,107
459,111,104
460,119,111
461,105,107
462,103,109
463,119,69
464,115,69
465,112,69
466,157,66
467,163,63
468,53,64
469,63,64
470,53,55
471,44,64
472,54,73
473,140,67
474,150,67
475,140,58
476,129,66
477,139,75
