0,94,131
1,83,105
2,91,114
3,81,81
4,82,97
5,83,88
6,90,64
7,56,65
8,91,42
9,89,30
10,87,-8
11,94,134
12,95,138
13,97,141
14,97,141
15,96,145
16,96,151
17,97,156
18,102,157
19,86,109
20,84,110
21,43,35
22,75,72
23,68,74
24,62,73
25,56,67
26,80,69
27,59,45
28,67,45
29,53,48
30,50,52
31,53,72
32,87,168
33,54,61
34,50,67
35,50,64
36,67,103
37,88,130
38,91,138
39,83,134
40,82,139
41,88,140
42,86,142
43,80,150
44,79,105
45,76,98
46,42,45
47,77,83
48,73,106
49,74,102
50,53,105
51,78,89
52,48,36
53,43,39
54,41,21
55,74,41
56,75,49
57,75,145
58,72,135
59,79,110
60,84,112
61,83,147
62,84,146
63,40,33
64,76,110
65,57,36
66,55,29
67,53,0
68,41,27
69,55,15
70,41,41
71,41,39
72,89,135
73,85,137
74,83,140
75,81,111
76,83,146
77,84,147
78,85,146
79,77,106
80,88,143
81,90,141
82,93,141
83,96,157
84,91,156
85,90,150
86,91,145
87,93,141
88,88,143
89,86,145
90,85,148
91,84,151
92,75,131
93,65,99
94,89,112
95,87,144
96,85,145
97,85,115
98,80,114
99,84,113
100,72,88
101,63,94
102,75,106
103,44,9
104,45,19
105,45,29
106,84,153
107,69,30
108,69,13
109,67,-4
110,58,71
111,50,78
112,82,67
113,48,55
114,80,77
115,73,102
116,47,84
117,51,85
118,56,89
119,67,87
120,75,83
121,80,79
122,85,66
123,48,100
124,46,54
125,83,109
126,77,90
127,57,66
128,83,74
129,76,106
130,53,61
131,74,97
132,69,116
133,83,63
134,75,92
135,72,154
136,79,159
137,54,100
138,67,144
139,45,52
140,89,173
141,86,111
142,74,97
143,50,65
144,61,69
145,67,70
146,83,148
147,53,115
148,101,182
149,89,173
150,85,168
151,87,11
152,113,184
153,73,68
154,79,66
155,82,64
156,45,51
157,77,55
158,70,52
159,63,52
160,58,54
161,55,57
162,49,49
163,57,67
164,92,121
165,78,125
166,77,108
167,86,122
168,92,53
169,78,162
170,84,167
171,97,179
172,76,149
173,81,60
174,80,79
175,109,180
176,94,178
177,58,116
178,90,142
179,88,145
180,87,149
181,86,154
182,89,155
183,85,144
184,83,144
185,81,143
186,74,138
187,55,120
188,83,71
189,83,55
190,81,57
191,87,144
192,62,136
193,84,55
194,88,162
195,86,80
196,83,74
197,88,72
198,77,91
199,106,174
200,104,166
201,95,165
202,76,153
203,73,113
204,82,158
205,60,113
206,68,121
207,60,126
208,95,173
209,77,96
210,74,156
211,81,162
212,70,145
213,58,127
214,66,145
215,62,130
216,68,133
217,79,84
218,75,105
219,75,108
220,74,100
221,75,47
222,63,42
223,54,42
224,48,45
225,46,49
226,52,63
227,51,84
228,55,76
229,60,79
230,68,79
231,75,77
232,80,73
233,83,70
234,62,82
235,77,110
236,78,85
237,76,105
238,82,109
239,78,106
240,80,113
241,82,109
242,85,111
243,84,63
244,85,65
245,85,67
246,54,59
247,50,56
248,93,81
249,156,58
250,95,110
251,200,17
252,133,68
253,141,68
254,149,67
255,160,60
256,126,66
257,141,38
258,131,40
259,150,39
260,157,43
261,169,64
262,136,169
263,159,54
264,205,55
265,180,56
266,135,100
267,102,129
268,103,138
269,113,134
270,121,138
271,111,139
272,119,141
273,135,150
274,89,105
275,89,97
276,169,35
277,120,80
278,113,104
279,115,100
280,163,99
281,91,88
282,144,27
283,158,29
284,185,3
285,107,36
286,124,45
287,140,144
288,211,131
289,108,109
290,102,111
291,132,145
292,130,144
293,163,23
294,115,108
295,127,28
296,128,21
297,138,-11
298,174,12
299,131,5
300,176,31
301,188,24
302,102,134
303,112,137
304,120,139
305,106,111
306,131,145
307,127,145
308,129,144
309,101,105
310,118,142
311,111,141
312,104,140
313,111,157
314,106,155
315,104,150
316,104,145
317,104,141
318,118,142
319,120,144
320,121,147
321,123,150
322,126,130
323,218,89
324,124,143
325,125,144
326,100,114
327,114,113
328,101,113
329,129,84
330,142,90
331,118,104
332,164,-6
333,155,5
334,147,20
335,129,153
336,108,24
337,109,8
338,113,-11
339,157,64
340,180,70
341,121,64
342,168,47
343,113,75
344,106,101
345,192,74
346,173,77
347,160,81
348,143,81
349,131,78
350,122,75
351,98,65
352,190,93
353,176,45
354,89,109
355,117,88
356,216,52
357,114,70
358,121,105
359,164,54
360,108,96
361,217,110
362,121,61
363,100,91
364,179,154
365,185,160
366,207,91
367,192,143
368,197,38
369,140,176
370,91,111
371,125,94
372,190,57
373,148,63
374,141,64
375,128,147
376,190,109
377,128,184
378,155,176
379,169,170
380,134,64
381,127,63
382,123,62
383,184,42
384,126,51
385,133,47
386,140,46
387,148,47
388,153,50
389,210,32
390,153,60
391,117,125
392,107,107
393,101,121
394,166,163
395,154,170
396,125,180
397,200,148
398,122,57
399,103,77
400,142,180
401,206,109
402,111,141
403,112,144
404,113,148
405,115,153
406,120,156
407,125,143
408,126,142
409,128,141
410,133,137
411,174,115
412,106,69
413,112,53
414,118,54
415,124,143
416,180,133
417,103,52
418,129,163
419,96,73
420,109,89
421,116,166
422,147,153
423,128,111
424,139,159
425,149,109
426,136,119
427,159,122
428,121,174
429,116,94
430,158,157
431,147,164
432,152,144
433,190,123
434,167,144
435,203,126
436,144,130
437,110,82
438,103,104
439,110,107
440,98,98
441,117,43
442,129,36
443,142,34
444,153,36
445,162,40
446,171,55
447,207,73
448,164,69
449,154,72
450,143,74
451,132,72
452,124,70
453,118,67
454,218,70
455,111,109
456,101,84
457,95,104
458,94,108
459,97,106
460,110,112
461,92,109
462,93,111
463,117,61
464,112,62
465,108,64
466,156,52
467,162,47
468,69,60
469,77,58
470,68,50
471,61,61
472,70,69
473,138,54
474,149,53
475,138,44
476,128,54
477,139,64
