0,94,131
1,96,107
2,97,114
3,90,82
4,95,99
5,96,89
6,98,64
7,43,64
8,99,40
9,99,28
10,100,-7
11,95,133
12,95,134
13,96,135
14,97,153
15,97,155
16,97,159
17,97,162
18,100,170
19,96,111
20,90,111
21,19,31
22,65,73
23,57,74
24,50,72
25,41,66
26,71,71
27,54,45
28,63,46
29,46,46
30,41,50
31,36,70
32,73,174
33,41,61
34,18,65
35,28,63
36,59,100
37,86,130
38,87,134
39,79,132
40,75,134
41,82,134
42,78,135
43,64,146
44,89,107
45,88,99
46,31,42
47,75,82
48,74,104
49,73,100
50,36,98
51,89,90
52,48,33
53,38,36
54,25,17
55,81,40
56,71,51
57,59,136
58,33,134
59,80,109
60,86,111
61,70,137
62,73,137
63,34,31
64,74,107
65,62,33
66,60,26
67,54,-2
68,28,23
69,57,11
70,28,38
71,22,35
72,86,132
73,80,133
74,76,134
75,82,110
76,72,137
77,74,142
78,74,137
79,82,107
80,80,136
81,83,135
82,89,135
83,88,169
84,87,160
85,88,157
86,89,154
87,90,151
88,81,145
89,79,146
90,77,147
91,76,148
92,65,125
93,23,97
94,97,113
95,78,142
96,76,142
97,88,114
98,76,111
99,87,113
100,67,86
101,53,90
102,72,103
103,35,5
104,39,14
105,45,26
106,70,155
107,79,28
108,77,11
109,75,-6
110,44,70
111,28,74
112,76,69
113,34,54
114,81,77
115,78,102
116,21,79
117,32,80
118,41,84
119,55,84
120,66,81
121,74,78
122,91,66
123,22,95
124,29,52
125,92,111
126,76,89
127,18,64
128,80,74
129,72,104
130,38,61
131,78,97
132,27,115
133,76,66
134,83,92
135,46,152
136,49,160
137,19,97
138,37,142
139,20,49
140,73,180
141,94,112
142,69,94
143,23,63
144,50,69
145,57,70
146,73,142
147,24,110
148,87,191
149,67,177
150,59,169
151,99,11
152,102,193
153,63,70
154,70,68
155,74,67
156,25,49
157,70,57
158,63,54
159,56,53
160,49,54
161,45,57
162,17,46
163,46,67
164,98,120
165,73,121
166,79,108
167,87,120
168,99,52
169,56,162
170,65,170
171,85,187
172,41,149
173,74,62
174,85,78
175,101,190
176,76,185
177,23,113
178,84,148
179,83,150
180,81,152
181,80,155
182,78,163
183,75,136
184,73,136
185,72,135
186,60,130
187,32,114
188,86,71
189,81,57
190,77,59
191,77,137
192,36,132
193,88,56
194,75,168
195,97,81
196,91,74
197,98,73
198,80,90
199,101,184
200,101,176
201,87,175
202,59,148
203,65,109
204,66,159
205,47,109
206,58,117
207,42,120
208,85,181
209,76,94
210,55,154
211,64,164
212,53,138
213,28,123
214,45,140
215,29,128
216,53,125
217,81,84
218,80,105
219,76,107
220,83,100
221,75,48
222,63,42
223,51,41
224,42,43
225,37,47
226,34,62
227,18,81
228,39,74
229,46,77
230,56,78
231,66,77
232,73,74
233,78,71
234,20,81
235,77,109
236,85,85
237,85,106
238,89,110
239,85,107
240,79,111
241,90,110
242,92,112
243,79,65
244,82,66
245,85,67
246,43,59
247,38,55
248,104,82
249,159,65
250,103,111
251,192,31
252,136,73
253,145,73
254,153,72
255,162,67
256,129,70
257,147,44
258,137,46
259,156,46
260,162,50
261,169,71
262,130,175
263,162,62
264,193,65
265,177,65
266,141,100
267,105,130
268,105,134
269,116,132
270,123,133
271,113,134
272,120,134
273,139,146
274,102,107
275,103,99
276,173,42
277,124,81
278,122,104
279,123,100
280,167,99
281,103,90
282,153,32
283,165,35
284,184,16
285,117,39
286,129,50
287,145,136
288,180,135
289,116,109
290,109,111
291,133,135
292,131,136
293,169,30
294,122,108
295,137,32
296,139,25
297,150,-3
298,178,23
299,144,11
300,177,39
301,186,35
302,105,132
303,115,133
304,122,134
305,114,110
306,132,136
307,128,141
308,130,136
309,111,107
310,119,135
311,112,134
312,105,135
313,113,169
314,108,160
315,108,157
316,107,154
317,106,152
318,120,145
319,121,145
320,123,147
321,125,148
322,134,125
323,192,98
324,125,141
325,126,141
326,107,114
327,120,112
328,108,113
329,133,86
330,147,90
331,125,104
332,171,4
333,165,14
334,156,25
335,133,155
336,119,28
337,123,10
338,127,-6
339,159,70
340,177,76
341,124,68
342,170,55
343,118,77
344,117,102
345,186,80
346,172,81
347,162,84
348,147,83
349,135,81
350,126,77
351,106,66
352,184,95
353,176,53
354,100,111
355,123,89
356,197,64
357,119,73
358,126,104
359,165,62
360,118,97
361,188,116
362,123,65
363,111,92
364,162,154
365,161,162
366,191,97
367,172,144
368,190,49
369,130,181
370,99,113
371,130,94
372,184,66
373,152,68
374,145,70
375,130,142
376,182,111
377,117,191
378,139,179
379,149,172
380,138,69
381,131,68
382,126,66
383,181,51
384,131,57
385,138,54
386,145,53
387,153,55
388,157,58
389,196,46
390,156,67
391,125,122
392,115,108
393,109,120
394,151,164
395,141,172
396,117,188
397,171,151
398,126,62
399,111,78
400,129,186
401,187,114
402,114,149
403,115,150
404,116,152
405,118,155
406,124,163
407,126,135
408,128,134
409,129,134
410,141,129
411,172,115
412,112,71
413,118,56
414,122,58
415,125,135
416,171,133
417,110,55
418,128,168
419,105,74
420,117,90
421,115,175
422,145,149
423,134,110
424,137,160
425,154,109
426,142,117
427,160,120
428,117,182
429,122,94
430,150,156
431,140,165
432,151,138
433,179,124
434,160,141
435,182,130
436,149,125
437,117,84
438,114,105
439,119,107
440,110,100
441,124,47
442,137,41
443,149,40
444,159,42
445,166,47
446,170,63
447,193,81
448,165,74
449,157,77
450,146,78
451,136,76
452,127,74
453,121,71
454,195,81
455,119,109
456,110,85
457,108,106
458,104,110
459,108,107
460,117,111
461,102,110
462,102,112
463,121,65
464,117,66
465,114,66
466,160,60
467,165,55
468,61,61
469,72,61
470,62,51
471,51,61
472,61,71
473,143,60
474,153,60
475,142,50
476,132,60
477,143,70
