0,97,129
1,92,102
2,94,110
3,87,77
4,92,94
5,93,84
6,95,60
7,43,59
8,95,37
9,95,25
10,95,-12
11,97,132
12,97,136
13,97,138
14,97,139
15,97,143
16,97,147
17,97,152
18,97,156
19,93,106
20,88,106
21,18,27
22,64,68
23,57,69
24,50,68
25,41,62
26,69,66
27,52,40
28,61,42
29,45,42
30,40,45
31,36,67
32,73,167
33,41,56
34,15,62
35,27,60
36,60,98
37,90,128
38,92,136
39,85,131
40,81,136
41,88,137
42,84,139
43,68,146
44,87,102
45,85,95
46,29,37
47,74,78
48,74,102
49,73,98
50,38,99
51,86,85
52,45,28
53,36,30
54,23,12
55,77,36
56,68,47
57,63,140
58,27,138
59,80,106
60,85,108
61,79,142
62,80,142
63,31,24
64,75,105
65,58,29
66,57,22
67,50,-7
68,27,19
69,54,7
70,25,32
71,21,31
72,91,132
73,86,134
74,83,137
75,82,107
76,79,142
77,81,143
78,81,141
79,81,103
80,86,140
81,89,139
82,93,138
83,89,155
84,91,151
85,91,147
86,92,142
87,93,139
88,86,140
89,84,142
90,83,144
91,82,146
92,68,126
93,20,98
94,94,108
95,84,141
96,82,141
97,87,110
98,77,110
99,86,109
100,67,83
101,54,89
102,73,101
103,33,0
104,37,10
105,42,21
106,73,150
107,74,25
108,73,7
109,70,-11
110,44,66
111,29,73
112,73,64
113,33,49
114,79,73
115,77,98
116,20,79
117,34,79
118,43,83
119,57,82
120,67,78
121,74,74
122,88,62
123,22,96
124,28,47
125,90,106
126,75,86
127,16,62
128,79,70
129,73,102
130,37,56
131,77,93
132,22,118
133,73,61
134,81,88
135,41,155
136,43,163
137,17,97
138,32,145
139,18,46
140,72,174
141,91,108
142,69,92
143,22,61
144,50,64
145,56,65
146,80,144
147,24,112
148,85,184
149,64,175
150,54,170
151,95,6
152,100,186
153,62,64
154,67,63
155,71,62
156,23,45
157,67,53
158,61,50
159,55,50
160,48,51
161,44,53
162,16,43
163,46,62
164,95,116
165,74,121
166,79,104
167,86,117
168,95,49
169,52,162
170,61,168
171,84,179
172,34,153
173,71,58
174,83,74
175,99,180
176,74,180
177,20,115
178,89,140
179,87,142
180,86,145
181,85,149
182,80,153
183,82,140
184,81,140
185,79,139
186,64,133
187,33,116
188,84,67
189,78,53
190,74,54
191,84,140
192,34,134
193,85,52
194,76,160
195,93,76
196,88,70
197,94,68
198,79,87
199,98,173
200,98,164
201,87,163
202,60,149
203,67,108
204,67,156
205,48,108
206,60,117
207,44,121
208,84,172
209,76,92
210,54,155
211,63,161
212,54,141
213,27,125
214,44,142
215,24,131
216,55,127
217,79,80
218,79,101
219,76,104
220,81,96
221,72,44
222,60,37
223,49,36
224,41,37
225,35,42
226,33,58
227,15,80
228,40,71
229,47,74
230,57,74
231,65,73
232,72,70
233,76,67
234,18,80
235,77,106
236,82,81
237,83,101
238,87,105
239,83,103
240,79,108
241,88,106
242,89,107
243,75,61
244,80,62
245,83,63
246,42,54
247,37,50
248,100,77
249,155,60
250,100,106
251,192,22
252,134,69
253,142,69
254,149,68
255,159,62
256,128,66
257,143,40
258,134,41
259,151,41
260,157,45
261,166,66
262,127,168
263,158,57
264,195,59
265,175,59
266,136,98
267,104,128
268,103,136
269,111,132
270,115,136
271,108,137
272,112,139
273,130,147
274,99,102
275,99,94
276,168,36
277,120,78
278,117,101
279,118,97
280,162,97
281,100,85
282,147,27
283,159,29
284,182,7
285,113,36
286,127,46
287,135,141
288,191,137
289,111,106
290,105,108
291,120,142
292,118,142
293,163,23
294,117,105
295,132,28
296,132,21
297,145,-10
298,174,15
299,139,4
300,173,32
301,184,27
302,104,132
303,110,134
304,114,137
305,109,107
306,119,142
307,117,142
308,118,141
309,107,102
310,111,140
311,107,139
312,103,138
313,106,156
314,104,151
315,104,147
316,103,142
317,103,139
318,111,140
319,113,142
320,114,144
321,115,146
322,126,126
323,199,96
324,114,141
325,115,141
326,103,111
327,115,110
328,104,109
329,129,82
330,142,88
331,119,101
332,167,-3
333,160,7
334,149,19
335,124,150
336,114,24
337,118,5
338,121,-12
339,155,66
340,175,71
341,123,63
342,166,49
343,114,72
344,112,98
345,186,76
346,169,78
347,158,81
348,143,81
349,132,78
350,124,74
351,103,62
352,184,94
353,172,47
354,97,106
355,118,85
356,200,58
357,117,70
358,121,102
359,162,56
360,113,93
361,197,116
362,123,60
363,107,88
364,167,155
365,169,163
366,195,95
367,179,145
368,190,42
369,130,175
370,96,108
371,125,91
372,184,59
373,148,64
374,141,65
375,118,144
376,183,111
377,116,185
378,142,177
379,154,172
380,135,65
381,129,63
382,125,62
383,179,44
384,129,53
385,135,50
386,142,50
387,149,51
388,153,53
389,197,38
390,152,62
391,119,121
392,111,104
393,104,117
394,154,164
395,142,169
396,115,180
397,181,153
398,125,58
399,107,74
400,129,181
401,193,114
402,107,139
403,109,142
404,110,145
405,111,149
406,116,154
407,116,140
408,117,140
409,118,139
410,132,133
411,169,115
412,108,66
413,116,53
414,121,54
415,114,140
416,172,134
417,107,52
418,122,161
419,101,70
420,112,86
421,110,164
422,140,150
423,128,108
424,132,157
425,149,107
426,136,116
427,156,121
428,113,172
429,117,91
430,149,156
431,138,162
432,146,142
433,181,124
434,159,143
435,189,130
436,142,127
437,113,79
438,109,101
439,114,104
440,106,96
441,121,43
442,133,37
443,144,35
444,154,37
445,161,41
446,168,57
447,196,77
448,162,70
449,153,73
450,143,74
451,133,73
452,126,70
453,120,67
454,200,77
455,114,106
456,107,81
457,104,101
458,100,105
459,104,103
460,112,108
461,99,105
462,99,107
463,120,60
464,116,62
465,112,63
466,156,55
467,161,50
468,58,57
469,66,56
470,57,47
471,49,57
472,58,66
473,140,57
474,150,57
475,140,48
476,130,57
477,140,67
