0,96,127
1,98,104
2,97,112
3,91,80
4,99,96
5,99,86
6,98,64
7,38,63
8,98,46
9,99,35
10,100,-3
11,96,130
12,96,132
13,95,133
14,95,157
15,95,160
16,95,164
17,94,168
18,95,175
19,98,108
20,89,109
21,5,36
22,60,71
23,52,71
24,44,70
25,34,66
26,67,70
27,51,46
28,60,47
29,42,48
30,36,52
31,25,71
32,60,182
33,35,61
34,0,71
35,15,66
36,51,100
37,83,127
38,84,132
39,71,130
40,63,133
41,74,133
42,66,135
43,51,152
44,91,104
45,90,96
46,24,46
47,70,82
48,68,102
49,68,99
50,25,100
51,91,87
52,46,35
53,34,39
54,15,21
55,82,42
56,67,51
57,45,141
58,2,148
59,75,107
60,82,109
61,54,141
62,56,141
63,29,34
64,67,106
65,62,36
66,61,29
67,50,0
68,21,28
69,55,15
70,18,43
71,12,40
72,83,130
73,72,132
74,64,134
75,77,108
76,55,141
77,59,148
78,57,141
79,80,104
80,68,136
81,76,134
82,85,133
83,81,174
84,81,167
85,81,163
86,82,159
87,84,156
88,68,151
89,66,152
90,63,154
91,62,155
92,56,127
93,-5,108
94,97,110
95,63,147
96,61,147
97,85,112
98,70,111
99,83,111
100,60,86
101,46,90
102,65,102
103,29,9
104,35,19
105,44,30
106,58,160
107,80,31
108,76,14
109,73,-3
110,37,69
111,15,76
112,71,68
113,26,56
114,77,77
115,75,99
116,5,83
117,21,81
118,33,83
119,49,83
120,61,80
121,70,77
122,90,66
123,4,99
124,19,55
125,93,108
126,70,88
127,-3,71
128,77,73
129,64,103
130,31,62
131,74,95
132,-3,127
133,71,65
134,83,90
135,22,164
136,21,175
137,-3,104
138,11,154
139,5,54
140,58,191
141,94,110
142,62,94
143,7,68
144,45,66
145,52,67
146,57,148
147,4,116
148,74,203
149,47,192
150,35,185
151,99,14
152,92,205
153,59,67
154,65,67
155,69,66
156,12,54
157,65,58
158,59,54
159,52,53
160,45,55
161,40,57
162,0,52
163,41,65
164,96,118
165,65,122
166,75,106
167,83,119
168,98,55
169,34,174
170,46,182
171,74,197
172,11,164
173,69,62
174,84,78
175,93,199
176,59,198
177,-2,122
178,75,154
179,73,156
180,71,159
181,69,163
182,68,168
183,61,138
184,58,137
185,57,137
186,49,133
187,16,118
188,84,71
189,79,58
190,73,59
191,62,138
192,15,140
193,87,56
194,63,175
195,98,79
196,90,73
197,98,72
198,76,89
199,93,191
200,94,182
201,78,181
202,44,155
203,57,110
204,53,166
205,37,110
206,48,118
207,29,123
208,76,189
209,70,93
210,37,163
211,48,173
212,38,144
213,6,130
214,26,147
215,1,139
216,41,128
217,77,83
218,78,103
219,71,105
220,82,97
221,73,49
222,61,43
223,49,42
224,39,44
225,31,49
226,24,64
227,-2,87
228,30,74
229,39,76
230,50,77
231,60,75
232,68,73
233,74,71
234,-4,89
235,71,107
236,84,84
237,85,103
238,89,107
239,84,104
240,73,109
241,91,108
242,91,110
243,74,65
244,79,66
245,82,67
246,37,59
247,31,56
248,105,80
249,152,65
250,105,109
251,182,38
252,131,72
253,139,72
254,147,71
255,156,67
256,124,70
257,142,49
258,133,49
259,151,50
260,156,54
261,163,72
262,125,182
263,155,63
264,186,72
265,172,67
266,140,100
267,108,126
268,107,132
269,120,129
270,128,132
271,116,133
272,123,134
273,136,151
274,105,104
275,106,96
276,168,47
277,122,82
278,125,102
279,126,99
280,164,100
281,106,87
282,149,38
283,160,41
284,176,23
285,114,44
286,125,53
287,142,141
288,176,147
289,118,107
290,111,109
291,136,140
292,133,140
293,164,36
294,125,106
295,134,38
296,135,32
297,146,2
298,171,29
299,141,16
300,172,44
301,178,42
302,108,129
303,118,131
304,126,133
305,116,108
306,134,140
307,130,147
308,132,140
309,114,104
310,121,135
311,115,134
312,106,133
313,108,174
314,108,167
315,107,163
316,107,159
317,105,156
318,121,150
319,123,151
320,125,153
321,127,155
322,134,127
323,184,108
324,126,147
325,128,147
326,108,112
327,122,110
328,109,111
329,131,86
330,145,91
331,127,102
332,165,10
333,160,21
334,152,32
335,129,160
336,117,33
337,122,15
338,125,-2
339,153,70
340,172,77
341,120,68
342,164,57
343,116,77
344,120,99
345,181,84
346,167,81
347,157,84
348,142,83
349,131,81
350,122,77
351,106,66
352,182,100
353,170,56
354,102,108
355,122,88
356,186,72
357,115,73
358,128,103
359,159,63
360,120,95
361,182,127
362,119,65
363,113,90
364,160,163
365,158,173
366,187,104
367,171,153
368,182,56
369,126,190
370,100,110
371,130,94
372,179,69
373,145,67
374,139,68
375,132,148
376,181,116
377,110,202
378,135,190
379,146,183
380,132,68
381,126,67
382,122,66
383,176,55
384,126,59
385,133,57
386,140,57
387,147,58
388,151,60
389,185,53
390,150,66
391,126,122
392,118,106
393,109,119
394,148,173
395,138,181
396,111,197
397,168,163
398,122,63
399,111,78
400,124,197
401,185,122
402,114,154
403,116,156
404,118,159
405,119,162
406,120,168
407,129,137
408,131,136
409,133,136
410,140,133
411,171,118
412,111,71
413,114,58
414,118,59
415,127,137
416,170,139
417,107,57
418,123,174
419,106,73
420,118,89
421,109,180
422,142,155
423,134,110
424,133,165
425,153,110
426,141,118
427,159,123
428,111,189
429,123,93
430,147,162
431,137,172
432,149,143
433,178,130
434,159,147
435,180,139
436,147,128
437,117,83
438,117,103
439,122,105
440,113,97
441,120,50
442,133,45
443,145,44
444,154,47
445,161,51
446,165,65
447,187,88
448,159,75
449,151,77
450,141,77
451,131,76
452,123,73
453,117,70
454,185,90
455,122,107
456,112,84
457,111,103
458,106,107
459,110,105
460,119,109
461,104,108
462,103,110
463,117,65
464,113,66
465,111,67
466,153,61
467,159,58
468,58,62
469,65,62
470,58,54
471,50,62
472,58,70
473,137,62
474,147,62
475,137,54
476,127,62
477,137,71
