0,98,133
1,103,109
2,101,116
3,96,84
4,104,102
5,104,92
6,101,66
7,39,61
8,101,44
9,102,34
10,102,-5
11,97,134
12,97,136
13,97,137
14,96,141
15,96,145
16,96,149
17,96,153
18,96,159
19,102,113
20,95,112
21,8,25
22,61,71
23,53,71
24,45,70
25,36,63
26,69,69
27,53,42
28,62,44
29,43,43
30,37,47
31,29,67
32,67,166
33,37,58
34,4,60
35,21,60
36,59,101
37,89,131
38,89,136
39,81,134
40,74,136
41,82,136
42,77,137
43,63,146
44,97,109
45,97,102
46,28,40
47,75,82
48,78,106
49,77,102
50,34,99
51,96,92
52,48,32
53,36,34
54,18,12
55,84,42
56,70,49
57,57,139
58,9,129
59,84,111
60,89,113
61,65,139
62,67,139
63,33,29
64,77,110
65,64,34
66,63,27
67,55,-3
68,25,21
69,60,12
70,23,36
71,15,31
72,89,134
73,82,135
74,75,136
75,85,112
76,66,139
77,70,141
78,68,139
79,88,108
80,78,138
81,83,137
82,90,137
83,86,159
84,87,153
85,87,148
86,88,144
87,89,141
88,77,140
89,76,142
90,74,144
91,72,146
92,67,128
93,0,91
94,101,114
95,73,140
96,71,140
97,91,115
98,79,114
99,90,114
100,66,86
101,53,91
102,75,105
103,33,2
104,40,14
105,46,26
106,69,151
107,82,31
108,80,13
109,77,-5
110,39,67
111,20,72
112,74,66
113,29,51
114,81,77
115,83,104
116,12,77
117,25,78
118,35,82
119,51,82
120,63,80
121,72,77
122,93,68
123,13,93
124,24,49
125,99,112
126,77,90
127,0,57
128,79,72
129,73,105
130,33,57
131,82,99
132,2,110
133,74,63
134,89,95
135,32,149
136,30,155
137,4,93
138,20,139
139,9,44
140,66,171
141,99,114
142,69,95
143,14,61
144,46,66
145,53,67
146,68,142
147,15,108
148,78,179
149,55,170
150,44,164
151,102,14
152,92,179
153,60,67
154,67,65
155,72,64
156,18,47
157,68,55
158,61,51
159,54,50
160,46,51
161,41,54
162,2,40
163,42,63
164,100,121
165,75,124
166,84,110
167,91,122
168,101,55
169,44,158
170,54,165
171,79,176
172,18,144
173,72,60
174,88,80
175,94,177
176,66,175
177,6,109
178,83,141
179,81,143
180,80,146
181,79,150
182,76,156
183,72,138
184,70,138
185,69,137
186,61,133
187,27,114
188,87,72
189,81,56
190,76,57
191,73,138
192,26,131
193,89,56
194,71,161
195,103,83
196,95,76
197,102,75
198,83,92
199,95,172
200,96,165
201,83,165
202,55,148
203,66,111
204,62,156
205,46,109
206,58,118
207,39,120
208,80,172
209,78,96
210,47,152
211,57,160
212,49,139
213,17,121
214,37,140
215,10,125
216,52,127
217,83,85
218,86,107
219,81,109
220,90,102
221,76,48
222,63,41
223,51,39
224,41,40
225,33,44
226,28,59
227,3,76
228,33,71
229,41,75
230,52,76
231,62,75
232,71,72
233,77,70
234,0,74
235,80,111
236,89,87
237,92,108
238,95,111
239,91,109
240,82,113
241,96,112
242,96,113
243,77,64
244,82,65
245,85,66
246,39,56
247,33,51
248,109,84
249,152,63
250,107,112
251,169,30
252,130,71
253,138,72
254,144,71
255,154,65
256,125,69
257,143,46
258,134,47
259,151,47
260,155,50
261,157,69
262,118,165
263,154,60
264,170,63
265,164,62
266,134,101
267,105,131
268,104,136
269,112,133
270,117,134
271,110,136
272,114,136
273,127,145
274,109,109
275,110,102
276,164,43
277,120,82
278,121,107
279,122,102
280,154,100
281,110,92
282,150,37
283,159,38
284,166,17
285,118,45
286,127,51
287,132,138
288,152,128
289,115,111
290,110,113
291,122,137
292,120,137
293,162,32
294,121,109
295,137,39
296,138,32
297,144,0
298,164,25
299,140,15
300,167,38
301,168,35
302,105,134
303,111,134
304,116,135
305,114,112
306,121,137
307,118,139
308,119,137
309,114,109
310,113,137
311,108,137
312,103,137
313,105,158
314,104,152
315,104,148
316,104,144
317,103,141
318,112,139
319,114,140
320,115,142
321,116,144
322,127,127
323,162,93
324,115,138
325,117,139
326,109,115
327,118,113
328,109,114
329,127,87
330,139,92
331,122,105
332,159,7
333,155,18
334,152,30
335,121,150
336,121,35
337,123,14
338,126,-3
339,150,69
340,163,74
341,121,67
342,160,53
343,115,78
344,119,104
345,167,79
346,159,81
347,151,85
348,138,84
349,129,81
350,122,78
351,108,68
352,166,95
353,165,51
354,106,112
355,119,90
356,167,61
357,117,74
358,122,106
359,157,59
360,119,99
361,158,111
362,121,64
363,115,95
364,142,147
365,138,152
366,167,94
367,150,138
368,169,48
369,117,169
370,104,114
371,125,95
372,168,62
373,145,68
374,138,68
375,119,140
376,162,109
377,105,177
378,121,166
379,128,160
380,132,67
381,126,66
382,123,65
383,168,48
384,127,56
385,134,53
386,141,52
387,147,54
388,151,56
389,170,44
390,149,66
391,121,124
392,116,110
393,109,122
394,133,155
395,125,162
396,107,175
397,145,142
398,123,61
399,112,80
400,113,172
401,163,110
402,108,140
403,109,142
404,110,145
405,111,148
406,114,155
407,117,137
408,119,136
409,120,136
410,131,132
411,156,114
412,112,72
413,117,58
414,121,59
415,116,137
416,152,130
417,111,58
418,117,160
419,108,77
420,116,92
421,107,164
422,131,147
423,128,111
424,124,154
425,144,110
426,134,118
427,147,120
428,108,171
429,119,96
430,134,150
431,126,157
432,138,138
433,158,121
434,144,138
435,158,125
436,138,127
437,115,85
438,116,107
439,119,109
440,115,103
441,123,50
442,135,44
443,146,43
444,154,44
445,159,47
446,160,61
447,169,79
448,154,74
449,147,77
450,138,77
451,129,76
452,123,73
453,119,71
454,164,77
455,118,111
456,113,87
457,113,108
458,108,111
459,112,109
460,116,113
461,107,112
462,106,113
463,119,65
464,115,67
465,113,69
466,153,58
467,158,54
468,55,59
469,65,59
470,56,49
471,45,58
472,55,68
473,136,59
474,145,60
475,136,50
476,126,59
477,136,69
