0,97,128
1,97,102
2,96,112
3,90,78
4,97,94
5,98,85
6,97,62
7,41,65
8,98,41
9,98,30
10,99,-6
11,97,131
12,97,135
13,97,137
14,96,148
15,96,151
16,96,155
17,96,158
18,94,169
19,97,107
20,89,108
21,7,33
22,61,72
23,54,72
24,46,72
25,36,68
26,68,70
27,52,45
28,61,46
29,44,47
30,38,51
31,28,73
32,63,179
33,38,63
34,1,69
35,18,68
36,55,101
37,88,127
38,89,135
39,78,131
40,72,135
41,81,136
42,75,138
43,59,154
44,91,102
45,90,95
46,26,45
47,71,81
48,72,103
49,71,99
50,29,102
51,90,86
52,47,33
53,35,37
54,16,18
55,81,38
56,68,50
57,54,146
58,7,145
59,78,107
60,84,109
61,65,143
62,67,143
63,30,33
64,72,107
65,62,32
66,61,26
67,51,-2
68,22,24
69,55,11
70,20,43
71,12,37
72,88,132
73,79,134
74,73,137
75,80,109
76,66,143
77,69,145
78,68,142
79,82,103
80,77,139
81,83,138
82,89,138
83,83,169
84,86,158
85,87,154
86,87,151
87,88,148
88,76,145
89,75,146
90,73,148
91,71,150
92,63,130
93,-1,105
94,96,109
95,72,144
96,71,144
97,86,112
98,74,112
99,85,111
100,62,86
101,49,92
102,70,104
103,30,6
104,35,15
105,44,27
106,65,159
107,79,27
108,76,11
109,73,-6
110,40,70
111,19,79
112,73,67
113,29,56
114,77,76
115,76,99
116,8,83
117,25,83
118,36,85
119,52,83
120,63,80
121,72,76
122,89,64
123,9,100
124,21,56
125,93,107
126,72,88
127,-1,69
128,78,71
129,68,105
130,33,63
131,76,95
132,1,125
133,74,64
134,83,89
135,27,163
136,25,173
137,0,103
138,16,153
139,6,52
140,60,187
141,93,109
142,65,95
143,10,70
144,48,67
145,54,68
146,68,147
147,11,117
148,74,199
149,49,189
150,38,183
151,99,11
152,92,200
153,60,68
154,67,67
155,71,66
156,14,55
157,67,57
158,61,54
159,54,53
160,48,55
161,43,58
162,1,50
163,44,66
164,96,119
165,70,124
166,78,105
167,85,120
168,97,52
169,37,173
170,48,180
171,75,193
172,16,162
173,72,61
174,84,76
175,92,194
176,61,195
177,2,121
178,81,146
179,80,148
180,79,151
181,78,154
182,73,165
183,71,140
184,69,140
185,67,139
186,57,137
187,23,120
188,83,69
189,79,56
190,74,57
191,72,140
192,22,140
193,86,53
194,67,172
195,97,77
196,90,72
197,97,70
198,78,89
199,93,186
200,93,177
201,80,176
202,50,157
203,61,111
204,57,165
205,42,111
206,54,120
207,35,125
208,77,185
209,73,94
210,42,164
211,52,172
212,44,147
213,13,131
214,33,149
215,7,138
216,48,131
217,78,82
218,79,102
219,74,105
220,83,96
221,74,46
222,61,41
223,50,40
224,41,43
225,33,48
226,27,65
227,0,86
228,33,76
229,42,77
230,52,77
231,62,76
232,70,73
233,76,70
234,-2,87
235,75,108
236,84,82
237,85,102
238,89,106
239,85,103
240,77,111
241,90,106
242,91,109
243,76,64
244,80,64
245,83,64
246,40,60
247,34,57
248,104,78
249,152,64
250,103,108
251,181,34
252,132,72
253,139,73
254,147,72
255,155,67
256,126,69
257,142,44
258,134,45
259,150,46
260,156,50
261,162,72
262,121,178
263,155,62
264,184,68
265,170,66
266,135,101
267,106,126
268,105,135
269,115,129
270,120,133
271,112,135
272,116,137
273,128,153
274,103,102
275,105,95
276,167,43
277,120,81
278,120,103
279,121,99
280,158,102
281,105,86
282,149,31
283,159,36
284,175,19
285,115,37
286,126,49
287,134,145
288,170,143
289,113,107
290,107,110
291,124,141
292,122,140
293,164,31
294,119,107
295,135,31
296,136,25
297,145,-1
298,170,25
299,140,12
300,171,41
301,177,38
302,106,131
303,113,133
304,118,135
305,111,109
306,123,141
307,121,143
308,121,140
309,111,103
310,115,138
311,110,137
312,104,137
313,104,168
314,105,157
315,105,153
316,105,150
317,104,147
318,114,143
319,116,144
320,117,146
321,119,148
322,127,130
323,181,104
324,118,142
325,119,142
326,105,113
327,116,112
328,106,111
329,128,86
330,141,92
331,121,103
332,164,7
333,159,16
334,152,25
335,122,159
336,117,26
337,121,11
338,124,-5
339,152,70
340,169,78
341,121,66
342,163,55
343,115,75
344,116,99
345,178,83
346,164,83
347,155,85
348,141,84
349,130,80
350,122,76
351,105,64
352,176,100
353,169,54
354,100,107
355,119,88
356,185,69
357,116,71
358,122,105
359,158,62
360,116,95
361,177,123
362,121,63
363,111,89
364,154,161
365,153,170
366,182,102
367,164,150
368,181,52
369,123,186
370,99,109
371,125,95
372,176,68
373,146,68
374,140,69
375,122,144
376,173,116
377,109,198
378,132,186
379,142,179
380,133,68
381,128,66
382,123,65
383,174,53
384,127,56
385,133,54
386,140,53
387,146,55
388,150,58
389,185,50
390,150,66
391,120,124
392,113,106
393,106,120
394,144,170
395,133,178
396,109,192
397,162,159
398,123,60
399,110,76
400,121,193
401,178,120
402,110,145
403,111,147
404,112,150
405,113,153
406,114,164
407,120,138
408,121,138
409,123,137
410,131,137
411,163,119
412,110,69
413,115,55
414,120,57
415,118,139
416,161,139
417,108,53
418,118,171
419,104,72
420,114,89
421,106,176
422,136,156
423,128,111
424,128,164
425,146,111
426,135,120
427,151,124
428,108,184
429,118,94
430,142,162
431,132,170
432,142,146
433,170,129
434,151,147
435,173,136
436,140,131
437,114,82
438,113,102
439,117,105
440,111,96
441,121,46
442,134,40
443,145,39
444,154,42
445,160,47
446,163,64
447,184,85
448,158,75
449,150,77
450,141,78
451,131,76
452,123,72
453,118,69
454,183,87
455,116,108
456,110,82
457,108,102
458,104,106
459,108,103
460,114,111
461,102,106
462,101,109
463,118,63
464,114,64
465,111,64
466,153,60
467,159,55
468,57,61
469,68,61
470,57,51
471,46,61
472,57,71
473,136,62
474,147,62
475,137,52
476,126,61
477,136,72
