0,96,130
1,96,108
2,96,114
3,89,83
4,96,101
5,96,90
6,96,65
7,37,62
8,96,38
9,96,26
10,96,-10
11,96,133
12,96,136
13,96,139
14,96,140
15,96,144
16,96,148
17,96,152
18,98,157
19,96,111
20,90,111
21,5,25
22,59,72
23,51,72
24,43,71
25,34,64
26,65,70
27,49,40
28,58,42
29,40,42
30,34,46
31,28,68
32,72,163
33,34,58
34,5,60
35,19,61
36,58,101
37,89,129
38,90,136
39,82,132
40,78,135
41,85,137
42,82,138
43,67,145
44,90,108
45,89,101
46,24,37
47,73,82
48,75,106
49,74,102
50,34,99
51,89,91
52,43,26
53,32,30
54,12,11
55,78,35
56,65,47
57,62,140
58,20,129
59,80,110
60,86,112
61,74,140
62,76,140
63,27,24
64,75,109
65,57,27
66,56,20
67,46,-6
68,19,19
69,51,8
70,19,33
71,11,30
72,89,133
73,84,135
74,80,137
75,82,111
76,75,140
77,77,142
78,77,140
79,83,108
80,83,139
81,86,139
82,91,139
83,89,157
84,89,151
85,89,147
86,90,143
87,91,140
88,83,140
89,81,141
90,79,143
91,78,145
92,68,128
93,8,92
94,96,113
95,80,140
96,79,141
97,88,115
98,77,113
99,87,113
100,64,86
101,51,91
102,73,105
103,25,0
104,31,11
105,40,19
106,73,150
107,76,23
108,72,8
109,69,-9
110,37,68
111,19,73
112,70,67
113,26,50
114,78,77
115,78,103
116,13,77
117,25,80
118,35,84
119,50,83
120,61,81
121,70,77
122,88,66
123,15,94
124,21,48
125,93,111
126,74,90
127,2,57
128,76,73
129,72,105
130,31,58
131,78,98
132,12,110
133,70,64
134,83,94
135,40,148
136,40,153
137,9,93
138,29,138
139,7,44
140,71,168
141,94,113
142,67,95
143,12,61
144,44,67
145,51,69
146,76,143
147,19,109
148,84,176
149,63,167
150,53,161
151,96,9
152,98,177
153,57,68
154,63,67
155,67,66
156,15,45
157,64,55
158,57,51
159,50,49
160,43,51
161,39,53
162,2,40
163,39,65
164,97,120
165,75,123
166,80,109
167,88,121
168,96,52
169,51,156
170,61,161
171,83,173
172,30,143
173,68,60
174,84,79
175,98,174
176,73,172
177,13,110
178,86,140
179,85,142
180,83,145
181,82,149
182,80,154
183,79,139
184,77,139
185,76,138
186,64,133
187,30,114
188,83,71
189,76,55
190,71,57
191,80,140
192,32,130
193,85,53
194,75,158
195,96,82
196,89,75
197,96,74
198,79,91
199,98,169
200,98,163
201,86,162
202,59,147
203,65,111
204,67,153
205,46,109
206,59,118
207,42,121
208,84,168
209,75,96
210,53,150
211,63,157
212,53,139
213,23,121
214,43,139
215,19,125
216,55,127
217,79,84
218,81,107
219,77,109
220,83,102
221,70,44
222,58,36
223,46,35
224,37,37
225,30,42
226,26,59
227,6,76
228,32,72
229,40,76
230,50,77
231,60,76
232,68,73
233,73,70
234,5,74
235,77,110
236,84,86
237,85,107
238,89,110
239,86,108
240,79,112
241,91,111
242,91,112
243,73,64
244,77,65
245,81,66
246,36,56
247,31,51
248,103,83
249,155,62
250,102,111
251,185,25
252,133,72
253,141,72
254,148,71
255,157,64
256,126,69
257,143,41
258,134,42
259,152,43
260,157,47
261,164,68
262,124,162
263,157,59
264,186,59
265,171,59
266,135,100
267,103,129
268,102,136
269,110,132
270,114,135
271,107,137
272,111,138
273,129,144
274,102,108
275,103,101
276,167,36
277,119,81
278,118,105
279,119,101
280,159,98
281,103,91
282,149,26
283,160,29
284,178,11
285,114,34
286,126,47
287,134,138
288,171,127
289,112,110
290,107,112
291,119,140
292,117,140
293,164,23
294,118,108
295,135,26
296,136,19
297,146,-6
298,172,19
299,141,8
300,172,31
301,180,30
302,103,132
303,109,134
304,113,136
305,110,111
306,118,140
307,116,141
308,117,139
309,109,107
310,110,139
311,106,138
312,102,138
313,107,156
314,104,151
315,103,147
316,102,143
317,102,140
318,110,139
319,112,141
320,114,143
321,115,145
322,127,126
323,183,90
324,113,139
325,115,140
326,105,114
327,116,112
328,106,113
329,128,85
330,141,90
331,120,104
332,166,0
333,160,11
334,152,19
335,124,148
336,116,22
337,120,8
338,123,-9
339,154,68
340,171,72
341,122,66
342,164,50
343,114,76
344,114,103
345,179,76
346,167,79
347,158,83
348,143,83
349,132,80
350,123,77
351,103,66
352,177,93
353,170,47
354,100,111
355,118,89
356,188,56
357,116,73
358,121,104
359,160,58
360,115,98
361,178,108
362,121,63
363,109,93
364,155,146
365,153,152
366,183,92
367,164,137
368,183,44
369,124,167
370,99,113
371,125,94
372,177,59
373,148,67
374,141,69
375,118,142
376,174,108
377,112,176
378,132,166
379,142,160
380,134,68
381,128,66
382,124,65
383,175,44
384,128,55
385,134,52
386,141,51
387,148,52
388,153,55
389,188,39
390,152,65
391,120,122
392,112,108
393,106,120
394,144,155
395,134,160
396,113,173
397,163,142
398,123,60
399,108,79
400,123,171
401,179,108
402,106,139
403,108,142
404,109,145
405,110,148
406,116,153
407,115,139
408,116,138
409,117,137
410,132,132
411,163,113
412,109,71
413,115,54
414,120,56
415,113,139
416,162,129
417,107,53
418,121,158
419,103,75
420,113,91
421,110,162
422,137,146
423,128,110
424,129,152
425,147,108
426,136,117
427,153,119
428,112,168
429,117,95
430,143,149
431,133,156
432,143,138
433,170,120
434,152,137
435,173,123
436,141,126
437,113,84
438,112,106
439,115,108
440,109,101
441,121,44
442,134,37
443,146,36
444,155,38
445,161,43
446,165,59
447,185,76
448,160,72
449,152,75
450,142,77
451,132,75
452,124,72
453,119,70
454,186,73
455,115,110
456,108,86
457,107,107
458,103,110
459,107,108
460,113,112
461,102,111
462,101,112
463,118,63
464,114,65
465,111,66
466,155,57
467,160,51
468,54,61
469,64,61
470,54,50
471,44,61
472,54,71
473,136,61
474,147,61
475,136,51
476,125,61
477,137,72
