0,96,129
1,98,111
2,98,118
3,92,85
4,98,102
5,98,92
6,98,67
7,42,61
8,98,43
9,98,31
10,99,-10
11,96,132
12,96,134
13,96,136
14,97,161
15,97,163
16,97,167
17,97,170
18,97,169
19,98,115
20,91,114
21,8,29
22,61,68
23,54,68
24,48,68
25,38,64
26,67,66
27,53,46
28,61,47
29,45,47
30,40,50
31,30,69
32,67,177
33,39,59
34,4,66
35,20,63
36,55,102
37,84,129
38,85,135
39,73,132
40,66,136
41,77,136
42,70,138
43,58,149
44,92,111
45,91,103
46,29,42
47,73,84
48,73,107
49,72,103
50,29,101
51,91,93
52,50,34
53,38,37
54,17,14
55,81,42
56,67,50
57,51,140
58,11,143
59,79,112
60,85,114
61,59,145
62,62,145
63,34,31
64,72,110
65,64,35
66,63,28
67,50,-5
68,23,22
69,55,10
70,24,38
71,14,34
72,84,132
73,75,134
74,68,137
75,81,113
76,60,145
77,63,151
78,63,145
79,83,111
80,72,139
81,78,137
82,86,136
83,85,168
84,84,170
85,84,166
86,85,163
87,86,160
88,72,154
89,70,155
90,68,157
91,66,159
92,61,128
93,2,102
94,98,116
95,68,151
96,65,151
97,87,117
98,74,114
99,86,116
100,64,88
101,50,92
102,70,106
103,30,2
104,36,14
105,47,28
106,65,157
107,81,31
108,75,10
109,72,-9
110,41,66
111,20,75
112,71,65
113,31,53
114,79,79
115,78,105
116,10,82
117,27,81
118,37,84
119,52,83
120,63,80
121,70,76
122,91,69
123,10,99
124,24,52
125,94,115
126,74,91
127,1,64
128,77,72
129,69,107
130,35,59
131,77,100
132,5,122
133,71,62
134,84,96
135,31,161
136,31,170
137,2,101
138,19,151
139,9,49
140,66,184
141,95,116
142,66,97
143,12,65
144,49,62
145,55,63
146,61,152
147,11,115
148,81,195
149,57,185
150,45,178
151,98,10
152,96,196
153,60,63
154,65,62
155,69,62
156,17,50
157,65,56
158,60,54
159,54,54
160,48,55
161,44,57
162,4,45
163,45,62
164,97,122
165,69,124
166,79,111
167,86,123
168,98,55
169,44,169
170,55,177
171,80,190
172,20,159
173,69,60
174,85,81
175,97,192
176,68,190
177,4,120
178,78,158
179,76,160
180,74,162
181,73,165
182,74,164
183,65,141
184,63,141
185,61,140
186,54,133
187,21,119
188,85,73
189,78,56
190,72,57
191,67,141
192,21,139
193,86,56
194,70,170
195,98,84
196,91,77
197,98,76
198,79,93
199,97,185
200,97,176
201,83,176
202,52,153
203,62,112
204,60,162
205,41,112
206,53,120
207,34,124
208,81,184
209,74,97
210,46,160
211,56,169
212,44,142
213,13,129
214,34,146
215,9,137
216,46,129
217,80,86
218,81,109
219,76,110
220,84,104
221,73,48
222,62,42
223,52,41
224,43,43
225,35,47
226,29,61
227,2,83
228,35,73
229,43,75
230,53,75
231,62,73
232,69,71
233,74,69
234,2,83
235,75,112
236,85,88
237,86,110
238,90,113
239,86,111
240,77,114
241,92,114
242,92,116
243,73,62
244,78,65
245,82,66
246,41,58
247,35,54
248,105,85
249,154,61
250,105,114
251,187,27
252,133,70
253,141,70
254,148,69
255,158,63
256,127,69
257,145,43
258,135,45
259,153,45
260,158,48
261,165,68
262,126,177
263,157,58
264,190,64
265,174,60
266,140,101
267,108,127
268,106,134
269,118,130
270,125,133
271,114,134
272,120,136
273,135,148
274,105,110
275,106,102
276,170,39
277,122,83
278,122,107
279,123,103
280,166,99
281,105,93
282,152,30
283,163,33
284,179,13
285,116,39
286,127,50
287,141,138
288,182,140
289,116,112
290,110,114
291,130,142
292,128,142
293,167,27
294,123,110
295,137,31
296,138,24
297,147,-6
298,173,21
299,142,9
300,175,34
301,181,33
302,107,131
303,116,132
304,122,134
305,114,113
306,129,142
307,127,148
308,127,142
309,113,110
310,118,136
311,112,135
312,105,135
313,109,168
314,109,168
315,108,165
316,107,162
317,106,159
318,119,152
319,121,153
320,123,154
321,125,156
322,133,127
323,190,99
324,123,148
325,125,148
326,108,117
327,121,114
328,109,115
329,131,87
330,145,91
331,125,106
332,167,1
333,161,13
334,155,23
335,128,156
336,119,28
337,122,9
338,125,-9
339,154,67
340,173,72
341,122,67
342,166,51
343,117,78
344,118,105
345,184,80
346,169,79
347,159,83
348,144,83
349,132,81
350,124,78
351,106,68
352,184,96
353,173,49
354,102,114
355,122,91
356,192,62
357,117,74
358,126,106
359,161,58
360,118,99
361,188,119
362,122,64
363,112,95
364,163,159
365,162,168
366,191,99
367,175,149
368,186,47
369,127,184
370,101,116
371,129,96
372,180,60
373,147,64
374,141,66
375,129,149
376,183,113
377,112,194
378,136,183
379,148,177
380,135,66
381,128,65
382,124,65
383,178,46
384,129,57
385,135,53
386,142,53
387,149,54
388,153,56
389,191,43
390,151,63
391,125,124
392,116,111
393,109,122
394,150,168
395,138,176
396,113,190
397,173,157
398,124,61
399,111,81
400,125,189
401,189,117
402,114,156
403,116,157
404,117,160
405,119,163
406,120,163
407,125,138
408,127,138
409,129,137
410,139,132
411,173,117
412,111,73
413,116,56
414,121,58
415,123,138
416,172,137
417,109,56
418,124,169
419,105,77
420,117,93
421,111,175
422,141,152
423,133,111
424,133,161
425,154,110
426,141,119
427,160,122
428,113,183
429,121,97
430,147,159
431,137,168
432,149,141
433,181,127
434,160,144
435,184,134
436,147,127
437,116,86
438,115,109
439,120,110
440,112,103
441,123,47
442,136,40
443,148,39
444,157,40
445,163,44
446,166,59
447,191,81
448,161,72
449,153,75
450,143,76
451,133,75
452,125,73
453,120,70
454,191,80
455,120,111
456,111,88
457,110,109
458,106,113
459,110,111
460,118,113
461,104,114
462,103,115
463,120,64
464,115,66
465,113,68
466,155,57
467,161,52
468,57,58
469,65,58
470,57,50
471,48,58
472,56,66
473,136,60
474,146,59
475,135,51
476,125,60
477,136,68
