0,104,131
1,105,101
2,101,111
3,97,78
4,106,94
5,105,84
6,101,62
7,38,57
8,101,39
9,102,28
10,103,-10
11,104,134
12,103,138
13,102,140
14,102,141
15,103,144
16,104,148
17,103,153
18,94,160
19,104,106
20,96,106
21,-1,22
22,60,68
23,52,68
24,44,66
25,33,59
26,66,65
27,52,37
28,61,39
29,43,38
30,36,42
31,24,64
32,61,172
33,34,54
34,-7,59
35,13,57
36,56,98
37,96,129
38,96,137
39,86,133
40,79,137
41,88,138
42,81,140
43,59,149
44,99,101
45,98,94
46,25,34
47,73,79
48,77,101
49,76,98
50,28,97
51,98,85
52,49,24
53,36,27
54,11,7
55,84,34
56,68,44
57,53,142
58,-7,138
59,83,106
60,89,108
61,70,144
62,71,143
63,31,21
64,76,105
65,65,25
66,65,18
67,52,-9
68,20,14
69,58,5
70,18,30
71,7,26
72,96,134
73,87,136
74,80,139
75,85,107
76,71,143
77,75,144
78,72,143
79,88,102
80,82,141
81,88,140
82,95,140
83,84,159
84,95,152
85,95,147
86,96,143
87,95,140
88,82,141
89,81,143
90,80,144
91,79,147
92,65,127
93,-16,96
94,102,108
95,77,142
96,76,143
97,91,111
98,77,111
99,90,110
100,64,83
101,50,88
102,73,101
103,28,-3
104,36,7
105,47,17
106,65,153
107,83,22
108,79,6
109,77,-11
110,37,63
111,14,70
112,71,63
113,26,46
114,80,74
115,83,97
116,3,75
117,21,76
118,34,80
119,51,80
120,62,77
121,71,74
122,93,63
123,4,93
124,18,44
125,100,106
126,75,86
127,-15,58
128,78,70
129,71,102
130,30,53
131,82,93
132,-14,117
133,71,60
134,90,88
135,19,158
136,15,167
137,-9,95
138,7,147
139,0,41
140,58,180
141,99,108
142,67,92
143,4,57
144,46,62
145,53,64
146,74,145
147,4,110
148,71,190
149,43,182
150,30,176
151,103,9
152,88,191
153,59,64
154,64,62
155,68,61
156,10,42
157,66,51
158,60,47
159,53,46
160,46,47
161,41,49
162,-9,38
163,41,60
164,100,117
165,73,122
166,84,104
167,90,118
168,100,51
169,32,167
170,44,174
171,73,185
172,2,155
173,69,57
174,88,75
175,90,186
176,57,187
177,-7,114
178,88,140
179,88,143
180,87,146
181,86,150
182,74,157
183,76,142
184,74,141
185,73,141
186,58,134
187,19,115
188,87,68
189,79,52
190,73,53
191,77,142
192,15,135
193,88,51
194,66,165
195,104,77
196,95,71
197,103,70
198,82,87
199,92,178
200,93,169
201,80,168
202,48,152
203,63,109
204,56,160
205,42,107
206,55,117
207,33,121
208,76,177
209,76,92
210,38,158
211,49,166
212,42,143
213,6,125
214,28,144
215,-3,131
216,47,128
217,82,80
218,86,100
219,80,104
220,91,95
221,74,41
222,63,34
223,51,32
224,41,34
225,32,38
226,23,55
227,-9,77
228,30,68
229,39,72
230,51,73
231,61,72
232,68,69
233,74,67
234,-16,77
235,79,106
236,89,81
237,93,100
238,96,105
239,92,102
240,81,109
241,97,105
242,97,108
243,74,60
244,79,62
245,83,63
246,37,52
247,31,47
248,110,78
249,148,63
250,107,107
251,170,35
252,129,71
253,136,72
254,142,72
255,150,66
256,123,68
257,141,44
258,133,45
259,148,46
260,152,50
261,155,72
262,117,173
263,150,60
264,170,70
265,161,65
266,133,102
267,110,131
268,108,139
269,115,135
270,118,140
271,112,140
272,115,143
273,123,150
274,111,102
275,112,94
276,162,43
277,120,81
278,121,103
279,122,99
280,154,103
281,111,85
282,149,33
283,157,36
284,166,19
285,118,37
286,125,49
287,129,144
288,153,144
289,115,107
290,110,109
291,119,147
292,118,146
293,160,32
294,120,107
295,137,32
296,138,26
297,144,-1
298,164,26
299,141,12
300,165,40
301,168,38
302,110,135
303,114,138
304,117,141
305,113,108
306,119,147
307,118,147
308,117,146
309,115,103
310,113,143
311,110,142
312,107,141
313,102,160
314,110,153
315,110,149
316,109,144
317,107,141
318,113,143
319,115,145
320,116,147
321,118,150
322,125,129
323,162,106
324,115,144
325,116,146
326,108,112
327,117,112
328,109,110
329,127,87
330,138,93
331,122,103
332,159,7
333,155,17
334,152,27
335,118,154
336,122,27
337,123,10
338,126,-7
339,147,70
340,160,77
341,120,66
342,157,54
343,115,76
344,119,99
345,168,85
346,157,84
347,149,87
348,137,85
349,128,81
350,121,77
351,108,64
352,167,102
353,162,53
354,107,106
355,119,88
356,166,70
357,116,72
358,121,104
359,153,60
360,119,95
361,158,124
362,119,62
363,116,89
364,144,160
365,140,168
366,168,104
367,152,151
368,169,53
369,117,180
370,105,108
371,124,95
372,165,66
373,142,67
374,136,68
375,119,148
376,164,118
377,103,190
378,122,181
379,130,176
380,130,67
381,125,65
382,121,64
383,165,52
384,125,56
385,131,53
386,138,53
387,144,54
388,147,57
389,169,51
390,146,65
391,120,123
392,116,105
393,109,119
394,135,168
395,126,174
396,105,184
397,147,158
398,121,60
399,113,76
400,113,186
401,164,121
402,111,142
403,113,145
404,114,148
405,115,152
406,111,157
407,116,145
408,118,144
409,119,144
410,128,136
411,156,121
412,111,69
413,115,54
414,119,56
415,115,144
416,153,140
417,110,53
418,114,165
419,109,72
420,117,89
421,104,168
422,130,154
423,127,111
424,123,160
425,143,112
426,133,120
427,147,125
428,106,177
429,119,94
430,135,160
431,126,166
432,136,145
433,160,131
434,144,147
435,160,137
436,136,131
437,116,82
438,117,102
439,119,105
440,116,96
441,122,45
442,134,40
443,144,40
444,152,43
445,156,47
446,156,63
447,170,87
448,152,75
449,145,78
450,137,78
451,128,76
452,121,72
453,117,69
454,164,88
455,118,108
456,114,82
457,114,101
458,109,105
459,113,103
460,115,110
461,108,106
462,106,108
463,117,62
464,114,64
465,112,65
466,149,58
467,154,54
468,58,55
469,67,55
470,58,44
471,49,54
472,58,65
473,134,61
474,142,61
475,134,52
476,125,60
477,133,69
