0,99,126
1,91,106
2,94,114
3,87,81
4,91,98
5,92,88
6,95,63
7,44,65
8,96,41
9,95,29
10,97,-8
11,99,129
12,100,131
13,100,133
14,101,147
15,101,151
16,101,156
17,101,160
18,98,163
19,92,110
20,87,110
21,22,34
22,65,73
23,58,74
24,51,72
25,42,67
26,71,70
27,52,45
28,61,46
29,44,47
30,39,51
31,37,71
32,73,171
33,41,62
34,22,67
35,30,65
36,59,101
37,89,125
38,91,131
39,79,128
40,74,132
41,83,132
42,78,134
43,66,146
44,85,106
45,84,98
46,30,45
47,75,81
48,71,104
49,71,100
50,39,100
51,85,89
52,44,35
53,35,38
54,26,19
55,77,40
56,69,50
57,60,139
58,39,137
59,77,108
60,83,111
61,69,139
62,71,139
63,31,34
64,72,107
65,57,35
66,55,29
67,52,-1
68,29,26
69,55,12
70,26,41
71,24,38
72,89,128
73,81,130
74,76,133
75,79,110
76,70,139
77,73,143
78,72,139
79,79,106
80,80,135
81,85,134
82,92,133
83,88,162
84,90,159
85,91,155
86,92,150
87,93,147
88,81,143
89,79,145
90,77,147
91,75,149
92,66,127
93,30,101
94,93,112
95,77,141
96,75,142
97,85,113
98,75,111
99,84,112
100,67,86
101,55,91
102,71,103
103,35,7
104,38,17
105,41,29
106,71,153
107,73,30
108,74,11
109,72,-6
110,45,71
111,31,77
112,75,68
113,34,55
114,80,76
115,75,101
116,25,82
117,35,82
118,44,85
119,57,84
120,68,81
121,75,77
122,88,65
123,26,98
124,30,54
125,89,110
126,75,89
127,24,67
128,80,72
129,71,104
130,38,62
131,75,96
132,33,119
133,75,65
134,80,92
135,48,154
136,52,162
137,25,99
138,40,144
139,23,52
140,73,177
141,90,112
142,69,94
143,26,66
144,51,69
145,57,70
146,71,144
147,29,113
148,86,187
149,68,177
150,61,170
151,96,10
152,101,189
153,64,69
154,69,68
155,73,66
156,26,52
157,69,56
158,63,52
159,55,52
160,48,53
161,45,57
162,21,49
163,46,67
164,95,120
165,72,122
166,77,107
167,84,120
168,96,52
169,57,163
170,65,170
171,84,183
172,45,152
173,73,61
174,83,78
175,99,185
176,76,183
177,29,116
178,86,145
179,84,148
180,82,151
181,81,155
182,78,158
183,74,137
184,72,136
185,70,135
186,62,132
187,36,117
188,84,70
189,79,56
190,76,58
191,76,137
192,39,134
193,85,55
194,76,164
195,93,79
196,87,73
197,94,71
198,78,90
199,98,179
200,98,170
201,86,169
202,60,149
203,65,110
204,67,158
205,48,110
206,59,118
207,44,122
208,84,177
209,74,94
210,56,155
211,65,163
212,54,140
213,33,125
214,47,142
215,33,131
216,54,127
217,79,83
218,77,105
219,74,107
220,79,99
221,73,48
222,60,42
223,48,41
224,40,44
225,35,49
226,35,63
227,23,83
228,41,75
229,48,77
230,58,78
231,67,76
232,73,73
233,78,70
234,27,84
235,74,109
236,82,84
237,81,105
238,86,109
239,82,106
240,77,111
241,87,110
242,88,111
243,78,64
244,81,65
245,83,66
246,43,59
247,37,56
248,100,80
249,159,63
250,100,110
251,196,27
252,135,72
253,143,72
254,151,71
255,162,65
256,127,69
257,145,43
258,135,45
259,154,45
260,161,49
261,169,69
262,128,172
263,162,60
264,197,62
265,179,63
266,138,99
267,110,125
268,109,131
269,121,128
270,127,131
271,117,132
272,123,134
273,136,147
274,98,106
275,99,98
276,172,42
277,122,80
278,119,104
279,121,99
280,165,98
281,99,88
282,149,32
283,162,36
284,186,12
285,113,40
286,127,49
287,142,139
288,190,136
289,113,108
290,107,110
291,135,138
292,132,138
293,167,31
294,120,107
295,133,33
296,134,26
297,148,-6
298,177,19
299,141,9
300,178,39
301,187,31
302,110,128
303,119,130
304,126,133
305,111,110
306,133,138
307,131,143
308,131,138
309,108,106
310,122,135
311,116,133
312,109,133
313,109,162
314,113,159
315,112,155
316,111,150
317,110,147
318,123,144
319,125,145
320,127,147
321,129,149
322,131,126
323,200,97
324,127,141
325,129,142
326,104,113
327,118,111
328,105,112
329,131,84
330,145,89
331,123,103
332,170,0
333,163,11
334,152,26
335,129,153
336,115,29
337,119,9
338,124,-8
339,158,69
340,178,74
341,122,67
342,169,53
343,116,75
344,113,101
345,187,78
346,172,80
347,160,83
348,144,83
349,133,80
350,124,76
351,103,64
352,185,95
353,176,52
354,96,110
355,120,87
356,202,61
357,116,72
358,124,103
359,165,60
360,115,96
361,196,116
362,122,64
363,107,91
364,167,154
365,168,163
366,195,96
367,178,144
368,192,46
369,130,179
370,96,112
371,128,93
372,187,64
373,150,68
374,143,69
375,133,144
376,184,110
377,116,188
378,142,178
379,154,172
380,136,68
381,129,67
382,124,65
383,183,50
384,129,56
385,136,53
386,144,52
387,151,53
388,156,56
389,200,42
390,155,66
391,122,122
392,113,107
393,106,120
394,154,164
395,143,171
396,116,184
397,180,151
398,124,61
399,108,77
400,130,184
401,193,114
402,117,145
403,119,148
404,121,151
405,122,155
406,120,158
407,128,136
408,130,135
409,132,135
410,138,132
411,172,115
412,109,69
413,115,56
414,120,57
415,127,136
416,173,133
417,107,55
418,125,165
419,101,73
420,114,89
421,112,170
422,144,150
423,131,109
424,135,158
425,152,108
426,140,117
427,159,121
428,114,178
429,119,93
430,151,156
431,140,164
432,150,140
433,182,124
434,162,142
435,188,130
436,147,126
437,114,82
438,111,104
439,116,106
440,106,99
441,121,47
442,134,41
443,147,39
444,157,42
445,165,46
446,171,62
447,197,79
448,164,73
449,155,76
450,144,77
451,134,75
452,125,73
453,119,70
454,201,79
455,117,108
456,107,84
457,104,105
458,101,109
459,105,106
460,115,110
461,99,110
462,99,111
463,119,64
464,114,65
465,111,65
466,159,58
467,165,54
468,62,62
469,72,62
470,62,52
471,53,62
472,63,72
473,144,62
474,154,61
475,144,53
476,134,62
477,144,70
