0,96,133
1,93,106
2,97,114
3,88,81
4,93,98
5,93,88
6,96,62
7,47,63
8,97,37
9,96,25
10,95,-10
11,96,136
12,97,138
13,98,140
14,98,140
15,97,143
16,97,146
17,98,150
18,102,157
19,94,110
20,89,110
21,27,29
22,69,71
23,61,72
24,53,71
25,45,65
26,75,68
27,55,43
28,65,44
29,47,45
30,42,49
31,41,70
32,79,167
33,45,60
34,29,63
35,36,63
36,64,101
37,89,132
38,91,138
39,83,134
40,79,136
41,86,138
42,82,138
43,72,147
44,88,106
45,86,99
46,33,41
47,77,81
48,75,105
49,75,101
50,44,100
51,87,89
52,45,31
53,37,35
54,29,14
55,78,36
56,73,48
57,67,141
58,46,133
59,81,109
60,86,111
61,75,139
62,77,139
63,34,29
64,76,108
65,58,31
66,56,24
67,52,-4
68,32,21
69,56,9
70,30,37
71,29,33
72,89,135
73,84,136
74,81,137
75,83,111
76,76,139
77,78,140
78,78,139
79,82,106
80,84,139
81,87,139
82,92,139
83,93,157
84,91,149
85,90,146
86,91,142
87,92,139
88,84,139
89,82,140
90,81,142
91,80,144
92,72,129
93,38,96
94,95,112
95,81,139
96,80,139
97,88,114
98,79,113
99,87,113
100,70,85
101,59,91
102,75,104
103,37,3
104,40,13
105,43,25
106,78,151
107,74,25
108,74,9
109,71,-8
110,48,69
111,35,75
112,79,66
113,38,53
114,82,75
115,77,102
116,31,79
117,37,81
118,45,84
119,58,83
120,69,80
121,76,76
122,89,64
123,33,96
124,34,51
125,91,110
126,78,88
127,32,61
128,82,71
129,75,105
130,42,60
131,78,97
132,41,114
133,80,62
134,82,92
135,54,152
136,58,158
137,32,96
138,47,142
139,29,47
140,79,173
141,93,112
142,72,94
143,33,64
144,53,67
145,60,69
146,77,141
147,36,111
148,92,182
149,75,172
150,67,167
151,95,8
152,106,184
153,67,68
154,74,66
155,78,64
156,32,49
157,74,55
158,67,52
159,59,51
160,52,53
161,48,56
162,28,43
163,49,65
164,97,121
165,77,124
166,80,108
167,88,121
168,97,50
169,63,160
170,71,167
171,90,179
172,52,147
173,78,59
174,85,77
175,105,180
176,83,178
177,36,113
178,87,139
179,86,141
180,85,144
181,85,147
182,85,154
183,80,138
184,78,138
185,77,137
186,68,135
187,42,116
188,86,69
189,83,54
190,80,55
191,81,139
192,45,133
193,87,52
194,81,161
195,94,79
196,89,73
197,95,71
198,80,90
199,103,174
200,102,165
201,91,165
202,66,150
203,70,111
204,73,156
205,54,110
206,64,119
207,50,122
208,90,173
209,78,95
210,62,154
211,71,161
212,60,142
213,40,124
214,53,141
215,40,128
216,60,129
217,81,83
218,80,105
219,77,107
220,81,100
221,76,44
222,62,39
223,51,39
224,42,41
225,38,46
226,39,62
227,30,80
228,44,74
229,50,76
230,59,77
231,69,75
232,76,72
233,81,68
234,35,78
235,78,110
236,84,84
237,83,105
238,88,109
239,84,106
240,81,112
241,89,110
242,91,111
243,82,62
244,85,63
245,85,64
246,46,58
247,41,54
248,101,80
249,157,60
250,103,110
251,194,22
252,134,70
253,143,71
254,151,69
255,161,62
256,126,68
257,145,39
258,135,40
259,154,41
260,160,45
261,168,67
262,132,168
263,160,57
264,197,59
265,178,59
266,139,99
267,105,131
268,105,138
269,114,134
270,120,136
271,112,138
272,118,138
273,136,147
274,100,106
275,100,98
276,172,35
277,123,79
278,121,104
279,122,100
280,165,98
281,101,89
282,152,25
283,164,28
284,184,8
285,114,34
286,126,45
287,142,141
288,193,132
289,115,109
290,109,111
291,129,139
292,127,139
293,169,22
294,122,108
295,136,26
296,137,18
297,145,-9
298,176,15
299,140,5
300,178,31
301,186,27
302,105,135
303,113,136
304,119,137
305,113,110
306,128,139
307,124,140
308,126,139
309,110,106
310,117,139
311,111,139
312,105,139
313,111,157
314,106,149
315,106,145
316,105,142
317,105,139
318,117,139
319,118,140
320,120,142
321,121,144
322,131,128
323,202,93
324,122,139
325,123,139
326,106,114
327,119,112
328,107,112
329,132,84
330,145,89
331,124,103
332,168,-2
333,162,8
334,155,18
335,130,151
336,117,21
337,118,7
338,121,-11
339,157,66
340,178,72
341,121,65
342,169,49
343,117,74
344,115,101
345,188,76
346,172,78
347,162,82
348,145,82
349,133,79
350,124,75
351,104,64
352,186,93
353,176,46
354,98,110
355,121,87
356,203,56
357,117,71
358,125,104
359,164,56
360,116,96
361,199,112
362,120,62
363,108,91
364,170,152
365,172,159
366,197,93
367,182,142
368,192,42
369,135,174
370,98,112
371,129,93
372,185,60
373,150,65
374,143,67
375,126,141
376,185,109
377,121,183
378,147,174
379,158,168
380,135,67
381,128,65
382,123,63
383,182,44
384,128,54
385,135,50
386,143,49
387,150,51
388,155,53
389,200,37
390,154,63
391,123,124
392,114,107
393,107,121
394,158,161
395,147,168
396,121,179
397,184,148
398,122,59
399,109,76
400,134,179
401,195,111
402,111,139
403,112,141
404,113,144
405,114,147
406,121,155
407,123,138
408,124,138
409,125,137
410,137,134
411,172,114
412,110,68
413,115,52
414,119,54
415,122,139
416,175,132
417,107,51
418,128,162
419,103,72
420,115,89
421,115,165
422,146,150
423,132,110
424,137,157
425,152,108
426,140,118
427,160,121
428,119,173
429,121,93
430,154,154
431,143,162
432,151,141
433,184,122
434,163,141
435,191,127
436,147,128
437,115,82
438,112,104
439,118,107
440,108,99
441,121,42
442,135,35
443,148,34
444,158,36
445,165,41
446,170,58
447,198,76
448,164,71
449,156,74
450,144,75
451,133,74
452,125,71
453,119,68
454,203,74
455,118,109
456,108,84
457,106,105
458,102,109
459,106,106
460,116,111
461,101,109
462,101,111
463,117,62
464,114,63
465,111,64
466,157,55
467,164,50
468,64,60
469,75,59
470,64,50
471,54,60
472,65,70
473,142,58
474,152,58
475,141,48
476,132,58
477,143,68
