0,94,131
1,95,102
2,94,111
3,89,77
4,96,94
5,96,84
6,97,61
7,40,61
8,97,40
9,98,29
10,100,-7
11,94,134
12,94,136
13,94,137
14,94,156
15,94,159
16,94,163
17,94,167
18,92,166
19,95,106
20,88,107
21,9,30
22,61,69
23,53,69
24,46,68
25,36,63
26,68,67
27,52,43
28,61,44
29,43,44
30,37,48
31,29,68
32,62,175
33,37,58
34,3,65
35,20,63
36,55,99
37,86,130
38,86,135
39,77,132
40,72,135
41,80,136
42,74,137
43,59,150
44,89,101
45,88,94
46,26,40
47,72,80
48,71,101
49,71,98
50,31,99
51,89,85
52,46,31
53,34,34
54,18,15
55,80,39
56,68,48
57,54,143
58,7,142
59,77,106
60,83,108
61,65,140
62,67,140
63,30,29
64,71,106
65,61,32
66,59,25
67,52,-4
68,23,21
69,56,9
70,21,37
71,15,33
72,86,133
73,78,134
74,73,136
75,79,107
76,66,140
77,68,145
78,68,140
79,81,102
80,76,137
81,81,136
82,87,136
83,82,165
84,84,165
85,84,161
86,85,157
87,86,154
88,75,148
89,74,149
90,72,150
91,70,152
92,63,128
93,0,102
94,95,108
95,72,144
96,70,145
97,85,111
98,73,111
99,84,110
100,63,85
101,50,90
102,69,102
103,31,2
104,37,12
105,43,24
106,64,156
107,78,27
108,76,9
109,74,-7
110,40,66
111,20,74
112,73,64
113,29,52
114,78,74
115,76,97
116,10,80
117,25,79
118,36,82
119,51,82
120,63,79
121,72,75
122,89,63
123,11,97
124,22,51
125,91,106
126,73,87
127,1,65
128,78,70
129,68,103
130,33,58
131,76,93
132,2,121
133,73,62
134,82,88
135,26,159
136,24,169
137,1,100
138,16,149
139,9,48
140,59,183
141,92,108
142,65,93
143,12,64
144,47,64
145,53,65
146,67,146
147,11,113
148,73,194
149,48,184
150,37,178
151,99,11
152,90,196
153,60,65
154,66,63
155,71,63
156,16,49
157,67,55
158,60,53
159,54,52
160,47,53
161,42,55
162,3,46
163,43,62
164,94,119
165,70,123
166,77,104
167,84,119
168,97,52
169,37,168
170,48,175
171,73,188
172,15,158
173,71,59
174,83,75
175,90,190
176,60,190
177,3,118
178,80,152
179,79,153
180,77,156
181,76,159
182,72,161
183,70,138
184,69,138
185,67,137
186,57,135
187,23,117
188,84,68
189,79,54
190,74,56
191,71,138
192,21,137
193,86,53
194,66,168
195,96,76
196,89,71
197,96,69
198,78,87
199,91,182
200,91,174
201,79,172
202,49,153
203,62,110
204,57,161
205,43,109
206,54,118
207,36,122
208,75,181
209,73,92
210,41,159
211,51,167
212,44,144
213,13,127
214,32,145
215,7,135
216,48,129
217,78,81
218,79,100
219,74,104
220,82,95
221,73,46
222,61,40
223,49,38
224,40,40
225,33,45
226,27,60
227,1,82
228,33,72
229,41,74
230,52,75
231,62,74
232,70,71
233,76,68
234,0,84
235,74,106
236,83,81
237,84,100
238,88,105
239,84,102
240,76,109
241,89,105
242,90,108
243,76,62
244,80,63
245,83,64
246,39,57
247,33,52
248,103,78
249,150,66
250,101,107
251,183,37
252,130,73
253,137,73
254,144,73
255,154,69
256,124,70
257,141,47
258,132,47
259,149,49
260,154,53
261,160,74
262,119,177
263,153,64
264,185,72
265,170,70
266,133,102
267,103,130
268,101,136
269,110,134
270,114,137
271,107,137
272,111,138
273,125,153
274,101,102
275,103,94
276,166,48
277,119,82
278,118,103
279,119,100
280,157,104
281,103,85
282,147,36
283,158,40
284,176,22
285,114,41
286,125,51
287,131,146
288,173,148
289,111,107
290,105,109
291,119,142
292,118,142
293,163,36
294,118,107
295,133,36
296,134,29
297,146,0
298,170,28
299,140,13
300,171,45
301,177,41
302,102,133
303,109,135
304,113,138
305,109,109
306,119,142
307,116,147
308,117,142
309,109,103
310,110,139
311,106,137
312,101,137
313,102,166
314,103,165
315,103,162
316,102,158
317,101,155
318,111,149
319,112,150
320,114,152
321,115,154
322,124,130
323,183,109
324,113,146
325,115,146
326,103,112
327,114,112
328,104,111
329,127,87
330,140,93
331,120,104
332,165,9
333,159,18
334,150,30
335,119,158
336,116,30
337,121,11
338,125,-5
339,150,72
340,168,81
341,120,68
342,162,58
343,114,76
344,114,99
345,178,86
346,162,85
347,152,87
348,138,85
349,127,81
350,119,77
351,104,64
352,176,103
353,168,58
354,98,106
355,118,89
356,186,73
357,114,72
358,120,105
359,157,64
360,115,95
361,179,128
362,119,65
363,109,89
364,155,164
365,154,173
366,183,106
367,165,155
368,181,55
369,121,185
370,97,108
371,124,95
372,177,72
373,143,69
374,137,69
375,118,148
376,174,119
377,106,195
378,131,186
379,142,181
380,131,69
381,126,67
382,122,66
383,175,57
384,125,57
385,131,55
386,138,54
387,144,56
388,148,59
389,186,53
390,147,67
391,118,125
392,112,105
393,104,120
394,143,172
395,132,178
396,107,189
397,164,163
398,121,62
399,108,76
400,119,191
401,180,124
402,107,152
403,108,154
404,110,157
405,111,160
406,112,162
407,115,140
408,116,140
409,118,139
410,129,138
411,163,122
412,109,69
413,114,56
414,119,58
415,113,140
416,162,142
417,107,54
418,116,169
419,103,71
420,113,89
421,104,173
422,134,156
423,126,112
424,126,164
425,145,113
426,133,121
427,151,127
428,106,182
429,117,94
430,141,163
431,130,170
432,140,147
433,171,133
434,151,149
435,175,141
436,138,132
437,113,82
438,111,102
439,115,105
440,109,96
441,120,48
442,132,43
443,143,43
444,153,45
445,159,51
446,162,67
447,185,89
448,156,77
449,148,79
450,138,79
451,129,77
452,121,73
453,116,70
454,184,91
455,115,108
456,108,82
457,106,101
458,102,105
459,106,103
460,112,111
461,100,106
462,99,108
463,117,64
464,113,65
465,110,65
466,151,61
467,157,58
468,54,58
469,63,58
470,54,49
471,44,58
472,54,67
473,133,61
474,143,62
475,134,52
476,123,60
477,133,70
