0,97,131
1,108,111
2,101,117
3,99,84
4,109,103
5,108,93
6,103,67
7,41,56
8,102,48
9,103,39
10,104,0
11,97,133
12,96,135
13,95,136
14,94,152
15,94,155
16,94,158
17,93,161
18,92,163
19,106,115
20,95,113
21,5,20
22,63,65
23,55,65
24,48,64
25,37,57
26,69,64
27,54,43
28,63,45
29,45,43
30,39,45
31,29,62
32,58,174
33,38,53
34,-2,55
35,19,55
36,56,96
37,85,129
38,85,134
39,72,129
40,63,130
41,74,133
42,66,133
43,50,142
44,101,110
45,101,103
46,29,39
47,75,79
48,76,104
49,75,99
50,30,92
51,100,93
52,53,36
53,40,36
54,19,9
55,86,47
56,69,49
57,44,133
58,-10,129
59,81,109
60,88,112
61,52,133
62,54,133
63,35,30
64,74,106
65,68,39
66,68,33
67,60,-2
68,28,19
69,65,13
70,23,35
71,15,28
72,85,132
73,73,131
74,65,131
75,82,111
76,53,133
77,57,139
78,55,134
79,88,109
80,67,133
81,75,134
82,85,135
83,80,161
84,80,159
85,81,156
86,83,153
87,83,151
88,66,143
89,65,144
90,63,145
91,61,146
92,58,123
93,-15,87
94,104,116
95,61,139
96,59,139
97,90,115
98,74,110
99,89,114
100,66,82
101,52,85
102,72,102
103,37,0
104,44,13
105,50,29
106,58,150
107,86,38
108,84,15
109,82,-3
110,41,61
111,19,66
112,73,63
113,30,48
114,81,75
115,84,103
116,7,71
117,26,72
118,38,76
119,53,77
120,65,75
121,73,73
122,95,68
123,6,87
124,23,46
125,101,114
126,75,87
127,-10,51
128,79,70
129,69,101
130,34,52
131,82,97
132,-14,107
133,73,60
134,92,94
135,15,152
136,11,162
137,-7,88
138,3,140
139,6,40
140,55,183
141,100,115
142,67,91
143,10,55
144,49,60
145,56,61
146,55,139
147,4,103
148,69,194
149,40,182
150,27,174
151,104,18
152,86,196
153,62,61
154,68,61
155,71,60
156,15,43
157,67,53
158,61,50
159,54,49
160,47,49
161,43,50
162,-3,34
163,44,58
164,99,121
165,69,120
166,82,109
167,88,121
168,102,57
169,28,164
170,41,173
171,71,189
172,0,147
173,71,58
174,90,79
175,89,190
176,54,189
177,-8,106
178,74,147
179,73,149
180,71,151
181,70,154
182,67,157
183,59,133
184,57,132
185,56,131
186,49,127
187,18,109
188,88,71
189,81,56
190,75,55
191,60,133
192,11,128
193,90,57
194,62,165
195,106,84
196,97,76
197,104,76
198,83,90
199,90,182
200,91,172
201,76,170
202,42,146
203,61,107
204,51,157
205,41,104
206,51,113
207,30,116
208,74,180
209,76,93
210,34,154
211,45,164
212,36,135
213,3,117
214,24,138
215,-5,123
216,42,122
217,83,83
218,86,107
219,79,107
220,92,103
221,76,49
222,65,43
223,54,41
224,44,41
225,35,43
226,27,54
227,-6,71
228,34,65
229,43,69
230,54,70
231,64,69
232,71,68
233,76,66
234,-13,68
235,77,109
236,91,87
237,94,109
238,96,113
239,92,110
240,78,110
241,98,114
242,97,115
243,76,61
244,81,63
245,85,65
246,40,52
247,35,48
248,111,85
249,142,62
250,110,114
251,152,35
252,124,68
253,131,68
254,136,69
255,143,65
256,119,66
257,136,49
258,128,50
259,143,51
260,146,54
261,146,70
262,113,174
263,143,60
264,153,67
265,148,66
266,130,101
267,107,130
268,104,135
269,114,131
270,119,133
271,111,135
272,115,136
273,121,144
274,113,111
275,115,103
276,152,50
277,117,82
278,123,106
279,123,102
280,147,99
281,113,94
282,144,43
283,150,46
284,150,24
285,118,48
286,121,52
287,127,136
288,140,134
289,118,111
290,113,113
291,124,137
292,122,138
293,152,42
294,122,109
295,134,44
296,135,39
297,137,7
298,150,32
299,134,22
300,153,48
301,152,42
302,106,133
303,113,134
304,118,135
305,116,112
306,123,138
307,121,143
308,121,138
309,117,110
310,113,137
311,109,136
312,103,136
313,101,162
314,104,160
315,104,157
316,104,154
317,103,152
318,114,146
319,115,147
320,117,148
321,118,150
322,124,126
323,145,97
324,117,143
325,119,143
326,110,116
327,119,112
328,111,115
329,123,86
330,134,91
331,123,105
332,146,14
333,144,25
334,145,39
335,116,152
336,121,40
337,121,20
338,124,2
339,141,67
340,149,76
341,116,64
342,148,57
343,114,77
344,121,105
345,155,81
346,150,81
347,145,83
348,134,81
349,125,78
350,119,74
351,108,69
352,156,96
353,151,57
354,109,114
355,118,90
356,148,65
357,115,71
358,122,104
359,145,61
360,121,99
361,143,115
362,115,62
363,117,96
364,136,154
365,131,163
366,154,98
367,143,144
368,153,53
369,113,182
370,107,116
371,123,95
372,148,68
373,137,64
374,131,64
375,122,143
376,155,111
377,100,194
378,117,181
379,123,174
380,125,64
381,120,63
382,117,62
383,151,57
384,120,56
385,126,54
386,133,53
387,139,55
388,142,57
389,151,48
390,140,63
391,120,123
392,119,110
393,109,121
394,127,165
395,120,173
396,102,188
397,136,150
398,117,60
399,113,81
400,110,188
401,152,114
402,109,149
403,111,151
404,112,153
405,112,156
406,109,158
407,119,137
408,121,136
409,123,135
410,127,130
411,150,115
412,111,73
413,113,57
414,115,58
415,117,137
416,146,133
417,110,58
418,111,165
419,110,77
420,117,92
421,102,170
422,125,149
423,126,110
424,119,158
425,140,109
426,131,117
427,143,121
428,103,180
429,119,96
430,128,155
431,121,165
432,132,139
433,151,124
434,138,141
435,148,129
436,133,126
437,115,85
438,120,109
439,121,109
440,119,104
441,119,51
442,130,48
443,140,47
444,147,49
445,149,52
446,146,63
447,154,82
448,145,73
449,140,75
450,132,74
451,124,72
452,118,70
453,115,68
454,146,80
455,120,110
456,115,88
457,117,110
458,112,113
459,115,111
460,118,112
461,111,114
462,109,115
463,114,62
464,112,64
465,112,66
466,143,59
467,146,57
468,52,55
469,61,55
470,53,48
471,44,54
472,52,61
473,126,59
474,133,59
475,125,54
476,118,59
477,126,65
