0,100,132
1,96,108
2,97,115
3,90,82
4,96,100
5,97,89
6,98,64
7,45,61
8,98,48
9,99,38
10,99,-5
11,100,135
12,100,138
13,100,139
14,100,140
15,100,143
16,100,148
17,101,152
18,97,160
19,96,112
20,89,111
21,19,30
22,66,67
23,59,68
24,52,68
25,42,63
26,72,65
27,53,48
28,62,48
29,46,49
30,41,52
31,37,68
32,68,175
33,42,59
34,16,65
35,28,62
36,59,99
37,90,130
38,92,137
39,81,132
40,75,134
41,84,137
42,78,137
43,61,146
44,90,108
45,89,100
46,31,47
47,75,80
48,70,104
49,70,100
50,36,98
51,90,90
52,48,42
53,38,43
54,26,17
55,81,49
56,70,51
57,55,139
58,20,139
59,76,109
60,83,111
61,68,139
62,70,139
63,34,38
64,70,107
65,63,44
66,61,38
67,55,0
68,31,26
69,60,15
70,27,43
71,24,37
72,91,134
73,83,135
74,77,136
75,78,110
76,69,139
77,72,140
78,71,139
79,81,107
80,80,138
81,86,138
82,93,139
83,86,159
84,91,151
85,91,147
86,92,142
87,92,139
88,80,138
89,78,140
90,77,142
91,75,145
92,63,126
93,15,99
94,97,113
95,75,138
96,74,139
97,86,114
98,73,111
99,84,113
100,67,84
101,55,89
102,69,103
103,37,6
104,42,18
105,46,36
106,68,151
107,79,40
108,78,14
109,75,-4
110,46,67
111,29,73
112,76,64
113,35,55
114,80,75
115,76,102
116,20,79
117,35,79
118,44,82
119,58,81
120,68,78
121,75,74
122,90,66
123,20,95
124,29,54
125,92,112
126,74,88
127,15,64
128,80,71
129,69,103
130,39,59
131,76,97
132,16,119
133,76,61
134,83,93
135,35,157
136,35,167
137,15,98
138,25,147
139,20,49
140,66,184
141,93,113
142,67,93
143,22,62
144,52,64
145,59,64
146,71,142
147,21,111
148,80,196
149,57,185
150,47,178
151,99,14
152,97,197
153,65,63
154,71,62
155,74,61
156,24,51
157,69,55
158,62,52
159,55,52
160,49,54
161,45,56
162,16,45
163,48,63
164,97,120
165,70,122
166,76,108
167,85,120
168,98,55
169,45,168
170,55,176
171,80,189
172,27,155
173,73,59
174,85,78
175,97,191
176,68,191
177,16,116
178,85,138
179,84,141
180,83,145
181,82,149
182,76,156
183,74,138
184,72,137
185,71,136
186,57,132
187,30,115
188,85,70
189,81,57
190,76,57
191,75,138
192,28,135
193,87,58
194,72,165
195,97,81
196,90,74
197,97,72
198,79,90
199,97,181
200,97,170
201,84,169
202,54,150
203,63,109
204,62,159
205,46,108
206,56,117
207,39,121
208,81,180
209,73,94
210,47,158
211,57,167
212,47,141
213,22,125
214,38,143
215,19,132
216,50,126
217,80,83
218,78,106
219,73,107
220,82,101
221,75,52
222,62,47
223,52,46
224,43,47
225,37,50
226,35,61
227,14,81
228,41,72
229,49,74
230,58,74
231,67,72
232,74,69
233,79,67
234,15,81
235,73,108
236,84,85
237,84,107
238,88,110
239,84,108
240,75,111
241,90,111
242,90,113
243,78,62
244,82,64
245,85,66
246,43,57
247,39,55
248,104,82
249,153,62
250,105,111
251,181,29
252,130,67
253,137,68
254,145,68
255,155,64
256,124,66
257,143,48
258,134,49
259,151,49
260,156,52
261,161,68
262,127,175
263,156,60
264,184,64
265,170,63
266,137,98
267,110,130
268,109,137
269,118,132
270,123,134
271,115,137
272,120,137
273,134,145
274,103,108
275,104,100
276,166,48
277,121,79
278,123,103
279,124,99
280,160,97
281,104,90
282,149,42
283,159,44
284,174,16
285,115,49
286,126,52
287,141,138
288,180,138
289,118,108
290,111,111
291,129,138
292,127,138
293,163,39
294,124,106
295,134,43
296,136,38
297,144,-1
298,168,25
299,139,15
300,171,44
301,175,36
302,109,134
303,117,135
304,122,135
305,116,109
306,128,138
307,126,139
308,126,138
309,113,107
310,119,138
311,114,138
312,108,139
313,107,159
314,110,151
315,109,147
316,109,142
317,107,139
318,119,138
319,120,139
320,122,141
321,124,144
322,132,126
323,186,99
324,122,138
325,124,138
326,108,114
327,121,111
328,109,112
329,129,84
330,141,88
331,125,102
332,163,5
333,156,18
334,152,36
335,127,151
336,117,40
337,120,14
338,124,-4
339,151,67
340,169,73
341,120,64
342,163,55
343,116,75
344,118,101
345,178,78
346,163,78
347,153,82
348,138,81
349,128,77
350,121,74
351,105,66
352,177,94
353,169,54
354,101,112
355,121,87
356,186,63
357,115,71
358,126,102
359,159,60
360,118,96
361,184,118
362,120,62
363,111,92
364,163,157
365,163,167
366,185,97
367,173,146
368,179,49
369,129,184
370,100,113
371,128,92
372,176,64
373,144,64
374,138,64
375,127,141
376,177,111
377,114,196
378,139,185
379,150,178
380,131,63
381,125,62
382,122,62
383,174,52
384,128,56
385,135,53
386,142,53
387,148,54
388,152,56
389,184,44
390,149,63
391,124,122
392,117,107
393,108,120
394,151,167
395,141,176
396,114,189
397,172,155
398,122,59
399,110,78
400,127,192
401,183,115
402,114,138
403,116,141
404,117,144
405,118,148
406,118,156
407,124,137
408,126,137
409,127,136
410,138,131
411,167,114
412,110,70
413,115,57
414,119,57
415,122,138
416,169,134
417,108,58
418,122,165
419,104,74
420,116,89
421,110,169
422,141,150
423,132,108
424,133,158
425,149,107
426,139,116
427,157,120
428,112,180
429,121,93
430,148,157
431,138,167
432,148,140
433,176,124
434,159,142
435,180,131
436,146,126
437,115,82
438,115,105
439,121,106
440,111,101
441,121,52
442,134,47
443,145,46
444,154,48
445,160,51
446,163,61
447,185,80
448,156,72
449,148,74
450,138,74
451,129,72
452,122,70
453,117,68
454,186,80
455,121,108
456,110,85
457,109,106
458,105,110
459,109,107
460,119,110
461,103,111
462,103,112
463,117,62
464,113,64
465,111,66
466,154,58
467,159,56
468,58,57
469,65,57
470,57,50
471,50,57
472,58,64
473,139,57
474,147,57
475,139,51
476,132,57
477,139,64
