0,96,124
1,98,104
2,98,114
3,92,80
4,99,96
5,99,86
6,99,63
7,39,66
8,99,43
9,99,32
10,100,-6
11,96,128
12,96,132
13,97,134
14,97,152
15,97,155
16,97,160
17,98,164
18,98,167
19,98,109
20,91,109
21,11,37
22,62,72
23,54,73
24,46,73
25,36,69
26,69,70
27,51,46
28,60,47
29,42,48
30,36,52
31,30,74
32,67,180
33,36,64
34,8,73
35,21,68
36,57,102
37,84,123
38,86,132
39,72,128
40,65,133
41,77,134
42,70,136
43,60,151
44,92,104
45,91,96
46,24,43
47,74,83
48,73,104
49,72,100
50,31,102
51,91,87
52,44,32
53,32,35
54,19,21
55,80,42
56,68,52
57,54,142
58,15,152
59,79,108
60,86,111
61,58,142
62,60,142
63,28,30
64,72,107
65,60,34
66,59,27
67,53,-1
68,25,26
69,57,12
70,20,39
71,17,40
72,84,128
73,74,131
74,67,135
75,81,110
76,59,142
77,63,147
78,61,142
79,83,105
80,72,137
81,79,136
82,87,135
83,87,166
84,85,163
85,85,159
86,86,155
87,87,152
88,72,148
89,70,149
90,68,151
91,66,154
92,63,128
93,6,112
94,98,111
95,67,146
96,65,146
97,88,113
98,75,112
99,87,112
100,65,88
101,51,92
102,71,104
103,32,7
104,37,16
105,42,26
106,67,157
107,78,31
108,77,11
109,74,-5
110,40,72
111,22,79
112,74,68
113,28,56
114,80,77
115,78,100
116,13,86
117,27,84
118,37,86
119,53,85
120,64,82
121,73,78
122,91,66
123,13,102
124,22,55
125,94,109
126,75,90
127,5,75
128,80,73
129,70,105
130,32,64
131,78,96
132,9,132
133,74,66
134,85,90
135,32,166
136,32,178
137,7,108
138,21,156
139,12,56
140,66,189
141,95,111
142,67,96
143,15,70
144,47,68
145,54,69
146,61,148
147,14,119
148,80,201
149,56,192
150,45,186
151,100,12
152,97,203
153,61,68
154,67,67
155,72,66
156,17,54
157,66,59
158,60,56
159,53,55
160,46,57
161,41,60
162,7,55
163,42,67
164,98,119
165,71,123
166,79,107
167,87,120
168,99,54
169,43,175
170,54,182
171,80,194
172,23,167
173,72,63
174,86,78
175,98,196
176,67,197
177,9,126
178,79,150
179,77,152
180,75,156
181,74,159
182,76,162
183,64,139
184,62,138
185,60,137
186,57,134
187,24,121
188,86,71
189,80,58
190,75,59
191,66,139
192,24,142
193,88,56
194,71,171
195,99,78
196,92,73
197,99,71
198,80,90
199,98,186
200,98,176
201,84,175
202,53,155
203,63,111
204,61,164
205,43,111
206,55,119
207,36,125
208,81,185
209,75,95
210,46,164
211,57,172
212,46,145
213,16,133
214,35,149
215,13,143
216,48,130
217,80,84
218,81,104
219,76,106
220,84,98
221,74,49
222,60,43
223,48,41
224,38,43
225,31,48
226,27,66
227,6,90
228,34,77
229,42,78
230,53,79
231,63,77
232,71,74
233,77,71
234,5,94
235,76,108
236,86,84
237,86,103
238,91,108
239,86,105
240,78,111
241,92,108
242,93,111
243,77,65
244,81,66
245,84,67
246,38,62
247,32,57
248,105,80
249,155,65
250,105,109
251,186,39
252,133,71
253,141,72
254,149,72
255,159,68
256,127,69
257,144,46
258,135,47
259,153,47
260,159,51
261,165,73
262,128,180
263,158,63
264,189,75
265,174,68
266,140,102
267,108,122
268,107,132
269,121,126
270,129,131
271,117,133
272,124,135
273,137,150
274,105,104
275,106,96
276,170,43
277,123,83
278,124,104
279,124,100
280,165,102
281,106,87
282,151,32
283,162,35
284,179,22
285,115,42
286,128,52
287,143,142
288,181,154
289,117,108
290,111,110
291,136,140
292,134,140
293,166,30
294,124,107
295,135,34
296,137,27
297,147,0
298,173,28
299,142,14
300,175,40
301,180,42
302,108,127
303,119,130
304,127,133
305,116,110
306,135,140
307,131,145
308,133,140
309,114,105
310,122,136
311,115,134
312,107,134
313,110,166
314,110,163
315,109,158
316,108,154
317,107,151
318,122,147
319,124,148
320,127,150
321,129,152
322,134,128
323,189,114
324,127,144
325,129,144
326,109,113
327,121,112
328,110,112
329,132,88
330,145,93
331,126,104
332,167,9
333,161,19
334,153,25
335,130,157
336,118,31
337,122,12
338,126,-4
339,155,71
340,173,79
341,122,67
342,166,56
343,117,78
344,119,100
345,183,87
346,168,84
347,157,86
348,142,85
349,131,81
350,123,77
351,106,66
352,182,103
353,172,55
354,102,109
355,122,90
356,191,77
357,116,73
358,127,105
359,162,63
360,119,96
361,186,134
362,122,65
363,112,90
364,164,167
365,163,179
366,189,109
367,174,158
368,185,57
369,129,190
370,101,111
371,130,96
372,181,70
373,148,67
374,141,67
375,133,146
376,182,120
377,114,201
378,139,193
379,150,188
380,135,67
381,129,66
382,124,65
383,178,54
384,130,59
385,136,56
386,143,55
387,150,57
388,154,59
389,190,56
390,152,66
391,126,123
392,118,107
393,110,119
394,152,176
395,141,183
396,115,194
397,172,169
398,125,63
399,111,78
400,127,198
401,187,127
402,116,149
403,117,151
404,119,154
405,121,158
406,121,162
407,130,137
408,132,136
409,134,135
410,141,134
411,172,121
412,111,71
413,116,57
414,121,59
415,128,138
416,172,143
417,108,56
418,125,171
419,106,73
420,117,90
421,112,175
422,143,156
423,133,111
424,135,165
425,153,112
426,142,119
427,160,125
428,114,186
429,122,95
430,150,164
431,139,173
432,150,145
433,180,134
434,161,150
435,183,144
436,148,130
437,117,84
438,116,104
439,121,106
440,113,98
441,122,49
442,135,42
443,147,41
444,156,43
445,163,48
446,167,66
447,190,92
448,161,76
449,152,78
450,142,78
451,132,76
452,124,73
453,119,70
454,190,95
455,121,108
456,111,84
457,110,103
458,106,108
459,110,105
460,119,111
461,105,108
462,104,111
463,119,65
464,115,66
465,111,66
466,156,61
467,162,57
468,55,63
469,63,62
470,54,55
471,46,63
472,55,70
473,141,62
474,149,62
475,141,55
476,133,62
477,141,69
