0,95,135
1,100,111
2,99,117
3,93,85
4,100,104
5,100,93
6,100,67
7,45,60
8,99,50
9,99,40
10,99,0
11,95,138
12,95,139
13,95,141
14,95,141
15,95,144
16,96,148
17,96,153
18,98,160
19,100,114
20,92,113
21,17,28
22,69,67
23,61,68
24,53,68
25,43,62
26,75,65
27,54,47
28,63,48
29,46,49
30,41,51
31,37,66
32,70,172
33,42,57
34,14,61
35,29,60
36,62,99
37,87,134
38,88,139
39,79,135
40,74,136
41,82,138
42,77,139
43,64,145
44,94,111
45,93,104
46,31,47
47,77,80
48,75,106
49,75,101
50,40,97
51,93,94
52,47,43
53,37,44
54,24,16
55,83,50
56,72,51
57,59,138
58,20,131
59,81,110
60,87,113
61,68,139
62,70,139
63,33,39
64,75,108
65,62,44
66,61,39
67,55,2
68,30,26
69,60,18
70,26,42
71,23,35
72,87,137
73,81,137
74,76,137
75,82,111
76,69,139
77,72,141
78,71,139
79,85,109
80,78,139
81,83,140
82,89,140
83,89,159
84,87,152
85,87,148
86,88,143
87,89,140
88,78,139
89,77,141
90,75,143
91,74,145
92,67,127
93,13,91
94,100,116
95,75,139
96,73,140
97,89,116
98,77,112
99,88,114
100,69,84
101,57,89
102,73,104
103,36,7
104,42,20
105,45,37
106,71,150
107,79,41
108,79,18
109,75,0
110,46,66
111,30,71
112,79,63
113,35,53
114,82,76
115,80,104
116,21,76
117,35,77
118,45,81
119,60,81
120,70,77
121,77,74
122,92,68
123,22,93
124,29,52
125,96,114
126,77,89
127,12,58
128,83,72
129,73,104
130,39,57
131,80,99
132,15,110
133,78,61
134,86,96
135,36,152
136,36,160
137,15,93
138,27,141
139,18,46
140,68,181
141,96,115
142,71,94
143,23,60
144,53,64
145,61,64
146,70,142
147,23,108
148,82,192
149,58,180
150,48,172
151,99,19
152,98,194
153,67,63
154,73,62
155,77,61
156,24,49
157,71,54
158,63,51
159,56,51
160,49,52
161,45,54
162,14,41
163,48,62
164,99,123
165,75,124
166,81,109
167,89,123
168,99,58
169,47,163
170,57,172
171,82,186
172,27,147
173,76,58
174,87,80
175,98,188
176,69,187
177,17,110
178,83,140
179,82,142
180,80,145
181,80,149
182,79,156
183,73,139
184,72,138
185,71,138
186,62,132
187,33,113
188,87,72
189,84,57
190,79,57
191,75,139
192,31,131
193,90,59
194,74,163
195,100,84
196,93,77
197,100,75
198,82,92
199,98,180
200,98,169
201,86,168
202,57,148
203,67,109
204,65,157
205,50,108
206,60,117
207,43,119
208,83,178
209,77,95
210,50,154
211,60,164
212,51,139
213,25,121
214,41,140
215,20,126
216,54,126
217,82,84
218,83,108
219,78,108
220,86,104
221,77,51
222,63,47
223,51,46
224,42,47
225,37,50
226,35,59
227,14,76
228,42,70
229,50,73
230,60,73
231,70,71
232,77,69
233,81,67
234,12,74
235,78,110
236,87,88
237,88,109
238,92,112
239,88,110
240,79,112
241,93,113
242,94,114
243,81,62
244,85,64
245,87,67
246,43,56
247,38,54
248,106,85
249,149,60
250,107,113
251,174,29
252,127,67
253,134,68
254,142,68
255,151,62
256,121,65
257,141,47
258,132,48
259,148,49
260,153,51
261,157,67
262,126,172
263,152,57
264,178,62
265,165,61
266,135,100
267,104,134
268,103,139
269,112,135
270,118,137
271,110,139
272,115,139
273,131,145
274,106,111
275,107,104
276,163,47
277,120,81
278,123,106
279,123,101
280,156,98
281,107,94
282,147,42
283,156,43
284,169,17
285,114,49
286,124,51
287,137,139
288,173,132
289,118,110
290,112,113
291,124,140
292,123,140
293,160,38
294,123,108
295,133,44
296,134,38
297,142,3
298,164,27
299,137,19
300,167,43
301,170,36
302,104,137
303,111,137
304,116,138
305,116,111
306,123,140
307,120,141
308,122,140
309,114,109
310,114,140
311,109,140
312,103,140
313,108,159
314,105,152
315,104,148
316,103,144
317,103,140
318,114,140
319,115,141
320,117,143
321,118,146
322,129,128
323,178,93
324,118,140
325,119,141
326,109,116
327,120,113
328,110,114
329,127,85
330,139,90
331,124,104
332,158,8
333,154,21
334,149,36
335,125,151
336,117,40
337,120,19
338,122,0
339,148,66
340,164,72
341,117,64
342,159,54
343,116,76
344,119,104
345,172,78
346,159,78
347,150,82
348,136,81
349,126,78
350,119,75
351,106,68
352,172,94
353,164,53
354,104,114
355,120,89
356,178,59
357,114,72
358,125,104
359,155,58
360,119,99
361,177,112
362,117,61
363,113,96
364,159,153
365,159,161
366,178,94
367,167,142
368,174,48
369,128,181
370,103,115
371,126,94
372,170,62
373,141,64
374,135,64
375,122,142
376,171,109
377,114,192
378,138,180
379,148,172
380,128,63
381,122,62
382,119,62
383,169,50
384,125,55
385,132,52
386,139,51
387,145,53
388,149,55
389,177,42
390,146,62
391,123,124
392,118,109
393,109,123
394,149,164
395,139,172
396,115,187
397,167,148
398,120,59
399,111,80
400,127,187
401,177,111
402,109,140
403,110,142
404,111,146
405,113,149
406,117,156
407,119,139
408,120,139
409,122,138
410,134,133
411,162,114
412,111,72
413,113,57
414,117,57
415,118,140
416,164,132
417,107,59
418,122,164
419,106,77
420,116,92
421,110,168
422,139,149
423,130,110
424,131,157
425,146,109
426,137,117
427,153,120
428,113,178
429,121,95
430,146,155
431,136,164
432,145,140
433,170,122
434,155,141
435,174,127
436,142,127
437,116,84
438,116,108
439,121,109
440,113,104
441,119,51
442,132,47
443,143,46
444,152,47
445,157,50
446,159,60
447,179,78
448,153,71
449,145,74
450,135,73
451,126,72
452,120,69
453,115,68
454,178,76
455,121,110
456,111,88
457,111,109
458,107,112
459,111,110
460,118,112
461,106,113
462,105,114
463,115,62
464,112,64
465,110,67
466,151,56
467,155,54
468,58,56
469,66,56
470,58,49
471,49,57
472,58,63
473,137,56
474,144,57
475,137,49
476,129,56
477,137,63
