0,95,134
1,100,121
2,98,124
3,93,92
4,100,114
5,100,102
6,100,72
7,47,61
8,101,53
9,101,44
10,102,3
11,95,135
12,95,137
13,95,138
14,95,149
15,95,152
16,95,156
17,94,159
18,95,165
19,99,124
20,90,122
21,18,26
22,69,68
23,61,69
24,54,68
25,44,63
26,76,67
27,57,49
28,66,50
29,49,50
30,44,52
31,37,66
32,66,174
33,45,58
34,13,58
35,28,60
36,58,101
37,83,132
38,84,136
39,73,131
40,65,131
41,75,134
42,68,133
43,57,143
44,93,121
45,92,113
46,33,46
47,76,83
48,71,111
49,70,106
50,36,96
51,93,102
52,50,41
53,40,42
54,26,16
55,85,51
56,74,53
57,50,135
58,13,125
59,76,116
60,83,119
61,55,131
62,57,132
63,36,37
64,69,112
65,65,44
66,64,38
67,56,4
68,31,27
69,61,22
70,28,41
71,23,35
72,84,134
73,74,133
74,66,132
75,77,117
76,56,131
77,61,138
78,58,132
79,82,117
80,69,134
81,76,135
82,85,137
83,84,163
84,82,158
85,83,154
86,84,150
87,85,148
88,69,141
89,68,142
90,66,144
91,64,146
92,61,128
93,8,86
94,99,124
95,64,137
96,62,137
97,86,122
98,71,115
99,84,120
100,68,86
101,55,89
102,69,107
103,38,9
104,43,23
105,48,35
106,64,151
107,83,42
108,80,22
109,77,3
110,47,66
111,28,70
112,80,65
113,37,54
114,81,80
115,77,111
116,18,75
117,33,76
118,43,80
119,58,80
120,69,78
121,77,76
122,93,73
123,18,90
124,30,52
125,95,124
126,75,92
127,10,53
128,83,73
129,68,106
130,41,58
131,77,105
132,9,104
133,80,63
134,85,103
135,30,150
136,30,157
137,10,89
138,21,137
139,18,45
140,63,183
141,95,124
142,67,95
143,21,60
144,55,64
145,62,65
146,59,138
147,17,105
148,77,195
149,53,180
150,42,170
151,101,23
152,94,197
153,68,65
154,75,64
155,79,63
156,24,49
157,72,57
158,65,55
159,58,54
160,52,55
161,48,56
162,13,38
163,50,63
164,98,128
165,69,126
166,76,116
167,85,127
168,100,61
169,41,162
170,51,172
171,78,189
172,21,143
173,78,61
174,87,86
175,94,191
176,64,189
177,10,106
178,76,145
179,75,147
180,73,150
181,72,153
182,73,158
183,62,132
184,60,131
185,59,131
186,54,131
187,27,111
188,87,76
189,85,59
190,81,59
191,63,133
192,24,128
193,91,61
194,69,165
195,100,92
196,93,83
197,100,82
198,80,97
199,95,183
200,95,173
201,82,171
202,50,146
203,61,111
204,59,156
205,45,108
206,54,117
207,37,118
208,80,181
209,74,98
210,44,153
211,54,164
212,44,136
213,18,118
214,34,137
215,13,122
216,47,124
217,81,88
218,79,116
219,73,114
220,84,113
221,79,53
222,66,48
223,55,47
224,45,47
225,39,50
226,36,59
227,10,73
228,41,70
229,49,73
230,59,74
231,69,73
232,77,71
233,82,69
234,9,69
235,72,115
236,87,94
237,86,119
238,90,121
239,86,119
240,74,116
241,92,123
242,92,123
243,83,64
244,86,66
245,88,68
246,46,57
247,41,55
248,107,92
249,150,60
250,108,122
251,173,28
252,128,67
253,135,67
254,142,67
255,152,62
256,122,65
257,142,48
258,133,49
259,149,49
260,154,51
261,157,66
262,122,173
263,153,57
264,176,60
265,165,59
266,136,101
267,108,132
268,107,136
269,119,132
270,127,132
271,117,135
272,124,135
273,132,143
274,106,121
275,108,113
276,164,45
277,121,83
278,126,111
279,126,106
280,156,97
281,107,103
282,149,41
283,158,42
284,168,18
285,116,49
286,125,52
287,139,135
288,168,125
289,120,116
290,114,119
291,139,132
292,137,133
293,162,36
294,126,112
295,135,43
296,137,37
297,144,6
298,165,29
299,140,22
300,167,40
301,170,37
302,107,135
303,118,134
304,126,133
305,119,117
306,138,133
307,132,139
308,136,133
309,116,117
310,123,135
311,115,136
312,106,137
313,106,164
314,107,158
315,107,155
316,106,151
317,106,148
318,123,143
319,124,144
320,126,145
321,127,147
322,132,128
323,175,87
324,128,139
325,130,139
326,110,122
327,124,116
328,112,121
329,128,86
330,139,90
331,127,108
332,160,10
333,156,24
334,151,35
335,125,151
336,119,40
337,122,23
338,125,3
339,149,65
340,164,70
341,119,64
342,159,53
343,116,80
344,121,111
345,172,76
346,160,76
347,151,80
348,138,80
349,128,77
350,121,75
351,107,73
352,172,91
353,165,51
354,104,123
355,121,92
356,176,55
357,116,72
358,127,106
359,155,57
360,121,105
361,173,105
362,119,61
363,114,103
364,155,149
365,153,156
366,177,90
367,164,137
368,173,47
369,124,182
370,103,124
371,127,96
372,169,59
373,142,63
374,135,64
375,134,139
376,171,105
377,110,195
378,133,179
379,142,169
380,129,63
381,124,62
382,120,61
383,168,48
384,126,56
385,133,53
386,140,53
387,146,54
388,150,55
389,175,39
390,147,62
391,125,126
392,120,116
393,110,128
394,145,161
395,135,172
396,110,189
397,161,142
398,121,59
399,112,86
400,123,188
401,175,106
402,115,146
403,116,148
404,118,151
405,118,154
406,117,158
407,131,134
408,133,133
409,134,132
410,137,131
411,163,111
412,111,76
413,115,58
414,119,57
415,130,134
416,163,128
417,109,60
418,120,165
419,107,83
420,117,97
421,107,171
422,138,146
423,132,111
424,129,156
425,148,109
426,138,118
427,154,119
428,109,181
429,122,99
430,143,152
431,133,163
432,145,136
433,169,118
434,154,137
435,171,122
436,144,125
437,116,89
438,118,116
439,123,114
440,115,113
441,121,52
442,134,47
443,144,46
444,153,47
445,158,49
446,159,58
447,177,75
448,153,70
449,146,73
450,136,73
451,128,71
452,121,69
453,117,68
454,175,70
455,123,115
456,112,94
457,112,118
458,108,121
459,113,119
460,121,116
461,106,123
462,106,123
463,117,62
464,114,65
465,112,68
466,151,57
467,156,54
468,61,59
469,69,59
470,61,52
471,52,58
472,60,65
473,136,58
474,143,58
475,136,51
476,128,58
477,136,64
