0,102,134
1,119,115
2,108,120
3,108,87
4,121,108
5,118,96
6,109,67
7,45,58
8,107,47
9,108,38
10,107,0
11,101,136
12,100,137
13,98,138
14,97,152
15,98,154
16,99,158
17,98,162
18,95,168
19,116,119
20,103,118
21,-6,24
22,66,64
23,60,65
24,52,65
25,39,60
26,72,62
27,58,45
28,66,45
29,50,46
30,43,48
31,29,65
32,58,177
33,40,55
34,-12,58
35,15,59
36,58,100
37,90,132
38,87,136
39,74,133
40,61,134
41,74,136
42,63,136
43,48,147
44,112,115
45,112,108
46,31,43
47,77,81
48,81,109
49,79,103
50,29,97
51,111,97
52,59,36
53,44,38
54,9,13
55,93,45
56,72,48
57,42,138
58,-20,129
59,86,114
60,93,116
61,42,137
62,45,137
63,38,33
64,77,110
65,75,38
66,75,32
67,57,0
68,22,24
69,66,16
70,22,38
71,7,33
72,89,135
73,74,135
74,62,135
75,87,115
76,44,137
77,51,143
78,46,138
79,96,114
80,63,136
81,74,136
82,86,137
83,81,167
84,84,161
85,86,157
86,86,154
87,86,151
88,63,146
89,62,147
90,60,148
91,59,150
92,60,128
93,-29,88
94,113,120
95,54,143
96,53,143
97,96,119
98,77,114
99,94,118
100,67,84
101,53,89
102,75,106
103,30,4
104,42,18
105,56,30
106,57,155
107,94,35
108,87,17
109,82,0
110,44,63
111,17,70
112,76,61
113,31,51
114,84,77
115,91,108
116,1,75
117,27,77
118,42,80
119,58,79
120,69,75
121,76,72
122,100,69
123,1,91
124,22,50
125,112,119
126,78,89
127,-25,54
128,83,69
129,71,105
130,35,55
131,88,101
132,-27,108
133,74,58
134,100,99
135,12,155
136,5,163
137,-17,91
138,-1,142
139,-3,44
140,55,186
141,109,120
142,69,94
143,2,59
144,54,61
145,61,61
146,49,144
147,0,107
148,70,196
149,37,184
150,22,175
151,108,19
152,88,196
153,66,60
154,70,59
155,73,58
156,11,47
157,69,52
158,64,50
159,58,50
160,51,51
161,46,53
162,-18,37
163,49,59
164,106,125
165,72,125
166,87,114
167,93,125
168,106,56
169,26,167
170,39,176
171,72,191
172,-8,148
173,73,56
174,95,82
175,91,192
176,53,192
177,-16,109
178,74,149
179,74,151
180,73,153
181,71,157
182,68,162
183,52,136
184,51,136
185,50,135
186,49,132
187,16,113
188,93,72
189,84,54
190,77,54
191,53,136
192,8,132
193,95,55
194,62,169
195,115,86
196,104,79
197,112,77
198,88,93
199,92,184
200,93,175
201,78,174
202,40,150
203,63,110
204,50,161
205,42,109
206,53,118
207,30,120
208,75,183
209,80,96
210,32,157
211,44,168
212,34,139
213,0,121
214,21,142
215,-12,125
216,42,126
217,87,86
218,94,113
219,84,112
220,102,108
221,80,48
222,70,43
223,60,42
224,49,43
225,39,46
226,27,57
227,-15,75
228,36,69
229,46,72
230,58,71
231,67,69
232,74,67
233,79,65
234,-28,71
235,81,113
236,98,90
237,104,114
238,105,118
239,101,115
240,82,115
241,108,118
242,105,119
243,78,59
244,84,61
245,89,64
246,43,54
247,37,51
248,120,87
249,135,57
250,120,117
251,144,29
252,119,63
253,124,64
254,129,64
255,134,59
256,116,61
257,134,46
258,127,46
259,138,47
260,140,49
261,136,65
262,113,172
263,136,55
264,140,59
265,138,59
266,132,99
267,111,132
268,107,136
269,116,133
270,118,134
271,112,136
272,114,136
273,121,144
274,125,115
275,126,107
276,147,44
277,120,80
278,130,107
279,129,102
280,144,95
281,124,96
282,145,39
283,148,40
284,145,19
285,123,44
286,121,49
287,126,134
288,120,121
289,126,112
290,121,116
291,118,139
292,116,139
293,150,36
294,129,109
295,137,39
296,140,34
297,137,5
298,148,28
299,137,20
300,148,41
301,147,36
302,109,135
303,114,135
304,116,135
305,124,113
306,117,139
307,116,144
308,115,139
309,127,112
310,112,137
311,109,137
312,105,137
313,104,166
314,107,160
315,107,156
316,106,153
317,104,151
318,111,146
319,113,147
320,115,148
321,116,150
322,126,126
323,125,86
324,113,143
325,114,143
326,118,119
327,125,113
328,119,118
329,125,84
330,133,88
331,128,105
332,144,10
333,145,22
334,147,33
335,117,152
336,128,36
337,125,19
338,126,2
339,133,63
340,137,70
341,114,60
342,141,51
343,117,77
344,130,106
345,145,74
346,137,76
347,134,80
348,126,79
349,119,75
350,116,72
351,114,69
352,147,89
353,143,51
354,120,118
355,122,89
356,132,56
357,114,69
358,126,104
359,137,55
360,128,100
361,123,102
362,114,57
363,126,98
364,125,146
365,117,153
366,139,88
367,128,134
368,144,47
369,112,180
370,116,119
371,125,93
372,137,59
373,131,60
374,126,60
375,117,144
376,144,103
377,101,193
378,112,176
379,114,166
380,121,59
381,117,58
382,115,57
383,143,49
384,119,53
385,124,51
386,130,50
387,134,51
388,136,53
389,139,41
390,133,59
391,124,123
392,127,112
393,115,124
394,120,158
395,116,169
396,104,188
397,118,138
398,116,55
399,119,81
400,108,186
401,136,103
402,108,149
403,110,150
404,112,153
405,113,156
406,111,160
407,115,137
408,117,137
409,119,136
410,127,129
411,142,109
412,116,72
413,114,53
414,115,53
415,113,138
416,135,125
417,113,55
418,111,165
419,117,78
420,123,93
421,104,172
422,123,145
423,129,109
424,117,156
425,138,107
426,131,116
427,138,117
428,105,181
429,124,95
430,124,150
431,118,161
432,129,135
433,139,115
434,131,135
435,132,118
436,132,123
437,120,85
438,129,111
439,129,110
440,129,107
441,121,47
442,131,44
443,139,44
444,143,45
445,144,47
446,137,57
447,139,74
448,135,69
449,131,71
450,125,71
451,119,68
452,115,66
453,113,64
454,127,71
455,127,111
456,122,89
457,128,113
458,122,116
459,126,114
460,125,113
461,121,118
462,118,119
463,113,58
464,111,61
465,112,64
466,136,54
467,139,52
468,61,55
469,66,55
470,61,49
471,55,55
472,61,61
473,128,54
474,133,55
475,130,49
476,124,54
477,127,60
