0,95,134
1,90,108
2,93,114
3,85,82
4,89,100
5,90,90
6,92,64
7,50,62
8,93,47
9,92,37
10,92,-1
11,95,136
12,96,138
13,97,140
14,97,140
15,96,142
16,96,145
17,97,149
18,98,157
19,91,112
20,86,111
21,31,35
22,70,68
23,63,69
24,56,69
25,49,65
26,75,66
27,57,49
28,65,50
29,50,51
30,47,54
31,44,70
32,76,170
33,48,60
34,31,67
35,38,65
36,64,101
37,87,132
38,89,138
39,81,134
40,78,137
41,85,138
42,81,139
43,71,146
44,84,108
45,83,101
46,38,50
47,76,81
48,73,105
49,73,101
50,46,100
51,84,91
52,50,44
53,42,46
54,34,23
55,79,49
56,72,52
57,65,140
58,45,136
59,78,109
60,83,111
61,74,141
62,76,141
63,40,41
64,73,108
65,62,44
66,61,38
67,55,5
68,36,31
69,58,20
70,35,46
71,33,41
72,88,136
73,83,137
74,79,138
75,80,110
76,75,141
77,77,142
78,77,141
79,79,107
80,83,140
81,86,139
82,91,140
83,90,157
84,89,148
85,89,145
86,90,142
87,91,140
88,83,140
89,81,141
90,80,142
91,79,144
92,70,128
93,37,99
94,92,113
95,80,140
96,79,141
97,85,114
98,77,112
99,84,113
100,70,85
101,60,91
102,73,104
103,41,12
104,45,24
105,48,38
106,76,150
107,76,40
108,74,18
109,71,0
110,51,68
111,38,76
112,78,64
113,42,57
114,80,76
115,75,103
116,33,82
117,42,81
118,49,84
119,61,82
120,70,78
121,76,75
122,87,66
123,35,97
124,38,57
125,88,111
126,76,89
127,33,66
128,81,71
129,73,104
130,46,61
131,76,98
132,40,117
133,79,62
134,79,93
135,52,154
136,55,162
137,33,99
138,45,144
139,31,53
140,75,178
141,89,113
142,71,94
143,35,67
144,56,64
145,62,65
146,76,142
147,37,112
148,87,188
149,70,178
150,63,171
151,92,17
152,102,190
153,68,64
154,74,63
155,77,62
156,35,55
157,72,56
158,66,54
159,60,54
160,54,55
161,51,57
162,31,49
163,53,64
164,94,121
165,75,124
166,77,108
167,85,121
168,93,55
169,59,163
170,67,171
171,86,183
172,50,151
173,76,59
174,82,78
175,100,184
176,77,184
177,36,115
178,86,139
179,85,141
180,84,144
181,83,147
182,82,154
183,78,140
184,77,139
185,75,139
186,67,134
187,44,116
188,83,70
189,82,57
190,79,57
191,80,140
192,45,134
193,86,58
194,79,162
195,91,81
196,86,74
197,92,72
198,78,91
199,99,176
200,98,166
201,88,165
202,64,150
203,68,110
204,71,157
205,55,110
206,63,118
207,51,122
208,86,175
209,76,95
210,60,155
211,68,163
212,59,141
213,40,125
214,52,142
215,40,130
216,59,128
217,80,83
218,77,106
219,75,108
220,78,101
221,76,52
222,64,48
223,54,48
224,47,49
225,43,52
226,43,63
227,31,83
228,47,73
229,53,75
230,62,75
231,70,73
232,76,70
233,80,68
234,35,82
235,75,109
236,81,86
237,80,107
238,85,110
239,81,108
240,78,111
241,86,111
242,87,112
243,80,62
244,83,64
245,84,66
246,49,59
247,45,57
248,97,82
249,150,58
250,99,111
251,183,25
252,129,65
253,136,65
254,143,65
255,154,61
256,123,64
257,138,45
258,130,46
259,146,46
260,152,48
261,160,66
262,128,170
263,153,56
264,187,59
265,170,61
266,132,98
267,104,132
268,104,138
269,114,134
270,121,136
271,112,138
272,119,139
273,132,145
274,96,108
275,97,100
276,161,44
277,117,79
278,116,104
279,117,99
280,156,96
281,97,90
282,140,38
283,152,40
284,172,13
285,107,46
286,123,50
287,138,139
288,188,132
289,111,108
290,105,111
291,131,140
292,129,140
293,156,35
294,117,107
295,125,40
296,125,34
297,136,-1
298,164,23
299,131,15
300,167,41
301,175,32
302,104,135
303,113,136
304,120,137
305,110,110
306,130,140
307,126,141
308,128,140
309,106,107
310,118,139
311,111,139
312,104,139
313,107,157
314,105,148
315,105,145
316,104,142
317,104,139
318,118,139
319,119,140
320,120,142
321,121,144
322,126,126
323,194,92
324,123,140
325,124,140
326,103,114
327,116,111
328,104,112
329,125,83
330,137,88
331,119,102
332,157,3
333,150,16
334,142,32
335,125,150
336,108,37
337,112,15
338,115,-2
339,150,64
340,169,71
341,119,63
342,160,52
343,112,74
344,110,101
345,178,75
346,162,76
347,151,80
348,137,79
349,126,76
350,119,73
351,100,65
352,177,92
353,166,52
354,95,111
355,116,87
356,193,57
357,113,70
358,121,103
359,157,56
360,111,96
361,193,112
362,120,60
363,104,92
364,166,153
365,169,161
366,188,93
367,176,141
368,181,44
369,131,178
370,95,113
371,123,92
372,178,62
373,142,60
374,135,61
375,127,142
376,177,107
377,118,189
378,144,179
379,156,172
380,130,61
381,125,60
382,121,61
383,173,50
384,126,55
385,131,52
386,137,51
387,144,51
388,148,53
389,189,39
390,146,59
391,119,122
392,111,107
393,104,121
394,155,163
395,144,171
396,117,183
397,180,148
398,122,58
399,105,77
400,131,185
401,187,110
402,111,139
403,112,141
404,113,143
405,114,146
406,117,154
407,125,139
408,126,139
409,127,138
410,133,132
411,164,112
412,106,69
413,112,56
414,118,56
415,123,140
416,169,131
417,103,56
418,123,162
419,99,74
420,110,89
421,111,166
422,141,149
423,127,108
424,133,157
425,145,107
426,135,116
427,153,119
428,114,175
429,115,93
430,150,154
431,139,163
432,147,140
433,176,121
434,158,140
435,184,126
436,142,126
437,110,82
438,108,105
439,114,106
440,104,100
441,116,50
442,128,44
443,138,43
444,148,44
445,155,47
446,162,59
447,188,76
448,155,69
449,147,71
450,137,72
451,128,70
452,121,69
453,116,67
454,194,75
455,114,108
456,104,85
457,102,106
458,99,110
459,103,107
460,113,110
461,97,111
462,98,112
463,116,61
464,112,63
465,108,65
466,151,55
467,156,52
468,64,59
469,71,58
470,63,52
471,56,59
472,64,65
473,141,55
474,148,55
475,140,48
476,134,55
477,141,61
