0,99,132
1,95,115
2,97,120
3,90,86
4,95,106
5,95,95
6,97,66
7,49,61
8,97,48
9,97,37
10,98,-5
11,99,134
12,99,136
13,100,137
14,100,144
15,100,146
16,99,148
17,99,151
18,100,164
19,96,119
20,88,117
21,25,31
22,68,68
23,61,69
24,54,68
25,46,64
26,74,66
27,57,47
28,65,48
29,50,49
30,45,52
31,40,69
32,73,178
33,46,59
34,22,65
35,33,64
36,60,101
37,88,131
38,89,135
39,79,131
40,72,132
41,81,134
42,74,134
43,64,145
44,89,115
45,88,106
46,35,47
47,76,82
48,71,108
49,72,103
50,38,98
51,89,95
52,51,39
53,42,42
54,30,17
55,82,46
56,73,51
57,57,136
58,31,140
59,77,113
60,83,116
61,63,133
62,65,133
63,38,37
64,71,110
65,65,40
66,63,34
67,56,0
68,34,27
69,60,15
70,31,43
71,28,37
72,89,133
73,80,133
74,73,133
75,78,114
76,64,133
77,68,138
78,66,134
79,81,113
80,76,135
81,82,135
82,90,136
83,89,163
84,89,150
85,89,147
86,90,145
87,90,143
88,76,140
89,75,140
90,73,142
91,72,143
92,64,127
93,24,100
94,96,120
95,71,137
96,70,137
97,86,118
98,73,114
99,85,117
100,69,86
101,56,90
102,70,106
103,40,6
104,44,19
105,49,34
106,71,152
107,80,36
108,77,14
109,75,-4
110,49,67
111,33,74
112,78,64
113,39,55
114,81,78
115,76,107
116,25,80
117,38,79
118,46,82
119,59,81
120,69,78
121,76,75
122,90,68
123,25,95
124,33,54
125,92,118
126,76,90
127,22,64
128,82,71
129,70,105
130,43,60
131,76,101
132,26,120
133,78,62
134,83,97
135,42,158
136,45,168
137,22,99
138,33,148
139,25,50
140,72,187
141,93,119
142,69,95
143,27,65
144,55,64
145,61,65
146,67,138
147,25,112
148,85,199
149,65,187
150,56,179
151,97,14
152,100,201
153,67,64
154,73,63
155,76,62
156,29,53
157,72,56
158,66,54
159,59,53
160,53,54
161,50,56
162,22,45
163,51,63
164,98,124
165,71,124
166,77,112
167,86,124
168,97,56
169,53,169
170,62,178
171,84,193
172,37,156
173,76,59
174,85,81
175,100,195
176,74,194
177,23,116
178,82,142
179,81,143
180,80,145
181,80,148
182,79,159
183,69,134
184,68,133
185,67,132
186,58,131
187,32,116
188,86,72
189,83,56
190,79,57
191,71,134
192,33,135
193,88,56
194,76,168
195,96,85
196,90,77
197,96,76
198,79,93
199,100,186
200,100,174
201,87,173
202,59,150
203,64,111
204,67,160
205,47,109
206,57,118
207,41,121
208,85,184
209,75,97
210,54,158
211,63,169
212,51,139
213,27,126
214,43,143
215,27,133
216,51,126
217,81,86
218,78,111
219,74,111
220,82,107
221,77,50
222,65,45
223,55,45
224,46,46
225,41,50
226,39,62
227,21,82
228,44,72
229,51,74
230,60,74
231,69,73
232,76,70
233,80,68
234,23,82
235,74,112
236,84,89
237,83,113
238,88,117
239,84,114
240,76,114
241,89,118
242,90,119
243,80,62
244,84,64
245,86,65
246,48,58
247,43,55
248,102,86
249,151,61
250,105,117
251,184,27
252,130,67
253,137,68
254,144,68
255,155,63
256,124,66
257,142,46
258,133,47
259,149,48
260,154,51
261,161,67
262,130,178
263,155,58
264,188,63
265,171,62
266,139,100
267,111,131
268,111,135
269,122,131
270,130,131
271,120,134
272,127,133
273,141,144
274,102,114
275,103,106
276,165,46
277,121,81
278,124,107
279,124,102
280,163,96
281,102,95
282,145,39
283,156,41
284,175,14
285,113,47
286,126,51
287,149,135
288,185,140
289,118,113
290,112,115
291,139,132
292,137,132
293,161,36
294,125,109
295,131,41
296,132,35
297,143,-2
298,168,24
299,137,14
300,170,42
301,177,35
302,111,133
303,121,132
304,128,132
305,117,114
306,138,132
307,133,137
308,136,133
309,113,113
310,126,134
311,119,134
312,110,136
313,112,163
314,111,150
315,110,147
316,110,145
317,110,143
318,125,139
319,126,139
320,128,141
321,129,142
322,138,126
323,191,98
324,131,136
325,132,136
326,109,118
327,123,113
328,110,117
329,130,85
330,143,89
331,126,105
332,162,3
333,155,17
334,148,33
335,133,152
336,115,37
337,118,14
338,122,-5
339,151,66
340,170,72
341,120,65
342,162,54
343,115,77
344,117,107
345,180,78
346,163,78
347,153,81
348,138,80
349,128,77
350,120,74
351,104,68
352,181,94
353,169,53
354,100,118
355,121,90
356,191,61
357,115,71
358,128,104
359,158,59
360,118,100
361,189,119
362,120,62
363,110,97
364,167,158
365,166,169
366,189,97
367,177,148
368,183,48
369,131,188
370,100,119
371,129,94
372,178,63
373,143,64
374,137,64
375,135,137
376,182,110
377,116,200
378,141,189
379,152,181
380,131,64
381,125,63
382,122,62
383,175,51
384,127,55
385,134,52
386,140,52
387,147,53
388,150,55
389,189,42
390,148,62
391,128,123
392,118,112
393,111,124
394,154,170
395,143,179
396,116,194
397,176,156
398,123,60
399,109,81
400,129,195
401,188,115
402,118,141
403,119,142
404,120,144
405,120,147
406,124,159
407,133,132
408,134,132
409,135,131
410,145,130
411,172,114
412,110,72
413,115,57
414,119,57
415,132,133
416,174,134
417,107,57
418,127,168
419,103,77
420,116,93
421,114,173
422,146,149
423,135,110
424,137,160
425,153,108
426,144,117
427,162,120
428,116,185
429,121,96
430,152,158
431,141,169
432,154,138
433,181,125
434,164,142
435,184,132
436,152,125
437,115,85
438,115,111
439,121,111
440,110,106
441,120,50
442,132,45
443,143,44
444,152,46
445,158,49
446,163,60
447,189,80
448,156,71
449,148,73
450,138,73
451,129,72
452,122,70
453,117,68
454,192,79
455,122,112
456,109,89
457,108,113
458,105,117
459,109,114
460,120,113
461,103,118
462,103,118
463,117,62
464,113,64
465,110,66
466,153,57
467,158,54
468,61,59
469,69,58
470,61,52
471,54,59
472,61,65
473,140,58
474,148,58
475,140,51
476,133,58
477,140,64
