0,95,133
1,99,117
2,97,119
3,92,90
4,99,110
5,99,99
6,99,70
7,43,56
8,99,49
9,99,40
10,99,-3
11,95,135
12,95,138
13,95,140
14,95,140
15,95,144
16,95,148
17,95,152
18,95,155
19,98,119
20,90,117
21,13,20
22,66,63
23,59,63
24,51,63
25,39,58
26,71,61
27,53,46
28,61,47
29,46,46
30,41,48
31,33,62
32,67,165
33,39,54
34,8,54
35,23,56
36,57,98
37,85,131
38,86,137
39,76,130
40,70,130
41,78,135
42,72,133
43,59,138
44,92,116
45,92,110
46,29,42
47,74,81
48,72,108
49,71,103
50,33,94
51,92,99
52,49,39
53,38,39
54,21,10
55,82,49
56,68,49
57,52,131
58,12,118
59,77,112
60,84,115
61,61,129
62,63,130
63,33,33
64,71,109
65,64,42
66,63,36
67,53,0
68,27,22
69,58,16
70,24,36
71,19,29
72,85,134
73,77,133
74,71,132
75,79,113
76,62,130
77,66,134
78,64,131
79,82,113
80,73,135
81,79,137
82,86,138
83,85,155
84,85,151
85,85,147
86,86,143
87,87,139
88,73,135
89,72,136
90,71,138
91,69,140
92,62,124
93,5,80
94,98,119
95,69,133
96,68,133
97,87,118
98,73,112
99,85,116
100,66,84
101,53,88
102,70,104
103,33,3
104,39,17
105,46,32
106,66,144
107,81,40
108,77,17
109,74,-2
110,44,61
111,24,67
112,74,60
113,32,50
114,79,77
115,78,108
116,15,72
117,31,74
118,42,79
119,57,78
120,67,76
121,74,73
122,91,71
123,15,87
124,25,47
125,94,119
126,74,89
127,6,47
128,80,71
129,69,103
130,36,53
131,77,102
132,7,98
133,73,58
134,85,100
135,30,143
136,30,149
137,7,85
138,19,132
139,13,40
140,65,172
141,95,119
142,67,93
143,15,55
144,52,58
145,59,59
146,65,134
147,15,102
148,79,182
149,56,168
150,44,160
151,99,18
152,95,183
153,64,58
154,69,57
155,72,57
156,19,43
157,67,54
158,61,52
159,54,52
160,48,52
161,44,53
162,9,32
163,47,57
164,97,123
165,70,122
166,78,112
167,86,123
168,98,58
169,43,154
170,54,162
171,79,178
172,20,135
173,71,56
174,85,83
175,95,180
176,67,176
177,8,101
178,79,137
179,78,140
180,77,143
181,76,146
182,74,150
183,68,132
184,66,131
185,65,130
186,56,127
187,25,109
188,85,74
189,80,55
190,74,54
191,69,133
192,23,124
193,88,58
194,70,157
195,99,89
196,92,81
197,99,80
198,79,94
199,95,173
200,95,164
201,82,162
202,52,141
203,62,108
204,60,150
205,43,106
206,54,114
207,36,116
208,80,171
209,74,96
210,45,147
211,56,156
212,45,132
213,16,114
214,34,133
215,11,117
216,48,121
217,80,86
218,80,112
219,74,111
220,84,109
221,74,50
222,63,45
223,52,44
224,43,44
225,36,46
226,30,55
227,7,69
228,38,67
229,47,70
230,57,70
231,66,68
232,73,67
233,77,65
234,5,63
235,74,111
236,86,92
237,86,114
238,90,117
239,86,114
240,76,112
241,92,118
242,92,118
243,76,59
244,81,62
245,84,66
246,41,54
247,37,50
248,105,90
249,149,57
250,106,117
251,172,20
252,127,64
253,134,64
254,141,64
255,151,59
256,121,62
257,140,46
258,132,47
259,148,46
260,152,48
261,156,63
262,121,163
263,152,54
264,174,52
265,164,56
266,134,97
267,105,131
268,104,137
269,114,131
270,120,130
271,112,135
272,117,134
273,128,136
274,105,116
275,106,109
276,162,42
277,119,80
278,122,107
279,122,102
280,155,93
281,106,99
282,147,38
283,156,39
284,168,10
285,114,46
286,124,50
287,135,129
288,164,115
289,116,111
290,110,114
291,128,130
292,126,131
293,160,33
294,121,108
295,133,40
296,134,34
297,143,0
298,164,22
299,139,16
300,166,37
301,169,29
302,105,134
303,113,133
304,119,132
305,114,112
306,127,131
307,123,134
308,125,131
309,113,112
310,116,135
311,110,137
312,103,139
313,105,154
314,105,151
315,105,147
316,104,143
317,103,139
318,116,135
319,117,137
320,119,139
321,120,141
322,128,123
323,171,78
324,120,133
325,122,134
326,107,118
327,119,112
328,109,116
329,126,83
330,138,87
331,123,104
332,159,3
333,155,17
334,149,32
335,122,143
336,117,37
337,121,17
338,124,-2
339,148,62
340,163,67
341,118,61
342,158,50
343,114,77
344,118,107
345,170,70
346,158,73
347,150,77
348,136,77
349,126,75
350,120,72
351,106,71
352,170,85
353,164,48
354,102,118
355,119,89
356,174,46
357,114,70
358,123,103
359,155,54
360,118,101
361,169,95
362,119,59
363,112,100
364,151,140
365,149,145
366,174,82
367,160,128
368,172,39
369,122,170
370,101,119
371,125,93
372,169,56
373,141,60
374,134,60
375,125,135
376,168,99
377,109,181
378,129,167
379,139,158
380,128,60
381,123,59
382,120,59
383,168,45
384,125,54
385,132,52
386,138,51
387,144,52
388,148,53
389,174,31
390,145,58
391,121,121
392,116,111
393,108,123
394,141,151
395,132,161
396,110,177
397,158,132
398,121,57
399,110,83
400,120,175
401,171,98
402,110,137
403,112,140
404,113,143
405,114,147
406,114,150
407,122,132
408,123,131
409,124,130
410,133,125
411,160,106
412,110,74
413,114,55
414,118,55
415,120,133
416,160,121
417,108,57
418,118,156
419,105,81
420,115,94
421,107,162
422,134,139
423,129,107
424,127,148
425,146,104
426,135,113
427,151,114
428,109,170
429,119,95
430,140,144
431,130,154
432,141,130
433,166,111
434,150,130
435,167,113
436,140,120
437,115,86
438,115,111
439,119,110
440,113,108
441,120,49
442,132,44
443,143,43
444,151,43
445,156,46
446,158,55
447,175,67
448,152,66
449,145,69
450,135,70
451,127,69
452,120,67
453,116,66
454,172,61
455,119,111
456,111,91
457,110,114
458,106,116
459,110,114
460,117,112
461,105,118
462,104,118
463,116,60
464,112,62
465,110,65
466,150,54
467,155,51
468,55,54
469,62,54
470,55,48
471,49,54
472,55,61
473,139,56
474,146,56
475,139,50
476,132,57
477,139,62
