0,99,133
1,105,114
2,102,119
3,96,87
4,105,107
5,104,96
6,101,68
7,46,61
8,100,48
9,100,38
10,99,1
11,99,135
12,99,138
13,99,140
14,99,149
15,99,153
16,99,157
17,99,161
18,99,166
19,104,118
20,94,116
21,8,26
22,67,67
23,60,68
24,52,67
25,42,62
26,73,66
27,55,48
28,63,49
29,47,49
30,42,51
31,34,66
32,66,176
33,42,58
34,4,59
35,24,59
36,56,98
37,86,131
38,87,137
39,74,132
40,66,133
41,77,137
42,69,136
43,54,141
44,98,114
45,97,106
46,31,43
47,75,81
48,73,106
49,73,101
50,31,93
51,97,96
52,51,40
53,40,40
54,18,15
55,84,50
56,70,52
57,46,131
58,5,130
59,79,111
60,86,114
61,55,136
62,58,137
63,35,34
64,72,108
65,66,43
66,65,37
67,53,2
68,25,24
69,59,17
70,25,39
71,16,33
72,86,134
73,75,135
74,67,135
75,80,112
76,56,136
77,61,142
78,59,137
79,86,112
80,71,138
81,78,138
82,87,139
83,86,165
84,85,160
85,86,156
86,87,152
87,88,148
88,71,144
89,69,145
90,67,147
91,65,149
92,58,123
93,-1,90
94,103,119
95,65,141
96,63,141
97,89,117
98,73,111
99,88,116
100,66,83
101,52,87
102,70,103
103,32,6
104,39,18
105,49,34
106,62,150
107,82,41
108,78,18
109,74,0
110,45,65
111,25,70
112,76,65
113,34,53
114,81,77
115,81,106
116,12,74
117,31,76
118,42,79
119,57,79
120,68,77
121,75,74
122,93,69
123,11,89
124,27,51
125,100,118
126,75,89
127,0,56
128,81,72
129,68,102
130,38,58
131,80,100
132,0,109
133,76,63
134,88,97
135,26,152
136,25,162
137,1,91
138,14,141
139,9,45
140,65,185
141,100,118
142,67,93
143,15,59
144,54,64
145,60,64
146,59,142
147,10,105
148,81,197
149,53,183
150,40,174
151,99,19
152,98,199
153,66,64
154,71,63
155,74,63
156,19,47
157,69,57
158,62,54
159,56,54
160,50,54
161,46,56
162,2,39
163,49,63
164,102,123
165,69,121
166,80,111
167,88,122
168,100,58
169,39,164
170,51,175
171,81,192
172,14,148
173,73,60
174,88,82
175,99,194
176,66,192
177,2,108
178,78,146
179,77,149
180,75,152
181,74,155
182,72,159
183,63,136
184,61,135
185,59,134
186,50,126
187,21,110
188,87,73
189,82,59
190,76,59
191,65,137
192,18,129
193,89,60
194,69,166
195,103,86
196,95,79
197,102,78
198,81,92
199,99,185
200,99,175
201,84,173
202,48,145
203,61,107
204,57,157
205,41,105
206,52,114
207,32,116
208,82,183
209,75,95
210,42,154
211,53,165
212,40,134
213,11,118
214,30,137
215,6,125
216,43,121
217,82,85
218,83,110
219,76,109
220,89,106
221,76,53
222,65,48
223,54,46
224,45,46
225,38,48
226,32,58
227,2,75
228,39,69
229,48,72
230,58,73
231,67,71
232,74,70
233,79,68
234,-1,72
235,75,110
236,89,89
237,91,112
238,94,116
239,90,113
240,77,112
241,97,117
242,96,118
243,78,63
244,83,65
245,86,68
246,44,57
247,39,54
248,109,87
249,146,61
250,112,116
251,167,33
252,128,66
253,134,66
254,141,67
255,149,63
256,122,65
257,138,48
258,131,49
259,145,49
260,149,52
261,154,68
262,127,175
263,149,59
264,169,64
265,159,63
266,138,99
267,111,131
268,110,137
269,122,131
270,128,132
271,118,136
272,124,136
273,137,141
274,112,114
275,112,106
276,157,46
277,121,82
278,128,107
279,128,102
280,159,96
281,111,96
282,144,39
283,152,41
284,162,21
285,115,46
286,124,52
287,144,132
288,162,132
289,123,111
290,117,115
291,136,135
292,133,136
293,154,37
294,129,108
295,132,40
296,133,35
297,139,5
298,159,29
299,136,20
300,160,44
301,164,39
302,111,134
303,120,134
304,126,134
305,121,113
306,134,135
307,131,141
308,132,136
309,120,112
310,122,137
311,117,138
312,109,139
313,111,165
314,111,160
315,111,156
316,110,151
317,109,148
318,122,143
319,125,144
320,127,146
321,128,148
322,136,124
323,166,94
324,127,140
325,129,140
326,114,117
327,126,112
328,115,116
329,129,85
330,141,89
331,129,104
332,154,12
333,150,23
334,145,34
335,130,151
336,118,37
337,119,20
338,121,2
339,146,66
340,160,72
341,119,63
342,154,55
343,116,78
344,124,106
345,169,78
346,157,77
347,149,80
348,137,79
349,128,76
350,121,73
351,108,70
352,171,93
353,159,54
354,109,118
355,123,90
356,168,61
357,116,69
358,129,103
359,151,59
360,123,100
361,165,112
362,119,61
363,117,98
364,154,153
365,150,161
366,172,95
367,162,142
368,167,50
369,127,184
370,107,119
371,129,94
372,163,64
373,140,62
374,135,62
375,133,141
376,171,108
377,114,196
378,133,182
379,141,173
380,129,62
381,124,61
382,121,61
383,162,53
384,125,57
385,131,56
386,137,55
387,142,56
388,146,57
389,168,45
390,144,62
391,129,122
392,123,111
393,114,122
394,144,164
395,136,174
396,115,191
397,157,148
398,121,59
399,113,82
400,125,190
401,171,111
402,116,146
403,118,148
404,120,152
405,121,155
406,122,159
407,129,135
408,131,134
409,133,133
410,142,127
411,165,112
412,112,74
413,114,56
414,118,57
415,127,136
416,164,130
417,109,56
418,124,166
419,109,79
420,120,93
421,112,173
422,141,146
423,135,109
424,133,157
425,151,107
426,141,115
427,157,118
428,114,183
429,124,96
430,145,154
431,136,165
432,148,135
433,169,121
434,155,138
435,168,127
436,147,122
437,118,86
438,122,110
439,126,110
440,119,106
441,120,50
442,131,46
443,141,45
444,148,46
445,153,49
446,154,61
447,171,79
448,151,71
449,144,72
450,136,72
451,127,70
452,121,68
453,117,67
454,166,77
455,126,110
456,115,90
457,117,113
458,113,116
459,117,113
460,124,112
461,111,117
462,110,118
463,117,61
464,113,63
465,112,64
466,147,58
467,152,55
468,57,59
469,64,58
470,57,52
471,50,59
472,57,65
473,137,57
474,143,57
475,137,52
476,131,57
477,137,62
