0,103,127
1,115,99
2,107,110
3,104,76
4,116,91
5,114,83
6,107,62
7,40,51
8,106,42
9,107,31
10,108,-3
11,103,130
12,102,133
13,101,136
14,102,147
15,102,149
16,103,152
17,102,156
18,97,163
19,112,104
20,102,105
21,-3,20
22,63,60
23,55,61
24,47,60
25,35,53
26,70,59
27,55,32
28,65,35
29,46,33
30,39,36
31,27,58
32,60,174
33,37,48
34,-8,57
35,16,50
36,60,95
37,94,125
38,94,133
39,82,130
40,74,135
41,85,135
42,77,138
43,57,148
44,108,98
45,108,91
46,28,27
47,77,77
48,81,98
49,79,94
50,32,93
51,106,83
52,53,19
53,40,21
54,12,6
55,89,32
56,71,40
57,52,140
58,-14,138
59,87,103
60,93,106
61,65,145
62,67,145
63,35,15
64,79,102
65,70,22
66,70,15
67,58,-8
68,23,13
69,65,5
70,21,22
71,8,25
72,94,129
73,84,133
74,76,137
75,88,105
76,66,145
77,70,147
78,68,145
79,94,99
80,78,139
81,85,137
82,93,135
83,85,162
84,92,155
85,93,151
86,93,148
87,93,146
88,78,146
89,77,146
90,76,148
91,74,150
92,66,124
93,-22,95
94,109,107
95,73,146
96,72,146
97,96,109
98,79,108
99,95,108
100,67,81
101,54,85
102,76,98
103,32,-3
104,41,6
105,51,12
106,64,153
107,89,20
108,86,9
109,82,-7
110,40,57
111,17,64
112,75,57
113,29,40
114,84,72
115,89,94
116,4,72
117,24,71
118,37,76
119,54,75
120,65,72
121,74,69
122,99,63
123,5,90
124,21,38
125,108,104
126,79,84
127,-19,57
128,81,65
129,73,99
130,32,47
131,87,90
132,-20,116
133,74,54
134,97,85
135,16,157
136,9,169
137,-11,93
138,3,146
139,0,40
140,56,182
141,106,106
142,70,89
143,6,50
144,49,55
145,56,56
146,68,148
147,5,107
148,70,194
149,39,186
150,25,179
151,108,13
152,88,196
153,62,56
154,68,55
155,72,55
156,13,35
157,68,47
158,62,43
159,55,42
160,47,43
161,42,45
162,-13,37
163,44,53
164,106,116
165,76,119
166,88,101
167,95,116
168,105,53
169,29,168
170,41,176
171,73,187
172,-3,156
173,72,52
174,94,74
175,91,189
176,54,191
177,-10,112
178,85,145
179,85,147
180,83,149
181,83,152
182,74,158
183,71,142
184,69,141
185,68,140
186,58,131
187,21,111
188,91,67
189,83,48
190,77,48
191,72,142
192,14,132
193,93,49
194,66,166
195,112,76
196,102,70
197,109,69
198,87,85
199,94,181
200,95,171
201,81,170
202,47,151
203,65,106
204,55,160
205,46,103
206,57,113
207,35,117
208,77,179
209,80,89
210,36,158
211,47,167
212,41,140
213,4,122
214,27,142
215,-6,129
216,49,124
217,86,79
218,92,97
219,84,100
220,99,92
221,79,38
222,67,30
223,55,28
224,44,29
225,35,32
226,25,49
227,-10,74
228,32,63
229,42,67
230,54,67
231,64,66
232,72,64
233,78,62
234,-22,76
235,83,103
236,96,79
237,101,98
238,103,103
239,99,100
240,83,106
241,105,103
242,104,106
243,78,55
244,83,57
245,88,60
246,39,46
247,34,41
248,117,78
249,143,73
250,115,106
251,157,47
252,125,77
253,132,79
254,138,79
255,144,75
256,120,73
257,139,52
258,131,51
259,145,55
260,148,60
261,148,80
262,116,176
263,145,71
264,153,80
265,151,74
266,134,103
267,111,127
268,109,135
269,118,133
270,121,139
271,113,138
272,116,142
273,125,153
274,120,100
275,122,93
276,156,52
277,122,83
278,128,103
279,128,99
280,149,107
281,120,84
282,148,38
283,154,44
284,156,32
285,122,38
286,123,54
287,130,146
288,133,152
289,122,107
290,117,108
291,122,150
292,120,149
293,156,39
294,126,107
295,138,35
296,140,29
297,142,8
298,156,37
299,140,20
300,158,49
301,157,50
302,111,131
303,116,136
304,119,140
305,119,108
306,121,149
307,120,151
308,119,148
309,122,103
310,114,142
311,111,139
312,107,137
313,105,163
314,110,156
315,110,153
316,109,150
317,108,148
318,115,148
319,116,150
320,118,151
321,120,154
322,129,129
323,140,116
324,116,148
325,118,149
326,115,111
327,122,111
328,116,110
329,127,89
330,137,95
331,127,103
332,152,18
333,150,27
334,150,32
335,120,157
336,126,27
337,126,17
338,128,1
339,142,78
340,152,85
341,116,70
342,151,64
343,118,77
344,127,99
345,156,92
346,151,90
347,146,92
348,135,89
349,126,84
350,120,79
351,113,65
352,156,108
353,154,62
354,115,105
355,123,89
356,147,81
357,116,74
358,126,105
359,147,70
360,126,94
361,137,133
362,115,67
363,123,88
364,133,164
365,127,174
366,151,112
367,138,156
368,155,64
369,115,184
370,112,107
371,127,96
372,152,76
373,138,76
374,132,76
375,121,152
376,152,123
377,102,194
378,116,187
379,121,182
380,126,74
381,121,71
382,117,69
383,155,62
384,122,62
385,128,61
386,135,61
387,140,63
388,143,66
389,153,62
390,141,74
391,125,123
392,123,105
393,115,117
394,127,172
395,121,178
396,105,188
397,130,165
398,117,65
399,118,77
400,110,191
401,147,129
402,112,148
403,114,150
404,115,152
405,116,156
406,114,160
407,119,145
408,121,145
409,122,145
410,131,137
411,149,125
412,115,71
413,114,57
414,116,60
415,116,145
416,143,144
417,112,54
418,114,168
419,115,72
420,122,89
421,106,171
422,128,157
423,129,112
424,122,163
425,142,114
426,134,121
427,143,128
428,106,180
429,124,94
430,130,163
431,123,170
432,134,148
433,148,136
434,138,151
435,143,144
436,136,133
437,120,83
438,125,102
439,126,105
440,125,95
441,122,48
442,134,45
443,143,47
444,149,51
445,152,56
446,149,72
447,153,96
448,146,83
449,141,84
450,133,83
451,125,80
452,119,76
453,115,72
454,143,98
455,124,107
456,120,82
457,123,100
458,117,105
459,121,103
460,121,110
461,117,105
462,114,107
463,114,66
464,112,66
465,113,66
466,144,68
467,149,64
468,50,47
469,58,48
470,51,40
471,42,47
472,50,55
473,128,68
474,136,69
475,129,60
476,119,66
477,127,75
