0,100,130
1,96,106
2,96,114
3,90,81
4,96,98
5,96,88
6,97,65
7,48,61
8,98,45
9,98,34
10,99,-4
11,100,133
12,100,137
13,99,140
14,99,140
15,99,143
16,99,148
17,99,153
18,95,161
19,96,110
20,89,110
21,20,33
22,66,68
23,59,69
24,53,69
25,44,64
26,72,66
27,57,47
28,65,47
29,50,48
30,45,51
31,38,70
32,69,173
33,45,59
34,15,68
35,29,66
36,60,101
37,91,128
38,92,137
39,82,132
40,75,136
41,84,138
42,79,139
43,64,148
44,90,106
45,89,98
46,36,46
47,75,82
48,74,104
49,74,100
50,38,101
51,89,89
52,53,37
53,43,40
54,27,19
55,83,44
56,71,50
57,58,141
58,23,142
59,80,108
60,85,111
61,68,142
62,70,142
63,39,35
64,74,108
65,66,38
66,65,31
67,56,0
68,32,26
69,60,14
70,31,43
71,24,38
72,91,133
73,83,135
74,77,137
75,81,110
76,69,142
77,73,143
78,71,142
79,83,106
80,80,140
81,85,140
82,92,139
83,86,160
84,91,153
85,91,148
86,92,143
87,92,140
88,80,140
89,79,142
90,77,144
91,76,147
92,66,128
93,16,103
94,96,112
95,75,141
96,74,142
97,87,114
98,77,112
99,86,112
100,68,87
101,55,92
102,73,104
103,38,8
104,43,18
105,51,31
106,69,153
107,81,33
108,78,14
109,76,-3
110,47,67
111,29,76
112,75,64
113,38,55
114,81,77
115,78,101
116,21,83
117,34,81
118,43,84
119,57,82
120,67,79
121,74,75
122,90,67
123,21,99
124,32,55
125,92,110
126,76,89
127,14,67
128,80,71
129,72,104
130,42,60
131,78,97
132,18,123
133,75,61
134,84,92
135,37,159
136,38,168
137,15,102
138,28,149
139,20,52
140,67,182
141,93,112
142,69,95
143,23,68
144,54,63
145,60,64
146,71,144
147,22,115
148,80,193
149,59,183
150,49,177
151,98,14
152,96,194
153,65,64
154,70,62
155,74,62
156,26,54
157,70,56
158,64,54
159,59,54
160,53,55
161,49,57
162,16,49
163,50,62
164,95,120
165,73,123
166,80,107
167,86,120
168,97,55
169,47,168
170,57,175
171,80,187
172,29,157
173,74,59
174,85,78
175,95,188
176,69,188
177,17,119
178,85,140
179,84,142
180,83,146
181,83,150
182,76,157
183,74,140
184,72,140
185,71,139
186,61,134
187,32,118
188,85,71
189,81,55
190,77,56
191,75,141
192,31,137
193,88,55
194,72,165
195,96,80
196,90,74
197,97,73
198,80,90
199,95,180
200,95,170
201,83,169
202,56,152
203,66,111
204,64,160
205,48,110
206,58,119
207,42,123
208,81,179
209,76,95
210,50,159
211,59,166
212,50,143
213,24,128
214,41,145
215,21,135
216,53,129
217,81,84
218,80,104
219,76,107
220,83,99
221,76,49
222,65,44
223,56,43
224,47,45
225,41,49
226,37,63
227,14,85
228,41,73
229,48,75
230,58,75
231,67,73
232,73,70
233,78,68
234,15,85
235,77,109
236,85,85
237,85,105
238,89,109
239,85,106
240,79,111
241,90,109
242,91,111
243,78,62
244,82,63
245,84,64
246,47,58
247,42,55
248,102,81
249,152,62
250,102,110
251,182,31
252,130,70
253,138,70
254,145,70
255,155,64
256,124,68
257,141,46
258,133,47
259,149,47
260,154,50
261,161,70
262,122,174
263,154,59
264,184,66
265,169,65
266,133,101
267,108,128
268,107,137
269,117,131
270,122,135
271,113,137
272,118,138
273,128,149
274,101,106
275,102,98
276,164,44
277,119,82
278,118,105
279,119,101
280,156,101
281,103,89
282,146,35
283,157,38
284,174,17
285,113,43
286,125,51
287,134,142
288,177,141
289,112,109
290,107,111
291,127,141
292,125,141
293,161,33
294,118,108
295,132,36
296,133,29
297,143,0
298,167,25
299,137,14
300,169,41
301,175,36
302,108,133
303,115,135
304,120,137
305,111,110
306,126,141
307,123,142
308,124,141
309,109,106
310,116,139
311,112,139
312,106,139
313,104,161
314,107,152
315,107,147
316,107,143
317,106,139
318,116,140
319,118,141
320,119,144
321,120,147
322,126,128
323,185,102
324,120,140
325,121,141
326,105,114
327,116,113
328,106,113
329,127,87
330,139,92
331,120,104
332,162,6
333,155,17
334,149,29
335,122,154
336,115,32
337,119,14
338,123,-3
339,151,68
340,169,76
341,120,65
342,161,54
343,114,77
344,114,101
345,176,82
346,164,81
347,154,84
348,140,83
349,129,80
350,121,76
351,104,66
352,175,98
353,167,54
354,99,110
355,118,89
356,187,65
357,115,72
358,121,105
359,157,59
360,115,97
361,183,121
362,120,63
363,109,92
364,158,159
365,158,168
366,184,100
367,168,149
368,180,50
369,124,182
370,98,112
371,124,95
372,176,67
373,144,65
374,138,66
375,124,144
376,174,114
377,111,193
378,134,183
379,145,177
380,132,66
381,126,64
382,122,63
383,172,53
384,127,57
385,133,55
386,139,54
387,146,55
388,150,56
389,186,47
390,149,63
391,119,124
392,113,108
393,105,121
394,146,168
395,136,175
396,111,187
397,168,157
398,122,60
399,108,78
400,123,189
401,181,118
402,112,139
403,113,142
404,114,146
405,114,150
406,114,158
407,122,139
408,124,139
409,125,138
410,131,135
411,163,118
412,109,71
413,114,56
414,119,57
415,120,140
416,164,137
417,107,56
418,118,166
419,103,74
420,113,90
421,107,170
422,136,153
423,127,111
424,128,160
425,145,111
426,134,119
427,152,124
428,109,179
429,117,95
430,143,159
431,133,167
432,142,144
433,172,128
434,153,145
435,177,134
436,140,130
437,113,84
438,111,105
439,116,107
440,109,99
441,120,49
442,132,43
443,143,42
444,152,43
445,158,47
446,162,62
447,185,83
448,157,73
449,149,76
450,139,76
451,130,75
452,122,72
453,117,69
454,187,83
455,116,109
456,108,85
457,106,105
458,103,109
459,106,106
460,114,111
461,101,109
462,101,111
463,117,63
464,113,64
465,110,65
466,152,58
467,157,54
468,60,58
469,67,58
470,61,52
471,53,58
472,60,65
473,138,59
474,145,59
475,138,52
476,132,59
477,139,66
