0,97,129
1,95,108
2,96,115
3,89,83
4,95,100
5,96,90
6,97,66
7,41,66
8,98,50
9,98,40
10,99,-1
11,97,132
12,97,134
13,97,136
14,97,135
15,97,138
16,97,141
17,97,145
18,97,162
19,96,112
20,88,112
21,19,37
22,64,72
23,56,73
24,49,73
25,39,68
26,70,70
27,51,50
28,60,51
29,43,52
30,38,55
31,34,72
32,68,178
33,38,63
34,15,72
35,26,67
36,56,101
37,86,128
38,87,134
39,76,130
40,70,133
41,79,134
42,73,135
43,59,147
44,89,108
45,88,100
46,29,50
47,73,83
48,69,105
49,69,101
50,33,101
51,88,91
52,46,44
53,35,45
54,26,23
55,79,51
56,68,55
57,51,139
58,21,146
59,75,110
60,82,112
61,62,137
62,64,136
63,32,40
64,69,109
65,60,45
66,58,40
67,55,3
68,30,31
69,59,19
70,25,46
71,22,42
72,86,131
73,78,132
74,71,134
75,77,111
76,63,137
77,67,138
78,65,136
79,80,108
80,75,136
81,81,135
82,88,135
83,86,161
84,87,145
85,87,141
86,88,138
87,89,135
88,75,136
89,74,137
90,72,139
91,71,141
92,60,127
93,14,108
94,96,114
95,70,136
96,69,137
97,85,115
98,71,113
99,84,114
100,65,87
101,52,92
102,68,104
103,37,11
104,42,23
105,43,38
106,66,153
107,76,42
108,77,18
109,75,0
110,42,71
111,27,77
112,74,68
113,32,58
114,79,78
115,75,103
116,18,85
117,31,83
118,41,86
119,55,84
120,66,81
121,73,78
122,89,68
123,18,100
124,27,57
125,92,112
126,73,90
127,14,72
128,79,75
129,67,105
130,35,63
131,75,98
132,16,127
133,74,66
134,82,93
135,35,162
136,37,172
137,13,105
138,25,152
139,18,56
140,67,187
141,93,114
142,66,95
143,21,67
144,49,69
145,56,69
146,66,139
147,18,116
148,82,198
149,59,189
150,49,182
151,98,17
152,98,199
153,62,68
154,68,67
155,72,66
156,22,55
157,66,59
158,59,56
159,52,55
160,46,57
161,42,59
162,15,53
163,44,68
164,96,120
165,68,123
166,76,109
167,84,121
168,97,58
169,46,172
170,56,180
171,81,192
172,28,161
173,71,63
174,84,80
175,98,193
176,69,195
177,15,122
178,81,135
179,80,137
180,79,140
181,78,143
182,75,158
183,68,136
184,67,135
185,65,135
186,54,133
187,26,119
188,84,73
189,79,61
190,74,61
191,70,136
192,26,139
193,86,61
194,71,168
195,96,81
196,89,76
197,96,74
198,77,91
199,98,184
200,98,172
201,84,172
202,53,152
203,61,111
204,61,162
205,43,111
206,53,119
207,35,123
208,81,183
209,72,96
210,47,161
211,57,170
212,45,142
213,19,130
214,36,146
215,18,138
216,46,128
217,79,85
218,77,107
219,72,108
220,81,101
221,73,55
222,60,49
223,49,48
224,40,49
225,34,53
226,32,65
227,13,88
228,38,76
229,46,78
230,56,78
231,65,76
232,72,74
233,77,72
234,14,90
235,72,110
236,83,86
237,83,107
238,87,111
239,83,109
240,74,112
241,89,112
242,90,113
243,76,66
244,81,68
245,83,69
246,40,61
247,35,58
248,103,82
249,155,63
250,104,112
251,182,35
252,132,70
253,139,71
254,147,70
255,158,65
256,125,69
257,144,49
258,135,50
259,152,50
260,158,53
261,163,70
262,128,177
263,158,60
264,185,69
265,172,64
266,139,100
267,108,127
268,107,133
269,118,129
270,126,131
271,116,133
272,122,134
273,138,145
274,102,108
275,103,100
276,168,47
277,121,82
278,124,104
279,124,100
280,163,98
281,103,90
282,149,41
283,160,42
284,175,21
285,114,49
286,127,54
287,145,136
288,181,144
289,118,109
290,111,111
291,134,135
292,132,135
293,164,38
294,125,107
295,134,43
296,135,37
297,144,2
298,169,29
299,138,18
300,172,44
301,177,40
302,107,131
303,117,131
304,124,133
305,116,110
306,133,135
307,129,136
308,131,135
309,112,107
310,121,134
311,114,135
312,106,135
313,109,161
314,108,144
315,107,140
316,107,137
317,106,135
318,121,135
319,122,136
320,124,138
321,125,140
322,135,125
323,188,105
324,126,135
325,127,136
326,108,114
327,122,111
328,109,113
329,130,86
330,143,90
331,126,103
332,163,9
333,157,21
334,152,35
335,130,151
336,117,40
337,119,17
338,123,-1
339,154,68
340,171,74
341,121,67
342,165,56
343,116,77
344,117,102
345,180,82
346,165,80
347,155,83
348,140,82
349,129,79
350,122,76
351,105,68
352,180,97
353,170,55
354,100,112
355,121,89
356,188,69
357,116,73
358,127,103
359,161,61
360,118,97
361,186,124
362,121,65
363,110,93
364,164,160
365,164,171
366,186,102
367,175,150
368,181,53
369,130,187
370,99,114
371,129,94
372,178,65
373,147,66
374,140,67
375,130,137
376,180,113
377,115,198
378,140,188
379,151,181
380,133,66
381,127,65
382,123,65
383,176,53
384,129,59
385,136,56
386,143,55
387,150,55
388,154,57
389,186,50
390,151,65
391,126,121
392,117,108
393,109,120
394,153,170
395,142,179
396,115,192
397,173,160
398,124,62
399,110,79
400,128,194
401,185,119
402,114,134
403,116,136
404,117,139
405,117,142
406,121,157
407,128,134
408,129,134
409,131,133
410,142,130
411,171,116
412,110,72
413,115,60
414,120,60
415,126,135
416,172,136
417,108,60
418,125,167
419,104,75
420,116,91
421,112,172
422,144,150
423,134,109
424,135,160
425,153,108
426,142,116
427,160,121
428,114,183
429,121,94
430,150,159
431,140,169
432,152,140
433,179,127
434,161,143
435,182,136
436,150,125
437,115,84
438,115,106
439,121,107
440,111,101
441,121,53
442,134,48
443,146,46
444,155,47
445,162,50
446,165,62
447,187,85
448,158,73
449,150,75
450,140,76
451,130,74
452,123,72
453,118,70
454,188,87
455,121,108
456,109,86
457,108,107
458,104,111
459,109,108
460,119,110
461,103,111
462,102,113
463,119,65
464,114,67
465,111,68
466,156,59
467,161,56
468,56,62
469,64,62
470,55,55
471,47,62
472,56,69
473,143,60
474,151,60
475,143,54
476,135,60
477,143,67
