0,97,132
1,106,117
2,103,121
3,98,90
4,107,110
5,106,99
6,103,70
7,46,63
8,102,50
9,102,40
10,101,2
11,97,134
12,97,136
13,97,137
14,97,150
15,97,152
16,97,155
17,97,158
18,99,166
19,106,120
20,95,119
21,12,30
22,67,68
23,60,68
24,52,69
25,42,65
26,74,67
27,55,50
28,64,51
29,47,52
30,42,54
31,34,69
32,68,174
33,43,61
34,8,63
35,25,63
36,58,101
37,85,131
38,85,135
39,73,131
40,64,132
41,75,134
42,67,134
43,55,143
44,99,117
45,99,110
46,30,47
47,76,83
48,75,110
49,74,105
50,33,98
51,98,99
52,50,42
53,38,43
54,20,19
55,85,51
56,72,54
57,48,134
58,10,130
59,81,115
60,88,117
61,52,133
62,54,133
63,34,38
64,73,112
65,65,45
66,64,39
67,55,5
68,28,29
69,60,21
70,25,43
71,19,38
72,85,133
73,74,133
74,65,133
75,82,116
76,53,133
77,59,140
78,55,134
79,87,115
80,68,134
81,76,135
82,85,136
83,86,165
84,85,157
85,85,154
86,85,151
87,86,149
88,68,143
89,67,144
90,65,145
91,64,147
92,60,127
93,3,92
94,105,121
95,62,139
96,61,139
97,91,120
98,75,115
99,89,119
100,67,86
101,54,91
102,72,107
103,34,11
104,41,23
105,47,36
106,63,152
107,83,42
108,80,21
109,76,3
110,46,67
111,25,73
112,78,66
113,34,56
114,82,80
115,82,109
116,15,78
117,31,79
118,41,82
119,57,81
120,68,79
121,76,76
122,95,72
123,15,93
124,27,54
125,101,120
126,76,92
127,4,59
128,82,73
129,70,106
130,39,61
131,81,103
132,5,110
133,78,63
134,90,101
135,30,152
136,30,160
137,6,94
138,19,141
139,13,49
140,67,181
141,101,121
142,68,96
143,17,63
144,54,64
145,60,64
146,57,140
147,14,108
148,82,191
149,56,179
150,44,171
151,102,21
152,98,192
153,66,64
154,72,63
155,76,63
156,20,51
157,70,58
158,63,55
159,57,55
160,50,57
161,46,59
162,6,43
163,49,64
164,102,125
165,70,125
166,81,114
167,89,125
168,102,59
169,43,163
170,54,172
171,82,187
172,19,147
173,75,61
174,90,84
175,99,188
176,68,187
177,7,110
178,77,147
179,75,148
180,74,150
181,74,153
182,73,160
183,60,133
184,58,133
185,57,132
186,52,130
187,25,113
188,89,75
189,84,60
190,79,60
191,61,134
192,22,131
193,91,61
194,70,166
195,105,89
196,97,81
197,104,80
198,83,96
199,99,181
200,99,173
201,84,172
202,50,147
203,62,111
204,59,157
205,44,109
206,54,118
207,35,120
208,83,180
209,76,98
210,44,154
211,56,164
212,42,136
213,15,121
214,33,139
215,11,126
216,46,124
217,83,88
218,85,114
219,78,113
220,90,110
221,78,54
222,65,49
223,54,48
224,44,49
225,37,51
226,33,62
227,6,78
228,39,72
229,47,74
230,58,74
231,68,73
232,75,71
233,81,70
234,3,75
235,77,114
236,91,92
237,92,116
238,96,119
239,91,116
240,78,115
241,98,120
242,98,120
243,80,64
244,85,67
245,87,69
246,44,60
247,39,57
248,111,89
249,149,60
250,113,118
251,167,29
252,128,66
253,135,67
254,142,66
255,151,62
256,123,65
257,142,48
258,134,49
259,149,49
260,153,51
261,156,66
262,126,170
263,152,58
264,169,60
265,162,59
266,139,99
267,109,130
268,108,135
269,120,130
270,126,130
271,117,133
272,124,132
273,135,140
274,113,117
275,114,109
276,162,43
277,123,82
278,129,108
279,129,103
280,158,94
281,113,99
282,150,40
283,158,40
284,163,18
285,119,49
286,126,52
287,141,131
288,160,124
289,124,113
290,117,116
291,135,131
292,133,132
293,161,34
294,129,110
295,137,42
296,139,36
297,142,5
298,162,27
299,139,20
300,165,39
301,166,35
302,109,133
303,118,132
304,125,131
305,122,114
306,134,131
307,130,138
308,132,132
309,120,114
310,122,133
311,116,134
312,107,136
313,111,164
314,109,157
315,109,153
316,108,151
317,107,149
318,122,142
319,123,143
320,125,144
321,126,146
322,135,124
323,165,87
324,126,138
325,128,138
326,114,119
327,126,113
328,116,118
329,130,85
330,142,88
331,129,105
332,156,10
333,154,21
334,152,33
335,129,149
336,122,40
337,123,20
338,124,3
339,148,65
340,162,70
341,120,64
342,158,52
343,118,78
344,125,108
345,169,74
346,158,76
347,151,79
348,138,79
349,129,77
350,122,75
351,110,71
352,170,89
353,162,50
354,110,120
355,124,90
356,167,56
357,117,72
358,129,104
359,154,58
360,125,102
361,163,105
362,120,62
363,119,100
364,152,146
365,148,154
366,171,89
367,160,135
368,168,46
369,126,177
370,108,121
371,130,94
372,165,59
373,142,62
374,136,63
375,131,139
376,169,103
377,113,189
378,132,174
379,139,165
380,130,62
381,124,61
382,121,62
383,165,47
384,126,57
385,133,54
386,140,54
387,145,55
388,149,56
389,168,41
390,146,61
391,128,123
392,124,113
393,114,124
394,142,157
395,134,167
396,114,185
397,155,141
398,122,60
399,115,83
400,124,183
401,169,105
402,115,146
403,117,147
404,118,149
405,119,153
406,121,158
407,129,132
408,130,131
409,132,130
410,140,127
411,163,109
412,114,75
413,116,58
414,120,58
415,127,132
416,161,125
417,112,60
418,123,163
419,111,81
420,121,94
421,112,171
422,139,143
423,135,109
424,132,154
425,150,106
426,141,115
427,155,116
428,114,178
429,125,97
430,143,149
431,134,160
432,146,132
433,167,115
434,153,134
435,166,120
436,145,121
437,119,87
438,123,112
439,127,111
440,120,108
441,123,52
442,135,47
443,145,45
444,153,46
445,157,48
446,157,58
447,171,74
448,152,69
449,146,72
450,137,72
451,128,71
452,122,70
453,118,68
454,165,71
455,126,112
456,116,91
457,118,114
458,114,118
459,118,115
460,125,114
461,112,119
462,111,120
463,118,63
464,115,65
465,114,68
466,151,57
467,155,54
468,60,59
469,68,59
470,60,53
471,53,60
472,61,66
473,138,57
474,145,57
475,138,51
476,130,58
477,138,64
