0,98,134
1,94,113
2,95,117
3,88,87
4,93,106
5,94,96
6,95,69
7,45,60
8,95,48
9,95,39
10,96,0
11,98,137
12,98,139
13,98,141
14,98,141
15,98,145
16,98,149
17,98,153
18,98,159
19,94,116
20,87,114
21,27,25
22,66,67
23,59,68
24,53,68
25,43,62
26,72,66
27,55,45
28,63,46
29,48,46
30,43,49
31,40,66
32,72,167
33,43,57
34,24,57
35,33,60
36,60,98
37,88,132
38,89,138
39,80,132
40,75,132
41,82,137
42,77,136
43,65,140
44,88,113
45,87,106
46,36,43
47,75,81
48,72,106
49,72,102
50,40,95
51,87,96
52,50,38
53,41,39
54,32,15
55,80,46
56,70,50
57,59,132
58,30,122
59,77,110
60,83,113
61,67,132
62,69,133
63,39,34
64,72,108
65,62,40
66,61,34
67,56,2
68,35,24
69,59,18
70,33,39
71,30,32
72,89,135
73,81,135
74,76,134
75,79,112
76,68,133
77,71,136
78,70,134
79,80,110
80,78,137
81,84,139
82,90,140
83,88,158
84,88,152
85,89,148
86,89,144
87,90,140
88,78,137
89,77,138
90,75,140
91,74,142
92,66,124
93,25,85
94,94,117
95,74,135
96,73,136
97,85,116
98,74,112
99,84,115
100,68,84
101,56,88
102,71,104
103,41,7
104,44,19
105,48,32
106,71,147
107,77,37
108,75,19
109,73,0
110,47,66
111,34,70
112,75,64
113,38,52
114,80,77
115,76,105
116,26,74
117,37,77
118,46,80
119,58,80
120,68,77
121,74,74
122,88,70
123,26,89
124,34,50
125,90,116
126,75,89
127,24,53
128,79,71
129,71,103
130,41,57
131,76,100
132,26,103
133,75,62
134,81,97
135,42,146
136,44,152
137,22,88
138,34,135
139,27,44
140,71,174
141,91,116
142,69,93
143,29,60
144,53,64
145,59,64
146,70,137
147,27,104
148,84,184
149,64,171
150,55,163
151,95,19
152,98,187
153,65,64
154,70,62
155,73,62
156,30,48
157,69,55
158,63,52
159,56,51
160,50,52
161,46,54
162,25,38
163,48,62
164,96,122
165,72,122
166,77,110
167,85,122
168,95,58
169,52,156
170,61,165
171,83,180
172,36,139
173,73,59
174,83,82
175,98,183
176,73,179
177,24,104
178,84,139
179,82,141
180,81,144
181,80,148
182,78,153
183,73,134
184,72,133
185,70,132
186,61,128
187,35,110
188,84,73
189,80,57
190,76,57
191,74,135
192,35,126
193,86,58
194,75,160
195,94,87
196,88,79
197,95,78
198,78,93
199,98,176
200,98,167
201,86,165
202,59,143
203,65,108
204,66,152
205,49,106
206,59,115
207,43,116
208,84,173
209,75,95
210,54,149
211,62,158
212,52,134
213,29,116
214,44,135
215,27,119
216,54,122
217,79,85
218,78,109
219,74,109
220,81,105
221,74,50
222,63,44
223,53,43
224,45,44
225,40,46
226,38,58
227,22,73
228,43,70
229,50,73
230,59,73
231,67,72
232,73,70
233,78,68
234,25,69
235,75,110
236,83,89
237,83,111
238,87,114
239,83,111
240,76,112
241,88,115
242,89,116
243,77,62
244,81,64
245,83,66
246,44,56
247,40,52
248,101,87
249,151,60
250,102,114
251,178,26
252,130,67
253,137,67
254,144,67
255,154,62
256,124,66
257,141,46
258,132,47
259,149,47
260,154,50
261,159,67
262,126,168
263,154,57
264,182,58
265,168,61
266,135,99
267,108,132
268,107,138
269,117,133
270,123,133
271,115,137
272,121,136
273,134,140
274,100,113
275,101,106
276,163,44
277,119,81
278,119,106
279,120,102
280,158,96
281,101,96
282,145,38
283,156,39
284,170,15
285,112,47
286,125,51
287,140,133
288,177,124
289,114,111
290,108,113
291,133,132
292,131,133
293,160,34
294,120,108
295,131,40
296,132,34
297,140,2
298,165,24
299,135,18
300,168,40
301,173,33
302,108,136
303,116,135
304,122,134
305,112,112
306,132,133
307,127,136
308,130,134
309,109,110
310,120,137
311,114,139
312,107,140
313,108,158
314,108,152
315,108,148
316,107,144
317,106,140
318,120,137
319,121,138
320,123,140
321,124,142
322,129,124
323,184,86
324,124,135
325,126,136
326,105,116
327,118,112
328,106,115
329,127,84
330,139,89
331,121,104
332,158,6
333,153,19
334,147,32
335,127,148
336,114,38
337,116,18
338,120,0
339,150,65
340,167,71
341,120,64
342,161,53
343,113,77
344,114,106
345,175,75
346,162,77
347,152,81
348,138,80
349,128,78
350,120,75
351,102,70
352,175,90
353,166,51
354,98,116
355,118,89
356,184,54
357,114,72
358,123,103
359,157,58
360,115,100
361,182,104
362,120,62
363,108,97
364,160,148
365,160,154
366,182,89
367,169,136
368,177,44
369,127,175
370,98,116
371,125,93
372,174,61
373,143,63
374,137,63
375,129,137
376,174,105
377,114,185
378,137,173
379,147,165
380,131,63
381,125,62
382,122,62
383,172,49
384,127,56
385,134,53
386,140,52
387,146,53
388,150,55
389,182,38
390,148,62
391,121,122
392,114,110
393,107,122
394,148,158
395,138,167
396,113,181
397,169,140
398,122,60
399,107,82
400,126,180
401,180,105
402,114,139
403,115,141
404,116,145
405,117,148
406,119,154
407,126,134
408,127,134
409,128,133
410,136,128
411,164,111
412,108,73
413,114,57
414,119,57
415,124,135
416,166,127
417,106,58
418,123,160
419,101,79
420,113,93
421,110,166
422,140,144
423,129,108
424,132,153
425,147,107
426,137,115
427,154,117
428,112,174
429,118,95
430,146,150
431,136,160
432,146,135
433,173,117
434,156,136
435,177,121
436,143,123
437,113,85
438,111,109
439,117,109
440,107,106
441,120,51
442,132,45
443,142,43
444,151,44
445,158,47
446,161,59
447,183,73
448,155,70
449,147,73
450,137,73
451,128,72
452,122,70
453,117,68
454,184,69
455,117,110
456,107,89
457,106,111
458,102,114
459,106,112
460,115,112
461,101,115
462,100,116
463,117,63
464,113,65
465,110,67
466,152,56
467,157,53
468,58,57
469,66,57
470,58,50
471,51,57
472,58,64
473,139,57
474,146,56
475,139,50
476,131,57
477,139,63
