0,99,131
1,98,106
2,97,115
3,92,81
4,98,98
5,99,88
6,99,64
7,44,61
8,99,40
9,99,28
10,101,-7
11,100,135
12,99,139
13,99,142
14,99,142
15,100,147
16,100,153
17,100,158
18,95,166
19,98,111
20,92,111
21,18,27
22,64,69
23,57,70
24,50,69
25,41,63
26,70,67
27,56,40
28,64,42
29,48,42
30,42,46
31,35,68
32,69,173
33,42,58
34,14,62
35,28,60
36,61,101
37,92,130
38,93,139
39,85,134
40,81,137
41,88,140
42,84,141
43,65,151
44,92,106
45,92,98
46,34,35
47,76,82
48,77,105
49,76,101
50,38,100
51,92,89
52,51,25
53,41,28
54,26,12
55,82,35
56,71,47
57,61,143
58,20,137
59,82,109
60,88,112
61,76,143
62,78,143
63,38,22
64,77,109
65,64,26
66,64,19
67,57,-5
68,31,19
69,61,9
70,30,31
71,23,31
72,93,135
73,87,137
74,83,139
75,84,111
76,77,143
77,80,145
78,79,143
79,85,106
80,85,142
81,89,142
82,94,142
83,86,165
84,92,157
85,93,152
86,93,146
87,94,142
88,85,142
89,84,144
90,82,147
91,81,150
92,69,129
93,11,97
94,97,112
95,82,143
96,81,144
97,89,114
98,79,113
99,88,113
100,68,86
101,56,91
102,75,105
103,38,1
104,43,11
105,49,18
106,70,156
107,81,23
108,79,9
109,78,-7
110,44,67
111,27,73
112,74,65
113,35,49
114,81,76
115,81,102
116,20,79
117,32,80
118,41,83
119,55,82
120,65,79
121,73,76
122,91,66
123,21,96
124,30,47
125,94,110
126,77,89
127,11,61
128,79,72
129,74,105
130,39,58
131,80,97
132,14,116
133,75,62
134,86,92
135,38,156
136,37,165
137,13,97
138,29,146
139,18,45
140,67,180
141,95,112
142,70,95
143,21,61
144,51,65
145,57,66
146,78,146
147,23,112
148,79,190
149,57,180
150,48,174
151,100,11
152,93,192
153,63,65
154,69,64
155,73,63
156,25,45
157,69,55
158,63,52
159,56,51
160,50,52
161,46,54
162,13,42
163,47,63
164,97,121
165,75,124
166,82,108
167,88,121
168,99,53
169,48,166
170,57,173
171,79,186
172,28,153
173,73,60
174,87,78
175,94,187
176,67,186
177,15,114
178,89,142
179,88,145
180,87,149
181,86,154
182,77,161
183,81,142
184,80,141
185,78,141
186,64,135
187,33,117
188,86,71
189,81,54
190,76,56
191,82,143
192,33,135
193,88,53
194,72,167
195,99,80
196,92,74
197,99,73
198,82,90
199,94,181
200,94,173
201,83,172
202,58,153
203,67,111
204,64,161
205,50,110
206,61,119
207,44,123
208,80,179
209,78,95
210,51,158
211,59,166
212,53,143
213,25,125
214,43,144
215,20,131
216,56,129
217,82,83
218,83,105
219,79,107
220,86,100
221,75,44
222,64,36
223,54,35
224,45,37
225,39,41
226,34,59
227,12,79
228,39,72
229,46,75
230,56,75
231,65,74
232,72,71
233,77,69
234,11,79
235,80,110
236,87,85
237,88,105
238,91,109
239,88,107
240,81,112
241,92,110
242,93,112
243,77,62
244,81,64
245,84,65
246,44,56
247,39,51
248,104,82
249,149,63
250,103,111
251,175,32
252,129,70
253,136,71
254,143,71
255,152,65
256,123,68
257,141,42
258,132,43
259,149,44
260,153,48
261,157,71
262,119,174
263,152,59
264,176,67
265,164,63
266,132,103
267,106,130
268,105,139
269,112,134
270,116,138
271,109,140
272,113,141
273,124,152
274,103,106
275,105,99
276,163,38
277,118,83
278,117,106
279,118,102
280,153,103
281,105,89
282,149,28
283,158,31
284,170,17
285,117,36
286,125,47
287,129,144
288,162,139
289,111,110
290,106,112
291,119,144
292,117,143
293,161,25
294,116,110
295,136,28
296,138,21
297,143,-2
298,165,23
299,139,11
300,167,35
301,171,35
302,106,135
303,111,137
304,114,139
305,109,111
306,118,144
307,116,145
308,117,143
309,109,107
310,111,142
311,108,142
312,104,142
313,104,165
314,106,158
315,106,152
316,105,146
317,104,142
318,111,142
319,113,145
320,115,147
321,116,150
322,123,130
323,172,101
324,113,143
325,115,144
326,104,115
327,114,114
328,105,113
329,126,87
330,138,93
331,118,106
332,160,5
333,155,14
334,152,21
335,119,157
336,120,24
337,121,11
338,124,-6
339,149,69
340,164,77
341,119,65
342,159,52
343,114,77
344,114,102
345,170,83
346,160,83
347,151,87
348,138,85
349,128,81
350,120,77
351,105,66
352,168,100
353,164,50
354,101,110
355,117,90
356,176,66
357,115,73
358,119,106
359,155,59
360,114,98
361,168,120
362,119,62
363,110,93
364,147,158
365,146,166
366,173,100
367,156,148
368,174,50
369,119,180
370,100,112
371,123,96
372,169,65
373,143,66
374,137,67
375,118,147
376,165,115
377,107,190
378,127,180
379,136,175
380,130,66
381,124,64
382,121,63
383,168,48
384,126,55
385,132,52
386,139,51
387,145,53
388,149,56
389,177,47
390,147,64
391,117,125
392,111,109
393,105,122
394,138,167
395,129,174
396,108,186
397,154,155
398,121,59
399,109,79
400,118,186
401,169,118
402,108,142
403,110,145
404,111,150
405,112,155
406,112,162
407,115,142
408,116,142
409,118,141
410,127,137
411,156,120
412,109,71
413,114,54
414,118,56
415,114,143
416,154,138
417,108,53
418,116,168
419,105,74
420,113,91
421,106,172
422,131,154
423,125,113
424,124,162
425,142,112
426,131,121
427,146,125
428,107,180
429,116,96
430,136,159
431,128,167
432,136,145
433,162,128
434,145,146
435,164,134
436,135,131
437,113,84
438,111,106
439,114,108
440,110,100
441,121,44
442,134,38
443,144,37
444,153,39
445,158,44
446,159,61
447,175,84
448,153,75
449,146,78
450,137,77
451,128,75
452,121,72
453,116,69
454,174,83
455,114,110
456,109,85
457,107,106
458,104,109
459,107,107
460,112,113
461,103,110
462,101,112
463,116,62
464,113,64
465,111,66
466,150,58
467,156,53
468,57,59
469,64,58
470,57,51
471,49,59
472,57,66
473,135,60
474,142,60
475,135,54
476,128,60
477,135,67
