0,92,130
1,108,103
2,101,113
3,98,77
4,109,94
5,107,84
6,102,62
7,42,51
8,101,42
9,102,31
10,103,-5
11,92,133
12,91,136
13,90,137
14,89,162
15,90,164
16,90,167
17,89,170
18,91,175
19,106,108
20,95,108
21,0,20
22,61,60
23,55,59
24,48,59
25,36,54
26,67,59
27,57,36
28,64,38
29,48,37
30,41,39
31,27,59
32,56,183
33,38,50
34,-8,56
35,16,53
36,55,95
37,81,128
38,80,135
39,68,131
40,59,136
41,70,136
42,63,139
43,48,152
44,101,102
45,101,94
46,29,31
47,73,77
48,75,100
49,73,96
50,28,92
51,100,85
52,55,23
53,42,25
54,14,6
55,87,35
56,69,43
57,43,142
58,-14,140
59,80,105
60,87,108
61,50,148
62,53,148
63,36,20
64,72,104
65,71,25
66,71,18
67,56,-8
68,23,13
69,62,5
70,22,27
71,9,25
72,80,132
73,69,134
74,61,137
75,81,107
76,52,148
77,55,154
78,54,148
79,88,102
80,64,140
81,72,137
82,81,137
83,78,173
84,78,168
85,78,165
86,79,162
87,79,161
88,63,156
89,62,157
90,61,158
91,60,159
92,57,126
93,-22,95
94,103,110
95,58,154
96,57,153
97,89,112
98,73,109
99,88,110
100,63,80
101,50,84
102,70,99
103,32,-3
104,40,6
105,53,16
106,56,160
107,87,23
108,82,8
109,79,-8
110,41,57
111,17,65
112,70,58
113,30,43
114,80,72
115,82,96
116,2,72
117,25,71
118,38,75
119,54,75
120,64,73
121,72,70
122,94,63
123,2,89
124,21,41
125,101,107
126,74,84
127,-17,56
128,79,66
129,67,100
130,33,49
131,81,92
132,-20,117
133,69,55
134,91,87
135,13,161
136,7,174
137,-13,93
138,1,149
139,0,40
140,52,193
141,100,110
142,65,89
143,4,55
144,50,53
145,56,54
146,54,154
147,1,107
148,67,207
149,36,194
150,22,186
151,103,12
152,86,210
153,61,55
154,65,55
155,68,56
156,12,39
157,66,50
158,61,47
159,56,46
160,50,46
161,45,47
162,-10,36
163,46,52
164,99,119
165,68,121
166,81,104
167,87,119
168,100,52
169,25,174
170,38,183
171,69,200
172,-4,160
173,68,53
174,89,74
175,88,202
176,51,202
177,-12,112
178,71,159
179,70,159
180,69,161
181,68,164
182,66,168
183,56,143
184,55,142
185,53,142
186,49,132
187,17,111
188,87,67
189,79,50
190,73,50
191,58,143
192,10,134
193,89,50
194,60,175
195,105,77
196,96,70
197,104,69
198,82,86
199,89,193
200,90,183
201,75,181
202,40,155
203,59,106
204,48,166
205,40,104
206,50,114
207,30,118
208,72,190
209,74,90
210,31,162
211,43,173
212,35,142
213,1,123
214,22,144
215,-8,131
216,42,125
217,81,79
218,86,100
219,77,103
220,92,95
221,76,41
222,66,33
223,57,31
224,46,32
225,37,36
226,25,52
227,-12,74
228,33,63
229,43,66
230,53,67
231,62,66
232,69,65
233,74,63
234,-21,76
235,76,105
236,90,80
237,94,101
238,96,106
239,92,103
240,77,108
241,98,107
242,97,109
243,73,56
244,79,58
245,84,60
246,41,49
247,35,44
248,111,79
249,138,65
250,109,109
251,150,43
252,122,69
253,128,70
254,134,71
255,140,69
256,117,67
257,132,50
258,125,50
259,138,52
260,141,55
261,144,75
262,113,186
263,140,64
264,152,77
265,148,70
266,130,103
267,102,131
268,100,137
269,112,136
270,118,143
271,108,141
272,113,145
273,121,158
274,113,103
275,115,95
276,148,49
277,117,82
278,123,105
279,123,101
280,146,105
281,113,86
282,138,39
283,144,43
284,148,28
285,113,42
286,118,53
287,126,149
288,138,153
289,117,109
290,112,111
291,121,157
292,119,156
293,146,38
294,122,109
295,128,38
296,129,32
297,134,5
298,148,34
299,133,19
300,149,47
301,151,46
302,102,134
303,110,139
304,115,144
305,115,110
306,120,157
307,118,161
308,118,156
309,117,105
310,111,146
311,106,142
312,99,139
313,101,175
314,100,171
315,100,167
316,99,165
317,98,163
318,110,162
319,112,163
320,114,164
321,115,166
322,124,131
323,143,113
324,114,160
325,116,161
326,110,113
327,118,113
328,111,112
329,123,87
330,133,94
331,123,105
332,144,16
333,142,25
334,139,33
335,116,165
336,115,32
337,120,15
338,121,0
339,138,71
340,149,81
341,114,65
342,145,59
343,113,76
344,122,101
345,155,90
346,148,86
347,143,87
348,132,84
349,123,80
350,117,75
351,107,65
352,156,106
353,148,59
354,109,108
355,118,89
356,146,77
357,112,71
358,122,106
359,142,65
360,121,96
361,142,133
362,113,62
363,118,90
364,135,170
365,131,181
366,154,110
367,141,160
368,151,61
369,113,195
370,106,110
371,123,96
372,150,73
373,133,66
374,129,65
375,119,162
376,154,122
377,101,208
378,118,197
379,124,191
380,123,65
381,118,63
382,115,63
383,149,59
384,118,60
385,124,59
386,129,59
387,135,60
388,137,62
389,149,59
390,136,66
391,120,125
392,118,107
393,109,120
394,128,180
395,121,187
396,102,201
397,134,170
398,115,61
399,113,77
400,111,203
401,152,128
402,105,163
403,107,164
404,108,166
405,108,170
406,110,171
407,117,150
408,119,150
409,121,149
410,126,139
411,148,124
412,110,70
413,110,55
414,113,57
415,115,150
416,144,146
417,106,54
418,112,178
419,109,72
420,117,89
421,102,183
422,125,162
423,126,113
424,119,171
425,138,114
426,130,122
427,141,129
428,103,192
429,120,95
430,129,169
431,121,178
432,131,151
433,150,137
434,137,154
435,147,145
436,132,134
437,115,83
438,120,104
439,121,107
440,119,98
441,115,49
442,126,46
443,135,46
444,141,48
445,145,53
446,144,67
447,154,93
448,142,77
449,138,78
450,130,77
451,122,74
452,116,71
453,112,68
454,144,95
455,120,109
456,115,83
457,117,103
458,111,107
459,115,105
460,117,112
461,110,108
462,108,110
463,111,62
464,109,63
465,109,64
466,139,63
467,143,60
468,59,51
469,64,51
470,58,44
471,53,50
472,59,57
473,128,61
474,135,62
475,129,55
476,122,60
477,128,67
