0,98,137
1,105,112
2,101,118
3,98,86
4,106,105
5,105,94
6,104,66
7,47,56
8,104,43
9,105,32
10,106,-9
11,98,141
12,97,144
13,96,146
14,96,147
15,96,151
16,96,155
17,95,159
18,94,164
19,103,115
20,95,114
21,17,14
22,67,66
23,60,66
24,53,65
25,43,58
26,73,64
27,60,40
28,68,42
29,52,40
30,46,43
31,36,63
32,65,172
33,44,53
34,10,50
35,27,55
36,62,99
37,90,135
38,90,143
39,82,137
40,77,138
41,84,143
42,79,142
43,62,147
44,99,112
45,99,105
46,37,35
47,78,80
48,80,107
49,79,102
50,39,96
51,99,95
52,58,29
53,47,31
54,28,2
55,88,40
56,74,46
57,57,139
58,8,122
59,85,111
60,90,114
61,71,141
62,73,141
63,43,25
64,79,109
65,72,32
66,72,26
67,63,-9
68,35,13
69,67,8
70,32,31
71,24,22
72,90,140
73,83,140
74,78,140
75,86,113
76,72,141
77,74,144
78,73,141
79,89,110
80,80,143
81,85,145
82,90,146
83,85,163
84,87,158
85,88,154
86,89,150
87,90,146
88,80,143
89,79,145
90,77,147
91,75,149
92,68,128
93,1,80
94,102,117
95,77,142
96,76,143
97,92,117
98,80,113
99,91,115
100,70,83
101,58,88
102,77,105
103,43,-5
104,49,8
105,56,23
106,67,153
107,88,29
108,86,10
109,83,-10
110,46,62
111,27,68
112,77,62
113,38,46
114,84,75
115,85,105
116,18,70
117,33,75
118,43,79
119,58,79
120,68,76
121,76,73
122,96,68
123,18,88
124,32,44
125,100,115
126,79,88
127,4,45
128,82,70
129,75,104
130,41,52
131,84,99
132,3,100
133,77,60
134,91,96
135,31,150
136,27,156
137,6,85
138,20,137
139,17,35
140,63,178
141,99,116
142,72,93
143,20,56
144,54,61
145,60,62
146,73,145
147,18,104
148,75,188
149,51,176
150,40,168
151,106,11
152,89,190
153,66,62
154,72,61
155,75,60
156,25,41
157,72,52
158,66,49
159,60,48
160,53,49
161,49,50
162,10,28
163,50,59
164,100,123
165,76,124
166,85,110
167,90,123
168,103,54
169,42,161
170,51,170
171,76,184
172,17,141
173,75,57
174,91,80
175,90,186
176,62,183
177,7,103
178,85,145
179,83,147
180,82,151
181,80,154
182,75,159
183,76,142
184,75,141
185,73,139
186,62,133
187,30,111
188,90,71
189,84,53
190,79,54
191,77,142
192,27,128
193,92,54
194,69,165
195,105,85
196,97,77
197,104,76
198,85,92
199,92,180
200,93,172
201,81,170
202,54,149
203,68,110
204,60,158
205,50,107
206,60,117
207,42,119
208,78,178
209,80,95
210,46,154
211,55,163
212,49,139
213,19,117
214,38,139
215,11,120
216,54,126
217,85,84
218,87,109
219,82,109
220,92,105
221,80,45
222,69,39
223,59,36
224,50,37
225,43,40
226,35,54
227,7,67
228,40,67
229,48,71
230,58,71
231,67,70
232,74,68
233,79,66
234,2,62
235,82,111
236,92,88
237,93,110
238,95,114
239,92,111
240,83,113
241,97,114
242,97,116
243,80,60
244,84,62
245,87,64
246,47,52
247,42,47
248,110,86
249,144,57
250,108,115
251,163,21
252,125,66
253,132,66
254,139,66
255,146,59
256,120,65
257,137,39
258,129,41
259,144,40
260,148,44
261,150,64
262,114,170
263,146,54
264,163,55
265,155,56
266,131,100
267,105,135
268,103,143
269,111,137
270,114,138
271,108,142
272,111,142
273,122,147
274,110,112
275,111,105
276,156,35
277,120,81
278,121,108
279,121,103
280,150,98
281,111,95
282,145,27
283,152,29
284,161,10
285,118,37
286,122,46
287,127,140
288,146,122
289,115,112
290,111,114
291,117,140
292,116,141
293,155,23
294,120,110
295,135,29
296,136,23
297,142,-4
298,159,19
299,139,12
300,158,30
301,162,28
302,104,140
303,109,140
304,112,140
305,114,113
306,117,140
307,114,143
308,115,141
309,115,111
310,109,143
311,106,144
312,102,146
313,102,163
314,102,158
315,103,154
316,102,149
317,102,146
318,109,143
319,111,145
320,112,146
321,113,148
322,123,128
323,155,84
324,112,142
325,113,143
326,108,117
327,117,114
328,109,116
329,126,84
330,136,90
331,121,106
332,155,1
333,152,13
334,148,21
335,117,153
336,121,27
337,124,12
338,127,-7
339,143,63
340,156,70
341,117,63
342,152,47
343,116,76
344,119,106
345,163,74
346,154,77
347,147,81
348,135,80
349,126,77
350,120,74
351,109,68
352,161,91
353,155,45
354,107,115
355,119,89
356,160,51
357,115,71
358,121,106
359,148,53
360,119,100
361,151,102
362,116,60
363,115,97
364,137,148
365,134,152
366,162,87
367,145,136
368,163,41
369,113,176
370,105,116
371,124,94
372,158,57
373,139,61
374,133,63
375,116,144
376,157,105
377,102,187
378,118,172
379,125,164
380,127,62
381,121,61
382,118,61
383,158,42
384,122,53
385,128,49
386,135,48
387,140,49
388,143,51
389,163,35
390,142,59
391,118,125
392,116,111
393,108,124
394,129,158
395,121,167
396,103,183
397,140,139
398,118,57
399,113,81
400,111,181
401,157,104
402,106,144
403,107,147
404,108,150
405,108,154
406,110,159
407,113,141
408,115,140
409,116,139
410,126,134
411,151,113
412,113,72
413,114,53
414,116,54
415,112,142
416,146,128
417,110,54
418,112,164
419,110,78
420,117,93
421,103,170
422,126,149
423,126,111
424,120,157
425,140,109
426,130,118
427,143,120
428,104,177
429,119,96
430,130,153
431,122,162
432,132,139
433,153,118
434,139,139
435,152,120
436,133,127
437,116,85
438,117,109
439,119,110
440,116,105
441,120,44
442,131,37
443,141,35
444,148,37
445,151,40
446,151,55
447,163,71
448,148,69
449,142,72
450,134,73
451,125,71
452,120,69
453,116,67
454,157,67
455,118,112
456,114,89
457,114,111
458,109,114
459,113,111
460,115,114
461,108,115
462,107,116
463,115,60
464,113,63
465,112,65
466,145,52
467,149,48
468,57,55
469,65,55
470,57,47
471,49,54
472,56,62
473,127,55
474,135,55
475,128,47
476,120,54
477,127,62
