0,98,124
1,97,105
2,97,112
3,91,79
4,97,97
5,97,87
6,97,62
7,50,60
8,97,42
9,97,32
10,98,-2
11,98,128
12,98,134
13,98,138
14,99,150
15,99,155
16,100,161
17,99,166
18,97,161
19,97,109
20,90,109
21,23,33
22,68,66
23,61,67
24,55,67
25,47,63
26,74,63
27,58,44
28,65,45
29,50,46
30,46,49
31,40,67
32,71,172
33,48,59
34,20,65
35,33,62
36,62,97
37,88,123
38,89,134
39,77,128
40,72,134
41,82,136
42,76,139
43,66,146
44,91,105
45,90,97
46,36,41
47,76,79
48,74,102
49,74,98
50,42,97
51,90,88
52,51,31
53,42,35
54,30,19
55,81,36
56,72,47
57,61,139
58,27,137
59,79,106
60,85,109
61,67,144
62,69,144
63,38,30
64,74,105
65,63,31
66,62,24
67,57,1
68,34,26
69,60,14
70,32,38
71,28,37
72,88,128
73,79,132
74,74,136
75,81,108
76,68,144
77,71,148
78,70,144
79,83,104
80,78,140
81,83,139
82,90,138
83,88,160
84,88,165
85,89,159
86,90,153
87,91,149
88,79,146
89,76,148
90,74,151
91,72,154
92,68,125
93,20,99
94,97,111
95,75,145
96,73,146
97,87,112
98,76,109
99,86,110
100,69,83
101,58,88
102,72,101
103,40,8
104,44,18
105,48,25
106,72,151
107,78,26
108,78,14
109,76,-1
110,50,65
111,33,73
112,78,61
113,39,52
114,81,74
115,78,99
116,26,79
117,37,78
118,46,81
119,59,79
120,69,76
121,76,72
122,90,64
123,27,95
124,34,51
125,93,109
126,77,86
127,19,65
128,82,68
129,72,101
130,44,59
131,78,94
132,22,117
133,78,58
134,84,90
135,41,155
136,41,164
137,21,97
138,33,144
139,24,50
140,69,181
141,94,110
142,70,91
143,28,63
144,56,63
145,61,63
146,69,149
147,28,110
148,82,192
149,60,182
150,51,175
151,97,15
152,98,194
153,67,62
154,72,60
155,76,59
156,29,49
157,72,55
158,66,54
159,60,54
160,54,56
161,51,57
162,20,47
163,52,62
164,97,118
165,74,121
166,79,105
167,87,118
168,97,52
169,50,165
170,59,173
171,82,186
172,33,153
173,76,57
174,86,76
175,97,188
176,70,188
177,23,114
178,84,148
179,82,151
180,80,155
181,78,160
182,79,157
183,72,141
184,70,140
185,68,139
186,63,131
187,37,113
188,86,68
189,82,52
190,79,53
191,75,142
192,36,133
193,88,51
194,75,164
195,97,78
196,91,72
197,97,70
198,81,88
199,97,179
200,97,169
201,86,168
202,59,149
203,67,107
204,66,157
205,52,106
206,61,115
207,46,119
208,83,177
209,76,92
210,53,155
211,62,164
212,54,140
213,30,123
214,44,141
215,26,130
216,56,125
217,81,81
218,81,103
219,76,104
220,84,98
221,76,44
222,65,39
223,55,39
224,47,42
225,42,46
226,39,60
227,20,81
228,44,71
229,51,73
230,60,73
231,69,71
232,75,68
233,80,65
234,20,82
235,76,106
236,86,83
237,86,104
238,89,107
239,86,105
240,78,109
241,91,108
242,91,110
243,80,58
244,84,60
245,85,61
246,49,58
247,43,53
248,103,79
249,147,62
250,104,109
251,172,33
252,127,67
253,134,68
254,141,68
255,150,64
256,121,64
257,139,44
258,130,44
259,146,45
260,151,49
261,155,68
262,123,172
263,150,60
264,175,65
265,162,62
266,132,97
267,108,123
268,107,134
269,118,128
270,124,134
271,114,136
272,119,139
273,129,146
274,103,105
275,104,97
276,161,39
277,118,79
278,120,102
279,120,98
280,152,97
281,103,87
282,146,29
283,155,32
284,166,19
285,114,36
286,123,48
287,134,139
288,169,137
289,115,106
290,109,109
291,129,145
292,127,145
293,158,27
294,120,105
295,133,29
296,134,23
297,138,1
298,161,26
299,134,14
300,164,36
301,168,37
302,108,128
303,116,132
304,122,136
305,113,108
306,128,145
307,126,149
308,126,145
309,111,104
310,117,140
311,112,139
312,106,138
313,107,160
314,111,165
315,110,160
316,109,154
317,108,149
318,119,147
319,121,150
320,124,153
321,126,155
322,127,125
323,175,99
324,122,146
325,124,148
326,106,112
327,118,109
328,108,110
329,125,83
330,136,88
331,121,101
332,155,8
333,151,18
334,149,23
335,123,151
336,117,25
337,117,14
338,120,-1
339,146,67
340,162,73
341,116,62
342,157,52
343,113,74
344,115,99
345,169,79
346,158,79
347,149,81
348,136,80
349,126,76
350,118,73
351,104,64
352,168,95
353,162,50
354,101,109
355,117,86
356,177,65
357,113,69
358,122,101
359,153,59
360,116,94
361,173,118
362,116,59
363,109,90
364,155,155
365,155,165
366,175,98
367,163,145
368,171,50
369,126,181
370,100,110
371,124,91
372,167,63
373,140,64
374,134,64
375,128,150
376,167,110
377,113,193
378,136,182
379,145,175
380,128,63
381,122,61
382,118,60
383,166,48
384,124,56
385,130,54
386,137,54
387,143,56
388,146,57
389,175,47
390,144,63
391,120,121
392,115,105
393,107,118
394,146,165
395,136,173
396,113,186
397,163,153
398,119,58
399,108,76
400,125,188
401,173,115
402,114,149
403,116,152
404,118,157
405,120,161
406,116,157
407,123,142
408,126,141
409,128,140
410,131,131
411,158,114
412,108,68
413,112,52
414,116,54
415,122,142
416,159,133
417,106,52
418,120,164
419,103,72
420,113,88
421,109,168
422,136,149
423,127,107
424,129,158
425,142,106
426,133,115
427,148,119
428,111,178
429,118,92
430,143,156
431,133,165
432,141,140
433,166,124
434,151,141
435,170,131
436,139,125
437,113,81
438,113,103
439,118,104
440,110,98
441,119,44
442,131,39
443,142,38
444,150,41
445,155,45
446,157,60
447,176,81
448,151,72
449,144,74
450,135,73
451,126,71
452,119,68
453,114,66
454,176,82
455,117,106
456,108,83
457,108,104
458,104,107
459,108,105
460,116,108
461,103,108
462,102,110
463,114,59
464,110,61
465,108,62
466,148,59
467,153,53
468,62,57
469,69,57
470,62,51
471,55,58
472,62,64
473,134,58
474,142,59
475,134,51
476,127,58
477,134,65
