0,93,127
1,88,105
2,93,113
3,84,81
4,88,98
5,89,88
6,92,65
7,48,65
8,93,47
9,93,37
10,94,1
11,93,130
12,93,134
13,94,136
14,95,165
15,95,168
16,95,171
17,95,175
18,96,169
19,90,110
20,84,110
21,35,38
22,66,69
23,60,70
24,54,70
25,47,67
26,71,67
27,56,49
28,63,50
29,50,51
30,46,54
31,43,72
32,72,177
33,46,64
34,33,69
35,39,66
36,60,100
37,82,126
38,84,134
39,73,130
40,68,135
41,77,136
42,73,139
43,66,151
44,82,105
45,81,98
46,38,46
47,73,81
48,68,103
49,68,99
50,43,100
51,82,89
52,50,37
53,42,40
54,38,25
55,76,42
56,69,53
57,61,143
58,42,138
59,74,108
60,80,110
61,66,147
62,68,147
63,40,35
64,68,107
65,60,37
66,59,31
67,57,7
68,39,31
69,59,20
70,36,43
71,35,42
72,83,130
73,75,133
74,70,137
75,76,109
76,67,147
77,68,153
78,69,147
79,76,106
80,75,139
81,80,137
82,86,136
83,86,168
84,84,173
85,84,170
86,85,166
87,86,164
88,75,157
89,73,158
90,71,159
91,69,161
92,65,128
93,38,101
94,91,112
95,72,153
96,70,153
97,82,113
98,72,111
99,81,112
100,67,85
101,57,91
102,67,103
103,45,15
104,46,24
105,48,31
106,71,158
107,74,33
108,74,19
109,73,3
110,49,70
111,39,76
112,74,65
113,41,57
114,78,76
115,71,101
116,33,83
117,41,81
118,47,84
119,59,82
120,67,78
121,73,74
122,86,67
123,32,98
124,38,56
125,86,109
126,72,88
127,37,69
128,78,70
129,68,103
130,44,63
131,71,96
132,39,119
133,74,62
134,76,91
135,48,158
136,51,166
137,32,100
138,42,147
139,34,55
140,70,185
141,88,111
142,67,94
143,36,68
144,54,66
145,60,66
146,66,154
147,33,113
148,83,198
149,64,185
150,58,177
151,93,18
152,99,200
153,65,65
154,70,64
155,73,63
156,36,54
157,69,61
158,64,61
159,59,61
160,53,61
161,49,62
162,35,52
163,50,66
164,93,119
165,70,123
166,73,107
167,82,119
168,94,56
169,55,168
170,62,176
171,82,191
172,46,154
173,72,62
174,80,78
175,98,194
176,72,192
177,33,116
178,79,161
179,78,163
180,76,165
181,75,168
182,77,164
183,70,142
184,67,142
185,66,141
186,62,135
187,40,117
188,82,71
189,79,56
190,75,58
191,72,142
192,41,136
193,84,55
194,75,169
195,90,80
196,85,74
197,91,72
198,75,89
199,97,185
200,97,176
201,85,175
202,60,154
203,63,110
204,67,162
205,51,110
206,59,118
207,47,122
208,83,183
209,71,94
210,55,159
211,63,168
212,55,144
213,36,126
214,48,145
215,36,132
216,56,129
217,77,83
218,73,104
219,70,106
220,75,99
221,73,49
222,62,45
223,53,44
224,46,46
225,42,50
226,42,64
227,32,85
228,46,75
229,51,76
230,59,75
231,67,73
232,73,70
233,77,68
234,38,85
235,71,108
236,79,85
237,78,105
238,83,109
239,79,106
240,73,110
241,84,109
242,85,111
243,76,62
244,80,64
245,81,64
246,47,63
247,44,58
248,97,81
249,155,57
250,100,110
251,185,31
252,132,63
253,139,64
254,147,64
255,158,60
256,126,61
257,142,41
258,133,42
259,150,42
260,156,45
261,165,66
262,129,178
263,158,55
264,190,64
265,175,61
266,136,98
267,104,125
268,104,134
269,117,130
270,124,135
271,113,135
272,120,138
273,137,151
274,95,105
275,96,98
276,166,39
277,120,80
278,120,103
279,121,99
280,160,97
281,96,88
282,145,29
283,157,32
284,175,18
285,110,38
286,126,45
287,142,142
288,191,137
289,114,107
290,107,110
291,133,146
292,131,147
293,161,28
294,121,106
295,129,30
296,130,24
297,140,2
298,168,25
299,135,16
300,171,36
301,178,36
302,104,130
303,115,133
304,122,136
305,112,109
306,132,147
307,129,153
308,130,147
309,108,105
310,119,139
311,112,137
312,103,136
313,108,168
314,109,173
315,107,169
316,107,166
317,106,163
318,121,156
319,123,157
320,125,158
321,127,160
322,131,127
323,197,98
324,125,152
325,127,152
326,105,113
327,119,111
328,106,111
329,129,84
330,141,89
331,123,102
332,161,8
333,154,18
334,147,24
335,129,157
336,111,27
337,115,17
338,118,0
339,154,63
340,174,72
341,122,59
342,165,49
343,114,75
344,113,100
345,182,79
346,168,77
347,156,80
348,141,78
349,130,74
350,122,71
351,101,66
352,181,94
353,171,49
354,94,109
355,120,87
356,195,63
357,115,67
358,125,102
359,162,55
360,114,95
361,196,117
362,123,56
363,105,91
364,168,158
365,171,167
366,193,97
367,179,146
368,184,49
369,132,186
370,95,111
371,127,93
372,183,63
373,146,59
374,139,59
375,131,153
376,181,110
377,117,199
378,145,187
379,158,179
380,133,58
381,128,57
382,125,57
383,178,48
384,129,52
385,135,50
386,142,50
387,148,51
388,153,52
389,191,45
390,151,58
391,123,122
392,113,106
393,106,119
394,157,169
395,145,178
396,116,192
397,182,154
398,125,55
399,106,77
400,132,194
401,192,114
402,114,160
403,116,162
404,118,164
405,119,167
406,120,164
407,126,142
408,128,141
409,130,140
410,138,134
411,168,114
412,107,70
413,115,51
414,120,52
415,125,142
416,172,134
417,105,51
418,125,170
419,99,74
420,113,89
421,111,175
422,145,153
423,132,109
424,136,163
425,149,108
426,139,117
427,157,121
428,113,184
429,119,93
430,153,160
431,141,169
432,151,143
433,180,124
434,162,144
435,188,131
436,146,127
437,113,82
438,110,104
439,117,105
440,104,99
441,119,43
442,131,38
443,142,36
444,152,38
445,160,42
446,167,58
447,192,80
448,160,69
449,151,71
450,141,70
451,131,68
452,124,66
453,119,63
454,196,80
455,118,107
456,105,84
457,102,104
458,99,108
459,103,106
460,116,110
461,97,109
462,98,111
463,119,57
464,114,59
465,110,61
466,156,54
467,161,50
468,59,63
469,65,63
470,59,57
471,53,63
472,59,69
473,144,54
474,151,54
475,144,48
476,136,54
477,144,60
