0,99,132
1,101,108
2,100,117
3,94,83
4,101,100
5,101,90
6,100,66
7,47,65
8,101,50
9,101,40
10,100,0
11,99,135
12,99,138
13,99,139
14,99,140
15,99,143
16,99,147
17,98,151
18,99,165
19,101,113
20,93,113
21,18,42
22,67,71
23,60,71
24,53,71
25,43,68
26,74,69
27,58,51
28,66,52
29,50,53
30,45,56
31,36,73
32,70,181
33,45,64
34,12,76
35,27,69
36,60,103
37,88,131
38,90,137
39,78,133
40,72,135
41,81,137
42,75,138
43,61,151
44,94,109
45,93,101
46,34,51
47,77,83
48,74,107
49,74,103
50,36,103
51,94,91
52,54,43
53,42,46
54,27,26
55,87,49
56,73,54
57,54,143
58,16,155
59,80,112
60,86,114
61,65,139
62,67,139
63,38,42
64,73,110
65,68,44
66,67,38
67,58,6
68,33,34
69,63,20
70,29,49
71,24,46
72,89,135
73,80,136
74,73,137
75,82,113
76,66,139
77,70,140
78,68,139
79,85,109
80,77,139
81,83,139
82,90,139
83,88,165
84,89,150
85,89,146
86,90,142
87,91,139
88,77,139
89,76,140
90,74,142
91,73,144
92,63,131
93,8,114
94,100,115
95,73,139
96,71,139
97,89,117
98,75,115
99,88,115
100,69,88
101,56,93
102,72,106
103,39,14
104,46,25
105,51,37
106,68,156
107,85,39
108,81,19
109,78,1
110,47,70
111,27,79
112,78,67
113,37,60
114,83,78
115,80,104
116,18,88
117,32,84
118,42,86
119,57,84
120,68,81
121,76,77
122,93,68
123,18,104
124,30,60
125,96,113
126,77,91
127,9,77
128,83,73
129,71,107
130,41,64
131,79,99
132,10,134
133,79,64
134,87,94
135,34,168
136,34,180
137,9,110
138,23,158
139,18,60
140,69,192
141,97,115
142,69,97
143,21,71
144,54,67
145,60,67
146,68,142
147,18,121
148,84,204
149,59,195
150,47,189
151,101,18
152,101,205
153,67,66
154,73,65
155,77,65
156,25,59
157,72,59
158,65,57
159,59,57
160,53,59
161,49,61
162,12,57
163,50,66
164,100,123
165,71,126
166,80,110
167,88,123
168,100,58
169,46,177
170,57,184
171,83,196
172,24,170
173,76,62
174,88,80
175,100,197
176,70,200
177,11,128
178,83,139
179,82,141
180,81,144
181,80,148
182,77,161
183,70,138
184,69,138
185,67,137
186,57,136
187,28,122
188,88,73
189,85,59
190,80,60
191,72,139
192,26,144
193,92,59
194,73,171
195,101,81
196,94,76
197,100,74
198,82,92
199,100,186
200,100,175
201,86,175
202,54,156
203,64,113
204,63,165
205,47,113
206,57,121
207,39,126
208,84,186
209,76,97
210,48,165
211,59,174
212,47,146
213,19,135
214,37,150
215,15,145
216,49,131
217,83,85
218,82,108
219,77,110
220,86,102
221,80,53
222,67,49
223,56,48
224,47,50
225,40,54
226,35,67
227,10,93
228,40,76
229,48,78
230,58,77
231,68,75
232,76,73
233,81,70
234,8,96
235,76,112
236,88,87
237,88,108
238,92,112
239,88,110
240,78,114
241,94,113
242,94,114
243,81,64
244,85,66
245,88,67
246,46,62
247,41,60
248,107,82
249,153,62
250,108,113
251,177,37
252,131,68
253,139,68
254,146,68
255,156,65
256,125,67
257,143,50
258,135,50
259,151,51
260,156,53
261,162,70
262,129,180
263,155,60
264,184,70
265,170,66
266,139,101
267,110,131
268,108,137
269,120,132
270,127,135
271,117,137
272,123,138
273,137,148
274,107,108
275,108,100
276,166,49
277,122,82
278,126,105
279,126,101
280,162,99
281,107,90
282,149,42
283,160,45
284,170,23
285,116,49
286,127,53
287,144,140
288,183,149
289,120,110
290,114,113
291,135,139
292,133,139
293,164,40
294,127,108
295,135,43
296,137,37
297,142,4
298,165,31
299,137,19
300,170,46
301,173,42
302,109,134
303,118,135
304,125,136
305,119,111
306,133,139
307,129,140
308,131,139
309,116,108
310,122,138
311,115,139
312,108,139
313,110,164
314,109,150
315,108,146
316,108,142
317,107,139
318,121,139
319,123,140
320,124,142
321,125,144
322,135,128
323,187,108
324,126,139
325,128,140
326,111,116
327,124,113
328,112,114
329,130,86
330,143,90
331,128,104
332,159,11
333,154,23
334,152,37
335,130,155
336,119,39
337,120,18
338,123,0
339,152,67
340,170,75
341,121,66
342,163,57
343,117,77
344,121,103
345,179,83
346,165,80
347,155,83
348,141,82
349,130,79
350,122,76
351,107,67
352,180,98
353,169,57
354,105,113
355,123,89
356,185,71
357,117,72
358,128,104
359,159,61
360,121,97
361,186,128
362,121,63
363,114,93
364,166,163
365,166,176
366,187,104
367,177,153
368,178,55
369,132,190
370,104,115
371,130,95
372,176,67
373,145,63
374,139,64
375,131,142
376,181,115
377,118,203
378,143,193
379,154,186
380,133,64
381,127,63
382,123,63
383,174,55
384,128,58
385,134,56
386,141,55
387,148,56
388,152,58
389,182,52
390,149,62
391,128,124
392,120,109
393,112,122
394,155,174
395,144,182
396,117,195
397,176,165
398,124,61
399,112,79
400,131,199
401,187,122
402,115,139
403,116,141
404,117,144
405,118,148
406,121,160
407,128,138
408,130,138
409,132,137
410,141,133
411,171,117
412,112,72
413,116,58
414,120,59
415,126,139
416,173,139
417,109,59
418,125,170
419,107,75
420,118,91
421,112,174
422,144,154
423,135,111
424,136,163
425,152,109
426,142,118
427,160,122
428,115,185
429,123,95
430,151,162
431,141,172
432,151,143
433,180,130
434,162,146
435,184,139
436,149,128
437,117,84
438,118,106
439,124,108
440,115,101
441,122,52
442,135,48
443,146,47
444,155,48
445,161,52
446,164,63
447,186,87
448,158,73
449,150,75
450,140,75
451,130,73
452,123,71
453,118,69
454,186,90
455,124,110
456,113,86
457,113,107
458,109,111
459,113,109
460,122,112
461,107,112
462,106,114
463,119,64
464,114,66
465,112,67
466,154,59
467,159,57
468,60,61
469,68,61
470,61,55
471,53,61
472,60,68
473,138,59
474,146,59
475,138,53
476,131,59
477,138,65
