0,101,127
1,98,94
2,98,106
3,92,72
4,98,86
5,98,77
6,99,57
7,47,62
8,99,40
9,99,29
10,99,0
11,101,131
12,101,135
13,101,138
14,101,138
15,101,142
16,102,147
17,102,153
18,99,159
19,98,99
20,92,101
21,24,45
22,67,66
23,60,68
24,54,68
25,44,65
26,72,64
27,56,44
28,64,45
29,49,47
30,44,50
31,39,71
32,71,173
33,44,60
34,21,76
35,31,67
36,63,98
37,93,126
38,94,135
39,83,130
40,78,135
41,87,137
42,81,139
43,67,148
44,92,94
45,91,87
46,35,45
47,77,78
48,76,97
49,75,94
50,43,100
51,92,78
52,51,34
53,42,38
54,30,29
55,83,38
56,71,48
57,62,141
58,28,151
59,81,101
60,87,103
61,71,144
62,73,143
63,38,34
64,76,102
65,65,33
66,64,27
67,58,6
68,34,31
69,61,16
70,31,42
71,28,45
72,93,131
73,85,134
74,79,137
75,83,103
76,72,144
77,76,144
78,74,143
79,84,96
80,83,140
81,88,139
82,94,138
83,90,159
84,93,153
85,93,147
86,94,142
87,94,138
88,83,140
89,81,142
90,80,145
91,79,148
92,70,125
93,20,115
94,98,102
95,78,142
96,77,143
97,89,107
98,79,107
99,89,105
100,70,84
101,58,90
102,74,98
103,41,15
104,45,22
105,49,28
106,73,152
107,80,27
108,79,15
109,77,2
110,48,68
111,32,78
112,76,62
113,37,55
114,82,72
115,80,92
116,25,87
117,37,82
118,47,84
119,60,81
120,69,77
121,77,72
122,92,60
123,27,102
124,32,55
125,95,99
126,78,84
127,19,81
128,82,68
129,74,100
130,41,61
131,80,88
132,23,133
133,76,59
134,85,82
135,41,162
136,41,174
137,21,108
138,34,153
139,24,60
140,69,183
141,96,102
142,72,91
143,25,69
144,54,63
145,60,63
146,74,146
147,28,117
148,83,195
149,60,187
150,51,182
151,99,15
152,100,196
153,65,62
154,70,61
155,74,60
156,27,55
157,70,55
158,64,53
159,58,53
160,52,55
161,48,57
162,21,61
163,50,63
164,99,113
165,76,119
166,81,99
167,89,114
168,99,50
169,49,170
170,59,177
171,82,187
172,34,164
173,74,57
174,87,71
175,99,188
176,70,192
177,23,125
178,88,139
179,87,142
180,86,146
181,85,151
182,80,156
183,77,141
184,75,141
185,73,140
186,65,133
187,38,118
188,87,65
189,82,52
190,77,54
191,78,142
192,37,139
193,89,51
194,75,165
195,98,70
196,92,66
197,99,64
198,82,83
199,99,178
200,99,168
201,87,168
202,59,153
203,68,107
204,66,160
205,53,108
206,62,116
207,47,122
208,84,178
209,78,89
210,52,160
211,61,167
212,54,143
213,30,131
214,45,146
215,27,140
216,57,128
217,82,78
218,82,95
219,78,99
220,85,89
221,76,45
222,64,41
223,54,40
224,46,43
225,40,48
226,37,64
227,20,92
228,43,74
229,51,75
230,60,74
231,68,71
232,75,68
233,80,65
234,19,98
235,78,102
236,87,76
237,87,94
238,91,99
239,87,96
240,81,105
241,92,99
242,93,102
243,79,59
244,83,60
245,86,61
246,46,59
247,41,55
248,105,72
249,152,62
250,105,101
251,177,42
252,132,67
253,139,68
254,146,69
255,154,66
256,126,64
257,142,45
258,134,45
259,149,47
260,154,50
261,160,71
262,128,173
263,154,61
264,181,74
265,168,66
266,135,97
267,110,125
268,109,135
269,118,130
270,124,134
271,115,136
272,120,138
273,132,148
274,104,94
275,105,86
276,164,44
277,121,77
278,122,96
279,122,93
280,157,99
281,105,78
282,147,32
283,157,37
284,170,26
285,115,37
286,127,48
287,138,141
288,176,150
289,116,101
290,110,103
291,129,142
292,127,142
293,161,32
294,122,101
295,134,32
296,135,25
297,141,5
298,165,30
299,137,15
300,168,41
301,172,43
302,110,130
303,117,133
304,122,136
305,114,103
306,128,142
307,125,143
308,126,142
309,112,96
310,119,139
311,114,138
312,108,138
313,109,159
314,110,152
315,110,147
316,109,142
317,108,138
318,119,139
319,120,141
320,122,144
321,123,147
322,129,124
323,183,113
324,122,141
325,124,142
326,108,106
327,119,107
328,109,105
329,129,83
330,140,88
331,123,98
332,159,13
333,154,20
334,150,27
335,127,152
336,117,26
337,119,14
338,122,1
339,151,68
340,167,77
341,122,62
342,161,55
343,116,72
344,117,92
345,175,85
346,162,81
347,153,83
348,140,80
349,130,76
350,122,72
351,106,60
352,174,100
353,166,54
354,102,99
355,120,84
356,183,78
357,116,67
358,124,99
359,157,61
360,117,88
361,181,131
362,122,59
363,111,82
364,161,161
365,162,173
366,181,106
367,169,152
368,177,58
369,131,182
370,101,102
371,127,90
372,173,69
373,145,64
374,139,64
375,127,145
376,173,116
377,117,195
378,141,186
379,151,181
380,134,63
381,128,61
382,124,60
383,171,54
384,129,55
385,135,54
386,140,54
387,146,56
388,150,58
389,181,59
390,149,63
391,122,118
392,116,99
393,109,114
394,152,170
395,142,176
396,116,187
397,169,163
398,124,58
399,111,71
400,130,191
401,180,124
402,114,138
403,115,141
404,117,145
405,118,150
406,119,156
407,124,140
408,126,139
409,127,138
410,135,132
411,163,117
412,111,65
413,116,52
414,121,54
415,122,141
416,165,138
417,109,50
418,124,164
419,105,66
420,116,83
421,112,167
422,141,152
423,130,107
424,133,159
425,147,107
426,137,115
427,153,121
428,115,177
429,120,88
430,148,159
431,138,167
432,146,142
433,172,130
434,156,145
435,176,139
436,143,127
437,115,77
438,115,95
439,119,98
440,111,88
441,122,45
442,134,40
443,144,40
444,152,42
445,158,47
446,162,63
447,182,90
448,156,74
449,149,75
450,140,74
451,131,72
452,124,68
453,119,65
454,183,96
455,119,102
456,110,76
457,109,94
458,105,99
459,109,96
460,117,104
461,104,99
462,103,102
463,119,59
464,115,60
465,112,60
466,152,59
467,157,55
468,58,58
469,65,57
470,57,51
471,51,58
472,58,65
473,140,58
474,147,59
475,140,52
476,133,58
477,139,65
