0,97,130
1,91,107
2,95,114
3,86,82
4,90,100
5,90,89
6,93,64
7,51,62
8,93,43
9,92,32
10,91,-6
11,97,133
12,98,137
13,98,140
14,98,140
15,98,145
16,99,151
17,99,157
18,101,161
19,92,111
20,87,111
21,35,30
22,69,67
23,63,69
24,57,69
25,50,64
26,75,65
27,58,46
28,65,47
29,52,47
30,48,50
31,45,69
32,80,171
33,49,59
34,36,63
35,40,62
36,65,101
37,88,128
38,90,137
39,80,131
40,76,135
41,84,137
42,80,139
43,74,148
44,85,107
45,83,100
46,39,42
47,77,81
48,74,105
49,74,101
50,48,100
51,84,90
52,50,35
53,43,37
54,36,17
55,78,43
56,72,50
57,69,142
58,54,130
59,79,109
60,84,111
61,72,141
62,74,141
63,40,31
64,75,108
65,62,37
66,60,30
67,54,0
68,37,24
69,57,15
70,36,38
71,35,35
72,89,133
73,82,135
74,78,137
75,81,110
76,73,141
77,75,143
78,75,141
79,80,107
80,82,140
81,86,139
82,92,139
83,93,160
84,90,157
85,90,151
86,91,144
87,92,140
88,82,140
89,80,142
90,78,146
91,77,149
92,72,128
93,45,93
94,93,113
95,79,140
96,77,142
97,87,114
98,78,113
99,86,113
100,71,85
101,61,91
102,74,104
103,42,7
104,44,17
105,48,28
106,79,153
107,75,33
108,72,14
109,70,-4
110,52,67
111,40,74
112,78,63
113,43,53
114,80,76
115,76,102
116,37,79
117,43,81
118,50,84
119,62,82
120,70,78
121,77,74
122,87,66
123,39,95
124,39,51
125,89,111
126,77,88
127,40,60
128,81,70
129,75,104
130,47,59
131,76,97
132,49,111
133,78,60
134,80,93
135,59,152
136,63,158
137,39,95
138,53,141
139,36,48
140,80,178
141,91,112
142,72,94
143,36,63
144,57,64
145,63,64
146,74,145
147,42,110
148,92,189
149,76,177
150,70,169
151,92,12
152,106,191
153,68,63
154,73,62
155,76,61
156,36,49
157,72,56
158,66,55
159,61,55
160,55,56
161,52,57
162,36,43
163,54,63
164,96,120
165,77,124
166,79,108
167,87,121
168,94,53
169,66,162
170,73,170
171,91,184
172,58,146
173,76,58
174,83,78
175,105,186
176,83,184
177,43,111
178,86,140
179,85,144
180,83,148
181,82,154
182,85,157
183,77,140
184,75,139
185,73,138
186,70,135
187,48,115
188,84,70
189,81,55
190,78,56
191,79,140
192,51,132
193,86,55
194,83,164
195,91,81
196,86,74
197,92,73
198,79,90
199,103,179
200,102,170
201,92,168
202,69,151
203,70,111
204,75,158
205,57,110
206,65,118
207,54,122
208,90,177
209,77,95
210,65,155
211,73,164
212,63,142
213,46,122
214,57,142
215,47,126
216,63,129
217,80,83
218,78,106
219,76,107
220,79,101
221,75,48
222,64,43
223,55,42
224,48,43
225,44,47
226,44,61
227,37,79
228,48,73
229,54,75
230,62,75
231,70,72
232,76,69
233,80,67
234,43,77
235,77,109
236,82,85
237,81,106
238,86,110
239,82,107
240,80,112
241,87,110
242,88,112
243,80,61
244,83,63
245,84,64
246,51,58
247,46,54
248,98,81
249,153,58
250,101,110
251,186,19
252,131,66
253,138,67
254,146,66
255,157,60
256,125,64
257,140,42
258,131,44
259,148,42
260,154,44
261,163,64
262,131,172
263,156,55
264,190,55
265,172,57
266,135,98
267,106,127
268,106,136
269,118,130
270,125,133
271,115,137
272,122,137
273,135,148
274,97,107
275,97,99
276,164,35
277,120,79
278,118,104
279,119,99
280,159,96
281,98,90
282,142,30
283,155,31
284,175,6
285,109,42
286,125,48
287,140,140
288,188,127
289,113,108
290,107,111
291,134,139
292,132,139
293,159,24
294,119,107
295,128,33
296,128,27
297,138,-7
298,168,15
299,133,9
300,170,31
301,178,26
302,107,132
303,116,134
304,123,135
305,111,110
306,133,139
307,129,141
308,131,139
309,108,106
310,121,139
311,114,139
312,106,139
313,111,160
314,110,156
315,108,150
316,107,144
317,107,139
318,121,139
319,122,141
320,125,144
321,126,147
322,129,127
323,196,87
324,126,139
325,128,140
326,104,114
327,117,112
328,105,112
329,128,83
330,141,88
331,121,103
332,160,-2
333,153,9
334,145,23
335,129,153
336,110,32
337,113,10
338,116,-8
339,152,64
340,172,69
341,120,63
342,163,47
343,114,74
344,112,101
345,181,73
346,165,76
347,154,80
348,139,80
349,128,77
350,121,73
351,101,65
352,180,90
353,169,45
354,96,111
355,118,87
356,196,52
357,114,70
358,123,103
359,160,54
360,113,96
361,194,106
362,121,60
363,105,92
364,167,151
365,170,158
366,191,89
367,177,139
368,185,39
369,134,179
370,96,112
371,126,92
372,180,57
373,145,62
374,138,63
375,131,143
376,179,106
377,122,189
378,147,178
379,158,170
380,132,62
381,126,61
382,123,60
383,176,43
384,128,54
385,134,52
386,140,51
387,146,51
388,151,53
389,192,34
390,149,60
391,121,123
392,112,107
393,106,121
394,157,163
395,146,171
396,120,185
397,180,144
398,123,58
399,106,77
400,135,185
401,189,106
402,114,139
403,116,143
404,117,147
405,119,153
406,121,157
407,128,138
408,129,137
409,131,136
410,135,133
411,166,112
412,107,69
413,113,54
414,119,55
415,126,139
416,170,130
417,104,55
418,127,164
419,100,74
420,112,89
421,115,169
422,144,150
423,130,109
424,136,158
425,147,107
426,137,116
427,155,119
428,118,177
429,118,93
430,152,155
431,142,164
432,149,141
433,178,119
434,160,140
435,185,123
436,144,127
437,112,82
438,110,105
439,115,106
440,105,100
441,118,47
442,130,40
443,140,37
444,150,38
445,158,41
446,165,56
447,191,72
448,158,69
449,149,72
450,139,72
451,130,71
452,123,68
453,117,66
454,197,69
455,116,108
456,105,84
457,103,106
458,100,109
459,104,107
460,114,111
461,98,110
462,99,112
463,118,60
464,113,62
465,109,64
466,154,54
467,159,48
468,63,58
469,70,58
470,63,52
471,56,59
472,64,65
473,143,56
474,151,55
475,143,49
476,135,56
477,143,62
