0,99,132
1,97,113
2,97,118
3,91,86
4,97,105
5,97,94
6,97,67
7,43,59
8,97,46
9,97,35
10,96,-5
11,99,134
12,99,136
13,99,137
14,98,155
15,99,158
16,99,162
17,99,166
18,97,168
19,97,116
20,89,115
21,19,27
22,64,66
23,57,67
24,49,66
25,40,61
26,70,65
27,53,45
28,62,47
29,45,46
30,40,49
31,34,66
32,69,176
33,40,57
34,14,61
35,27,60
36,57,99
37,87,130
38,87,135
39,75,130
40,67,131
41,78,134
42,70,133
43,58,145
44,91,113
45,90,105
46,31,43
47,74,81
48,71,106
49,71,102
50,34,96
51,90,95
52,49,37
53,38,38
54,26,14
55,81,45
56,69,50
57,52,135
58,19,132
59,77,111
60,83,114
61,56,133
62,58,134
63,35,33
64,70,109
65,62,39
66,61,33
67,54,-1
68,31,24
69,58,15
70,28,39
71,23,33
72,87,133
73,76,132
74,69,132
75,78,112
76,57,134
77,62,142
78,59,134
79,81,111
80,71,134
81,79,135
82,88,136
83,85,167
84,86,164
85,86,160
86,87,157
87,88,154
88,71,147
89,70,147
90,68,149
91,67,151
92,61,125
93,12,92
94,97,118
95,66,142
96,64,141
97,86,117
98,72,112
99,84,115
100,66,84
101,53,89
102,69,104
103,37,5
104,42,17
105,47,31
106,65,153
107,79,36
108,76,14
109,73,-4
110,43,64
111,26,71
112,74,64
113,34,52
114,79,77
115,76,105
116,18,76
117,31,76
118,40,80
119,54,79
120,65,77
121,73,74
122,90,68
123,18,92
124,28,51
125,93,116
126,74,89
127,12,58
128,78,71
129,68,104
130,37,57
131,76,100
132,14,112
133,74,61
134,83,96
135,36,154
136,37,163
137,12,93
138,25,143
139,18,46
140,68,184
141,93,117
142,66,94
143,21,61
144,50,62
145,57,62
146,61,142
147,18,108
148,82,196
149,59,183
150,49,174
151,97,14
152,97,198
153,63,62
154,69,62
155,72,61
156,24,49
157,68,55
158,61,53
159,55,52
160,48,52
161,44,54
162,15,40
163,46,60
164,97,123
165,69,122
166,77,111
167,85,122
168,97,56
169,47,165
170,57,175
171,81,191
172,27,150
173,72,59
174,85,81
175,97,193
176,70,190
177,13,111
178,79,151
179,77,153
180,76,156
181,75,159
182,74,161
183,63,133
184,62,133
185,61,132
186,55,129
187,27,113
188,85,72
189,80,56
190,75,57
191,65,134
192,27,131
193,87,57
194,71,168
195,97,85
196,90,78
197,97,76
198,78,92
199,97,185
200,97,176
201,84,175
202,53,148
203,62,109
204,61,159
205,44,108
206,54,116
207,38,119
208,82,183
209,73,95
210,49,156
211,58,166
212,46,137
213,20,121
214,37,140
215,17,127
216,48,124
217,79,85
218,79,109
219,74,109
220,83,105
221,74,49
222,62,44
223,51,42
224,42,43
225,36,46
226,33,59
227,12,77
228,38,69
229,45,72
230,55,72
231,65,71
232,72,69
233,77,67
234,12,75
235,73,110
236,84,89
237,85,111
238,88,115
239,84,112
240,75,112
241,90,116
242,91,117
243,77,62
244,81,64
245,83,65
246,42,55
247,37,52
248,103,86
249,147,58
250,105,115
251,173,26
252,129,65
253,136,65
254,142,65
255,151,61
256,123,65
257,138,45
258,130,46
259,145,46
260,150,49
261,158,66
262,125,175
263,150,57
264,178,60
265,166,61
266,137,99
267,110,130
268,110,135
269,121,131
270,127,131
271,118,134
272,125,134
273,135,144
274,103,113
275,104,105
276,159,42
277,120,81
278,122,106
279,123,101
280,159,95
281,104,95
282,142,35
283,152,37
284,166,14
285,111,44
286,123,50
287,141,134
288,172,131
289,117,111
290,110,114
291,136,134
292,134,135
293,155,32
294,123,108
295,128,37
296,129,30
297,139,-1
298,162,23
299,135,14
300,163,38
301,169,33
302,110,133
303,119,133
304,126,133
305,115,112
306,135,134
307,131,142
308,133,135
309,112,111
310,123,135
311,117,135
312,109,136
313,109,167
314,111,164
315,110,160
316,110,157
317,108,154
318,123,147
319,125,147
320,127,149
321,128,151
322,133,125
323,178,91
324,127,142
325,129,142
326,108,117
327,121,112
328,109,115
329,128,84
330,141,88
331,124,104
332,156,4
333,151,16
334,144,29
335,128,153
336,113,34
337,117,14
338,120,-4
339,148,64
340,166,71
341,120,64
342,157,52
343,114,77
344,117,105
345,174,75
346,162,76
347,153,79
348,139,79
349,129,77
350,121,74
351,104,68
352,175,91
353,163,51
354,101,116
355,120,89
356,179,57
357,115,71
358,125,103
359,153,57
360,118,99
361,176,110
362,120,61
363,111,96
364,157,153
365,155,161
366,180,92
367,167,141
368,174,45
369,126,183
370,100,117
371,127,93
372,172,62
373,141,60
374,135,61
375,133,142
376,174,107
377,112,195
378,134,181
379,144,173
380,130,61
381,125,61
382,121,61
383,168,48
384,125,56
385,131,53
386,137,53
387,142,53
388,146,55
389,177,40
390,144,59
391,125,122
392,116,110
393,109,122
394,146,164
395,136,173
396,113,190
397,164,148
398,121,59
399,109,81
400,124,189
401,178,109
402,116,151
403,118,153
404,120,156
405,121,159
406,120,161
407,130,134
408,131,133
409,133,132
410,139,128
411,166,112
412,109,72
413,113,56
414,118,56
415,128,135
416,165,130
417,107,56
418,123,167
419,104,78
420,115,92
421,111,174
422,140,147
423,132,109
424,132,158
425,149,107
426,139,116
427,156,118
428,112,183
429,120,95
430,145,154
431,135,165
432,147,136
433,172,120
434,155,139
435,174,126
436,145,123
437,114,85
438,115,109
439,120,109
440,111,105
441,118,49
442,129,43
443,139,41
444,148,42
445,154,46
446,159,59
447,180,76
448,154,69
449,147,71
450,138,72
451,129,71
452,122,69
453,117,67
454,179,74
455,120,110
456,109,88
457,109,111
458,105,114
459,109,112
460,118,112
461,103,115
462,103,116
463,117,62
464,113,64
465,111,65
466,148,56
467,153,52
468,57,56
469,66,57
470,57,49
471,48,56
472,57,63
473,134,57
474,141,57
475,133,50
476,126,57
477,134,64
