0,97,127
1,100,99
2,99,108
3,92,76
4,100,91
5,100,82
6,99,61
7,41,63
8,99,47
9,99,38
10,99,3
11,97,130
12,97,133
13,98,136
14,98,136
15,98,141
16,97,147
17,97,153
18,100,159
19,100,103
20,91,104
21,9,39
22,63,66
23,55,68
24,48,68
25,37,65
26,69,64
27,52,50
28,60,50
29,44,52
30,39,54
31,30,70
32,66,174
33,38,61
34,5,70
35,20,66
36,57,97
37,87,125
38,88,133
39,76,129
40,70,135
41,80,135
42,74,138
43,61,148
44,92,99
45,91,92
46,28,50
47,73,78
48,71,99
49,71,95
50,32,98
51,92,83
52,49,43
53,37,45
54,17,26
55,83,47
56,67,52
57,55,141
58,10,142
59,78,103
60,85,105
61,64,144
62,66,143
63,32,41
64,71,103
65,64,43
66,63,37
67,50,8
68,23,32
69,56,21
70,22,47
71,15,43
72,87,129
73,78,132
74,72,136
75,80,104
76,65,144
77,68,144
78,67,143
79,82,100
80,76,139
81,82,137
82,89,136
83,88,159
84,87,153
85,87,147
86,88,141
87,90,136
88,77,139
89,75,142
90,72,145
91,70,148
92,64,125
93,3,105
94,99,105
95,72,141
96,70,142
97,88,108
98,74,108
99,86,107
100,64,83
101,51,89
102,69,99
103,30,15
104,36,24
105,46,37
106,68,152
107,81,38
108,76,20
109,73,4
110,41,67
111,22,75
112,73,62
113,30,57
114,79,73
115,77,95
116,11,82
117,28,80
118,39,82
119,54,80
120,65,76
121,73,72
122,91,63
123,13,97
124,23,57
125,95,103
126,74,85
127,3,71
128,79,68
129,69,100
130,34,61
131,76,91
132,5,123
133,72,59
134,84,86
135,27,158
136,27,169
137,4,101
138,18,148
139,10,55
140,62,184
141,96,105
142,66,91
143,12,67
144,49,64
145,56,64
146,66,146
147,14,113
148,79,198
149,50,187
150,39,179
151,99,20
152,99,199
153,61,62
154,67,61
155,70,60
156,16,56
157,66,58
158,60,58
159,54,59
160,48,60
161,43,60
162,5,53
163,44,63
164,100,114
165,72,119
166,78,101
167,88,115
168,99,54
169,38,168
170,49,177
171,79,189
172,18,157
173,70,58
174,85,74
175,99,191
176,63,193
177,6,118
178,82,137
179,81,141
180,79,146
181,77,151
182,77,156
183,70,141
184,67,140
185,65,140
186,58,132
187,26,115
188,85,67
189,79,55
190,74,56
191,72,141
192,23,135
193,87,55
194,71,165
195,99,75
196,91,70
197,99,68
198,79,85
199,99,181
200,100,169
201,85,168
202,51,151
203,62,107
204,60,159
205,44,107
206,55,115
207,37,120
208,81,179
209,73,90
210,42,158
211,54,167
212,45,142
213,16,126
214,33,143
215,10,133
216,49,127
217,79,79
218,79,98
219,74,101
220,83,93
221,74,50
222,62,47
223,51,47
224,42,49
225,35,52
226,28,63
227,4,85
228,35,73
229,44,74
230,54,73
231,64,71
232,71,68
233,76,65
234,3,88
235,74,103
236,85,80
237,86,98
238,90,102
239,86,100
240,77,106
241,92,103
242,93,105
243,75,59
244,80,61
245,83,63
246,40,61
247,35,57
248,107,76
249,153,65
250,108,104
251,187,39
252,131,68
253,139,70
254,147,70
255,157,67
256,125,66
257,143,52
258,134,51
259,151,53
260,156,56
261,164,72
262,132,173
263,156,64
264,191,70
265,175,69
266,141,97
267,108,125
268,107,133
269,120,129
270,127,134
271,116,135
272,122,138
273,138,147
274,107,99
275,108,92
276,169,52
277,124,78
278,127,98
279,128,95
280,165,98
281,108,83
282,148,43
283,160,46
284,179,26
285,114,46
286,127,53
287,144,140
288,185,141
289,121,103
290,114,105
291,134,143
292,132,143
293,165,42
294,127,102
295,133,42
296,135,37
297,147,8
298,173,33
299,142,21
300,175,50
301,181,44
302,108,129
303,118,132
304,125,136
305,118,104
306,133,143
307,129,143
308,131,142
309,116,100
310,121,139
311,114,137
312,106,136
313,111,159
314,109,153
315,108,146
316,107,140
317,106,136
318,121,139
319,122,141
320,124,144
321,126,148
322,135,124
323,191,104
324,126,140
325,127,142
326,111,108
327,124,107
328,112,106
329,133,83
330,146,88
331,129,99
332,167,15
333,161,26
334,152,38
335,131,151
336,117,37
337,122,20
338,125,4
339,153,69
340,173,77
341,121,64
342,165,60
343,118,73
344,122,95
345,185,82
346,167,81
347,156,82
348,141,80
349,130,76
350,121,73
351,107,63
352,184,97
353,173,60
354,104,103
355,124,85
356,192,71
357,115,68
358,129,100
359,160,64
360,122,91
361,190,122
362,121,62
363,115,86
364,169,157
365,169,167
366,191,101
367,178,146
368,186,56
369,135,183
370,103,105
371,131,91
372,183,71
373,145,66
374,139,66
375,131,145
376,182,112
377,119,197
378,146,185
379,157,177
380,133,65
381,127,64
382,123,63
383,180,59
384,128,59
385,135,58
386,141,59
387,147,60
388,151,61
389,191,53
390,149,65
391,128,119
392,121,101
393,112,115
394,159,167
395,148,175
396,119,189
397,177,155
398,123,60
399,113,74
400,134,192
401,189,117
402,114,137
403,116,141
404,117,145
405,118,151
406,122,155
407,128,140
408,130,140
409,132,139
410,141,131
411,171,115
412,112,67
413,115,56
414,120,57
415,126,141
416,174,134
417,108,55
418,127,164
419,107,70
420,119,85
421,114,168
422,147,150
423,136,106
424,138,158
425,154,106
426,143,114
427,161,120
428,117,179
429,125,90
430,155,157
431,144,166
432,153,141
433,181,125
434,164,142
435,186,132
436,150,126
437,118,79
438,119,98
439,125,101
440,116,93
441,121,51
442,134,48
443,145,48
444,154,50
445,161,54
446,167,66
447,192,85
448,159,74
449,151,75
450,140,74
451,131,72
452,123,69
453,118,66
454,192,88
455,124,103
456,113,80
457,113,98
458,108,102
459,113,100
460,122,105
461,107,103
462,106,105
463,118,61
464,114,62
465,111,63
466,154,63
467,160,60
468,55,60
469,62,60
470,54,55
471,47,61
472,55,66
473,141,62
474,149,63
475,141,56
476,133,61
477,140,68
