0,97,133
1,102,112
2,100,117
3,95,86
4,102,105
5,102,94
6,101,67
7,45,58
8,100,48
9,101,38
10,101,-1
11,97,136
12,97,139
13,97,141
14,97,142
15,97,147
16,97,153
17,97,159
18,98,160
19,101,115
20,93,114
21,15,26
22,67,66
23,60,67
24,52,66
25,43,61
26,74,65
27,55,46
28,64,47
29,47,47
30,43,49
31,36,65
32,69,169
33,42,56
34,13,59
35,28,59
36,61,99
37,86,131
38,88,138
39,76,132
40,70,134
41,80,138
42,74,138
43,62,143
44,95,112
45,95,105
46,32,44
47,77,81
48,75,106
49,75,102
50,38,96
51,95,95
52,51,40
53,40,41
54,23,14
55,84,49
56,72,51
57,56,136
58,18,126
59,81,111
60,87,113
61,62,138
62,64,138
63,36,35
64,74,109
65,65,42
66,64,36
67,55,0
68,29,24
69,60,16
70,28,40
71,21,33
72,87,135
73,78,135
74,72,136
75,82,112
76,63,138
77,66,141
78,65,139
79,86,110
80,75,139
81,81,139
82,88,140
83,87,159
84,85,158
85,86,152
86,87,146
87,89,141
88,75,139
89,73,142
90,71,145
91,69,148
92,66,126
93,11,88
94,101,116
95,71,139
96,68,140
97,89,116
98,76,113
99,88,115
100,69,84
101,56,89
102,73,104
103,35,5
104,41,18
105,48,33
106,69,149
107,82,39
108,79,17
109,76,-1
110,46,64
111,28,70
112,77,64
113,36,52
114,82,77
115,81,105
116,20,75
117,33,77
118,43,81
119,58,80
120,68,78
121,76,75
122,93,68
123,21,91
124,30,51
125,97,115
126,77,89
127,9,55
128,82,72
129,72,104
130,40,56
131,80,99
132,13,106
133,77,62
134,87,96
135,36,148
136,35,154
137,13,90
138,26,137
139,17,45
140,67,176
141,97,116
142,70,94
143,21,60
144,53,62
145,60,62
146,65,143
147,21,106
148,81,186
149,58,174
150,47,166
151,101,18
152,96,187
153,66,62
154,72,62
155,76,62
156,24,48
157,70,55
158,64,51
159,57,50
160,50,51
161,46,53
162,11,39
163,49,60
164,100,123
165,74,123
166,81,110
167,89,123
168,100,57
169,46,158
170,56,167
171,81,182
172,26,142
173,75,59
174,88,81
175,97,183
176,68,181
177,15,107
178,81,140
179,79,144
180,77,149
181,76,154
182,77,155
183,69,138
184,67,137
185,65,136
186,60,131
187,31,111
188,88,72
189,83,57
190,78,57
191,71,139
192,30,128
193,90,59
194,73,162
195,101,85
196,94,78
197,101,76
198,82,92
199,97,177
200,97,168
201,85,167
202,55,146
203,65,109
204,63,155
205,48,107
206,58,116
207,41,118
208,82,175
209,77,95
210,49,151
211,59,160
212,49,137
213,23,118
214,39,137
215,19,122
216,52,125
217,83,85
218,83,108
219,78,109
220,87,105
221,77,51
222,65,46
223,54,44
224,45,45
225,38,47
226,35,58
227,12,74
228,40,69
229,48,72
230,59,73
231,68,71
232,75,70
233,80,68
234,10,71
235,77,110
236,88,88
237,89,110
238,93,113
239,89,111
240,79,112
241,95,114
242,95,115
243,80,63
244,84,65
245,86,67
246,44,54
247,40,52
248,108,86
249,149,61
250,108,114
251,171,29
252,128,68
253,135,69
254,142,68
255,151,63
256,122,66
257,141,48
258,132,49
259,148,49
260,153,51
261,156,68
262,123,168
263,152,58
264,173,62
265,163,62
266,135,100
267,108,130
268,106,138
269,118,131
270,124,133
271,114,137
272,120,137
273,130,143
274,108,112
275,109,105
276,162,47
277,120,81
278,124,107
279,124,102
280,154,98
281,109,95
282,147,42
283,156,43
284,167,18
285,116,49
286,124,52
287,136,136
288,161,126
289,118,111
290,112,114
291,130,137
292,128,138
293,159,38
294,124,109
295,134,43
296,135,37
297,143,2
298,164,27
299,139,18
300,165,42
301,168,36
302,107,134
303,116,134
304,122,135
305,117,112
306,129,137
307,126,141
308,127,138
309,115,110
310,118,138
311,112,139
312,105,140
313,107,159
314,108,158
315,107,152
316,106,146
317,105,141
318,118,139
319,120,141
320,122,144
321,124,147
322,129,127
323,169,90
324,122,138
325,124,139
326,110,116
327,121,113
328,111,115
329,127,85
330,139,90
331,125,105
332,158,9
333,154,21
334,149,35
335,124,149
336,118,39
337,121,18
338,124,0
339,148,67
340,162,73
341,118,65
342,158,54
343,116,77
344,120,105
345,169,77
346,158,79
347,150,83
348,137,82
349,127,79
350,120,76
351,107,69
352,168,93
353,163,53
354,105,115
355,121,89
356,172,58
357,115,72
358,125,104
359,154,58
360,120,100
361,166,108
362,118,62
363,114,97
364,150,148
365,147,154
366,171,92
367,158,137
368,171,48
369,123,175
370,104,116
371,126,94
372,167,62
373,142,64
374,135,65
375,128,142
376,166,107
377,110,185
378,130,172
379,138,165
380,129,64
381,123,63
382,120,62
383,166,50
384,125,56
385,132,53
386,139,53
387,145,54
388,149,56
389,173,42
390,146,63
391,123,123
392,118,110
393,110,123
394,141,158
395,133,166
396,112,181
397,155,142
398,121,60
399,112,81
400,121,180
401,168,108
402,112,140
403,114,143
404,116,148
405,117,153
406,117,155
407,124,137
408,126,136
409,128,135
410,134,131
411,158,112
412,112,73
413,114,58
414,118,58
415,122,138
416,157,128
417,109,59
418,120,161
419,108,78
420,117,93
421,109,166
422,136,146
423,130,110
424,129,154
425,145,108
426,136,117
427,150,119
428,111,175
429,121,96
430,141,151
431,132,160
432,142,137
433,163,119
434,150,137
435,165,123
436,141,125
437,116,85
438,118,109
439,122,110
440,115,105
441,120,52
442,133,47
443,143,46
444,152,47
445,157,50
446,158,60
447,173,77
448,152,72
449,145,74
450,136,75
451,127,73
452,121,71
453,116,69
454,170,74
455,121,111
456,113,89
457,113,110
458,109,113
459,113,111
460,119,113
461,107,114
462,106,115
463,116,63
464,113,65
465,111,67
466,151,57
467,155,54
468,58,56
469,65,56
470,59,49
471,51,55
472,58,62
473,137,57
474,144,57
475,137,50
476,129,57
477,137,64
