0,98,130
1,103,110
2,101,117
3,95,84
4,103,102
5,103,91
6,100,67
7,41,61
8,100,49
9,100,38
10,100,0
11,98,132
12,98,134
13,97,135
14,97,148
15,97,150
16,97,154
17,97,158
18,98,169
19,102,114
20,93,113
21,10,32
22,64,68
23,57,69
24,50,69
25,38,64
26,70,66
27,53,46
28,61,47
29,45,47
30,39,50
31,32,69
32,66,181
33,38,59
34,5,67
35,22,63
36,59,101
37,87,128
38,87,133
39,75,130
40,67,133
41,78,134
42,71,135
43,59,151
44,96,109
45,96,102
46,30,46
47,75,82
48,75,106
49,74,102
50,34,100
51,96,92
52,51,39
53,39,41
54,20,18
55,83,46
56,68,51
57,53,142
58,6,143
59,81,111
60,87,113
61,58,139
62,61,139
63,35,36
64,74,109
65,65,40
66,65,34
67,55,2
68,28,27
69,61,17
70,24,42
71,18,38
72,87,131
73,77,132
74,69,134
75,82,112
76,59,139
77,64,144
78,62,139
79,86,109
80,72,136
81,79,135
82,88,135
83,86,168
84,86,157
85,86,153
86,87,150
87,88,147
88,72,144
89,71,146
90,69,147
91,68,150
92,63,129
93,0,102
94,101,115
95,67,142
96,65,143
97,90,116
98,76,114
99,88,115
100,67,86
101,54,91
102,72,105
103,35,8
104,41,20
105,48,33
106,66,158
107,82,37
108,80,17
109,76,0
110,42,67
111,24,75
112,74,64
113,31,54
114,81,78
115,81,104
116,13,81
117,31,80
118,42,84
119,57,82
120,67,79
121,74,75
122,93,68
123,13,97
124,25,53
125,98,113
126,76,90
127,0,65
128,80,72
129,71,105
130,35,59
131,80,99
132,1,122
133,73,62
134,88,95
135,27,163
136,25,174
137,3,100
138,16,152
139,11,51
140,63,191
141,98,115
142,68,95
143,14,64
144,50,64
145,57,65
146,62,145
147,13,114
148,78,204
149,51,192
150,39,185
151,100,18
152,96,205
153,62,64
154,68,63
155,71,62
156,18,51
157,66,55
158,60,53
159,53,52
160,46,53
161,42,55
162,4,47
163,45,63
164,100,122
165,72,125
166,81,110
167,88,123
168,100,57
169,39,174
170,50,183
171,79,197
172,15,161
173,71,60
174,88,80
175,97,199
176,63,199
177,4,119
178,80,146
179,78,148
180,77,151
181,76,154
182,75,164
183,65,137
184,63,136
185,62,136
186,56,135
187,25,118
188,87,72
189,80,57
190,74,57
191,66,137
192,22,138
193,89,58
194,70,172
195,102,83
196,94,76
197,101,75
198,82,92
199,97,189
200,97,178
201,83,177
202,51,155
203,64,111
204,59,165
205,45,110
206,56,119
207,37,123
208,81,187
209,76,96
210,43,163
211,54,173
212,44,144
213,14,128
214,33,147
215,8,136
216,48,129
217,82,85
218,84,107
219,78,109
220,88,103
221,75,50
222,63,45
223,52,44
224,43,45
225,36,48
226,30,61
227,3,83
228,37,73
229,46,75
230,56,75
231,65,73
232,72,70
233,77,68
234,0,83
235,77,111
236,88,87
237,90,108
238,93,112
239,89,110
240,79,113
241,95,113
242,95,115
243,76,62
244,81,65
245,85,66
246,40,57
247,35,54
248,108,84
249,148,63
250,109,113
251,173,36
252,126,70
253,134,70
254,142,70
255,150,66
256,120,68
257,140,49
258,131,50
259,148,51
260,153,54
261,156,71
262,125,181
263,151,61
264,175,69
265,163,66
266,136,102
267,109,129
268,107,133
269,118,131
270,123,133
271,114,134
272,120,136
273,132,151
274,109,110
275,110,102
276,162,49
277,121,83
278,124,106
279,125,102
280,157,101
281,109,92
282,148,42
283,157,44
284,167,22
285,115,49
286,122,53
287,138,142
288,166,144
289,119,111
290,113,113
291,129,140
292,127,140
293,161,40
294,124,109
295,134,43
296,136,38
297,141,4
298,163,30
299,137,19
300,166,46
301,169,41
302,108,131
303,116,133
304,122,135
305,117,112
306,128,140
307,125,144
308,126,140
309,116,109
310,118,136
311,113,135
312,106,135
313,108,168
314,107,157
315,107,153
316,106,150
317,106,147
318,118,145
319,119,146
320,121,147
321,122,150
322,131,129
323,173,104
324,121,143
325,123,143
326,111,116
327,122,114
328,112,115
329,128,87
330,140,92
331,125,105
332,157,12
333,152,23
334,151,37
335,126,158
336,119,39
337,120,18
338,123,0
339,147,69
340,163,76
341,115,66
342,158,57
343,116,78
344,121,104
345,172,83
346,159,82
347,151,85
348,137,83
349,126,80
350,119,76
351,107,68
352,172,99
353,163,57
354,106,113
355,121,90
356,175,68
357,113,73
358,126,106
359,153,61
360,121,99
361,171,123
362,115,63
363,115,95
364,155,162
365,153,173
366,176,102
367,163,151
368,173,54
369,126,190
370,105,115
371,127,96
372,167,67
373,141,66
374,135,66
375,126,145
376,171,115
377,112,203
378,134,191
379,143,183
380,128,66
381,121,65
382,117,64
383,167,55
384,122,57
385,130,55
386,137,54
387,144,56
388,148,58
389,176,50
390,145,64
391,125,125
392,119,110
393,111,123
394,145,173
395,136,182
396,113,196
397,160,160
398,117,61
399,112,80
400,124,198
401,174,120
402,112,146
403,114,148
404,115,151
405,116,154
406,118,164
407,124,137
408,125,137
409,127,136
410,136,135
411,162,119
412,111,73
413,112,58
414,115,59
415,122,138
416,162,139
417,107,58
418,121,172
419,108,77
420,118,92
421,110,177
422,138,155
423,131,112
424,130,164
425,148,111
426,138,120
427,153,124
428,112,187
429,122,96
430,144,162
431,134,172
432,144,144
433,168,129
434,153,147
435,170,136
436,143,130
437,116,85
438,118,108
439,122,109
440,116,103
441,119,52
442,132,48
443,144,47
444,152,48
445,157,52
446,157,64
447,177,85
448,152,74
449,145,76
450,135,76
451,126,74
452,118,72
453,114,70
454,174,86
455,122,111
456,113,87
457,114,108
458,110,112
459,113,110
460,120,113
461,108,113
462,107,115
463,113,64
464,110,66
465,109,67
466,149,59
467,155,57
468,52,58
469,60,57
470,51,50
471,43,58
472,52,65
473,134,60
474,142,60
475,134,54
476,125,60
477,134,67
