0,100,128
1,96,107
2,96,114
3,90,81
4,96,99
5,96,88
6,96,64
7,46,64
8,97,49
9,97,39
10,98,1
11,100,131
12,99,136
13,99,139
14,99,139
15,99,142
16,99,147
17,98,153
18,97,163
19,96,111
20,88,111
21,18,39
22,66,69
23,59,70
24,52,70
25,43,67
26,72,67
27,55,50
28,63,50
29,47,52
30,43,55
31,37,72
32,69,177
33,43,62
34,16,72
35,28,68
36,60,101
37,90,126
38,91,136
39,79,130
40,72,135
41,83,137
42,76,139
43,64,149
44,89,107
45,88,99
46,32,49
47,75,82
48,72,104
49,72,100
50,39,101
51,89,89
52,49,41
53,39,44
54,24,25
55,82,47
56,70,53
57,59,142
58,25,146
59,78,109
60,84,111
61,65,144
62,67,143
63,34,39
64,72,107
65,63,42
66,62,36
67,54,6
68,29,32
69,58,20
70,27,47
71,23,44
72,90,131
73,81,134
74,74,137
75,79,110
76,66,143
77,70,144
78,68,143
79,81,107
80,78,140
81,84,139
82,91,139
83,87,163
84,89,152
85,89,147
86,90,142
87,91,139
88,78,140
89,76,142
90,74,145
91,73,148
92,66,128
93,17,108
94,96,112
95,73,142
96,72,143
97,86,113
98,75,112
99,85,112
100,67,86
101,56,91
102,71,104
103,36,14
104,40,24
105,46,35
106,70,154
107,79,38
108,77,19
109,74,2
110,46,69
111,29,77
112,76,65
113,35,58
114,80,77
115,77,102
116,22,85
117,34,82
118,43,84
119,57,83
120,67,79
121,75,75
122,89,66
123,23,100
124,30,58
125,92,111
126,75,89
127,15,73
128,81,71
129,70,104
130,40,63
131,77,97
132,20,126
133,76,63
134,83,92
135,38,161
136,39,172
137,17,104
138,30,151
139,19,57
140,67,186
141,93,112
142,69,95
143,22,69
144,52,66
145,58,66
146,68,146
147,25,116
148,81,198
149,58,189
150,49,182
151,97,19
152,97,199
153,64,65
154,70,64
155,74,63
156,24,57
157,69,58
158,63,57
159,57,57
160,51,58
161,47,60
162,15,54
163,49,65
164,96,119
165,72,123
166,77,108
167,86,120
168,97,57
169,47,171
170,57,179
171,80,191
172,32,161
173,74,61
174,85,78
175,97,192
176,68,194
177,20,121
178,84,139
179,83,142
180,81,146
181,80,151
182,77,159
183,71,141
184,69,140
185,67,140
186,61,134
187,34,118
188,85,71
189,81,57
190,77,58
191,73,141
192,33,138
193,88,57
194,73,168
195,96,80
196,90,74
197,96,72
198,79,90
199,97,183
200,97,172
201,85,172
202,57,153
203,65,110
204,64,162
205,49,110
206,59,118
207,43,123
208,82,182
209,75,94
210,50,161
211,60,169
212,51,143
213,27,129
214,42,146
215,24,137
216,53,129
217,80,83
218,79,105
219,74,107
220,82,100
221,76,52
222,63,47
223,53,47
224,44,49
225,38,52
226,35,65
227,16,88
228,41,75
229,48,76
230,58,76
231,67,74
232,74,71
233,79,68
234,16,90
235,74,109
236,84,85
237,84,106
238,88,109
239,84,107
240,77,111
241,89,110
242,90,112
243,79,63
244,83,64
245,85,65
246,45,61
247,40,58
248,102,81
249,152,63
250,104,110
251,182,37
252,131,69
253,138,70
254,145,70
255,155,66
256,124,67
257,142,49
258,133,50
259,150,51
260,155,54
261,161,71
262,126,176
263,155,61
264,184,70
265,169,66
266,135,100
267,110,126
268,108,136
269,119,130
270,125,135
271,115,137
272,120,139
273,132,148
274,102,106
275,103,99
276,165,48
277,119,81
278,121,103
279,122,99
280,157,99
281,103,89
282,147,40
283,158,43
284,174,23
285,113,46
286,126,53
287,138,141
288,177,144
289,116,108
290,109,110
291,130,143
292,128,143
293,162,39
294,122,107
295,132,41
296,133,35
297,143,4
298,168,30
299,137,19
300,170,45
301,176,41
302,109,131
303,117,134
304,123,137
305,114,109
306,129,143
307,125,144
308,127,143
309,111,106
310,119,140
311,113,139
312,107,138
313,107,163
314,108,152
315,108,147
316,107,142
317,107,139
318,118,140
319,120,142
320,121,144
321,123,147
322,130,127
323,185,106
324,122,141
325,124,142
326,107,113
327,119,111
328,108,112
329,127,85
330,140,90
331,123,103
332,162,11
333,156,23
334,149,35
335,126,154
336,115,37
337,118,18
338,122,1
339,151,69
340,169,76
341,120,65
342,162,57
343,114,76
344,116,101
345,176,83
346,163,81
347,153,83
348,139,82
349,128,78
350,121,75
351,104,66
352,175,98
353,168,56
354,100,110
355,119,88
356,187,70
357,115,71
358,124,103
359,158,62
360,116,96
361,183,125
362,120,63
363,109,92
364,161,160
365,162,171
366,183,102
367,170,150
368,180,54
369,129,186
370,99,112
371,126,94
372,176,68
373,145,66
374,138,66
375,127,145
376,174,114
377,115,198
378,140,188
379,150,181
380,132,65
381,126,64
382,122,63
383,173,55
384,128,58
385,134,56
386,141,56
387,147,57
388,151,59
389,185,52
390,149,65
391,122,122
392,115,107
393,108,120
394,151,170
395,140,178
396,114,191
397,170,159
398,123,61
399,109,78
400,128,194
401,181,120
402,113,139
403,114,142
404,115,145
405,116,150
406,118,159
407,125,141
408,127,140
409,129,139
410,136,133
411,164,117
412,109,70
413,114,57
414,119,58
415,122,141
416,166,137
417,107,57
418,122,167
419,103,74
420,114,90
421,110,172
422,140,152
423,130,109
424,132,161
425,147,109
426,137,117
427,154,122
428,112,182
429,119,94
430,147,160
431,137,169
432,146,142
433,173,128
434,157,145
435,177,136
436,143,128
437,113,83
438,114,105
439,119,106
440,110,100
441,120,51
442,132,47
443,144,46
444,153,48
445,159,51
446,163,64
447,184,86
448,156,74
449,148,76
450,139,75
451,129,73
452,122,71
453,117,68
454,186,88
455,119,108
456,108,84
457,108,105
458,104,109
459,108,107
460,117,110
461,102,110
462,102,111
463,117,63
464,113,64
465,110,65
466,153,60
467,158,57
468,58,61
469,65,60
470,58,54
471,51,61
472,59,67
473,141,60
474,148,60
475,141,54
476,133,60
477,140,66
