0,97,133
1,98,112
2,98,117
3,92,86
4,98,105
5,98,94
6,99,68
7,48,60
8,99,46
9,99,36
10,99,-1
11,97,136
12,97,139
13,98,141
14,98,141
15,98,145
16,98,150
17,98,154
18,97,161
19,98,115
20,91,114
21,25,26
22,68,68
23,61,68
24,54,68
25,45,63
26,74,66
27,57,45
28,65,46
29,49,46
30,44,49
31,40,67
32,72,169
33,45,58
34,22,58
35,32,61
36,63,100
37,89,131
38,90,139
39,81,133
40,76,135
41,83,138
42,78,138
43,66,145
44,92,112
45,91,105
46,35,42
47,77,82
48,77,107
49,76,103
50,42,98
51,92,95
52,51,37
53,41,38
54,31,15
55,83,45
56,73,50
57,61,138
58,30,124
59,82,111
60,87,114
61,69,137
62,70,137
63,38,33
64,76,110
65,64,39
66,63,33
67,58,1
68,35,23
69,62,16
70,32,38
71,29,32
72,89,135
73,82,136
74,77,136
75,83,113
76,70,137
77,73,140
78,71,138
79,85,110
80,80,139
81,85,140
82,91,141
83,88,161
84,89,153
85,89,149
86,90,144
87,91,141
88,80,139
89,78,140
90,77,142
91,76,145
92,69,127
93,22,87
94,98,116
95,76,138
96,74,139
97,89,117
98,79,113
99,88,115
100,70,85
101,59,90
102,75,105
103,42,6
104,46,18
105,49,31
106,71,151
107,80,36
108,79,17
109,77,-1
110,48,66
111,33,72
112,78,64
113,38,52
114,82,77
115,80,105
116,26,76
117,37,79
118,46,82
119,59,81
120,69,78
121,77,75
122,92,69
123,27,92
124,33,50
125,94,115
126,78,90
127,20,55
128,82,71
129,74,105
130,42,58
131,80,100
132,25,105
133,79,61
134,86,97
135,43,148
136,44,154
137,22,90
138,35,137
139,25,44
140,70,176
141,95,116
142,72,95
143,27,61
144,54,64
145,61,64
146,72,141
147,29,106
148,83,186
149,63,174
150,54,166
151,99,17
152,97,188
153,67,63
154,73,62
155,77,62
156,29,48
157,72,55
158,65,52
159,59,52
160,52,53
161,49,55
162,21,39
163,50,62
164,98,123
165,76,124
166,82,110
167,88,123
168,99,56
169,52,159
170,61,167
171,83,182
172,36,141
173,76,59
174,87,81
175,97,184
176,72,181
177,24,106
178,85,140
179,83,142
180,82,146
181,81,150
182,79,157
183,74,138
184,73,137
185,72,136
186,64,132
187,37,112
188,87,73
189,83,56
190,79,56
191,76,138
192,37,128
193,89,57
194,75,163
195,99,85
196,92,78
197,99,77
198,82,93
199,97,178
200,97,169
201,86,168
202,59,147
203,68,110
204,66,156
205,52,108
206,62,117
207,47,119
208,83,176
209,78,96
210,54,152
211,62,161
212,54,138
213,31,118
214,46,138
215,28,121
216,56,126
217,83,85
218,83,109
219,79,110
220,85,105
221,77,49
222,65,44
223,54,42
224,46,43
225,40,46
226,38,59
227,21,74
228,43,71
229,50,74
230,60,74
231,69,72
232,76,70
233,81,68
234,21,70
235,79,111
236,87,89
237,87,110
238,91,113
239,87,111
240,81,113
241,92,114
242,93,115
243,81,62
244,85,64
245,87,66
246,47,56
247,42,53
248,105,86
249,148,60
250,105,114
251,172,26
252,127,67
253,134,68
254,141,67
255,150,62
256,121,65
257,139,44
258,131,45
259,147,45
260,151,48
261,155,66
262,124,169
263,151,56
264,177,59
265,163,59
266,134,100
267,106,131
268,105,139
269,114,134
270,119,135
271,111,139
272,116,138
273,129,145
274,104,112
275,105,105
276,160,42
277,120,82
278,120,107
279,121,103
280,155,98
281,105,95
282,144,37
283,154,38
284,166,15
285,114,45
286,123,49
287,135,138
288,169,125
289,115,112
290,109,114
291,126,138
292,124,138
293,157,33
294,120,110
295,132,39
296,133,33
297,140,1
298,162,24
299,136,16
300,164,38
301,169,32
302,106,136
303,113,136
304,118,137
305,113,113
306,125,138
307,122,140
308,124,138
309,112,110
310,115,140
311,110,140
312,104,141
313,107,161
314,106,153
315,106,149
316,105,144
317,105,141
318,115,139
319,117,141
320,118,143
321,120,145
322,127,127
323,177,87
324,119,139
325,121,140
326,107,117
327,118,114
328,108,115
329,127,85
330,139,90
331,122,106
332,156,6
333,152,18
334,147,31
335,123,151
336,117,36
337,119,17
338,122,0
339,147,66
340,163,71
341,118,63
342,157,51
343,115,77
344,116,105
345,172,76
346,158,78
347,149,82
348,136,81
349,126,78
350,119,75
351,106,69
352,171,92
353,162,50
354,102,115
355,119,90
356,179,55
357,114,71
358,122,105
359,153,56
360,117,100
361,174,105
362,118,60
363,111,97
364,154,149
365,154,155
366,177,90
367,163,137
368,173,44
369,125,176
370,101,116
371,125,95
372,168,60
373,141,63
374,134,64
375,123,141
376,169,106
377,112,186
378,133,174
379,143,166
380,128,63
381,123,61
382,119,61
383,166,47
384,125,54
385,131,51
386,138,50
387,144,51
388,148,54
389,177,39
390,145,62
391,120,124
392,115,111
393,107,123
394,144,159
395,135,168
396,112,182
397,162,142
398,120,58
399,110,81
400,123,181
401,174,106
402,110,140
403,112,143
404,113,146
405,114,150
406,116,157
407,121,138
408,122,138
409,123,137
410,132,132
411,160,113
412,110,73
413,113,56
414,117,56
415,119,139
416,160,129
417,108,57
418,120,163
419,105,78
420,115,93
421,109,168
422,136,148
423,128,110
424,129,156
425,145,108
426,135,117
427,150,119
428,111,176
429,119,96
430,142,152
431,133,161
432,142,138
433,166,119
434,151,139
435,170,122
436,139,126
437,115,85
438,114,109
439,118,110
440,111,105
441,119,49
442,131,43
443,141,42
444,149,43
445,155,46
446,157,58
447,178,74
448,152,71
449,144,74
450,135,74
451,126,72
452,120,69
453,116,67
454,178,71
455,117,111
456,110,89
457,109,110
458,105,113
459,109,111
460,116,113
461,104,114
462,103,115
463,116,61
464,112,64
465,110,66
466,150,55
467,154,52
468,61,57
469,68,57
470,61,50
471,53,57
472,61,64
473,136,56
474,144,56
475,136,49
476,129,56
477,136,63
