0,97,130
1,97,105
2,98,113
3,91,78
4,97,96
5,97,85
6,97,60
7,49,61
8,97,38
9,97,27
10,97,-7
11,98,133
12,98,136
13,98,139
14,98,146
15,98,149
16,99,153
17,99,157
18,99,164
19,97,109
20,91,110
21,19,32
22,67,67
23,60,68
24,53,67
25,45,64
26,73,65
27,58,43
28,66,43
29,50,45
30,45,48
31,38,69
32,72,176
33,46,59
34,16,67
35,29,63
36,61,100
37,89,129
38,90,137
39,80,133
40,75,137
41,84,138
42,79,140
43,66,151
44,91,105
45,90,97
46,34,40
47,76,79
48,75,104
49,74,99
50,40,100
51,91,87
52,51,29
53,41,33
54,26,17
55,82,36
56,73,47
57,60,144
58,25,145
59,80,108
60,86,110
61,70,144
62,72,144
63,37,28
64,74,107
65,65,29
66,63,22
67,55,-3
68,31,23
69,59,10
70,30,37
71,24,36
72,89,133
73,82,136
74,77,139
75,82,110
76,71,144
77,74,146
78,73,144
79,84,105
80,80,141
81,85,140
82,91,139
83,89,164
84,89,157
85,90,152
86,90,148
87,91,145
88,81,145
89,79,146
90,77,148
91,76,150
92,68,129
93,16,105
94,98,111
95,77,144
96,75,145
97,88,113
98,77,112
99,87,112
100,68,84
101,57,90
102,73,103
103,37,5
104,42,14
105,49,23
106,72,156
107,80,24
108,77,9
109,74,-6
110,48,66
111,29,75
112,78,62
113,38,52
114,81,73
115,79,100
116,22,81
117,34,80
118,43,82
119,57,81
120,67,77
121,75,73
122,90,62
123,23,98
124,31,51
125,94,109
126,77,87
127,14,68
128,81,68
129,72,104
130,42,59
131,79,95
132,20,124
133,78,60
134,84,90
135,40,161
136,41,171
137,17,102
138,32,151
139,20,50
140,70,184
141,95,111
142,70,93
143,23,65
144,55,63
145,60,63
146,72,147
147,25,115
148,84,195
149,62,186
150,52,180
151,97,10
152,100,196
153,66,63
154,72,61
155,76,61
156,26,50
157,72,54
158,66,53
159,60,53
160,54,54
161,50,56
162,15,48
163,51,62
164,98,120
165,74,124
166,80,107
167,88,121
168,97,50
169,50,170
170,60,178
171,83,189
172,33,160
173,76,57
174,86,75
175,99,190
176,72,192
177,20,120
178,85,145
179,84,147
180,82,150
181,82,154
182,79,161
183,75,142
184,73,142
185,71,141
186,63,136
187,35,118
188,86,67
189,83,52
190,79,54
191,77,142
192,34,138
193,89,51
194,76,168
195,97,77
196,91,70
197,97,68
198,81,88
199,99,182
200,99,172
201,87,172
202,59,155
203,67,111
204,66,162
205,50,110
206,60,119
207,45,123
208,85,181
209,77,93
210,53,161
211,62,169
212,53,145
213,27,129
214,44,146
215,24,136
216,55,130
217,81,81
218,81,104
219,77,106
220,84,98
221,77,43
222,65,38
223,55,37
224,46,40
225,40,45
226,37,61
227,15,84
228,41,72
229,49,74
230,58,74
231,67,72
232,75,69
233,80,66
234,15,86
235,77,109
236,86,82
237,86,104
238,90,108
239,86,106
240,79,111
241,91,109
242,92,111
243,80,60
244,84,61
245,86,62
246,48,58
247,42,53
248,103,78
249,147,60
250,105,109
251,177,30
252,128,66
253,135,67
254,142,66
255,151,62
256,123,64
257,138,42
258,131,43
259,145,44
260,150,47
261,157,67
262,126,176
263,150,58
264,181,65
265,166,61
266,134,99
267,107,129
268,106,136
269,116,132
270,122,136
271,113,137
272,118,139
273,132,150
274,103,105
275,104,96
276,160,40
277,119,78
278,121,103
279,121,98
280,156,98
281,104,86
282,143,30
283,153,33
284,169,15
285,112,36
286,124,46
287,137,142
288,175,143
289,115,108
290,110,110
291,127,142
292,125,142
293,157,28
294,121,107
295,130,30
296,131,23
297,139,-4
298,164,22
299,135,9
300,165,36
301,171,34
302,106,133
303,114,135
304,120,137
305,114,109
306,126,142
307,124,145
308,124,142
309,112,105
310,116,140
311,111,139
312,105,138
313,108,164
314,108,156
315,108,152
316,107,148
317,106,145
318,116,144
319,118,145
320,120,147
321,122,149
322,129,128
323,182,103
324,120,143
325,122,144
326,107,113
327,119,112
328,108,112
329,127,83
330,139,88
331,122,102
332,158,3
333,153,13
334,146,24
335,126,155
336,114,25
337,117,9
338,120,-7
339,147,65
340,165,72
341,119,62
342,158,51
343,114,73
344,116,100
345,175,79
346,160,78
347,150,81
348,136,79
349,127,76
350,119,72
351,104,62
352,174,96
353,164,49
354,101,109
355,119,86
356,183,66
357,114,68
358,123,103
359,154,57
360,116,94
361,180,123
362,119,60
363,110,89
364,159,160
365,159,170
366,181,100
367,167,149
368,176,48
369,128,184
370,100,111
371,125,92
372,172,62
373,141,62
374,135,63
375,125,146
376,172,113
377,115,195
378,138,186
379,148,179
380,130,62
381,125,61
382,121,60
383,169,47
384,125,54
385,131,51
386,137,51
387,142,53
388,146,55
389,181,46
390,145,61
391,122,123
392,115,106
393,108,120
394,149,170
395,139,177
396,115,189
397,167,159
398,121,57
399,109,75
400,127,191
401,179,118
402,112,144
403,113,147
404,115,150
405,116,153
406,118,160
407,122,140
408,124,140
409,125,139
410,134,135
411,162,116
412,109,67
413,114,52
414,118,54
415,120,141
416,164,136
417,106,51
418,122,168
419,104,70
420,114,87
421,111,172
422,139,153
423,129,110
424,132,162
425,146,108
426,136,118
427,152,122
428,114,181
429,119,92
430,146,160
431,136,168
432,145,143
433,171,127
434,154,145
435,175,135
436,142,128
437,114,80
438,114,103
439,118,105
440,111,98
441,119,44
442,130,38
443,140,38
444,148,40
445,154,44
446,159,59
447,182,82
448,153,70
449,145,72
450,136,72
451,128,71
452,121,68
453,116,65
454,183,84
455,118,108
456,109,82
457,109,104
458,105,108
459,109,105
460,116,110
461,103,108
462,103,110
463,117,60
464,113,61
465,110,62
466,148,56
467,153,52
468,63,57
469,70,57
470,63,50
471,56,57
472,63,65
473,133,56
474,140,57
475,133,50
476,127,56
477,134,63
