0,97,133
1,101,112
2,100,118
3,94,84
4,101,104
5,101,93
6,100,64
7,48,58
8,100,39
9,101,27
10,101,-12
11,97,136
12,97,139
13,97,141
14,97,142
15,97,146
16,97,151
17,97,156
18,97,163
19,101,116
20,93,115
21,11,20
22,67,66
23,60,67
24,53,66
25,44,60
26,73,64
27,56,41
28,64,42
29,49,42
30,44,45
31,37,64
32,69,173
33,45,55
34,8,56
35,28,56
36,60,99
37,89,131
38,90,139
39,81,133
40,76,136
41,84,139
42,79,139
43,63,146
44,95,112
45,94,104
46,31,33
47,76,80
48,77,106
49,76,102
50,36,96
51,94,93
52,49,27
53,39,28
54,20,6
55,81,40
56,70,46
57,58,139
58,15,131
59,82,111
60,88,114
61,70,140
62,72,140
63,34,20
64,76,109
65,63,31
66,62,23
67,54,-10
68,27,15
69,59,5
70,26,27
71,18,26
72,89,135
73,82,136
74,77,138
75,83,112
76,71,140
77,74,142
78,73,140
79,86,110
80,80,140
81,85,140
82,90,141
83,87,162
84,88,155
85,89,150
86,89,145
87,90,141
88,80,140
89,79,142
90,77,145
91,75,147
92,66,128
93,6,89
94,100,117
95,77,140
96,75,141
97,90,117
98,78,113
99,89,115
100,68,84
101,55,88
102,74,105
103,34,-4
104,40,7
105,46,19
106,69,152
107,79,29
108,79,7
109,76,-12
110,48,64
111,29,69
112,76,63
113,36,47
114,82,75
115,81,105
116,16,74
117,35,76
118,44,81
119,58,80
120,68,77
121,75,74
122,93,66
123,17,91
124,29,43
125,97,115
126,77,88
127,4,53
128,81,70
129,73,104
130,41,54
131,81,99
132,9,110
133,76,60
134,87,95
135,33,154
136,33,162
137,9,91
138,23,142
139,12,40
140,67,181
141,97,117
142,70,93
143,20,55
144,55,62
145,61,62
146,72,143
147,18,107
148,80,192
149,57,180
150,46,173
151,101,8
152,96,194
153,66,62
154,71,61
155,74,60
156,22,39
157,69,52
158,63,49
159,58,49
160,52,50
161,49,52
162,6,34
163,51,60
164,99,123
165,74,124
166,82,110
167,89,123
168,100,52
169,45,164
170,56,173
171,81,187
172,23,149
173,74,57
174,88,79
175,96,189
176,68,187
177,11,109
178,85,141
179,83,144
180,82,147
181,81,152
182,77,158
183,75,140
184,74,139
185,72,138
186,60,132
187,29,113
188,88,70
189,80,53
190,76,54
191,77,140
192,27,132
193,87,54
194,73,165
195,101,83
196,94,75
197,101,74
198,82,91
199,97,181
200,97,171
201,85,170
202,55,149
203,66,110
204,63,158
205,47,108
206,58,117
207,40,120
208,82,180
209,78,95
210,48,156
211,59,165
212,49,140
213,20,121
214,38,141
215,15,126
216,52,126
217,83,83
218,84,109
219,79,109
220,87,104
221,75,45
222,64,38
223,54,36
224,45,37
225,39,40
226,35,55
227,7,73
228,42,69
229,49,72
230,59,72
231,68,71
232,74,68
233,79,66
234,5,71
235,79,111
236,88,87
237,89,110
238,93,114
239,89,111
240,80,113
241,94,115
242,95,116
243,78,60
244,82,62
245,85,64
246,47,54
247,41,49
248,107,84
249,147,59
250,107,115
251,176,25
252,127,67
253,134,68
254,141,67
255,150,61
256,122,65
257,139,41
258,131,42
259,146,43
260,151,46
261,155,66
262,123,174
263,150,56
264,179,61
265,164,59
266,135,101
267,106,131
268,104,139
269,114,133
270,118,136
271,110,139
272,115,139
273,129,146
274,107,112
275,108,104
276,160,38
277,121,81
278,122,107
279,122,102
280,157,99
281,108,93
282,145,29
283,154,32
284,171,11
285,115,36
286,124,46
287,135,139
288,168,135
289,117,112
290,111,114
291,123,140
292,121,140
293,158,26
294,122,110
295,133,29
296,134,23
297,144,-7
298,166,20
299,140,8
300,165,33
301,172,31
302,105,135
303,112,136
304,117,137
305,115,113
306,122,140
307,120,142
308,120,140
309,114,111
310,113,140
311,109,140
312,104,141
313,106,162
314,105,155
315,105,150
316,104,145
317,103,141
318,113,140
319,115,142
320,117,144
321,118,147
322,128,128
323,176,94
324,116,140
325,118,141
326,109,117
327,120,114
328,110,116
329,128,85
330,140,90
331,123,105
332,161,0
333,157,12
334,148,22
335,123,153
336,118,25
337,122,8
338,125,-10
339,146,65
340,163,72
341,118,63
342,157,50
343,116,76
344,119,105
345,174,78
346,157,78
347,148,82
348,135,81
349,126,78
350,119,74
351,107,66
352,173,95
353,163,47
354,104,116
355,120,89
356,179,58
357,114,70
358,124,105
359,153,56
360,119,99
361,173,114
362,118,60
363,113,96
364,155,156
365,153,164
366,178,95
367,164,145
368,176,45
369,124,181
370,103,117
371,126,95
372,170,59
373,140,63
374,134,64
375,121,143
376,171,111
377,111,192
378,132,181
379,142,174
380,129,63
381,123,62
382,120,61
383,168,45
384,125,53
385,131,50
386,137,49
387,143,51
388,147,53
389,178,39
390,144,61
391,122,125
392,117,111
393,109,123
394,144,166
395,134,173
396,111,187
397,161,152
398,120,58
399,112,79
400,122,187
401,175,113
402,109,140
403,110,143
404,112,147
405,113,152
406,116,158
407,118,139
408,120,139
409,121,138
410,133,133
411,163,116
412,111,71
413,114,53
414,118,54
415,117,140
416,162,134
417,108,52
418,120,166
419,107,76
420,116,92
421,108,170
422,136,150
423,130,111
424,128,159
425,147,110
426,136,118
427,152,122
428,111,180
429,120,96
430,142,157
431,132,166
432,142,141
433,169,124
434,152,143
435,171,130
436,141,128
437,116,84
438,116,109
439,120,110
440,114,105
441,120,43
442,131,38
443,141,37
444,149,39
445,155,43
446,157,57
447,179,78
448,151,71
449,144,73
450,135,73
451,126,72
452,120,69
453,116,67
454,177,75
455,120,111
456,112,87
457,112,111
458,108,114
459,112,112
460,118,113
461,107,115
462,105,116
463,116,60
464,113,62
465,110,64
466,148,55
467,153,50
468,60,56
469,68,56
470,60,48
471,53,56
472,61,64
473,135,57
474,143,58
475,135,49
476,127,57
477,135,65
