0,98,146
1,103,114
2,101,120
3,95,87
4,104,106
5,103,95
6,101,68
7,39,62
8,100,45
9,100,34
10,99,-4
11,98,149
12,97,152
13,97,154
14,96,154
15,96,159
16,96,163
17,96,168
18,97,173
19,103,118
20,93,117
21,8,29
22,62,69
23,54,70
24,47,69
25,35,64
26,68,67
27,52,44
28,61,46
29,44,45
30,38,48
31,29,68
32,66,180
33,36,59
34,5,64
35,20,62
36,56,102
37,86,142
38,86,151
39,74,144
40,66,145
41,76,150
42,69,149
43,56,151
44,96,114
45,96,106
46,27,38
47,73,83
48,73,108
49,72,104
50,31,99
51,95,96
52,48,30
53,36,32
54,17,15
55,81,42
56,67,50
57,50,141
58,10,137
59,79,113
60,86,116
61,54,148
62,57,149
63,32,26
64,71,111
65,63,33
66,62,26
67,51,-2
68,23,23
69,56,13
70,22,34
71,15,34
72,86,147
73,75,147
74,67,147
75,80,115
76,56,148
77,60,152
78,58,149
79,85,112
80,70,150
81,77,151
82,86,153
83,84,172
84,84,167
85,85,162
86,86,157
87,87,153
88,70,151
89,68,153
90,66,155
91,64,157
92,60,129
93,2,97
94,102,119
95,64,150
96,62,151
97,89,119
98,73,115
99,87,118
100,64,87
101,51,91
102,70,107
103,30,4
104,37,16
105,46,24
106,63,159
107,80,31
108,77,14
109,74,-4
110,40,67
111,21,74
112,71,65
113,29,51
114,80,79
115,79,107
116,12,80
117,27,80
118,38,83
119,53,82
120,64,79
121,72,76
122,92,70
123,12,96
124,23,49
125,98,117
126,74,91
127,1,62
128,78,72
129,68,106
130,32,58
131,78,101
132,4,117
133,71,62
134,87,98
135,29,159
136,29,167
137,4,97
138,19,147
139,10,48
140,64,188
141,98,119
142,66,96
143,12,62
144,48,65
145,54,66
146,59,153
147,12,112
148,79,199
149,53,187
150,42,179
151,100,15
152,95,201
153,60,65
154,66,64
155,69,63
156,16,47
157,65,59
158,59,58
159,53,58
160,46,58
161,41,58
162,3,44
163,43,64
164,100,125
165,69,126
166,79,112
167,87,125
168,100,57
169,41,170
170,52,179
171,79,194
172,18,154
173,69,61
174,87,82
175,96,196
176,65,194
177,5,115
178,77,152
179,76,155
180,74,159
181,73,163
182,72,166
183,62,149
184,60,147
185,59,146
186,53,134
187,23,116
188,86,74
189,78,56
190,73,57
191,64,150
192,22,136
193,87,56
194,69,172
195,102,86
196,94,79
197,101,78
198,80,94
199,97,189
200,97,180
201,82,179
202,50,154
203,61,112
204,58,164
205,42,111
206,53,120
207,35,123
208,80,187
209,74,97
210,44,160
211,54,171
212,43,143
213,14,125
214,33,145
215,10,132
216,46,129
217,80,87
218,82,111
219,75,111
220,87,106
221,73,48
222,62,41
223,51,39
224,41,40
225,34,44
226,27,60
227,4,80
228,34,72
229,43,75
230,53,75
231,63,74
232,70,71
233,75,69
234,1,79
235,75,113
236,88,90
237,90,112
238,93,116
239,89,113
240,76,115
241,95,117
242,95,118
243,74,62
244,79,64
245,83,66
246,38,59
247,33,52
248,109,87
249,148,65
250,110,117
251,169,32
252,129,71
253,136,72
254,143,71
255,151,67
256,123,70
257,139,49
258,131,50
259,146,50
260,151,53
261,157,71
262,124,179
263,151,63
264,172,66
265,163,65
266,138,103
267,109,143
268,107,151
269,119,144
270,124,146
271,115,150
272,120,150
273,133,151
274,110,114
275,111,106
276,160,43
277,122,84
278,127,109
279,127,104
280,158,100
281,110,96
282,145,35
283,153,38
284,165,18
285,115,44
286,124,54
287,139,142
288,160,137
289,121,114
290,114,116
291,131,150
292,129,150
293,157,32
294,127,111
295,132,37
296,133,30
297,142,0
298,163,26
299,139,15
300,163,39
301,167,37
302,109,147
303,117,147
304,122,148
305,119,115
306,130,150
307,126,153
308,128,150
309,118,113
310,119,151
311,113,152
312,106,153
313,108,172
314,107,167
315,107,162
316,106,158
317,105,154
318,118,152
319,120,154
320,122,156
321,123,159
322,133,130
323,167,99
324,123,151
325,124,152
326,112,119
327,124,116
328,113,118
329,129,88
330,141,92
331,128,107
332,157,7
333,154,18
334,147,29
335,127,159
336,117,34
337,121,15
338,123,-3
339,148,70
340,164,76
341,120,68
342,157,55
343,117,80
344,123,107
345,170,81
346,160,82
347,152,85
348,139,84
349,129,81
350,122,78
351,108,70
352,171,97
353,162,54
354,107,117
355,122,92
356,169,64
357,116,74
358,128,107
359,154,62
360,122,101
361,164,117
362,119,66
363,116,98
364,151,158
365,148,166
366,172,99
367,159,147
368,170,51
369,124,187
370,105,119
371,129,97
372,168,66
373,142,67
374,136,68
375,128,154
376,170,113
377,111,198
378,130,185
379,138,177
380,130,67
381,125,67
382,121,66
383,166,52
384,125,61
385,131,58
386,137,58
387,143,59
388,147,60
389,170,46
390,145,66
391,126,126
392,121,113
393,112,125
394,142,168
395,133,177
396,112,194
397,154,154
398,121,64
399,113,83
400,122,193
401,170,116
402,113,153
403,114,156
404,116,160
405,116,164
406,119,166
407,125,150
408,127,149
409,128,147
410,137,135
411,163,117
412,112,74
413,115,59
414,118,60
415,123,151
416,160,136
417,109,59
418,121,172
419,108,79
420,119,94
421,110,178
422,138,154
423,133,113
424,130,164
425,149,111
426,139,120
427,154,123
428,112,187
429,123,98
430,142,160
431,133,170
432,144,143
433,167,126
434,152,145
435,166,132
436,144,129
437,118,87
438,120,111
439,124,112
440,117,106
441,120,51
442,131,45
443,141,44
444,149,45
445,155,49
446,158,64
447,173,82
448,153,75
449,147,77
450,138,77
451,129,76
452,122,74
453,117,72
454,167,81
455,124,113
456,114,90
457,115,112
458,110,116
459,115,114
460,122,115
461,109,117
462,108,118
463,117,66
464,114,67
465,112,69
466,149,61
467,154,57
468,48,61
469,56,61
470,49,53
471,41,61
472,48,69
473,135,63
474,141,63
475,135,57
476,128,63
477,135,70
