0,99,130
1,95,109
2,96,116
3,89,84
4,95,101
5,95,91
6,96,67
7,48,62
8,97,48
9,97,38
10,97,0
11,99,132
12,99,134
13,99,135
14,99,154
15,99,156
16,99,160
17,99,164
18,98,172
19,96,113
20,88,113
21,27,34
22,68,66
23,61,67
24,55,68
25,45,64
26,73,65
27,57,47
28,64,48
29,49,49
30,45,52
31,40,69
32,70,181
33,45,60
34,22,68
35,32,64
36,59,101
37,87,128
38,88,134
39,75,130
40,68,132
41,78,134
42,71,135
43,60,150
44,89,109
45,88,101
46,36,46
47,75,82
48,72,106
49,71,102
50,38,99
51,89,92
52,52,39
53,43,41
54,34,21
55,82,46
56,71,51
57,54,140
58,27,141
59,77,111
60,83,113
61,60,139
62,62,139
63,39,36
64,71,109
65,65,40
66,64,34
67,59,4
68,37,29
69,63,19
70,32,43
71,30,39
72,87,131
73,77,132
74,70,134
75,79,112
76,61,139
77,65,146
78,63,139
79,81,109
80,73,136
81,80,135
82,88,135
83,86,171
84,87,163
85,88,159
86,88,156
87,89,153
88,74,148
89,72,149
90,71,151
91,69,153
92,62,127
93,21,101
94,96,115
95,69,145
96,67,145
97,86,116
98,73,113
99,84,114
100,67,86
101,55,91
102,70,105
103,44,11
104,48,22
105,50,33
106,67,159
107,80,36
108,78,18
109,76,0
110,49,67
111,33,74
112,77,63
113,38,55
114,80,78
115,76,104
116,24,82
117,37,80
118,46,83
119,60,82
120,69,78
121,76,75
122,89,68
123,23,97
124,33,54
125,92,113
126,75,90
127,22,66
128,81,72
129,69,105
130,42,60
131,76,98
132,23,120
133,76,61
134,82,94
135,40,160
136,42,170
137,19,100
138,31,150
139,26,52
140,69,189
141,93,115
142,68,95
143,26,65
144,55,63
145,61,63
146,64,146
147,23,113
148,83,200
149,62,188
150,53,181
151,97,18
152,98,202
153,67,62
154,72,61
155,75,61
156,29,52
157,70,55
158,64,53
159,58,53
160,52,54
161,48,57
162,24,48
163,51,63
164,97,121
165,70,123
166,77,110
167,85,122
168,97,57
169,50,171
170,59,180
171,82,195
172,34,158
173,74,59
174,84,80
175,98,197
176,71,195
177,20,118
178,81,151
179,79,153
180,78,156
181,77,160
182,75,166
183,66,137
184,64,136
185,63,135
186,57,133
187,32,117
188,85,73
189,82,56
190,77,57
191,67,137
192,32,137
193,88,57
194,72,173
195,96,83
196,89,77
197,96,75
198,78,92
199,98,189
200,98,180
201,84,179
202,56,153
203,63,111
204,63,164
205,47,110
206,57,118
207,41,122
208,82,188
209,74,96
210,51,161
211,60,171
212,49,142
213,26,127
214,41,145
215,24,135
216,51,127
217,80,85
218,79,107
219,74,109
220,82,102
221,76,50
222,65,45
223,55,44
224,47,46
225,41,50
226,37,62
227,19,84
228,44,72
229,51,74
230,60,74
231,69,72
232,75,70
233,79,68
234,21,83
235,74,110
236,84,87
237,84,108
238,88,112
239,84,109
240,76,112
241,89,113
242,90,114
243,79,61
244,83,64
245,85,66
246,46,59
247,42,56
248,102,83
249,148,60
250,104,113
251,178,31
252,129,66
253,136,66
254,142,66
255,152,63
256,123,65
257,139,46
258,131,48
259,146,48
260,151,51
261,159,68
262,128,180
263,151,59
264,182,65
265,168,63
266,137,99
267,111,128
268,111,133
269,123,129
270,131,130
271,121,133
272,128,133
273,139,148
274,102,109
275,102,101
276,161,45
277,120,81
278,122,105
279,123,100
280,160,97
281,102,91
282,143,37
283,153,40
284,169,18
285,111,46
286,124,51
287,145,138
288,180,140
289,116,110
290,110,112
291,140,136
292,138,136
293,157,35
294,123,107
295,129,39
296,130,33
297,139,2
298,164,27
299,134,17
300,166,42
301,172,37
302,111,131
303,122,131
304,130,132
305,115,111
306,139,136
307,135,143
308,137,136
309,111,108
310,126,134
311,119,134
312,110,135
313,111,171
314,112,163
315,111,158
316,111,155
317,110,153
318,126,147
319,127,148
320,129,149
321,131,151
322,134,126
323,187,99
324,131,143
325,133,143
326,108,115
327,121,112
328,109,114
329,129,85
330,141,89
331,125,103
332,157,8
333,151,20
334,145,32
335,132,157
336,113,36
337,117,17
338,120,0
339,148,65
340,167,72
341,120,64
342,159,54
343,115,77
344,116,103
345,177,79
346,162,78
347,152,80
348,138,80
349,128,77
350,120,75
351,104,68
352,178,95
353,165,53
354,100,113
355,120,89
356,185,64
357,115,71
358,126,103
359,155,59
360,117,97
361,185,118
362,120,62
363,110,94
364,162,160
365,163,170
366,185,98
367,173,148
368,178,50
369,129,189
370,99,114
371,128,94
372,175,64
373,141,61
374,135,62
375,136,144
376,178,111
377,114,201
378,139,189
379,150,181
380,130,62
381,125,62
382,122,62
383,171,51
384,126,57
385,132,54
386,138,53
387,144,54
388,147,56
389,182,46
390,145,61
391,126,122
392,116,109
393,109,121
394,151,171
395,140,180
396,114,195
397,172,157
398,122,60
399,109,80
400,127,195
401,184,116
402,119,150
403,120,152
404,121,155
405,122,158
406,123,165
407,134,134
408,136,134
409,137,133
410,141,131
411,168,115
412,109,72
413,114,57
414,119,57
415,132,135
416,170,135
417,106,57
418,126,172
419,103,76
420,115,91
421,112,179
422,144,152
423,133,109
424,136,163
425,150,108
426,140,117
427,157,121
428,114,188
429,121,95
430,149,160
431,139,171
432,150,140
433,177,125
434,159,144
435,181,133
436,147,125
437,114,84
438,114,107
439,119,108
440,109,102
441,119,50
442,130,45
443,140,43
444,149,45
445,155,48
446,160,61
447,185,81
448,155,70
449,147,73
450,137,73
451,128,71
452,122,70
453,117,68
454,186,81
455,120,109
456,109,87
457,108,108
458,104,112
459,108,109
460,118,111
461,102,112
462,102,114
463,117,62
464,113,64
465,110,66
466,150,57
467,155,54
468,57,57
469,63,57
470,58,52
471,51,58
472,56,63
473,139,58
474,146,58
475,139,52
476,133,58
477,140,64
