0,99,129
1,107,112
2,103,118
3,100,85
4,108,104
5,107,93
6,105,67
7,41,60
8,105,45
9,105,34
10,106,-9
11,98,132
12,98,134
13,97,136
14,97,148
15,98,152
16,97,156
17,97,161
18,96,167
19,106,116
20,97,115
21,7,21
22,63,68
23,56,69
24,48,68
25,37,62
26,70,67
27,55,43
28,64,45
29,46,44
30,40,47
31,30,67
32,65,177
33,38,57
34,2,58
35,20,60
36,59,101
37,88,127
38,88,134
39,77,130
40,69,132
41,79,134
42,72,135
43,58,148
44,101,112
45,101,104
46,30,38
47,77,82
48,79,107
49,78,102
50,33,98
51,100,94
52,53,31
53,40,33
54,19,7
55,87,43
56,70,49
57,52,139
58,3,133
59,84,112
60,91,114
61,59,137
62,61,137
63,35,26
64,77,110
65,68,34
66,68,27
67,58,-7
68,27,17
69,64,9
70,24,34
71,16,28
72,88,131
73,78,132
74,70,133
75,86,113
76,60,137
77,64,141
78,62,137
79,90,111
80,73,135
81,80,135
82,88,135
83,85,166
84,86,160
85,87,155
86,87,151
87,88,147
88,73,143
89,71,144
90,70,146
91,68,149
92,64,128
93,-4,91
94,105,117
95,68,141
96,66,141
97,93,117
98,79,114
99,92,116
100,68,85
101,54,90
102,75,105
103,35,-2
104,42,10
105,51,24
106,65,155
107,86,32
108,84,10
109,81,-9
110,41,66
111,21,72
112,74,65
113,31,50
114,84,77
115,85,105
116,11,76
117,27,78
118,39,82
119,55,82
120,65,79
121,74,76
122,97,68
123,11,93
124,24,48
125,102,115
126,78,90
127,-3,55
128,81,72
129,73,105
130,34,57
131,84,100
132,-2,112
133,74,62
134,92,96
135,26,156
136,24,164
137,0,93
138,15,145
139,9,42
140,63,184
141,101,117
142,70,95
143,12,61
144,50,64
145,56,64
146,63,142
147,11,109
148,77,194
149,51,183
150,39,175
151,106,12
152,92,196
153,63,64
154,68,63
155,72,63
156,17,46
157,67,55
158,61,52
159,54,51
160,48,52
161,43,54
162,0,36
163,45,62
164,102,123
165,74,124
166,85,111
167,91,123
168,104,56
169,39,167
170,51,175
171,78,190
172,12,151
173,71,60
174,91,81
175,94,192
176,64,189
177,1,111
178,80,145
179,78,148
180,77,151
181,76,155
182,74,162
183,65,136
184,64,135
185,63,134
186,57,133
187,24,115
188,90,72
189,82,56
190,76,57
191,67,136
192,20,134
193,91,56
194,69,169
195,106,85
196,98,77
197,106,76
198,85,93
199,95,185
200,96,175
201,82,174
202,51,152
203,65,111
204,59,161
205,45,110
206,56,118
207,36,122
208,79,183
209,79,96
210,43,158
211,54,168
212,44,141
213,12,123
214,32,143
215,5,128
216,48,127
217,85,85
218,88,109
219,81,110
220,93,105
221,77,48
222,66,41
223,55,39
224,44,39
225,36,43
226,28,59
227,0,75
228,35,71
229,44,74
230,55,74
231,64,73
232,72,71
233,77,69
234,-4,73
235,81,112
236,92,88
237,95,111
238,97,114
239,93,112
240,82,113
241,99,115
242,99,116
243,77,63
244,82,65
245,86,66
246,40,56
247,35,51
248,112,86
249,148,61
250,111,115
251,169,28
252,127,69
253,135,69
254,142,69
255,150,63
256,121,67
257,141,44
258,132,46
259,148,46
260,152,49
261,155,68
262,119,176
263,150,58
264,169,63
265,159,62
266,136,102
267,108,128
268,106,134
269,116,130
270,121,133
271,113,134
272,118,135
273,127,148
274,113,112
275,114,104
276,162,41
277,122,83
278,125,108
279,125,103
280,156,100
281,114,94
282,150,34
283,158,35
284,166,15
285,120,44
286,124,50
287,133,139
288,153,134
289,119,112
290,114,115
291,127,138
292,125,138
293,161,29
294,124,110
295,138,36
296,140,29
297,146,-2
298,164,24
299,143,14
300,164,36
301,168,35
302,108,131
303,115,132
304,120,134
305,118,113
306,126,138
307,123,142
308,124,138
309,118,111
310,117,136
311,112,135
312,105,135
313,106,166
314,107,160
315,107,155
316,106,151
317,105,147
318,116,144
319,118,145
320,120,147
321,121,149
322,129,128
323,161,95
324,120,141
325,122,142
326,111,118
327,121,114
328,113,116
329,129,87
330,141,92
331,125,106
332,160,4
333,156,17
334,153,27
335,122,155
336,123,33
337,126,13
338,129,-7
339,147,67
340,160,74
341,117,65
342,157,52
343,118,78
344,123,106
345,168,80
346,158,81
347,151,84
348,138,83
349,128,80
350,121,76
351,111,69
352,168,96
353,161,50
354,109,115
355,122,91
356,166,60
357,117,73
358,125,106
359,153,58
360,122,100
361,158,114
362,117,62
363,118,97
364,144,155
365,140,163
366,168,96
367,153,145
368,169,48
369,119,183
370,107,117
371,128,96
372,162,63
373,142,65
374,135,65
375,124,143
376,165,112
377,106,193
378,123,181
379,131,173
380,128,65
381,122,63
382,118,63
383,163,48
384,124,55
385,131,53
386,138,52
387,144,53
388,148,55
389,169,43
390,146,63
391,123,125
392,120,111
393,111,124
394,135,165
395,127,174
396,108,189
397,147,150
398,119,59
399,115,81
400,116,188
401,165,113
402,112,146
403,113,148
404,114,151
405,115,156
406,115,162
407,122,136
408,124,136
409,125,135
410,132,133
411,159,117
412,114,73
413,114,56
414,117,57
415,120,137
416,155,134
417,111,57
418,117,168
419,112,78
420,120,93
421,107,174
422,132,151
423,130,112
424,125,161
425,147,111
426,136,120
427,150,123
428,108,182
429,122,97
430,136,157
431,127,167
432,139,141
433,161,125
434,146,143
435,160,129
436,140,128
437,119,86
438,121,110
439,123,111
440,119,105
441,121,48
442,134,42
443,145,41
444,153,42
445,157,46
446,156,60
447,169,80
448,152,73
449,146,75
450,137,75
451,127,74
452,121,71
453,116,69
454,163,78
455,122,112
456,116,89
457,117,111
458,112,114
459,116,112
460,120,114
461,111,115
462,109,116
463,115,63
464,113,65
465,113,67
466,149,57
467,154,53
468,52,57
469,60,57
470,53,49
471,44,57
472,52,65
473,132,58
474,140,58
475,132,51
476,124,58
477,132,65
