0,96,131
1,94,113
2,95,118
3,88,85
4,94,104
5,95,93
6,95,66
7,43,60
8,95,48
9,95,38
10,96,-4
11,97,134
12,97,136
13,97,137
14,98,146
15,98,149
16,98,153
17,98,156
18,98,161
19,95,116
20,87,115
21,17,30
22,64,68
23,57,68
24,50,67
25,40,63
26,70,66
27,53,47
28,62,49
29,45,48
30,40,51
31,34,67
32,68,176
33,40,58
34,12,64
35,25,62
36,55,99
37,85,129
38,86,135
39,74,130
40,67,131
41,77,135
42,70,134
43,58,142
44,88,112
45,87,104
46,30,47
47,73,81
48,69,106
49,69,101
50,31,97
51,87,94
52,48,41
53,38,42
54,23,17
55,81,50
56,69,52
57,51,134
58,16,140
59,75,111
60,81,114
61,59,133
62,61,134
63,34,38
64,68,108
65,63,43
66,61,37
67,52,0
68,28,26
69,57,16
70,26,43
71,21,37
72,85,133
73,76,133
74,69,133
75,76,112
76,60,134
77,64,139
78,62,134
79,79,111
80,72,135
81,78,136
82,87,137
83,86,161
84,86,155
85,86,151
86,87,148
87,87,145
88,72,140
89,71,141
90,69,143
91,68,145
92,59,125
93,10,99
94,95,117
95,67,138
96,66,138
97,84,117
98,71,112
99,83,115
100,65,84
101,51,88
102,67,104
103,35,6
104,40,19
105,46,35
106,66,150
107,78,41
108,75,15
109,72,-3
110,43,66
111,25,72
112,74,65
113,33,54
114,78,76
115,74,105
116,16,79
117,30,77
118,40,80
119,54,80
120,65,77
121,73,74
122,88,68
123,15,94
124,27,53
125,90,116
126,72,89
127,11,63
128,79,71
129,66,103
130,37,59
131,74,99
132,12,119
133,74,62
134,81,96
135,32,158
136,33,168
137,9,98
138,21,147
139,16,49
140,66,185
141,92,117
142,65,94
143,19,63
144,51,63
145,57,64
146,63,139
147,14,111
148,81,197
149,57,186
150,46,179
151,96,15
152,98,199
153,63,64
154,69,63
155,73,63
156,22,51
157,68,56
158,61,53
159,55,52
160,48,53
161,44,55
162,13,44
163,46,62
164,96,122
165,68,122
166,75,110
167,84,122
168,95,56
169,44,168
170,55,177
171,81,191
172,24,156
173,72,60
174,83,80
175,98,193
176,68,193
177,10,116
178,79,143
179,77,145
180,76,148
181,76,151
182,75,156
183,65,134
184,63,133
185,62,132
186,53,129
187,23,114
188,83,72
189,80,58
190,75,58
191,67,135
192,23,134
193,86,59
194,71,166
195,95,84
196,88,76
197,95,75
198,77,92
199,98,183
200,98,172
201,84,171
202,52,148
203,60,109
204,61,158
205,41,108
206,52,116
207,34,120
208,82,182
209,72,95
210,46,157
211,57,167
212,44,137
213,16,125
214,34,141
215,14,133
216,45,124
217,78,84
218,76,109
219,71,109
220,80,105
221,74,52
222,62,47
223,51,45
224,42,46
225,36,49
226,32,61
227,9,81
228,38,71
229,45,73
230,55,73
231,65,72
232,72,70
233,77,68
234,11,80
235,71,110
236,82,88
237,82,111
238,86,114
239,82,112
240,73,112
241,88,115
242,89,116
243,77,63
244,81,65
245,83,66
246,42,57
247,37,54
248,102,84
249,151,60
250,104,115
251,180,29
252,130,67
253,137,67
254,144,67
255,154,63
256,124,66
257,140,48
258,132,49
259,148,49
260,153,52
261,162,67
262,129,176
263,154,58
264,187,63
265,171,62
266,139,98
267,109,129
268,109,135
269,121,129
270,129,130
271,118,134
272,126,133
273,139,141
274,101,112
275,102,104
276,163,47
277,120,80
278,123,105
279,123,101
280,164,95
281,102,93
282,143,41
283,155,43
284,172,16
285,111,50
286,124,52
287,147,133
288,187,139
289,117,111
290,110,113
291,139,132
292,137,132
293,159,38
294,124,108
295,129,44
296,130,38
297,141,0
298,166,26
299,135,16
300,168,43
301,175,36
302,109,132
303,120,132
304,128,131
305,115,112
306,138,132
307,134,137
308,136,132
309,112,110
310,125,134
311,117,135
312,108,136
313,110,161
314,110,155
315,110,151
316,109,148
317,109,145
318,125,139
319,126,140
320,128,142
321,129,144
322,136,124
323,192,98
324,130,136
325,132,137
326,107,116
327,122,111
328,109,115
329,129,84
330,143,88
331,125,103
332,160,6
333,153,19
334,146,36
335,131,149
336,112,41
337,117,15
338,120,-4
339,151,66
340,170,72
341,119,65
342,161,54
343,114,76
344,117,105
345,181,78
346,165,77
347,155,80
348,140,79
349,129,77
350,121,74
351,103,67
352,182,93
353,168,54
354,99,116
355,120,88
356,190,62
357,115,71
358,127,103
359,157,59
360,117,99
361,191,118
362,120,62
363,109,95
364,168,157
365,168,169
366,191,97
367,179,147
368,181,48
369,130,186
370,99,117
371,128,93
372,178,63
373,143,63
374,137,63
375,135,138
376,184,110
377,115,197
378,141,187
379,153,179
380,131,63
381,125,63
382,121,62
383,174,51
384,127,56
385,133,54
386,139,53
387,146,54
388,150,56
389,186,43
390,148,62
391,127,121
392,117,110
393,109,122
394,155,168
395,143,177
396,115,191
397,179,156
398,122,60
399,108,80
400,129,193
401,190,115
402,118,142
403,119,144
404,120,147
405,121,151
406,122,156
407,132,132
408,134,132
409,135,131
410,144,127
411,173,113
412,109,71
413,113,58
414,118,58
415,131,133
416,176,133
417,106,59
418,126,166
419,102,76
420,115,91
421,112,171
422,145,147
423,134,108
424,136,158
425,154,106
426,143,115
427,162,118
428,114,182
429,121,95
430,152,156
431,141,167
432,153,136
433,183,124
434,164,141
435,187,132
436,151,123
437,114,84
438,114,109
439,120,109
440,110,104
441,118,52
442,130,47
443,141,46
444,150,47
445,157,50
446,163,61
447,190,80
448,157,70
449,149,73
450,139,73
451,129,72
452,122,70
453,117,68
454,191,80
455,121,110
456,108,87
457,108,111
458,104,114
459,108,112
460,119,111
461,102,115
462,102,116
463,117,63
464,113,65
465,110,66
466,152,57
467,157,55
468,58,57
469,66,58
470,58,51
471,50,57
472,58,64
473,138,58
474,146,58
475,138,51
476,130,58
477,138,64
