0,98,132
1,100,111
2,99,117
3,94,85
4,101,103
5,101,93
6,100,67
7,45,63
8,100,47
9,100,37
10,101,2
11,98,134
12,98,136
13,98,137
14,97,151
15,97,154
16,97,157
17,97,161
18,98,167
19,100,114
20,92,113
21,17,33
22,67,68
23,59,70
24,52,69
25,43,65
26,73,67
27,55,49
28,63,49
29,47,50
30,42,53
31,37,69
32,68,175
33,43,60
34,15,65
35,28,63
36,59,100
37,87,131
38,87,135
39,76,131
40,69,132
41,78,134
42,71,134
43,60,146
44,94,110
45,93,103
46,32,46
47,76,82
48,74,106
49,73,102
50,37,98
51,93,93
52,49,41
53,39,42
54,24,21
55,82,50
56,71,52
57,54,137
58,23,131
59,79,110
60,86,113
61,58,135
62,60,135
63,35,37
64,73,109
65,63,43
66,62,37
67,55,5
68,29,28
69,59,19
70,28,42
71,22,38
72,87,133
73,77,133
74,70,133
75,81,112
76,59,135
77,64,142
78,61,135
79,84,109
80,72,135
81,79,135
82,88,136
83,87,166
84,86,159
85,86,156
86,87,153
87,88,151
88,72,145
89,71,146
90,69,147
91,68,149
92,64,127
93,15,94
94,100,116
95,67,141
96,65,141
97,88,116
98,75,113
99,87,115
100,68,86
101,55,90
102,71,105
103,36,11
104,41,22
105,47,35
106,67,154
107,80,41
108,79,19
109,76,2
110,46,68
111,29,74
112,77,65
113,35,55
114,81,78
115,79,104
116,20,79
117,34,80
118,43,83
119,58,82
120,68,79
121,75,76
122,93,69
123,21,94
124,29,54
125,96,114
126,76,90
127,12,63
128,81,72
129,70,104
130,39,60
131,79,99
132,18,112
133,77,62
134,86,95
135,37,152
136,38,160
137,16,95
138,29,141
139,18,50
140,67,183
141,96,115
142,69,95
143,22,63
144,53,65
145,59,66
146,62,142
147,22,108
148,81,195
149,58,181
150,48,172
151,101,19
152,98,197
153,65,65
154,71,63
155,75,63
156,24,51
157,69,57
158,63,55
159,56,54
160,50,56
161,46,57
162,14,46
163,49,64
164,99,123
165,72,123
166,79,109
167,87,123
168,100,57
169,47,164
170,56,174
171,81,190
172,30,147
173,74,60
174,87,81
175,98,192
176,68,190
177,18,111
178,79,148
179,78,150
180,77,152
181,76,156
182,75,161
183,65,134
184,63,134
185,62,133
186,57,131
187,31,113
188,87,73
189,82,58
190,77,58
191,66,135
192,31,131
193,89,59
194,72,168
195,100,84
196,93,77
197,100,76
198,81,92
199,98,185
200,98,175
201,85,174
202,54,149
203,64,110
204,62,159
205,47,108
206,57,117
207,41,120
208,82,183
209,76,96
210,48,155
211,58,166
212,48,138
213,24,121
214,39,140
215,22,126
216,51,125
217,82,85
218,82,108
219,76,109
220,86,103
221,76,52
222,64,47
223,53,46
224,44,47
225,38,50
226,34,61
227,14,80
228,41,73
229,48,75
230,58,75
231,67,73
232,74,71
233,79,69
234,13,78
235,76,110
236,87,88
237,88,109
238,92,112
239,87,110
240,78,112
241,93,113
242,94,115
243,79,63
244,83,65
245,86,67
246,44,59
247,39,56
248,107,85
249,153,62
250,107,113
251,174,34
252,132,69
253,139,70
254,146,69
255,155,65
256,126,67
257,144,47
258,135,48
259,151,48
260,156,51
261,160,69
262,127,174
263,155,60
264,176,65
265,167,63
266,137,100
267,109,131
268,108,135
269,119,132
270,126,133
271,117,135
272,123,135
273,135,146
274,107,110
275,108,103
276,165,44
277,122,82
278,125,106
279,125,102
280,158,98
281,108,93
282,150,37
283,160,39
284,170,22
285,118,45
286,127,51
287,140,137
288,164,131
289,119,110
290,112,113
291,134,136
292,132,137
293,163,34
294,125,109
295,136,39
296,138,32
297,144,6
298,166,29
299,140,19
300,169,40
301,171,39
302,109,133
303,118,133
304,124,134
305,117,112
306,133,136
307,129,143
308,131,137
309,115,109
310,122,135
311,116,135
312,108,136
313,110,166
314,108,159
315,108,156
316,108,153
317,107,151
318,121,146
319,123,146
320,124,148
321,125,150
322,132,126
323,171,95
324,126,142
325,127,142
326,110,116
327,122,113
328,111,115
329,129,86
330,141,90
331,126,105
332,161,12
333,157,22
334,152,31
335,128,153
336,120,35
337,122,19
338,125,3
339,152,68
340,166,74
341,122,65
342,162,54
343,117,78
344,120,104
345,172,79
346,162,80
347,154,83
348,140,82
349,130,79
350,123,76
351,107,68
352,171,94
353,166,53
354,104,114
355,122,90
356,175,63
357,117,72
358,126,104
359,158,60
360,120,99
361,169,112
362,121,62
363,114,95
364,154,151
365,152,159
366,174,95
367,162,140
368,173,51
369,128,182
370,103,115
371,128,95
372,171,64
373,146,65
374,140,66
375,130,143
376,169,109
377,114,194
378,135,180
379,143,171
380,133,65
381,127,63
382,123,63
383,170,51
384,129,57
385,135,55
386,142,54
387,148,55
388,152,57
389,175,47
390,150,64
391,125,123
392,119,109
393,111,122
394,146,163
395,137,172
396,115,190
397,158,147
398,124,60
399,112,81
400,126,188
401,171,111
402,115,149
403,116,150
404,117,153
405,118,156
406,121,161
407,128,135
408,130,135
409,131,134
410,138,131
411,162,113
412,112,73
413,117,57
414,121,57
415,127,136
416,161,131
417,111,57
418,124,167
419,107,77
420,118,92
421,112,173
422,140,148
423,132,110
424,133,158
425,148,108
426,139,117
427,154,119
428,114,182
429,122,96
430,145,154
431,136,165
432,146,138
433,167,121
434,154,139
435,168,126
436,144,125
437,117,85
438,117,108
439,122,109
440,114,103
441,123,50
442,135,45
443,146,43
444,155,45
445,160,48
446,162,61
447,176,80
448,156,73
449,149,75
450,140,75
451,131,73
452,124,71
453,119,68
454,173,79
455,122,110
456,113,88
457,112,109
458,108,112
459,112,110
460,120,112
461,106,113
462,105,115
463,119,63
464,115,65
465,113,66
466,154,59
467,159,55
468,58,59
469,65,59
470,58,53
471,51,59
472,58,66
473,139,59
474,147,59
475,139,52
476,131,59
477,139,65
