0,99,129
1,106,106
2,103,114
3,97,80
4,106,98
5,106,88
6,102,63
7,43,60
8,101,48
9,101,38
10,100,-2
11,99,132
12,99,135
13,99,137
14,99,149
15,99,153
16,99,157
17,99,162
18,98,168
19,105,110
20,95,110
21,8,31
22,64,66
23,56,67
24,49,67
25,39,63
26,70,64
27,55,48
28,63,49
29,47,49
30,42,51
31,32,68
32,66,180
33,40,58
34,4,66
35,22,64
36,60,99
37,89,128
38,90,135
39,79,132
40,72,136
41,82,137
42,76,139
43,60,152
44,99,106
45,98,98
46,31,46
47,76,80
48,76,103
49,75,99
50,36,99
51,98,88
52,53,40
53,41,42
54,18,17
55,86,47
56,70,51
57,55,144
58,4,143
59,82,108
60,89,110
61,65,145
62,67,145
63,37,37
64,75,107
65,69,41
66,68,35
67,54,0
68,26,27
69,60,16
70,26,43
71,16,37
72,89,132
73,80,135
74,74,138
75,84,109
76,66,145
77,69,147
78,68,144
79,88,105
80,77,140
81,83,138
82,91,137
83,87,168
84,88,161
85,89,156
86,90,152
87,91,149
88,78,147
89,76,148
90,74,150
91,72,153
92,66,129
93,-2,102
94,104,112
95,73,146
96,71,146
97,91,113
98,77,112
99,90,112
100,67,84
101,55,89
102,73,103
103,32,7
104,40,19
105,51,34
106,67,158
107,85,38
108,80,16
109,76,-2
110,43,65
111,22,74
112,74,62
113,33,54
114,82,75
115,83,100
116,13,80
117,28,79
118,39,81
119,54,80
120,65,77
121,73,73
122,94,65
123,14,97
124,26,54
125,101,110
126,77,87
127,0,65
128,80,69
129,72,103
130,36,59
131,82,95
132,0,122
133,74,60
134,90,91
135,26,162
136,23,173
137,2,100
138,16,151
139,10,50
140,62,189
141,100,112
142,69,93
143,14,66
144,51,62
145,57,62
146,68,149
147,14,113
148,77,201
149,49,191
150,37,184
151,101,17
152,95,202
153,63,62
154,68,61
155,72,60
156,19,53
157,68,56
158,62,54
159,56,54
160,49,55
161,45,56
162,2,46
163,46,61
164,102,120
165,74,124
166,82,106
167,91,121
168,101,55
169,38,173
170,49,182
171,78,195
172,13,160
173,72,58
174,89,77
175,96,196
176,62,197
177,3,118
178,84,148
179,82,150
180,80,153
181,79,158
182,76,164
183,71,142
184,69,141
185,67,141
186,59,136
187,27,117
188,88,69
189,82,56
190,76,56
191,73,142
192,23,138
193,90,56
194,70,172
195,104,79
196,96,73
197,103,71
198,83,89
199,97,187
200,98,177
201,84,176
202,51,156
203,65,110
204,60,165
205,47,109
206,58,119
207,39,123
208,81,186
209,77,93
210,43,163
211,53,172
212,46,145
213,15,128
214,34,147
215,7,135
216,51,130
217,83,82
218,85,104
219,79,106
220,90,99
221,77,50
222,66,46
223,55,45
224,45,46
225,37,49
226,30,61
227,2,83
228,36,71
229,44,73
230,55,73
231,64,71
232,72,69
233,77,66
234,-1,84
235,78,108
236,90,84
237,92,104
238,96,109
239,91,106
240,80,110
241,98,109
242,98,111
243,77,60
244,82,62
245,85,64
246,42,57
247,37,54
248,110,80
249,147,62
250,111,110
251,167,36
252,128,67
253,134,68
254,141,68
255,150,65
256,122,65
257,140,49
258,132,50
259,147,50
260,151,53
261,154,70
262,124,179
263,150,60
264,171,69
265,161,66
266,136,100
267,109,128
268,107,135
269,118,132
270,123,136
271,114,137
272,118,139
273,130,152
274,112,106
275,113,98
276,160,49
277,121,80
278,127,104
279,127,100
280,155,101
281,112,89
282,147,42
283,155,44
284,163,22
285,116,47
286,125,52
287,136,144
288,164,144
289,121,108
290,115,111
291,127,146
292,125,145
293,158,41
294,126,107
295,134,42
296,136,37
297,140,3
298,160,30
299,136,19
300,163,47
301,165,41
302,108,132
303,116,134
304,121,138
305,119,110
306,126,146
307,124,148
308,124,145
309,119,106
310,116,140
311,112,138
312,106,137
313,108,168
314,108,162
315,108,157
316,107,152
317,106,149
318,116,147
319,118,149
320,120,151
321,122,154
322,130,129
323,169,105
324,119,146
325,122,147
326,112,114
327,123,112
328,114,112
329,128,85
330,139,91
331,127,103
332,154,11
333,150,23
334,149,37
335,125,158
336,120,39
337,120,17
338,122,0
339,146,67
340,161,76
341,119,64
342,156,57
343,117,75
344,123,101
345,169,83
346,157,81
347,148,83
348,136,81
349,126,77
350,120,74
351,109,65
352,169,99
353,161,57
354,109,110
355,122,88
356,169,69
357,115,70
358,127,104
359,152,61
360,123,96
361,167,124
362,119,61
363,118,91
364,153,161
365,151,171
366,173,102
367,161,151
368,168,54
369,126,187
370,107,112
371,128,94
372,165,68
373,141,63
374,135,63
375,125,150
376,168,115
377,111,200
378,133,188
379,141,181
380,129,63
381,124,62
382,121,62
383,164,56
384,125,57
385,131,55
386,137,55
387,143,56
388,147,57
389,169,51
390,145,63
391,125,124
392,121,107
393,113,121
394,144,171
395,135,179
396,113,194
397,158,159
398,121,59
399,114,77
400,123,195
401,171,120
402,112,148
403,114,151
404,115,154
405,116,159
406,117,163
407,122,142
408,124,142
409,126,141
410,134,136
411,160,118
412,113,70
413,115,56
414,119,57
415,120,142
416,159,138
417,110,57
418,121,171
419,110,73
420,120,89
421,110,175
422,137,155
423,132,110
424,130,164
425,146,110
426,137,119
427,151,124
428,112,185
429,123,94
430,143,162
431,134,171
432,143,145
433,166,129
434,151,147
435,168,136
436,141,130
437,118,82
438,121,104
439,125,106
440,119,99
441,121,51
442,133,47
443,143,46
444,150,48
445,155,51
446,156,64
447,173,86
448,151,73
449,144,75
450,135,74
451,127,72
452,121,69
453,116,67
454,168,87
455,124,108
456,115,84
457,117,105
458,112,109
459,116,106
460,121,111
461,111,109
462,109,111
463,117,61
464,113,63
465,111,65
466,148,59
467,153,57
468,54,58
469,61,58
470,54,52
471,46,58
472,53,64
473,135,59
474,142,59
475,135,53
476,127,58
477,134,65
