0,97,135
1,91,112
2,95,117
3,86,84
4,90,104
5,91,93
6,94,65
7,55,61
8,95,44
9,95,34
10,95,-4
11,97,138
12,98,140
13,99,142
14,100,155
15,100,159
16,100,164
17,100,169
18,101,167
19,92,115
20,86,114
21,36,31
22,72,67
23,66,68
24,60,68
25,53,64
26,78,65
27,61,47
28,68,47
29,54,49
30,51,52
31,48,69
32,78,175
33,53,60
34,35,64
35,43,63
36,63,100
37,87,133
38,89,139
39,79,133
40,75,134
41,83,138
42,78,138
43,68,146
44,85,111
45,83,104
46,41,47
47,77,81
48,71,106
49,72,102
50,45,98
51,85,93
52,53,38
53,45,42
54,38,19
55,81,42
56,76,49
57,62,137
58,50,131
59,77,111
60,82,114
61,70,138
62,72,139
63,42,37
64,72,109
65,64,38
66,62,32
67,57,1
68,40,27
69,60,16
70,39,43
71,36,37
72,88,136
73,81,136
74,76,136
75,78,112
76,71,139
77,74,145
78,73,139
79,79,110
80,80,139
81,84,140
82,91,141
83,91,166
84,90,167
85,90,162
86,90,157
87,91,153
88,81,147
89,79,149
90,77,151
91,76,154
92,67,127
93,43,94
94,93,117
95,77,144
96,75,144
97,85,117
98,75,113
99,83,115
100,70,85
101,60,90
102,71,104
103,45,8
104,47,20
105,50,33
106,74,154
107,77,33
108,75,15
109,73,-2
110,55,67
111,43,74
112,81,63
113,46,55
114,81,76
115,74,105
116,36,79
117,45,79
118,52,82
119,63,81
120,72,77
121,79,73
122,88,67
123,35,94
124,42,54
125,88,115
126,76,89
127,38,61
128,83,69
129,72,104
130,51,60
131,75,99
132,45,112
133,82,60
134,79,96
135,56,152
136,60,160
137,36,95
138,49,141
139,36,49
140,78,182
141,90,116
142,71,94
143,39,64
144,60,64
145,66,64
146,72,146
147,37,109
148,90,194
149,74,180
150,68,171
151,95,14
152,104,196
153,71,63
154,77,62
155,80,61
156,39,52
157,76,55
158,70,53
159,64,53
160,58,55
161,55,57
162,36,45
163,57,63
164,96,123
165,73,124
166,76,110
167,85,123
168,96,54
169,64,163
170,71,172
171,89,189
172,55,147
173,80,58
174,83,80
175,103,192
176,81,188
177,39,111
178,85,151
179,84,153
180,82,157
181,82,162
182,81,161
183,75,138
184,73,137
185,72,136
186,63,131
187,43,114
188,85,71
189,84,54
190,82,55
191,76,139
192,46,131
193,88,54
194,80,167
195,92,83
196,87,76
197,93,75
198,78,92
199,102,184
200,101,175
201,90,174
202,65,149
203,67,110
204,72,159
205,53,109
206,62,117
207,50,120
208,88,182
209,75,95
210,62,155
211,70,165
212,58,138
213,41,121
214,53,140
215,43,127
216,58,126
217,80,84
218,76,109
219,73,109
220,78,104
221,78,47
222,67,44
223,57,44
224,50,46
225,46,50
226,47,62
227,35,79
228,51,72
229,56,74
230,65,74
231,73,72
232,79,69
233,83,66
234,41,78
235,74,111
236,82,87
237,80,110
238,85,114
239,81,111
240,76,112
241,86,114
242,88,116
243,84,60
244,86,62
245,86,63
246,54,58
247,49,56
248,99,84
249,152,58
250,102,114
251,188,23
252,132,65
253,139,65
254,147,65
255,157,60
256,125,63
257,141,44
258,133,45
259,150,45
260,155,48
261,164,65
262,132,176
263,155,56
264,192,58
265,174,59
266,138,98
267,109,133
268,110,139
269,122,133
270,131,135
271,120,138
272,128,138
273,142,145
274,97,111
275,98,103
276,165,42
277,121,80
278,121,105
279,122,101
280,163,95
281,98,93
282,145,35
283,156,37
284,177,11
285,111,42
286,125,48
287,148,136
288,191,130
289,116,110
290,109,113
291,142,138
292,140,138
293,161,32
294,123,108
295,130,36
296,130,29
297,141,-3
298,170,20
299,135,12
300,171,38
301,180,30
302,110,136
303,121,136
304,129,136
305,114,112
306,141,138
307,137,144
308,139,139
309,109,110
310,127,139
311,119,139
312,109,141
313,113,166
314,113,167
315,112,162
316,111,157
317,110,153
318,127,147
319,129,148
320,131,151
321,132,153
322,135,126
323,199,90
324,133,143
325,135,144
326,106,116
327,121,112
328,108,115
329,130,83
330,143,87
331,124,103
332,162,1
333,155,14
334,147,29
335,134,154
336,112,32
337,116,13
338,119,-5
339,153,63
340,174,69
341,120,62
342,164,51
343,115,75
344,114,104
345,183,74
346,168,75
347,157,79
348,142,78
349,131,75
350,122,72
351,102,66
352,183,90
353,170,49
354,96,115
355,121,88
356,198,55
357,116,69
358,126,103
359,159,56
360,115,98
361,197,110
362,120,59
363,107,95
364,169,153
365,171,161
366,194,91
367,180,141
368,187,43
369,134,184
370,97,116
371,129,93
372,181,59
373,145,61
374,139,61
375,138,145
376,183,106
377,120,195
378,146,182
379,157,173
380,132,61
381,126,60
382,122,60
383,177,47
384,128,54
385,134,52
386,141,52
387,147,52
388,151,54
389,194,37
390,149,59
391,126,123
392,115,110
393,108,123
394,157,165
395,146,174
396,119,190
397,182,148
398,122,57
399,108,79
400,134,190
401,192,109
402,119,150
403,121,153
404,122,157
405,124,162
406,125,161
407,135,138
408,137,137
409,138,136
410,143,130
411,172,111
412,109,70
413,114,54
414,119,54
415,134,138
416,175,130
417,106,54
418,129,168
419,101,76
420,114,91
421,115,174
422,148,149
423,134,109
424,139,159
425,152,107
426,142,116
427,161,118
428,118,183
429,120,94
430,154,156
431,144,166
432,154,138
433,183,120
434,164,140
435,189,125
436,150,124
437,114,83
438,111,108
439,118,108
440,106,104
441,119,47
442,131,42
443,142,41
444,152,42
445,159,45
446,166,57
447,194,75
448,160,68
449,151,71
450,141,71
451,131,70
452,123,68
453,118,66
454,199,72
455,119,110
456,106,87
457,104,110
458,101,114
459,105,111
460,118,112
461,99,114
462,99,116
463,117,60
464,113,62
465,110,63
466,153,55
467,159,51
468,68,57
469,75,57
470,68,50
471,61,58
472,68,64
473,141,55
474,149,55
475,141,48
476,133,55
477,141,62
