0,103,130
1,107,97
2,103,108
3,98,75
4,107,89
5,106,80
6,103,60
7,40,59
8,102,44
9,103,34
10,103,-3
11,103,132
12,102,135
13,102,138
14,102,138
15,102,141
16,102,144
17,102,148
18,98,158
19,105,102
20,97,103
21,1,32
22,62,67
23,54,67
24,46,67
25,35,62
26,69,65
27,52,43
28,61,44
29,43,44
30,37,47
31,28,67
32,65,174
33,37,57
34,-1,67
35,17,62
36,59,97
37,95,128
38,95,135
39,85,132
40,78,136
41,87,137
42,81,139
43,61,148
44,100,97
45,99,89
46,24,39
47,75,78
48,78,98
49,76,95
50,32,97
51,99,81
52,47,30
53,34,33
54,13,17
55,84,41
56,69,48
57,55,141
58,0,147
59,84,103
60,90,105
61,69,144
62,71,143
63,29,28
64,76,102
65,63,33
66,63,26
67,54,-2
68,22,23
69,60,11
70,18,36
71,10,35
72,95,132
73,86,134
74,79,138
75,85,104
76,70,144
77,74,143
78,72,143
79,89,98
80,81,140
81,88,138
82,95,137
83,88,157
84,93,148
85,94,144
86,94,140
87,95,138
88,81,140
89,80,141
90,79,143
91,78,145
92,66,125
93,-9,107
94,104,105
95,76,141
96,75,142
97,92,108
98,79,108
99,91,107
100,66,83
101,53,88
102,74,99
103,30,4
104,37,14
105,44,24
106,68,151
107,82,30
108,80,12
109,77,-4
110,39,65
111,18,73
112,73,63
113,28,51
114,82,73
115,84,94
116,8,80
117,25,78
118,37,81
119,53,80
120,65,77
121,74,73
122,95,62
123,9,97
124,20,50
125,101,102
126,77,85
127,-9,70
128,80,69
129,73,100
130,32,57
131,83,90
132,-6,126
133,73,61
134,91,85
135,23,161
136,20,173
137,-2,102
138,12,151
139,4,50
140,61,184
141,101,105
142,69,91
143,8,64
144,47,62
145,54,63
146,73,144
147,10,114
148,76,196
149,47,188
150,34,182
151,103,14
152,94,197
153,61,63
154,67,62
155,71,62
156,13,49
157,66,55
158,60,52
159,53,52
160,46,52
161,42,54
162,-4,49
163,43,61
164,102,115
165,75,119
166,84,101
167,91,115
168,102,53
169,35,171
170,48,178
171,78,188
172,9,162
173,71,59
174,90,73
175,96,189
176,61,192
177,0,120
178,87,138
179,86,140
180,85,143
181,85,146
182,77,155
183,75,141
184,74,141
185,73,140
186,59,132
187,24,116
188,88,67
189,81,54
190,75,55
191,76,141
192,20,137
193,90,54
194,70,165
195,105,73
196,96,69
197,104,67
198,84,85
199,97,179
200,98,168
201,84,167
202,51,152
203,65,107
204,59,160
205,45,106
206,57,115
207,37,121
208,80,178
209,78,90
210,41,160
211,53,168
212,45,143
213,11,128
214,32,145
215,3,137
216,49,127
217,83,79
218,87,97
219,80,100
220,91,91
221,75,47
222,62,40
223,51,38
224,40,40
225,32,44
226,26,59
227,-3,84
228,33,71
229,42,73
230,53,73
231,63,72
232,71,69
233,77,67
234,-9,88
235,80,103
236,91,79
237,94,96
238,97,101
239,93,98
240,82,106
241,99,102
242,98,104
243,77,61
244,82,62
245,86,63
246,39,56
247,33,51
248,111,75
249,150,67
250,110,104
251,170,44
252,129,72
253,136,73
254,143,73
255,152,70
256,122,69
257,142,51
258,133,51
259,150,53
260,154,57
261,157,76
262,124,176
263,152,65
264,172,78
265,163,72
266,136,101
267,110,129
268,109,136
269,117,133
270,120,138
271,113,138
272,117,140
273,129,151
274,112,98
275,114,90
276,164,53
277,122,81
278,125,101
279,125,97
280,156,104
281,113,82
282,151,43
283,160,46
284,166,29
285,118,46
286,125,53
287,135,145
288,159,153
289,119,105
290,113,106
291,124,146
292,122,145
293,163,43
294,124,105
295,137,43
296,139,37
297,143,5
298,164,34
299,140,19
300,167,50
301,169,47
302,110,133
303,115,136
304,119,139
305,117,106
306,123,146
307,121,145
308,121,145
309,118,100
310,115,141
311,112,139
312,107,138
313,107,158
314,110,148
315,109,144
316,109,141
317,108,138
318,116,141
319,117,143
320,119,145
321,120,147
322,129,128
323,166,116
324,118,143
325,120,144
326,111,109
327,120,110
328,112,108
329,129,87
330,141,93
331,125,102
332,158,15
333,154,25
334,153,38
335,123,154
336,122,37
337,123,16
338,125,0
339,149,73
340,163,82
341,118,66
342,160,61
343,117,75
344,123,96
345,170,90
346,160,87
347,152,88
348,138,85
349,128,81
350,120,76
351,109,63
352,169,106
353,164,62
354,109,102
355,122,87
356,169,81
357,115,71
358,125,103
359,154,66
360,122,92
361,163,135
362,117,63
363,118,86
364,152,165
365,148,176
366,171,111
367,159,157
368,170,61
369,125,185
370,107,105
371,127,94
372,166,74
373,143,69
374,137,69
375,122,147
376,167,122
377,110,196
378,131,189
379,140,184
380,130,68
381,124,66
382,119,65
383,167,61
384,124,59
385,131,58
386,139,58
387,145,60
388,149,62
389,171,61
390,147,68
391,123,122
392,120,103
393,112,116
394,143,174
395,135,180
396,112,189
397,154,167
398,119,61
399,114,74
400,122,193
401,168,128
402,112,139
403,114,142
404,115,144
405,116,148
406,116,156
407,120,143
408,122,143
409,123,142
410,133,136
411,160,123
412,113,69
413,114,57
414,117,58
415,118,143
416,158,143
417,110,56
418,120,166
419,110,69
420,119,87
421,109,168
422,136,156
423,130,110
424,129,162
425,147,112
426,137,119
427,151,126
428,112,179
429,122,92
430,142,163
431,133,170
432,142,147
433,164,135
434,151,150
435,164,144
436,141,131
437,118,81
438,120,99
439,123,103
440,119,93
441,121,51
442,135,48
443,146,48
444,154,51
445,159,55
446,158,69
447,172,94
448,154,79
449,147,80
450,137,79
451,128,76
452,121,72
453,116,69
454,167,99
455,122,105
456,116,80
457,116,98
458,111,102
459,115,100
460,119,108
461,110,102
462,108,105
463,115,63
464,112,64
465,111,65
466,150,64
467,156,61
468,53,57
469,61,57
470,53,50
471,45,57
472,53,64
473,134,62
474,143,63
475,135,56
476,125,62
477,133,69
