0,97,131
1,85,108
2,92,115
3,84,82
4,84,100
5,86,89
6,93,64
7,56,63
8,95,45
9,95,35
10,96,-3
11,97,133
12,98,136
13,99,137
14,99,145
15,99,148
16,99,153
17,99,158
18,99,163
19,87,112
20,83,112
21,48,35
22,73,67
23,67,68
24,62,69
25,56,66
26,78,65
27,61,49
28,68,49
29,55,51
30,52,54
31,53,71
32,79,175
33,54,62
34,49,66
35,52,66
36,67,101
37,88,129
38,90,135
39,81,131
40,77,134
41,84,135
42,80,136
43,74,148
44,80,108
45,78,100
46,46,47
47,79,81
48,71,105
49,72,101
50,52,100
51,80,90
52,53,39
53,47,42
54,48,22
55,78,43
56,75,52
57,69,141
58,62,135
59,77,109
60,81,112
61,73,139
62,75,139
63,46,37
64,73,108
65,63,39
66,61,33
67,62,4
68,48,30
69,64,19
70,45,44
71,47,40
72,89,133
73,82,133
74,78,135
75,79,111
76,74,139
77,76,142
78,76,139
79,76,108
80,82,137
81,86,136
82,92,137
83,91,162
84,90,157
85,90,152
86,91,147
87,92,144
88,83,141
89,81,143
90,79,145
91,78,148
92,71,128
93,58,97
94,89,114
95,80,140
96,78,141
97,84,115
98,77,112
99,83,114
100,74,85
101,64,91
102,73,104
103,53,12
104,54,23
105,51,33
106,78,153
107,75,34
108,77,17
109,76,0
110,58,68
111,50,76
112,81,63
113,50,57
114,83,76
115,72,103
116,46,81
117,50,81
118,54,83
119,64,81
120,72,77
121,78,74
122,88,66
123,45,97
124,49,56
125,84,112
126,78,88
127,54,65
128,82,69
129,74,104
130,53,62
131,74,97
132,59,115
133,82,60
134,77,93
135,61,155
136,67,163
137,48,98
138,57,145
139,47,52
140,79,183
141,87,113
142,74,94
143,51,67
144,61,65
145,66,64
146,75,143
147,47,112
148,91,195
149,76,182
150,72,174
151,95,15
152,105,198
153,72,63
154,77,62
155,80,61
156,49,55
157,76,58
158,70,57
159,64,57
160,59,58
161,56,60
162,50,48
163,58,64
164,93,122
165,75,124
166,76,108
167,84,122
168,96,54
169,67,166
170,73,174
171,88,189
172,64,151
173,80,59
174,83,78
175,102,192
176,82,190
177,51,114
178,87,143
179,85,145
180,84,149
181,83,153
182,84,158
183,77,137
184,76,137
185,74,136
186,69,134
187,51,116
188,85,70
189,84,55
190,82,56
191,79,138
192,54,134
193,86,54
194,81,166
195,89,81
196,86,74
197,91,72
198,78,90
199,101,183
200,100,172
201,90,171
202,69,151
203,70,110
204,75,160
205,58,110
206,66,119
207,56,122
208,88,181
209,76,94
210,66,157
211,72,166
212,63,142
213,50,125
214,59,143
215,53,130
216,63,129
217,80,83
218,74,106
219,73,108
220,75,101
221,78,49
222,66,45
223,57,45
224,51,47
225,49,51
226,53,64
227,48,82
228,54,74
229,59,75
230,66,74
231,74,72
232,79,69
233,82,66
234,57,81
235,75,109
236,80,86
237,76,107
238,82,111
239,78,108
240,77,112
241,82,111
242,85,113
243,83,61
244,85,62
245,85,64
246,55,61
247,51,57
248,96,81
249,156,55
250,98,111
251,201,21
252,134,63
253,142,64
254,149,63
255,161,58
256,129,61
257,141,42
258,134,43
259,150,42
260,156,44
261,169,63
262,133,176
263,159,53
264,205,57
265,181,56
266,138,98
267,108,129
268,108,135
269,120,131
270,128,133
271,118,135
272,125,136
273,140,148
274,92,107
275,92,100
276,168,38
277,122,78
278,118,104
279,120,99
280,165,96
281,94,90
282,142,31
283,156,33
284,187,9
285,109,41
286,128,46
287,146,140
288,209,133
289,112,109
290,106,111
291,139,138
292,137,138
293,161,27
294,120,107
295,127,33
296,127,26
297,144,-4
298,176,18
299,137,11
300,175,34
301,190,29
302,108,132
303,118,133
304,127,134
305,111,110
306,138,138
307,134,141
308,136,138
309,105,107
310,124,136
311,117,136
312,108,136
313,110,162
314,110,157
315,109,152
316,109,147
317,108,144
318,125,141
319,126,143
320,128,145
321,129,147
322,131,127
323,217,91
324,130,140
325,132,140
326,103,115
327,118,112
328,104,113
329,131,82
330,144,87
331,122,102
332,169,0
333,159,12
334,145,24
335,131,154
336,109,31
337,116,13
338,120,-5
339,156,61
340,180,68
341,125,59
342,167,47
343,116,74
344,110,101
345,192,74
346,172,74
347,159,78
348,143,77
349,133,74
350,124,71
351,102,65
352,190,91
353,175,46
354,91,111
355,120,86
356,216,54
357,118,67
358,125,102
359,163,52
360,112,96
361,215,111
362,125,57
363,103,92
364,178,156
365,184,165
366,207,91
367,191,144
368,198,41
369,137,185
370,93,113
371,128,92
372,191,57
373,147,59
374,141,60
375,135,142
376,191,108
377,123,197
378,153,185
379,168,177
380,135,59
381,130,58
382,127,57
383,184,44
384,130,53
385,136,52
386,142,52
387,148,52
388,153,52
389,210,36
390,152,57
391,122,123
392,111,107
393,104,122
394,165,168
395,152,177
396,120,191
397,198,151
398,127,55
399,106,77
400,138,192
401,205,110
402,117,142
403,118,145
404,119,149
405,121,153
406,122,159
407,132,137
408,134,136
409,135,135
410,140,133
411,175,113
412,109,69
413,116,52
414,123,52
415,131,137
416,181,132
417,106,52
418,128,167
419,99,74
420,112,89
421,114,171
422,149,152
423,132,109
424,140,161
425,151,107
426,140,117
427,161,120
428,117,182
429,119,93
430,159,158
431,147,168
432,155,141
433,191,122
434,168,142
435,202,127
436,149,127
437,113,82
438,107,105
439,115,106
440,101,100
441,120,45
442,131,39
443,141,38
444,151,38
445,160,41
446,171,54
447,207,74
448,164,66
449,154,69
450,143,70
451,134,68
452,127,66
453,121,63
454,217,72
455,116,108
456,104,84
457,99,106
458,97,110
459,101,107
460,115,111
461,94,111
462,96,113
463,122,57
464,116,59
465,112,61
466,156,52
467,161,48
468,63,61
469,68,61
470,63,56
471,59,62
472,64,67
473,138,55
474,144,55
475,137,49
476,133,55
477,139,61
