0,101,136
1,115,113
2,107,118
3,106,86
4,117,106
5,115,95
6,108,66
7,49,53
8,107,44
9,108,34
10,109,-7
11,101,138
12,100,141
13,99,143
14,98,143
15,99,146
16,98,150
17,97,154
18,96,161
19,113,116
20,102,115
21,0,11
22,69,62
23,62,62
24,54,61
25,44,55
26,75,60
27,62,42
28,69,43
29,54,42
30,48,44
31,34,60
32,62,173
33,46,51
34,-5,48
35,21,53
36,63,98
37,93,134
38,92,141
39,82,136
40,75,138
41,84,140
42,77,141
43,59,145
44,109,113
45,109,106
46,36,36
47,79,78
48,83,107
49,81,101
50,35,94
51,108,96
52,62,34
53,48,33
54,16,1
55,93,46
56,75,46
57,53,139
58,-14,121
59,88,111
60,94,114
61,65,141
62,67,142
63,43,27
64,80,109
65,77,38
66,77,31
67,61,-8
68,27,13
69,68,9
70,28,31
71,13,21
72,92,137
73,83,138
74,76,139
75,89,112
76,66,142
77,70,143
78,68,142
79,95,111
80,77,141
81,84,142
82,91,142
83,85,160
84,89,153
85,90,149
86,91,145
87,91,142
88,77,142
89,76,143
90,75,145
91,73,147
92,68,127
93,-21,78
94,110,117
95,72,142
96,71,142
97,96,117
98,81,113
99,95,115
100,71,81
101,57,86
102,78,104
103,36,-6
104,45,8
105,60,26
106,66,152
107,94,36
108,89,11
109,85,-9
110,47,59
111,22,64
112,79,58
113,37,45
114,86,74
115,91,106
116,7,68
117,30,72
118,43,77
119,59,76
120,70,73
121,78,70
122,100,67
123,8,86
124,28,43
125,108,116
126,81,87
127,-17,42
128,84,67
129,76,103
130,41,50
131,89,99
132,-19,98
133,78,56
134,99,97
135,17,150
136,10,157
137,-9,83
138,4,137
139,2,33
140,57,181
141,107,117
142,73,91
143,9,52
144,57,57
145,64,58
146,68,144
147,7,102
148,70,192
149,41,179
150,27,170
151,109,13
152,87,193
153,69,58
154,74,56
155,77,56
156,17,40
157,73,51
158,67,49
159,61,49
160,55,49
161,51,50
162,-10,24
163,53,55
164,105,123
165,78,124
166,89,111
167,95,123
168,106,54
169,31,163
170,43,172
171,73,187
172,-3,141
173,77,54
174,95,80
175,90,188
176,55,187
177,-9,101
178,84,142
179,83,144
180,82,147
181,81,151
182,75,157
183,71,141
184,70,140
185,69,140
186,60,132
187,23,110
188,93,70
189,86,52
190,80,51
191,72,141
192,16,128
193,95,54
194,67,164
195,112,85
196,103,77
197,110,76
198,89,91
199,93,180
200,94,170
201,81,169
202,48,149
203,68,108
204,57,158
205,48,106
206,60,116
207,37,118
208,77,179
209,82,94
210,38,155
211,49,165
212,43,139
213,7,116
214,29,139
215,-5,119
216,51,126
217,88,83
218,94,110
219,85,110
220,100,106
221,83,47
222,73,42
223,63,39
224,53,39
225,44,41
226,32,51
227,-8,65
228,40,64
229,49,68
230,60,68
231,69,67
232,76,65
233,81,63
234,-20,59
235,84,111
236,98,88
237,102,112
238,103,115
239,100,112
240,85,113
241,106,116
242,104,116
243,81,56
244,86,59
245,90,62
246,49,50
247,43,46
248,117,86
249,140,55
250,116,115
251,151,20
252,121,62
253,127,63
254,133,63
255,140,57
256,116,60
257,136,43
258,128,44
259,142,44
260,145,46
261,143,62
262,112,169
263,142,52
264,147,52
265,147,54
266,130,97
267,108,134
268,105,141
269,112,136
270,114,138
271,108,141
272,111,141
273,120,143
274,120,113
275,122,106
276,153,40
277,119,78
278,126,105
279,125,101
280,143,94
281,120,95
282,147,38
283,152,37
284,152,9
285,120,47
286,121,46
287,125,136
288,127,116
289,122,110
290,117,114
291,115,142
292,113,142
293,155,31
294,124,108
295,137,41
296,139,35
297,141,-3
298,153,20
299,139,14
300,155,35
301,153,28
302,107,138
303,110,138
304,112,139
305,120,112
306,114,142
307,113,144
308,113,142
309,122,110
310,109,142
311,107,142
312,103,142
313,103,159
314,104,153
315,105,149
316,104,145
317,103,142
318,109,142
319,110,143
320,112,145
321,112,147
322,124,126
323,134,79
324,110,142
325,112,143
326,114,117
327,121,112
328,116,115
329,123,81
330,132,86
331,124,103
332,150,1
333,149,15
334,149,31
335,115,149
336,125,39
337,127,14
338,128,-5
339,138,61
340,146,66
341,114,59
342,147,48
343,116,74
344,126,105
345,149,70
346,145,74
347,139,78
348,129,77
349,121,74
350,116,71
351,113,67
352,149,86
353,150,46
354,116,116
355,120,87
356,141,47
357,113,68
358,123,102
359,143,52
360,124,99
361,131,97
362,114,56
363,123,97
364,127,144
365,121,149
366,144,83
367,132,131
368,150,39
369,111,176
370,113,117
371,123,91
372,148,54
373,134,59
374,128,59
375,114,145
376,145,101
377,99,189
378,112,173
379,116,163
380,122,58
381,117,56
382,114,56
383,152,43
384,120,49
385,126,46
386,133,46
387,138,47
388,140,49
389,148,31
390,138,57
391,121,123
392,123,110
393,113,123
394,121,156
395,116,166
396,103,184
397,123,134
398,116,53
399,117,80
400,107,182
401,140,99
402,106,142
403,108,144
404,109,147
405,109,150
406,110,155
407,112,141
408,113,141
409,115,140
410,126,130
411,142,108
412,114,70
413,113,53
414,115,52
415,110,142
416,136,123
417,111,56
418,111,161
419,115,77
420,120,91
421,103,167
422,123,145
423,126,108
424,117,154
425,137,105
426,130,115
427,138,116
428,104,177
429,121,94
430,124,149
431,118,159
432,129,135
433,141,113
434,132,134
435,136,115
436,131,124
437,118,83
438,124,109
439,125,109
440,125,105
441,120,48
442,132,43
443,141,42
444,147,42
445,149,44
446,144,53
447,146,67
448,141,66
449,135,69
450,128,69
451,120,67
452,116,65
453,113,63
454,136,62
455,123,110
456,119,88
457,123,111
458,118,114
459,121,111
460,121,112
461,117,115
462,115,116
463,112,57
464,111,60
465,111,63
466,141,50
467,145,48
468,58,51
469,65,52
470,58,45
471,50,51
472,57,58
473,127,51
474,134,51
475,127,44
476,120,51
477,126,58
