0,94,136
1,84,107
2,92,114
3,82,82
4,83,99
5,84,89
6,91,65
7,55,60
8,92,47
9,90,37
10,90,1
11,95,139
12,96,141
13,98,142
14,98,143
15,97,146
16,97,151
17,99,155
18,103,162
19,87,111
20,83,111
21,51,38
22,73,66
23,66,67
24,61,67
25,55,63
26,78,64
27,60,47
28,68,48
29,55,49
30,52,52
31,53,70
32,86,172
33,54,58
34,56,68
35,51,65
36,69,101
37,88,135
38,91,141
39,84,136
40,82,139
41,88,141
42,85,142
43,78,149
44,79,106
45,77,99
46,46,48
47,79,81
48,71,104
49,72,100
50,57,100
51,79,90
52,53,40
53,48,43
54,49,25
55,77,44
56,75,50
57,73,142
58,76,133
59,76,109
60,82,111
61,81,143
62,83,143
63,47,39
64,73,108
65,62,40
66,61,34
67,60,8
68,48,32
69,60,21
70,46,45
71,48,42
72,89,138
73,85,139
74,83,140
75,79,110
76,82,143
77,83,144
78,83,143
79,76,106
80,87,142
81,90,142
82,93,142
83,95,161
84,91,154
85,91,150
86,91,146
87,93,143
88,87,142
89,86,144
90,84,146
91,83,148
92,73,128
93,70,98
94,89,113
95,86,142
96,84,143
97,84,114
98,77,112
99,83,113
100,75,85
101,67,91
102,73,104
103,52,15
104,52,25
105,52,35
106,82,153
107,74,35
108,73,20
109,72,3
110,57,66
111,49,76
112,80,62
113,50,56
114,82,76
115,72,102
116,53,82
117,49,81
118,53,84
119,63,81
120,71,77
121,76,73
122,86,67
123,53,97
124,49,56
125,84,110
126,78,88
127,63,67
128,80,70
129,74,104
130,54,59
131,73,97
132,73,115
133,81,59
134,76,93
135,72,153
136,80,160
137,59,98
138,69,142
139,52,54
140,87,180
141,87,112
142,74,94
143,50,67
144,60,62
145,66,62
146,82,145
147,57,111
148,99,191
149,87,179
150,83,171
151,89,18
152,112,194
153,71,61
154,76,60
155,79,59
156,49,55
157,75,54
158,69,53
159,63,52
160,57,54
161,55,56
162,55,51
163,57,61
164,94,120
165,77,124
166,75,107
167,85,121
168,93,56
169,77,163
170,82,171
171,95,186
172,78,148
173,79,57
174,81,79
175,108,189
176,91,186
177,63,113
178,89,143
179,88,145
180,87,148
181,86,152
182,88,158
183,84,142
184,82,142
185,81,141
186,72,135
187,58,116
188,84,71
189,83,54
190,81,55
191,86,142
192,64,133
193,84,54
194,87,165
195,87,81
196,84,75
197,89,73
198,77,90
199,106,181
200,105,170
201,95,169
202,75,151
203,71,110
204,81,159
205,63,110
206,68,118
207,62,122
208,94,179
209,76,94
210,74,156
211,80,164
212,69,142
213,60,123
214,67,142
215,66,128
216,67,129
217,80,83
218,74,105
219,73,107
220,74,100
221,77,48
222,66,45
223,57,45
224,51,47
225,49,50
226,53,62
227,57,83
228,54,73
229,58,75
230,65,73
231,72,71
232,78,68
233,81,66
234,67,82
235,75,109
236,79,85
237,76,106
238,82,109
239,78,107
240,77,111
241,82,110
242,85,112
243,82,60
244,84,62
245,83,64
246,54,57
247,52,55
248,94,82
249,149,55
250,98,111
251,195,25
252,127,62
253,134,62
254,142,63
255,154,58
256,120,60
257,136,42
258,128,43
259,145,43
260,151,45
261,162,64
262,137,174
263,152,53
264,198,59
265,174,58
266,136,98
267,103,134
268,105,140
269,115,136
270,124,138
271,114,140
272,122,140
273,141,148
274,91,106
275,91,99
276,163,40
277,120,79
278,118,103
279,119,99
280,161,96
281,92,90
282,139,34
283,152,36
284,180,12
285,105,43
286,121,46
287,146,141
288,208,133
289,113,108
290,106,111
291,137,140
292,135,140
293,158,30
294,120,107
295,123,37
296,124,31
297,136,0
298,169,21
299,129,15
300,171,36
301,183,31
302,104,137
303,114,138
304,123,139
305,111,110
306,136,140
307,131,142
308,134,140
309,104,106
310,122,141
311,114,141
312,106,142
313,114,161
314,108,154
315,107,150
316,106,145
317,106,142
318,122,141
319,123,142
320,125,144
321,126,147
322,132,127
323,214,92
324,128,141
325,129,141
326,104,114
327,119,112
328,105,112
329,128,83
330,141,88
331,122,102
332,160,3
333,151,15
334,142,28
335,133,154
336,106,34
337,110,16
338,113,0
339,149,61
340,172,70
341,116,59
342,161,49
343,113,75
344,109,101
345,186,75
346,164,76
347,151,79
348,135,78
349,125,74
350,117,71
351,99,66
352,186,92
353,170,48
354,91,110
355,119,87
356,210,57
357,110,67
358,125,103
359,157,53
360,111,96
361,213,112
362,117,56
363,101,92
364,178,155
365,185,164
366,202,93
367,190,143
368,191,44
369,141,183
370,93,112
371,127,92
372,184,59
373,140,57
374,133,58
375,132,143
376,187,108
377,129,193
378,157,183
379,170,175
380,128,57
381,122,57
382,119,56
383,179,46
384,123,50
385,129,48
386,136,48
387,143,49
388,147,51
389,204,39
390,145,56
391,122,123
392,111,107
393,105,121
394,167,166
395,155,175
396,126,188
397,198,150
398,119,54
399,104,78
400,143,189
401,202,110
402,114,142
403,115,144
404,116,147
405,118,151
406,124,158
407,129,140
408,130,140
409,131,139
410,140,133
411,172,113
412,106,70
413,110,52
414,115,52
415,128,141
416,179,132
417,101,53
418,131,166
419,96,74
420,111,89
421,118,170
422,150,152
423,132,109
424,142,160
425,149,107
426,139,117
427,159,120
428,122,180
429,118,93
430,160,157
431,149,167
432,155,141
433,188,121
434,168,142
435,199,127
436,148,127
437,111,82
438,106,105
439,115,106
440,100,100
441,114,46
442,126,41
443,137,39
444,147,40
445,155,43
446,164,56
447,201,76
448,156,67
449,147,70
450,135,69
451,126,67
452,119,65
453,113,63
454,213,74
455,116,108
456,102,85
457,98,105
458,96,109
459,100,107
460,115,111
461,94,110
462,96,112
463,114,57
464,109,59
465,105,62
466,150,52
467,156,49
468,68,56
469,74,56
470,68,50
471,62,57
472,68,62
473,135,52
474,141,52
475,135,46
476,128,52
477,134,58
