0,97,134
1,94,114
2,95,118
3,89,87
4,94,107
5,95,96
6,96,68
7,44,60
8,96,46
9,96,36
10,97,-3
11,97,136
12,97,137
13,97,138
14,98,149
15,98,152
16,97,157
17,97,161
18,96,162
19,95,117
20,88,115
21,23,25
22,65,69
23,58,69
24,51,68
25,42,62
26,71,67
27,55,43
28,63,45
29,47,44
30,42,47
31,37,66
32,72,169
33,42,56
34,20,59
35,31,59
36,61,101
37,89,132
38,89,137
39,81,133
40,76,135
41,83,137
42,79,137
43,67,144
44,89,113
45,88,106
46,34,39
47,76,82
48,75,108
49,74,103
50,41,98
51,88,96
52,50,34
53,40,35
54,28,14
55,80,44
56,70,49
57,62,137
58,31,124
59,80,112
60,85,115
61,70,139
62,71,139
63,38,29
64,75,110
65,63,36
66,62,30
67,54,0
68,32,22
69,58,15
70,31,35
71,26,32
72,89,135
73,82,135
74,77,136
75,81,113
76,70,139
77,73,143
78,72,139
79,82,111
80,80,138
81,84,137
82,90,138
83,87,161
84,88,160
85,88,156
86,89,151
87,90,148
88,80,144
89,78,145
90,76,147
91,74,149
92,68,127
93,23,87
94,95,118
95,76,142
96,75,142
97,87,117
98,77,114
99,86,116
100,68,86
101,57,91
102,73,106
103,38,5
104,42,16
105,48,27
106,72,151
107,78,34
108,76,16
109,74,-2
110,45,66
111,31,71
112,75,66
113,36,50
114,80,78
115,78,106
116,25,76
117,34,78
118,43,82
119,56,82
120,66,79
121,73,76
122,89,70
123,26,92
124,32,48
125,91,116
126,76,90
127,20,55
128,79,73
129,73,105
130,39,56
131,78,101
132,26,105
133,75,63
134,83,98
135,45,148
136,46,153
137,21,90
138,37,136
139,23,44
140,71,175
141,92,117
142,70,95
143,26,59
144,51,64
145,58,65
146,71,144
147,29,106
148,83,186
149,64,173
150,55,165
151,97,16
152,97,188
153,64,64
154,70,63
155,73,63
156,28,45
157,69,55
158,62,51
159,56,50
160,49,51
161,45,53
162,20,39
163,47,62
164,95,123
165,75,124
166,79,111
167,86,123
168,96,57
169,54,158
170,62,166
171,82,182
172,38,141
173,73,60
174,84,82
175,97,185
176,72,180
177,25,106
178,84,146
179,83,148
180,81,152
181,80,156
182,79,157
183,75,138
184,73,138
185,72,137
186,64,131
187,37,112
188,85,73
189,80,57
190,76,57
191,76,138
192,38,128
193,87,58
194,75,162
195,95,87
196,89,79
197,95,78
198,80,94
199,97,178
200,97,170
201,85,168
202,60,147
203,67,111
204,67,155
205,51,109
206,61,117
207,46,119
208,83,176
209,76,97
210,55,151
211,64,160
212,55,137
213,32,118
214,47,138
215,29,121
216,56,126
217,80,86
218,80,110
219,77,111
220,82,106
221,75,49
222,63,42
223,52,40
224,44,41
225,39,44
226,36,57
227,20,74
228,40,70
229,48,74
230,57,75
231,66,73
232,73,71
233,77,69
234,21,71
235,77,112
236,84,90
237,84,112
238,88,115
239,84,112
240,79,114
241,89,116
242,90,117
243,77,63
244,81,66
245,83,68
246,43,55
247,39,51
248,101,87
249,152,60
250,102,116
251,177,25
252,129,68
253,137,68
254,144,68
255,155,62
256,123,67
257,141,44
258,132,46
259,150,44
260,155,47
261,160,66
262,122,170
263,155,57
264,180,59
265,167,59
266,132,101
267,106,132
268,105,136
269,114,133
270,119,134
271,111,136
272,116,136
273,128,145
274,100,113
275,101,106
276,163,38
277,118,82
278,117,108
279,118,104
280,154,98
281,101,96
282,147,33
283,157,33
284,170,14
285,114,45
286,125,51
287,133,138
288,171,125
289,111,113
290,106,115
291,126,138
292,124,138
293,160,28
294,117,111
295,134,36
296,135,30
297,141,0
298,165,23
299,136,15
300,167,34
301,172,32
302,106,134
303,113,135
304,118,135
305,110,114
306,125,138
307,123,142
308,123,138
309,108,112
310,115,137
311,110,137
312,104,137
313,106,162
314,107,160
315,107,156
316,106,151
317,105,147
318,116,143
319,118,145
320,119,147
321,121,149
322,125,127
323,180,88
324,119,141
325,121,141
326,104,118
327,115,114
328,105,116
329,125,86
330,137,91
331,119,106
332,159,5
333,154,17
334,149,26
335,122,151
336,116,35
337,118,16
338,121,-2
339,151,66
340,167,71
341,119,66
342,161,50
343,113,78
344,113,107
345,173,76
346,163,78
347,153,83
348,138,82
349,128,79
350,120,76
351,103,70
352,171,92
353,166,48
354,98,116
355,117,91
356,182,55
357,114,74
358,120,106
359,158,56
360,113,101
361,177,106
362,120,63
363,107,98
364,153,149
365,154,155
366,179,91
367,163,138
368,176,44
369,124,176
370,98,117
371,123,95
372,173,59
373,144,64
374,137,64
375,124,143
376,169,107
377,111,187
378,133,174
379,142,166
380,131,64
381,125,63
382,121,63
383,170,45
384,127,56
385,133,53
386,140,52
387,147,53
388,151,54
389,181,39
390,149,62
391,118,124
392,111,112
393,105,124
394,143,159
395,134,168
396,111,183
397,163,142
398,122,61
399,107,82
400,123,181
401,175,107
402,111,145
403,113,148
404,114,152
405,115,155
406,115,157
407,120,137
408,122,136
409,123,136
410,130,132
411,159,113
412,108,73
413,114,58
414,118,58
415,119,138
416,159,129
417,106,59
418,119,163
419,102,79
420,112,94
421,108,168
422,135,147
423,126,111
424,128,156
425,144,109
426,133,118
427,149,120
428,110,176
429,116,97
430,141,152
431,132,161
432,140,138
433,167,119
434,150,139
435,171,122
436,138,126
437,112,86
438,110,110
439,115,111
440,107,106
441,120,50
442,133,43
443,144,40
444,153,41
445,159,44
446,162,57
447,180,75
448,156,71
449,148,74
450,138,74
451,128,73
452,121,71
453,116,70
454,182,71
455,114,112
456,107,90
457,105,112
458,102,115
459,105,112
460,113,114
461,100,116
462,100,117
463,117,64
464,113,66
465,110,68
466,153,55
467,158,51
468,56,57
469,63,57
470,56,50
471,49,57
472,56,64
473,138,58
474,146,58
475,138,52
476,131,58
477,138,65
