0,96,134
1,91,110
2,94,117
3,87,83
4,90,102
5,91,91
6,94,64
7,51,58
8,94,39
9,93,28
10,93,-9
11,96,137
12,97,141
13,98,143
14,98,143
15,98,147
16,98,151
17,98,156
18,99,161
19,92,114
20,87,113
21,32,26
22,70,66
23,63,67
24,57,66
25,49,60
26,76,64
27,58,41
28,67,42
29,51,43
30,47,46
31,45,66
32,78,169
33,49,55
34,33,60
35,40,60
36,65,101
37,89,132
38,90,140
39,82,134
40,79,137
41,85,140
42,82,140
43,74,149
44,86,110
45,84,102
46,38,40
47,77,81
48,75,107
49,75,102
50,48,100
51,85,92
52,50,32
53,42,34
54,35,13
55,79,40
56,74,45
57,69,142
58,48,129
59,80,111
60,85,114
61,75,141
62,76,141
63,39,29
64,76,110
65,62,33
66,60,27
67,55,-4
68,37,21
69,58,11
70,36,36
71,34,31
72,89,137
73,84,138
74,80,139
75,82,113
76,75,141
77,78,143
78,77,141
79,81,109
80,83,142
81,87,142
82,92,143
83,91,160
84,90,155
85,90,150
86,91,146
87,92,143
88,83,142
89,82,143
90,80,145
91,79,148
92,73,130
93,41,91
94,93,115
95,81,141
96,79,142
97,87,117
98,79,114
99,86,115
100,71,85
101,61,91
102,75,106
103,42,2
104,44,13
105,48,25
106,78,153
107,76,29
108,73,10
109,71,-7
110,52,64
111,39,72
112,80,62
113,43,50
114,81,76
115,77,104
116,35,77
117,41,79
118,48,82
119,61,81
120,70,77
121,77,74
122,88,66
123,36,94
124,39,49
125,89,113
126,78,89
127,35,57
128,81,69
129,76,106
130,47,55
131,77,99
132,44,109
133,80,59
134,81,95
135,56,151
136,59,157
137,35,93
138,49,141
139,33,45
140,78,175
141,91,115
142,73,95
143,37,61
144,57,61
145,63,62
146,77,144
147,39,109
148,90,184
149,74,173
150,67,167
151,93,10
152,102,186
153,69,61
154,75,60
155,78,59
156,36,47
157,74,51
158,68,48
159,61,48
160,55,49
161,52,52
162,32,40
163,53,60
164,95,123
165,78,126
166,80,110
167,87,124
168,94,51
169,64,161
170,71,168
171,88,181
172,53,145
173,78,56
174,84,79
175,101,183
176,81,180
177,39,110
178,87,142
179,86,145
180,85,148
181,84,152
182,84,157
183,79,141
184,77,140
185,76,139
186,70,136
187,46,115
188,85,70
189,83,52
190,80,53
191,81,141
192,49,132
193,86,52
194,81,163
195,92,82
196,87,75
197,93,73
198,80,92
199,100,177
200,100,169
201,89,168
202,68,151
203,71,112
204,74,158
205,56,110
206,65,119
207,53,122
208,88,175
209,78,96
210,63,155
211,71,162
212,62,142
213,43,122
214,55,142
215,43,125
216,62,130
217,81,84
218,79,108
219,77,110
220,80,103
221,77,44
222,65,39
223,54,38
224,47,40
225,43,44
226,44,58
227,33,76
228,47,70
229,53,73
230,62,73
231,71,71
232,77,68
233,81,66
234,38,74
235,78,111
236,83,87
237,82,109
238,86,112
239,83,110
240,80,114
241,87,113
242,89,114
243,82,59
244,84,61
245,85,63
246,50,53
247,46,50
248,98,83
249,148,57
250,100,113
251,187,19
252,129,65
253,136,66
254,143,65
255,153,59
256,123,64
257,137,39
258,129,41
259,145,41
260,151,44
261,161,65
262,127,171
263,151,54
264,191,55
265,171,57
266,134,100
267,105,132
268,105,140
269,114,134
270,120,136
271,112,139
272,118,139
273,132,149
274,97,110
275,97,102
276,162,36
277,119,80
278,116,106
279,117,102
280,158,98
281,98,92
282,141,28
283,152,30
284,176,6
285,109,38
286,122,45
287,137,142
288,187,128
289,111,111
290,106,113
291,128,139
292,127,139
293,157,24
294,117,110
295,126,30
296,126,23
297,139,-8
298,168,15
299,133,7
300,168,32
301,179,26
302,105,136
303,113,137
304,119,137
305,110,112
306,128,139
307,124,141
308,126,139
309,107,109
310,117,140
311,111,141
312,105,142
313,108,161
314,107,154
315,106,150
316,105,146
317,105,142
318,117,140
319,118,142
320,120,144
321,121,146
322,126,129
323,196,88
324,122,140
325,123,140
326,103,116
327,116,114
328,104,115
329,127,84
330,139,89
331,119,105
332,161,-3
333,154,8
334,143,21
335,126,154
336,109,26
337,114,8
338,117,-10
339,149,63
340,171,70
341,118,62
342,160,48
343,113,75
344,111,104
345,181,74
346,164,77
347,154,81
348,138,80
349,128,77
350,120,73
351,101,65
352,179,92
353,167,46
354,96,113
355,117,88
356,197,52
357,114,69
358,121,105
359,155,54
360,112,98
361,193,108
362,118,59
363,105,94
364,164,152
365,166,158
366,191,90
367,175,141
368,185,39
369,130,177
370,96,115
371,124,94
372,179,58
373,141,60
374,135,61
375,126,142
376,178,108
377,117,185
378,141,175
379,153,169
380,130,61
381,124,60
382,120,60
383,174,43
384,125,52
385,131,49
386,137,48
387,143,49
388,147,51
389,194,34
390,145,58
391,119,125
392,111,110
393,105,123
394,152,162
395,141,170
396,116,182
397,178,146
398,120,56
399,106,78
400,129,181
401,189,108
402,111,141
403,113,144
404,114,147
405,115,151
406,118,158
407,123,139
408,124,138
409,125,137
410,133,135
411,165,114
412,107,69
413,112,52
414,117,53
415,121,140
416,168,132
417,104,52
418,123,164
419,100,75
420,111,91
421,111,168
422,141,151
423,128,111
424,133,159
425,146,109
426,135,119
427,153,121
428,114,176
429,116,95
430,148,156
431,138,164
432,146,142
433,177,121
434,157,142
435,184,125
436,142,129
437,112,83
438,108,108
439,114,109
440,104,103
441,116,44
442,128,37
443,138,36
444,148,37
445,155,41
446,162,56
447,192,73
448,156,69
449,148,72
450,138,72
451,128,70
452,121,68
453,116,66
454,197,69
455,114,111
456,105,86
457,103,109
458,100,112
459,103,110
460,113,113
461,98,113
462,98,114
463,116,59
464,112,61
465,108,63
466,149,53
467,155,48
468,67,54
469,75,53
470,66,46
471,59,54
472,67,61
473,136,54
474,144,53
475,136,46
476,129,54
477,137,61
