0,97,134
1,93,112
2,96,117
3,88,84
4,92,104
5,93,93
6,96,64
7,53,56
8,96,43
9,96,33
10,96,-8
11,97,136
12,98,138
13,99,140
14,99,142
15,99,146
16,99,150
17,99,154
18,100,158
19,94,115
20,88,114
21,34,22
22,73,63
23,66,64
24,59,64
25,52,59
26,78,62
27,59,42
28,68,43
29,53,43
30,49,45
31,48,63
32,78,167
33,51,54
34,32,55
35,43,56
36,66,99
37,91,133
38,92,138
39,85,134
40,83,136
41,88,138
42,86,138
43,75,145
44,87,111
45,86,104
46,40,38
47,79,79
48,76,106
49,77,102
50,48,97
51,87,94
52,51,33
53,43,34
54,37,10
55,80,42
56,75,46
57,70,139
58,46,123
59,82,111
60,86,113
61,80,140
62,82,140
63,41,28
64,77,109
65,62,35
66,60,29
67,58,-3
68,39,20
69,61,12
70,38,33
71,35,29
72,91,136
73,87,136
74,84,137
75,83,112
76,81,140
77,82,142
78,82,140
79,83,110
80,87,139
81,90,139
82,94,139
83,93,157
84,92,153
85,92,149
86,93,145
87,94,142
88,87,140
89,86,142
90,84,144
91,83,146
92,74,128
93,39,84
94,95,116
95,85,140
96,84,141
97,88,116
98,80,113
99,87,115
100,73,83
101,62,88
102,77,104
103,44,1
104,47,14
105,49,26
106,79,150
107,76,32
108,76,12
109,74,-6
110,54,62
111,42,68
112,81,60
113,45,48
114,83,74
115,78,105
116,34,73
117,45,75
118,51,80
119,64,79
120,73,76
121,79,72
122,90,66
123,36,90
124,41,46
125,90,114
126,79,88
127,35,51
128,83,69
129,77,104
130,49,53
131,79,99
132,42,103
133,81,57
134,82,96
135,54,147
136,57,153
137,34,88
138,47,136
139,34,41
140,78,174
141,92,116
142,74,93
143,40,56
144,59,59
145,65,60
146,81,143
147,39,105
148,89,184
149,72,171
150,65,164
151,95,12
152,103,186
153,71,59
154,76,58
155,80,58
156,39,43
157,75,51
158,69,49
159,63,48
160,57,49
161,54,51
162,33,35
163,56,58
164,97,123
165,79,124
166,81,110
167,89,123
168,96,53
169,62,158
170,70,166
171,88,180
172,51,140
173,79,55
174,85,79
175,102,182
176,80,179
177,37,104
178,90,141
179,89,143
180,87,147
181,87,150
182,85,154
183,84,139
184,82,139
185,81,138
186,71,133
187,46,112
188,86,70
189,84,53
190,81,53
191,85,139
192,48,128
193,88,54
194,81,161
195,94,83
196,89,76
197,95,74
198,81,91
199,101,175
200,101,166
201,90,165
202,68,148
203,72,110
204,74,155
205,57,108
206,66,117
207,54,119
208,88,173
209,79,95
210,63,152
211,71,160
212,62,139
213,42,117
214,55,138
215,41,120
216,63,127
217,82,83
218,80,108
219,78,109
220,81,104
221,77,46
222,66,40
223,56,39
224,48,40
225,45,42
226,46,55
227,32,71
228,50,68
229,56,71
230,65,71
231,73,69
232,79,67
233,83,65
234,38,67
235,79,111
236,84,87
237,83,110
238,87,113
239,84,110
240,81,113
241,88,114
242,90,115
243,83,58
244,86,61
245,86,64
246,52,53
247,47,49
248,100,84
249,150,55
250,102,114
251,187,18
252,130,62
253,137,63
254,144,62
255,154,57
256,124,61
257,140,40
258,132,41
259,148,41
260,154,44
261,163,63
262,129,169
263,153,52
264,193,53
265,173,56
266,135,99
267,105,133
268,105,138
269,114,134
270,121,136
271,113,138
272,119,138
273,133,146
274,99,111
275,99,104
276,165,37
277,120,79
278,118,107
279,119,102
280,160,96
281,100,94
282,145,31
283,156,32
284,176,6
285,112,40
286,125,45
287,139,140
288,192,124
289,113,111
290,108,113
291,130,139
292,128,139
293,161,27
294,119,109
295,131,33
296,132,26
297,141,-6
298,168,17
299,135,10
300,171,33
301,179,26
302,105,136
303,113,136
304,120,137
305,112,112
306,129,139
307,125,141
308,127,139
309,109,110
310,118,139
311,112,139
312,106,139
313,109,158
314,107,153
315,107,149
316,106,145
317,106,142
318,118,140
319,119,142
320,121,144
321,122,146
322,128,128
323,200,83
324,123,140
325,124,141
326,105,117
327,118,113
328,106,115
329,128,83
330,141,88
331,121,105
332,162,-2
333,154,11
334,148,24
335,127,151
336,114,30
337,116,11
338,119,-8
339,151,61
340,172,68
341,120,59
342,162,47
343,115,74
344,113,105
345,183,72
346,166,75
347,155,79
348,139,78
349,129,75
350,121,72
351,103,66
352,182,90
353,170,46
354,98,115
355,119,87
356,199,48
357,115,68
358,123,104
359,157,52
360,114,99
361,198,103
362,120,56
363,107,96
364,168,150
365,171,156
366,194,87
367,179,138
368,187,38
369,132,176
370,98,116
371,126,93
372,182,56
373,143,57
374,137,58
375,126,142
376,181,105
377,119,185
378,144,174
379,156,167
380,131,58
381,125,57
382,122,57
383,177,43
384,126,50
385,133,48
386,139,48
387,145,49
388,149,50
389,194,31
390,147,56
391,121,125
392,113,110
393,106,123
394,156,161
395,144,169
396,118,181
397,183,142
398,122,54
399,108,79
400,132,181
401,192,105
402,112,141
403,113,143
404,114,147
405,115,150
406,119,155
407,124,139
408,125,138
409,126,138
410,134,134
411,168,112
412,109,69
413,114,52
414,119,52
415,123,139
416,171,129
417,106,53
418,125,162
419,102,76
420,113,91
421,113,166
422,143,149
423,130,110
424,135,157
425,148,108
426,137,117
427,156,120
428,116,175
429,118,95
430,151,154
431,141,162
432,148,140
433,180,118
434,160,140
435,189,121
436,144,127
437,113,83
438,111,109
439,116,110
440,106,104
441,119,44
442,131,39
443,142,37
444,151,38
445,158,42
446,164,54
447,195,70
448,158,67
449,149,70
450,139,70
451,129,68
452,122,66
453,117,64
454,200,65
455,116,111
456,107,87
457,105,110
458,102,113
459,105,111
460,115,113
461,100,114
462,100,115
463,117,57
464,113,60
465,110,63
466,151,51
467,157,48
468,69,53
469,76,53
470,68,46
471,62,54
472,69,60
473,137,51
474,144,51
475,136,45
476,130,52
477,137,58
