0,99,129
1,86,109
2,93,115
3,83,83
4,85,101
5,87,90
6,92,65
7,55,61
8,93,46
9,92,36
10,92,-3
11,99,132
12,100,135
13,101,136
14,102,155
15,102,157
16,102,161
17,103,164
18,104,167
19,89,112
20,84,112
21,43,34
22,72,69
23,66,69
24,60,68
25,54,64
26,77,67
27,61,48
28,68,49
29,54,49
30,51,52
31,50,69
32,84,174
33,54,59
34,44,66
35,47,63
36,64,100
37,88,128
38,91,134
39,80,130
40,76,133
41,85,135
42,80,136
43,74,146
44,81,108
45,79,101
46,43,46
47,77,81
48,71,105
49,71,100
50,48,98
51,81,91
52,52,38
53,46,40
54,44,21
55,78,43
56,75,52
57,69,138
58,60,134
59,76,109
60,82,112
61,73,140
62,75,140
63,44,36
64,72,108
65,62,38
66,60,32
67,58,3
68,44,28
69,60,17
70,42,43
71,42,39
72,89,132
73,82,133
74,78,135
75,78,111
76,74,140
77,76,145
78,76,140
79,77,108
80,82,137
81,87,136
82,93,136
83,95,166
84,92,163
85,91,160
86,92,156
87,93,154
88,83,148
89,81,149
90,79,151
91,78,153
92,70,126
93,53,97
94,91,114
95,80,145
96,78,145
97,84,115
98,75,112
99,83,113
100,71,85
101,61,90
102,71,103
103,48,10
104,50,21
105,50,32
106,80,154
107,74,33
108,74,16
109,72,-1
110,56,67
111,45,74
112,81,65
113,48,55
114,81,77
115,73,103
116,41,80
117,46,79
118,51,82
119,62,81
120,71,78
121,77,75
122,87,67
123,40,95
124,45,54
125,85,112
126,76,89
127,49,64
128,81,71
129,72,103
130,52,60
131,74,98
132,55,115
133,82,63
134,77,94
135,63,154
136,69,162
137,43,97
138,56,143
139,43,51
140,84,182
141,88,114
142,72,94
143,45,64
144,60,64
145,65,65
146,75,146
147,42,110
148,97,194
149,81,181
150,76,173
151,92,15
152,111,197
153,71,65
154,76,64
155,80,63
156,44,52
157,76,58
158,70,55
159,64,55
160,59,56
161,56,57
162,45,48
163,57,63
164,95,120
165,74,122
166,75,109
167,85,121
168,94,55
169,71,164
170,78,173
171,94,189
172,64,150
173,80,60
174,82,79
175,108,192
176,88,188
177,46,113
178,87,152
179,85,153
180,84,156
181,83,159
182,86,161
183,77,138
184,75,137
185,74,136
186,68,131
187,47,115
188,84,71
189,83,56
190,81,57
191,79,138
192,52,133
193,85,56
194,85,167
195,89,82
196,85,76
197,90,74
198,77,91
199,106,184
200,105,174
201,94,173
202,71,149
203,68,109
204,78,159
205,56,109
206,64,117
207,54,121
208,93,181
209,75,94
210,69,156
211,77,165
212,64,139
213,47,123
214,59,141
215,50,129
216,62,126
217,79,84
218,75,107
219,73,108
220,75,102
221,77,49
222,66,45
223,56,44
224,50,46
225,47,49
226,50,61
227,43,81
228,51,72
229,56,74
230,64,74
231,72,73
232,78,71
233,82,69
234,52,81
235,74,109
236,80,86
237,77,108
238,83,111
239,79,109
240,76,111
241,83,112
242,86,113
243,83,63
244,85,64
245,84,66
246,54,58
247,50,55
248,96,83
249,154,59
250,99,112
251,195,23
252,132,66
253,139,67
254,147,66
255,159,61
256,126,65
257,141,43
258,133,44
259,150,44
260,157,47
261,167,65
262,137,176
263,158,57
264,201,59
265,178,58
266,139,97
267,111,127
268,112,134
269,126,129
270,137,131
271,124,133
272,134,134
273,146,146
274,93,108
275,93,101
276,168,38
277,121,79
278,119,104
279,121,99
280,166,95
281,94,91
282,144,31
283,157,33
284,182,10
285,109,41
286,126,48
287,152,137
288,206,134
289,114,109
290,107,111
291,152,136
292,150,137
293,163,27
294,122,106
295,128,33
296,128,26
297,140,-4
298,172,20
299,133,12
300,175,34
301,185,30
302,112,131
303,125,131
304,136,132
305,113,110
306,151,136
307,145,143
308,148,137
309,107,108
310,133,135
311,123,135
312,113,135
313,116,166
314,116,162
315,115,159
316,115,156
317,114,153
318,135,147
319,136,147
320,138,149
321,139,150
322,137,125
323,213,93
324,142,143
325,143,143
326,105,114
327,121,111
328,106,113
329,131,83
330,144,87
331,124,102
332,164,0
333,155,13
334,147,24
335,138,154
336,110,30
337,113,13
338,116,-5
339,155,64
340,176,69
341,121,63
342,166,50
343,115,75
344,111,102
345,190,75
346,169,76
347,156,79
348,141,79
349,130,76
350,121,73
351,100,67
352,190,91
353,174,47
354,93,112
355,120,87
356,210,56
357,115,70
358,127,102
359,162,56
360,113,96
361,212,113
362,122,61
363,103,93
364,179,156
365,183,166
366,205,93
367,191,144
368,193,43
369,140,185
370,94,114
371,129,92
372,188,58
373,146,62
374,139,63
375,147,143
376,192,107
377,127,196
378,155,185
379,168,177
380,133,63
381,127,62
382,124,61
383,182,45
384,129,55
385,135,53
386,141,52
387,148,53
388,152,54
389,204,38
390,151,61
391,127,121
392,113,108
393,108,120
394,166,168
395,154,177
396,124,191
397,196,152
398,124,59
399,105,78
400,141,192
401,205,111
402,125,150
403,126,152
404,128,154
405,129,157
406,129,161
407,143,135
408,145,134
409,146,133
410,146,130
411,178,112
412,107,70
413,114,54
414,120,55
415,142,135
416,183,132
417,104,55
418,133,168
419,98,75
420,112,90
421,119,174
422,153,150
423,135,108
424,144,160
425,154,106
426,144,115
427,165,119
428,122,183
429,120,93
430,161,157
431,150,168
432,159,139
433,192,122
434,171,141
435,201,128
436,153,124
437,113,83
438,109,106
439,117,107
440,102,101
441,119,46
442,131,40
443,142,39
444,152,40
445,161,43
446,169,57
447,204,76
448,161,69
449,152,72
450,141,72
451,131,71
452,124,69
453,118,67
454,213,74
455,118,108
456,104,85
457,100,107
458,98,111
459,102,109
460,117,110
461,96,112
462,97,113
463,118,61
464,114,63
465,109,64
466,155,55
467,161,51
468,72,60
469,80,61
470,72,54
471,64,60
472,72,67
473,145,57
474,154,56
475,145,49
476,137,57
477,146,64
