0,98,131
1,102,111
2,99,116
3,95,84
4,102,103
5,102,92
6,101,66
7,43,60
8,101,45
9,101,34
10,102,-4
11,98,135
12,98,139
13,97,141
14,97,141
15,97,146
16,97,151
17,97,156
18,96,161
19,101,114
20,93,113
21,11,24
22,65,67
23,58,67
24,51,67
25,40,62
26,71,66
27,54,44
28,63,46
29,46,46
30,41,49
31,33,67
32,67,170
33,40,57
34,7,58
35,23,60
36,59,99
37,89,129
38,89,138
39,78,131
40,71,132
41,81,137
42,74,136
43,59,143
44,96,110
45,95,103
46,31,43
47,75,80
48,76,105
49,75,101
50,34,96
51,95,93
52,52,37
53,40,38
54,21,12
55,85,46
56,70,49
57,54,135
58,11,128
59,81,110
60,87,112
61,63,135
62,64,135
63,35,33
64,75,108
65,67,39
66,66,32
67,56,-2
68,28,21
69,61,13
70,25,39
71,18,31
72,88,134
73,79,134
74,73,134
75,83,111
76,64,135
77,67,138
78,65,135
79,86,109
80,75,138
81,81,139
82,89,141
83,85,160
84,87,154
85,88,149
86,88,144
87,89,140
88,75,138
89,74,140
90,72,142
91,71,145
92,64,125
93,3,89
94,100,115
95,70,137
96,69,138
97,90,115
98,77,111
99,88,114
100,67,84
101,53,88
102,73,103
103,35,2
104,41,15
105,49,30
106,66,150
107,83,36
108,80,13
109,77,-5
110,44,65
111,25,71
112,75,64
113,33,52
114,81,76
115,81,104
116,15,75
117,31,77
118,42,81
119,57,80
120,67,78
121,75,75
122,93,67
123,15,91
124,26,51
125,97,114
126,76,88
127,3,55
128,81,71
129,72,103
130,36,58
131,81,98
132,6,107
133,74,62
134,88,95
135,31,150
136,30,157
137,6,90
138,20,139
139,13,43
140,65,177
141,97,115
142,69,93
143,16,61
144,52,63
145,58,63
146,66,139
147,15,106
148,79,187
149,54,176
150,43,168
151,102,14
152,95,189
153,64,63
154,69,62
155,72,62
156,19,48
157,67,54
158,61,51
159,55,50
160,49,51
161,44,54
162,6,38
163,47,61
164,99,121
165,73,122
166,81,109
167,88,121
168,100,55
169,42,160
170,53,169
171,79,183
172,19,144
173,72,59
174,88,80
175,95,185
176,66,182
177,8,107
178,82,139
179,80,142
180,79,146
181,78,151
182,74,156
183,69,136
184,67,135
185,66,134
186,57,129
187,27,112
188,87,71
189,81,56
190,75,56
191,70,137
192,24,129
193,89,57
194,70,163
195,102,84
196,94,76
197,101,75
198,82,91
199,96,178
200,96,169
201,83,168
202,52,146
203,64,108
204,60,155
205,45,107
206,56,115
207,38,118
208,80,177
209,77,94
210,45,152
211,56,162
212,46,136
213,17,119
214,35,138
215,12,123
216,49,124
217,82,84
218,84,108
219,78,108
220,88,103
221,76,50
222,65,44
223,54,42
224,44,43
225,37,47
226,31,59
227,6,74
228,38,70
229,47,73
230,57,73
231,66,72
232,73,70
233,78,68
234,3,71
235,78,109
236,88,87
237,90,109
238,93,112
239,89,110
240,79,111
241,95,113
242,95,114
243,77,62
244,82,64
245,85,66
246,42,56
247,37,53
248,108,84
249,150,58
250,107,113
251,170,27
252,127,67
253,134,68
254,141,67
255,151,60
256,121,65
257,141,43
258,132,44
259,149,44
260,153,46
261,155,64
262,121,169
263,152,54
264,172,60
265,162,57
266,134,99
267,108,130
268,106,139
269,116,132
270,121,135
271,113,139
272,118,139
273,128,143
274,108,110
275,109,103
276,161,40
277,120,81
278,122,106
279,122,101
280,155,97
281,109,93
282,148,36
283,157,37
284,166,15
285,117,46
286,124,48
287,134,135
288,160,127
289,116,110
290,111,112
291,127,138
292,125,139
293,160,31
294,122,108
295,136,38
296,137,32
297,143,0
298,163,24
299,139,15
300,165,36
301,168,33
302,107,135
303,114,136
304,119,137
305,115,111
306,126,138
307,123,141
308,124,139
309,114,109
310,116,140
311,111,141
312,105,141
313,106,160
314,106,155
315,106,150
316,106,145
317,105,141
318,116,140
319,118,142
320,119,144
321,120,147
322,127,125
323,167,90
324,120,140
325,121,140
326,108,115
327,119,112
328,110,114
329,127,84
330,139,89
331,123,104
332,158,6
333,154,17
334,151,30
335,122,150
336,120,36
337,122,15
338,125,-3
339,148,64
340,162,70
341,117,64
342,158,49
343,116,76
344,119,104
345,169,76
346,158,77
347,149,81
348,136,81
349,126,78
350,119,75
351,107,68
352,168,92
353,162,48
354,105,114
355,120,89
356,171,57
357,115,72
358,123,104
359,154,54
360,119,99
361,164,108
362,118,61
363,114,95
364,149,149
365,147,156
366,171,91
367,157,138
368,170,46
369,122,176
370,103,115
371,126,93
372,167,57
373,142,63
374,135,64
375,124,142
376,166,107
377,109,187
378,129,174
379,137,167
380,128,63
381,122,62
382,119,61
383,166,44
384,125,52
385,132,48
386,139,47
387,146,48
388,150,50
389,172,40
390,146,61
391,121,122
392,117,109
393,109,121
394,140,159
395,131,168
396,110,183
397,154,144
398,120,58
399,112,80
400,120,181
401,168,108
402,111,141
403,112,144
404,114,147
405,114,152
406,115,156
407,121,139
408,123,138
409,125,136
410,132,129
411,159,112
412,111,71
413,114,56
414,118,56
415,120,140
416,157,129
417,109,58
418,119,162
419,108,77
420,117,91
421,108,168
422,134,146
423,129,109
424,127,155
425,145,107
426,135,116
427,150,118
428,110,176
429,120,95
430,139,152
431,130,161
432,140,136
433,163,119
434,148,138
435,164,123
436,139,124
437,116,84
438,117,108
439,120,108
440,115,103
441,121,48
442,133,43
443,144,41
444,152,42
445,156,44
446,157,56
447,172,76
448,152,69
449,144,73
450,135,73
451,126,72
452,120,69
453,116,68
454,169,73
455,119,110
456,113,87
457,112,109
458,108,112
459,112,110
460,117,111
461,107,113
462,106,114
463,115,62
464,112,64
465,111,67
466,151,52
467,155,50
468,54,57
469,62,56
470,54,49
471,46,57
472,54,64
473,136,55
474,144,55
475,136,47
476,128,55
477,136,63
