0,98,127
1,93,113
2,96,120
3,88,85
4,93,105
5,94,94
6,97,66
7,49,61
8,98,45
9,98,35
10,99,-4
11,98,130
12,98,133
13,99,135
14,100,163
15,100,166
16,100,170
17,100,174
18,100,174
19,94,117
20,86,116
21,29,32
22,69,68
23,61,68
24,55,67
25,47,64
26,75,67
27,58,48
28,67,49
29,50,49
30,46,51
31,41,68
32,72,181
33,47,60
34,26,66
35,35,62
36,58,101
37,84,126
38,86,132
39,72,128
40,64,130
41,75,132
42,68,133
43,60,148
44,86,113
45,86,105
46,36,43
47,75,82
48,68,107
49,69,102
50,37,97
51,87,94
52,51,36
53,42,38
54,34,18
55,82,45
56,74,52
57,54,138
58,34,140
59,74,112
60,81,115
61,56,135
62,58,136
63,39,33
64,68,110
65,64,38
66,63,31
67,58,0
68,36,26
69,61,15
70,34,39
71,31,37
72,84,129
73,73,130
74,66,131
75,76,114
76,57,136
77,61,146
78,60,136
79,78,112
80,70,134
81,77,134
82,87,134
83,87,172
84,85,172
85,85,168
86,86,165
87,87,162
88,71,152
89,68,153
90,66,155
91,64,157
92,61,127
93,29,100
94,95,119
95,66,146
96,63,146
97,84,118
98,70,114
99,82,117
100,67,86
101,55,90
102,67,105
103,42,7
104,45,18
105,49,30
106,67,158
107,80,34
108,78,14
109,76,-3
110,49,66
111,33,72
112,79,65
113,40,54
114,81,78
115,73,106
116,27,80
117,36,78
118,44,81
119,57,81
120,68,79
121,76,76
122,90,68
123,25,95
124,35,52
125,90,117
126,74,90
127,28,65
128,81,72
129,67,105
130,44,60
131,74,100
132,30,120
133,80,63
134,80,96
135,44,159
136,47,169
137,24,99
138,35,148
139,28,50
140,71,190
141,91,118
142,67,95
143,31,63
144,56,63
145,62,63
146,59,146
147,25,111
148,85,202
149,65,189
150,57,180
151,98,14
152,101,205
153,68,63
154,74,63
155,78,63
156,32,50
157,73,58
158,67,56
159,60,55
160,54,56
161,50,58
162,27,47
163,52,62
164,97,124
165,68,124
166,74,112
167,84,124
168,98,56
169,54,170
170,62,180
171,84,197
172,40,157
173,78,61
174,84,81
175,100,199
176,74,196
177,25,116
178,78,158
179,76,160
180,74,163
181,72,166
182,76,166
183,62,134
184,60,133
185,59,132
186,55,131
187,32,115
188,86,73
189,84,57
190,80,58
191,64,134
192,33,135
193,89,57
194,74,173
195,95,84
196,89,77
197,96,76
198,77,93
199,100,191
200,100,182
201,86,180
202,57,152
203,62,111
204,65,163
205,46,109
206,55,118
207,40,121
208,84,189
209,73,96
210,53,160
211,63,171
212,50,140
213,27,125
214,42,143
215,29,133
216,50,126
217,79,86
218,76,110
219,71,110
220,79,105
221,78,50
222,66,45
223,55,43
224,46,45
225,41,48
226,40,61
227,24,82
228,44,71
229,50,73
230,59,74
231,69,73
232,76,71
233,81,69
234,29,83
235,71,112
236,83,88
237,81,112
238,86,116
239,81,113
240,73,114
241,87,116
242,88,118
243,82,63
244,85,65
245,86,66
246,49,59
247,43,55
248,102,85
249,152,63
250,104,117
251,188,31
252,131,70
253,139,70
254,146,69
255,157,65
256,125,68
257,140,46
258,132,48
259,148,47
260,154,51
261,164,70
262,132,183
263,156,61
264,192,67
265,173,64
266,142,101
267,113,125
268,113,132
269,129,127
270,139,129
271,125,132
272,135,132
273,147,149
274,100,113
275,101,105
276,164,44
277,123,82
278,126,108
279,126,103
280,167,98
281,101,94
282,143,35
283,155,37
284,179,17
285,111,43
286,125,52
287,154,139
288,189,143
289,120,113
290,112,115
291,151,135
292,149,136
293,159,32
294,127,110
295,128,36
296,129,30
297,145,0
298,172,25
299,139,14
300,170,40
301,181,37
302,113,129
303,127,130
304,137,131
305,118,114
306,150,135
307,145,145
308,147,136
309,113,112
310,134,133
311,124,133
312,113,134
313,114,173
314,116,172
315,116,168
316,115,165
317,114,162
318,134,152
319,136,153
320,139,154
321,140,156
322,141,128
323,197,102
324,141,145
325,143,145
326,109,118
327,126,114
328,111,117
329,132,86
330,146,90
331,129,106
332,166,6
333,159,18
334,145,29
335,138,159
336,112,33
337,120,14
338,124,-3
339,153,68
340,173,75
341,121,67
342,163,54
343,117,78
344,118,106
345,185,81
346,166,80
347,155,82
348,140,81
349,130,79
350,122,76
351,105,68
352,186,96
353,170,53
354,99,117
355,123,90
356,196,65
357,116,72
358,131,105
359,160,61
360,119,100
361,195,122
362,121,65
363,110,97
364,169,162
365,169,173
366,194,100
367,181,151
368,187,51
369,132,192
370,99,119
371,132,95
372,182,66
373,144,66
374,138,66
375,147,146
376,187,113
377,117,204
378,143,192
379,155,184
380,132,66
381,127,65
382,123,65
383,177,52
384,128,58
385,134,55
386,140,54
387,146,55
388,151,57
389,193,46
390,149,64
391,131,125
392,119,112
393,111,124
394,157,173
395,145,183
396,117,198
397,180,160
398,123,62
399,110,81
400,131,199
401,193,119
402,125,158
403,127,160
404,129,162
405,130,166
406,127,167
407,143,133
408,145,133
409,147,132
410,150,132
411,176,117
412,110,73
413,115,58
414,120,59
415,142,134
416,178,137
417,107,57
418,130,174
419,103,77
420,117,93
421,115,181
422,150,154
423,138,111
424,141,165
425,157,110
426,147,119
427,165,122
428,116,190
429,124,96
430,155,162
431,144,173
432,158,141
433,186,128
434,167,145
435,189,136
436,155,127
437,116,86
438,115,111
439,123,111
440,110,105
441,119,50
442,130,44
443,141,42
444,150,44
445,158,48
446,165,62
447,194,83
448,159,73
449,150,75
450,140,75
451,131,74
452,124,72
453,118,70
454,197,83
455,124,112
456,109,89
457,108,112
458,104,116
459,109,113
460,122,114
461,102,117
462,102,118
463,118,65
464,114,66
465,111,67
466,153,59
467,159,55
468,65,59
469,73,60
470,65,52
471,57,59
472,65,66
473,145,61
474,153,61
475,145,53
476,137,60
477,145,68
