0,99,133
1,98,114
2,98,120
3,92,87
4,98,106
5,98,95
6,98,67
7,45,61
8,98,46
9,98,35
10,99,-2
11,99,135
12,99,138
13,99,139
14,99,150
15,99,153
16,99,157
17,99,161
18,99,167
19,98,118
20,90,117
21,20,29
22,67,68
23,59,69
24,52,68
25,42,63
26,73,66
27,54,46
28,64,47
29,46,47
30,41,50
31,37,67
32,71,176
33,42,59
34,18,63
35,29,60
36,60,102
37,88,131
38,89,136
39,78,132
40,72,132
41,80,135
42,74,135
43,62,146
44,92,114
45,91,106
46,31,41
47,76,83
48,75,108
49,74,104
50,38,99
51,91,96
52,48,35
53,38,37
54,27,16
55,82,43
56,71,50
57,56,137
58,26,135
59,80,113
60,86,116
61,63,134
62,65,135
63,34,31
64,74,111
65,62,37
66,61,31
67,56,0
68,32,25
69,60,15
70,28,37
71,25,35
72,88,134
73,79,134
74,73,134
75,81,114
76,64,134
77,68,140
78,66,135
79,83,112
80,76,136
81,82,137
82,89,138
83,88,166
84,88,160
85,89,156
86,89,152
87,90,149
88,76,143
89,75,144
90,73,146
91,72,149
92,65,128
93,18,95
94,98,119
95,72,140
96,70,140
97,88,119
98,76,115
99,87,117
100,68,87
101,56,91
102,73,107
103,38,6
104,43,18
105,46,29
106,69,154
107,80,33
108,78,15
109,76,-2
110,45,67
111,30,72
112,77,65
113,35,52
114,82,78
115,79,107
116,23,79
117,34,79
118,43,83
119,57,82
120,68,79
121,75,76
122,91,69
123,23,95
124,30,50
125,94,118
126,77,91
127,16,61
128,81,72
129,72,106
130,39,58
131,79,101
132,21,114
133,77,62
134,85,98
135,40,155
136,41,164
137,18,96
138,31,144
139,21,48
140,70,184
141,95,119
142,70,96
143,24,60
144,52,64
145,59,65
146,67,141
147,24,110
148,84,194
149,62,182
150,53,175
151,99,16
152,99,196
153,65,64
154,71,63
155,75,62
156,26,47
157,70,56
158,63,53
159,56,53
160,50,54
161,46,56
162,17,43
163,48,63
164,98,125
165,73,125
166,80,112
167,87,125
168,98,56
169,51,166
170,60,175
171,83,190
172,33,151
173,75,60
174,86,82
175,99,192
176,72,189
177,20,113
178,82,147
179,81,149
180,80,152
181,79,156
182,77,161
183,69,135
184,68,134
185,67,133
186,59,132
187,32,115
188,87,73
189,82,56
190,78,57
191,71,135
192,32,133
193,89,57
194,74,168
195,98,86
196,91,78
197,98,77
198,81,94
199,99,184
200,99,175
201,86,174
202,57,150
203,66,112
204,65,160
205,48,110
206,58,119
207,42,121
208,83,183
209,77,97
210,52,157
211,61,167
212,50,139
213,26,123
214,42,142
215,24,129
216,52,126
217,82,86
218,81,111
219,77,111
220,85,106
221,76,49
222,63,43
223,52,42
224,43,43
225,37,46
226,35,59
227,17,79
228,40,71
229,48,74
230,58,75
231,67,73
232,75,71
233,80,68
234,17,78
235,77,113
236,86,90
237,86,112
238,90,116
239,86,113
240,78,115
241,92,117
242,92,118
243,80,62
244,83,65
245,86,67
246,43,58
247,38,53
248,104,87
249,150,62
250,105,117
251,177,30
252,129,69
253,137,69
254,144,69
255,153,64
256,123,67
257,141,47
258,132,48
259,149,48
260,154,51
261,159,69
262,127,176
263,153,60
264,180,64
265,167,62
266,136,101
267,110,131
268,109,136
269,120,132
270,127,132
271,117,136
272,124,135
273,136,145
274,104,114
275,105,106
276,164,43
277,120,83
278,122,108
279,122,104
280,159,99
281,104,96
282,148,37
283,158,39
284,171,17
285,115,45
286,125,52
287,142,136
288,173,135
289,116,113
290,110,116
291,135,135
292,133,135
293,161,33
294,122,111
295,134,39
296,135,32
297,142,1
298,166,26
299,137,16
300,168,39
301,173,36
302,110,134
303,119,134
304,125,134
305,115,114
306,134,135
307,130,141
308,132,136
309,112,112
310,123,136
311,116,137
312,108,138
313,110,166
314,110,160
315,109,156
316,109,152
317,108,149
318,122,143
319,123,145
320,125,146
321,126,149
322,132,127
323,180,96
324,126,140
325,128,140
326,108,119
327,120,114
328,109,117
329,128,87
330,141,91
331,124,106
332,160,7
333,155,19
334,150,30
335,129,154
336,117,35
337,119,16
338,123,-1
339,150,67
340,166,73
341,119,66
342,160,54
343,115,78
344,117,107
345,174,79
346,162,79
347,153,83
348,139,82
349,128,79
350,120,76
351,105,69
352,174,95
353,166,52
354,102,118
355,120,91
356,182,61
357,115,72
358,125,106
359,156,60
360,117,101
361,177,115
362,119,63
363,111,98
364,158,156
365,157,164
366,180,96
367,167,145
368,177,49
369,127,184
370,101,119
371,127,96
372,172,63
373,143,65
374,137,65
375,131,142
376,173,110
377,114,194
378,136,182
379,146,175
380,130,65
381,124,64
382,120,63
383,171,50
384,126,57
385,133,55
386,139,55
387,145,56
388,149,58
389,181,44
390,147,63
391,124,124
392,116,112
393,109,125
394,147,166
395,138,175
396,114,190
397,165,152
398,121,61
399,110,82
400,126,189
401,178,113
402,116,147
403,117,149
404,118,152
405,119,156
406,121,161
407,129,135
408,130,134
409,132,133
410,139,131
411,165,115
412,110,73
413,114,57
414,118,58
415,128,136
416,166,133
417,108,58
418,124,168
419,105,78
420,115,94
421,112,174
422,141,149
423,131,111
424,133,160
425,149,110
426,139,118
427,156,121
428,114,183
429,120,97
430,146,157
431,137,167
432,147,139
433,172,124
434,156,142
435,174,130
436,146,126
437,115,86
438,115,111
439,119,111
440,111,106
441,120,50
442,133,45
443,144,44
444,152,45
445,158,48
446,160,61
447,180,80
448,155,72
449,147,75
450,138,75
451,128,73
452,121,71
453,116,69
454,181,78
455,119,113
456,110,90
457,109,112
458,106,116
459,109,113
460,118,114
461,104,117
462,103,118
463,116,63
464,113,65
465,111,67
466,151,59
467,157,55
468,58,59
469,66,59
470,59,51
471,50,59
472,58,66
473,137,59
474,146,60
475,138,53
476,129,59
477,137,66
