0,100,139
1,102,110
2,102,117
3,97,81
4,103,101
5,102,90
6,102,62
7,55,55
8,102,39
9,102,28
10,102,-10
11,100,141
12,99,143
13,99,145
14,99,145
15,99,148
16,99,151
17,99,155
18,100,168
19,102,114
20,95,113
21,31,23
22,72,63
23,66,63
24,60,63
25,52,58
26,78,60
27,64,37
28,71,39
29,58,39
30,53,43
31,47,63
32,76,178
33,53,53
34,27,59
35,40,57
36,68,99
37,92,138
38,92,143
39,84,140
40,79,142
41,86,144
42,81,145
43,69,150
44,97,110
45,96,101
46,45,36
47,82,79
48,81,105
49,80,101
50,49,97
51,97,91
52,60,26
53,51,29
54,39,9
55,88,34
56,77,42
57,64,142
58,32,137
59,86,110
60,91,113
61,72,147
62,74,147
63,48,24
64,80,109
65,72,27
66,72,21
67,66,-7
68,43,18
69,69,7
70,41,32
71,36,29
72,92,141
73,85,142
74,80,144
75,87,112
76,73,147
77,76,148
78,75,147
79,89,109
80,82,146
81,87,145
82,93,145
83,90,167
84,92,155
85,92,151
86,92,148
87,93,145
88,82,146
89,81,147
90,80,149
91,79,152
92,72,129
93,25,94
94,102,115
95,79,146
96,78,147
97,93,116
98,82,113
99,92,114
100,75,83
101,65,88
102,79,104
103,50,0
104,54,10
105,58,20
106,75,157
107,86,23
108,85,8
109,82,-10
110,55,61
111,40,69
112,81,58
113,47,47
114,87,74
115,85,103
116,33,76
117,45,75
118,53,78
119,65,77
120,74,74
121,80,70
122,96,64
123,33,93
124,42,46
125,99,114
126,82,87
127,24,57
128,85,65
129,78,104
130,50,53
131,85,97
132,27,115
133,81,55
134,91,93
135,47,158
136,47,168
137,26,94
138,39,147
139,31,43
140,74,186
141,99,115
142,76,93
143,34,58
144,61,58
145,66,59
146,75,150
147,34,110
148,85,197
149,65,186
150,57,179
151,102,8
152,98,199
153,72,58
154,76,57
155,79,56
156,37,44
157,76,49
158,71,47
159,65,46
160,60,47
161,57,50
162,26,38
163,58,57
164,101,123
165,79,125
166,86,109
167,92,123
168,102,51
169,56,169
170,65,177
171,85,192
172,39,155
173,79,53
174,92,77
175,99,193
176,74,193
177,28,113
178,87,145
179,86,147
180,85,150
181,85,154
182,81,163
183,77,146
184,76,145
185,75,145
186,67,135
187,43,114
188,92,68
189,86,49
190,82,49
191,79,146
192,42,135
193,93,49
194,79,170
195,102,80
196,96,73
197,102,72
198,87,90
199,99,185
200,99,176
201,89,175
202,64,153
203,72,110
204,70,162
205,58,108
206,66,118
207,52,121
208,87,184
209,82,94
210,59,160
211,67,169
212,59,142
213,36,124
214,50,144
215,32,130
216,61,128
217,87,82
218,87,107
219,83,108
220,91,102
221,82,40
222,72,34
223,63,33
224,55,35
225,50,40
226,46,55
227,26,77
228,50,67
229,57,70
230,65,70
231,73,68
232,79,65
233,83,62
234,24,75
235,83,110
236,92,85
237,92,108
238,95,112
239,92,110
240,84,112
241,97,113
242,97,114
243,83,55
244,87,57
245,89,59
246,55,51
247,50,47
248,107,81
249,141,55
250,108,113
251,164,22
252,124,64
253,130,64
254,136,63
255,143,57
256,119,62
257,134,39
258,127,39
259,140,40
260,144,43
261,148,62
262,121,177
263,143,52
264,169,58
265,154,54
266,132,98
267,108,137
268,107,143
269,115,139
270,120,141
271,113,143
272,118,144
273,129,149
274,107,109
275,108,101
276,153,34
277,119,78
278,122,105
279,122,100
280,150,96
281,108,91
282,141,27
283,149,29
284,159,8
285,115,35
286,120,43
287,134,141
288,162,136
289,117,110
290,112,113
291,126,146
292,124,146
293,152,23
294,122,108
295,130,28
296,132,21
297,136,-7
298,156,17
299,133,7
300,156,29
301,161,27
302,107,140
303,114,141
304,119,143
305,116,111
306,125,146
307,122,147
308,124,146
309,114,109
310,117,145
311,112,144
312,106,145
313,108,167
314,107,155
315,107,151
316,106,147
317,106,145
318,116,145
319,117,146
320,118,148
321,119,150
322,128,128
323,168,94
324,120,145
325,121,146
326,110,116
327,120,113
328,111,114
329,126,82
330,136,87
331,123,103
332,150,-1
333,147,9
334,143,19
335,123,156
336,117,24
337,119,8
338,121,-10
339,141,61
340,154,67
341,116,60
342,149,45
343,115,73
344,118,103
345,165,75
346,152,74
347,145,79
348,133,78
349,125,75
350,119,71
351,108,64
352,164,92
353,154,43
354,105,113
355,119,87
356,169,56
357,114,68
358,123,103
359,145,52
360,118,97
361,166,114
362,115,57
363,113,93
364,149,157
365,148,167
366,170,93
367,157,145
368,165,41
369,122,185
370,105,115
371,125,92
372,158,55
373,136,59
374,130,60
375,123,148
376,163,109
377,111,197
378,130,185
379,139,178
380,125,60
381,120,58
382,117,57
383,157,40
384,121,50
385,126,47
386,132,47
387,137,48
388,140,50
389,168,37
390,139,57
391,122,124
392,117,109
393,110,123
394,140,168
395,131,176
396,111,191
397,156,154
398,117,54
399,111,77
400,122,192
401,168,112
402,112,145
403,112,147
404,113,149
405,114,153
406,117,163
407,122,145
408,123,144
409,124,144
410,132,134
411,155,114
412,111,68
413,112,50
414,115,51
415,120,145
416,155,134
417,109,50
418,119,169
419,107,73
420,116,89
421,109,175
422,134,153
423,128,110
424,127,162
425,142,108
426,133,118
427,147,120
428,111,183
429,120,93
430,138,159
431,130,168
432,139,142
433,161,123
434,147,143
435,164,129
436,138,127
437,115,82
438,116,107
439,120,108
440,114,102
441,118,41
442,128,35
443,137,34
444,144,36
445,148,40
446,149,53
447,170,75
448,145,66
449,140,70
450,132,70
451,124,69
452,118,66
453,115,64
454,169,75
455,120,110
456,112,85
457,112,108
458,109,112
459,112,109
460,118,112
461,107,113
462,107,114
463,114,57
464,112,59
465,111,61
466,142,51
467,146,47
468,66,52
469,72,52
470,66,44
471,59,52
472,66,59
473,129,53
474,135,53
475,129,45
476,124,53
477,130,60
