0,95,130
1,96,105
2,97,114
3,90,78
4,96,96
5,96,85
6,97,61
7,47,63
8,98,42
9,98,31
10,99,-7
11,95,132
12,95,135
13,96,137
14,97,148
15,97,152
16,97,156
17,97,161
18,99,164
19,97,110
20,90,110
21,21,36
22,66,70
23,59,70
24,52,70
25,44,66
26,73,67
27,57,46
28,65,47
29,49,48
30,44,52
31,38,71
32,70,179
33,45,61
34,17,71
35,30,66
36,60,101
37,85,129
38,87,135
39,77,132
40,71,136
41,80,137
42,76,139
43,64,150
44,90,105
45,89,97
46,34,45
47,76,81
48,73,104
49,72,100
50,38,101
51,90,87
52,51,34
53,41,38
54,28,20
55,82,38
56,72,50
57,58,142
58,24,149
59,79,109
60,85,111
61,67,143
62,70,143
63,37,33
64,72,108
65,64,33
66,63,26
67,56,-1
68,32,26
69,60,12
70,30,42
71,25,39
72,86,132
73,78,135
74,74,137
75,80,110
76,69,143
77,71,146
78,71,142
79,82,106
80,78,139
81,82,138
82,88,137
83,88,164
84,87,160
85,87,155
86,88,151
87,89,148
88,78,145
89,76,147
90,74,149
91,73,151
92,65,129
93,17,109
94,97,112
95,75,144
96,73,145
97,87,114
98,75,112
99,86,113
100,68,86
101,55,91
102,71,103
103,39,7
104,43,17
105,48,28
106,70,155
107,80,27
108,78,11
109,76,-5
110,47,69
111,30,77
112,77,65
113,37,56
114,81,75
115,77,100
116,21,84
117,34,82
118,43,84
119,57,83
120,67,79
121,75,75
122,90,63
123,21,100
124,31,55
125,93,110
126,76,88
127,16,72
128,81,70
129,71,104
130,42,62
131,77,95
132,19,129
133,78,62
134,83,90
135,38,164
136,40,175
137,16,105
138,28,154
139,21,54
140,69,187
141,94,112
142,69,94
143,24,68
144,53,65
145,59,66
146,69,147
147,22,117
148,83,198
149,61,190
150,51,184
151,98,11
152,99,200
153,65,65
154,71,64
155,75,63
156,27,54
157,71,57
158,65,56
159,59,56
160,53,57
161,49,59
162,18,52
163,50,64
164,98,121
165,73,124
166,78,107
167,87,121
168,98,52
169,49,173
170,58,180
171,82,192
172,31,165
173,75,60
174,85,76
175,99,193
176,71,195
177,18,124
178,83,147
179,81,149
180,79,152
181,78,156
182,78,160
183,73,141
184,70,140
185,69,139
186,60,135
187,31,120
188,86,68
189,82,54
190,78,56
191,75,141
192,31,141
193,88,53
194,74,169
195,97,77
196,90,71
197,97,69
198,80,89
199,98,184
200,98,173
201,85,173
202,57,155
203,65,111
204,65,163
205,48,111
206,58,119
207,41,124
208,83,184
209,75,94
210,51,162
211,60,171
212,50,145
213,24,132
214,41,148
215,21,140
216,52,130
217,81,82
218,80,104
219,75,107
220,83,98
221,77,46
222,65,41
223,54,41
224,46,44
225,40,49
226,36,64
227,15,88
228,41,74
229,48,76
230,58,76
231,67,74
232,74,71
233,79,68
234,17,90
235,75,109
236,85,83
237,85,104
238,89,109
239,85,106
240,77,111
241,90,109
242,91,111
243,80,62
244,83,63
245,85,64
246,47,60
247,41,56
248,103,78
249,150,61
250,104,110
251,182,32
252,131,67
253,138,68
254,145,67
255,154,64
256,125,65
257,141,46
258,132,46
259,148,47
260,154,50
261,161,69
262,128,179
263,153,59
264,186,68
265,170,64
266,137,100
267,106,128
268,105,135
269,117,131
270,125,135
271,114,136
272,121,137
273,137,149
274,103,105
275,104,96
276,165,43
277,121,80
278,122,103
279,123,99
280,161,99
281,103,86
282,146,33
283,157,37
284,174,17
285,113,39
286,125,49
287,144,141
288,184,148
289,117,108
290,110,110
291,135,141
292,132,141
293,161,32
294,123,107
295,132,33
296,133,27
297,142,-3
298,168,24
299,137,11
300,170,40
301,176,37
302,106,132
303,116,134
304,123,136
305,115,109
306,134,141
307,130,144
308,131,141
309,112,105
310,120,138
311,113,137
312,105,136
313,109,164
314,109,159
315,108,155
316,107,151
317,106,148
318,121,144
319,123,146
320,125,148
321,127,150
322,133,128
323,190,107
324,126,143
325,128,143
326,108,114
327,121,112
328,109,112
329,129,84
330,142,90
331,125,103
332,161,5
333,155,15
334,149,27
335,130,155
336,115,28
337,119,11
338,122,-6
339,151,66
340,170,74
341,120,64
342,162,54
343,115,74
344,117,100
345,180,81
346,165,79
347,155,82
348,140,80
349,130,77
350,121,74
351,105,63
352,180,98
353,168,53
354,100,109
355,121,87
356,190,69
357,115,69
358,126,103
359,157,60
360,117,95
361,189,127
362,120,61
363,110,90
364,165,163
365,165,175
366,188,103
367,176,153
368,182,51
369,130,187
370,100,112
371,128,93
372,177,66
373,144,62
374,138,63
375,132,145
376,180,115
377,115,198
378,140,190
379,152,184
380,132,63
381,126,62
382,122,62
383,174,51
384,127,56
385,133,55
386,139,55
387,145,56
388,149,57
389,187,49
390,148,62
391,125,123
392,116,107
393,109,121
394,153,173
395,142,180
396,115,192
397,176,164
398,122,59
399,110,75
400,128,195
401,187,122
402,114,146
403,116,148
404,117,152
405,119,155
406,121,160
407,128,139
408,129,138
409,131,138
410,140,134
411,169,118
412,110,68
413,114,54
414,119,56
415,126,139
416,172,139
417,107,53
418,125,169
419,104,71
420,115,88
421,112,173
422,144,154
423,133,110
424,135,163
425,151,109
426,140,118
427,158,123
428,114,184
429,121,93
430,150,162
431,140,171
432,151,143
433,179,130
434,161,147
435,184,139
436,148,128
437,115,81
438,114,104
439,120,106
440,111,98
441,120,46
442,132,42
443,143,41
444,152,43
445,158,47
446,163,62
447,188,85
448,157,72
449,150,73
450,140,74
451,130,72
452,123,70
453,117,67
454,190,88
455,120,108
456,109,82
457,108,104
458,105,108
459,109,106
460,118,111
461,103,109
462,102,111
463,117,61
464,113,62
465,111,63
466,151,58
467,157,54
468,61,61
469,68,60
470,61,54
471,53,61
472,61,68
473,136,59
474,144,59
475,136,52
476,129,59
477,137,65
