0,97,134
1,103,116
2,101,121
3,95,87
4,103,108
5,103,96
6,100,67
7,44,59
8,100,47
9,100,36
10,99,-6
11,97,136
12,97,138
13,97,139
14,97,140
15,97,143
16,97,147
17,97,150
18,98,160
19,103,120
20,93,118
21,12,25
22,66,65
23,58,66
24,51,65
25,40,61
26,72,63
27,56,45
28,64,46
29,48,46
30,43,48
31,34,66
32,69,175
33,41,57
34,9,61
35,25,60
36,59,100
37,86,132
38,87,137
39,76,133
40,68,133
41,78,136
42,71,136
43,57,143
44,97,116
45,96,108
46,33,41
47,76,81
48,74,109
49,74,104
50,34,97
51,95,97
52,52,34
53,41,36
54,21,12
55,85,43
56,71,49
57,50,136
58,12,135
59,80,114
60,86,116
61,58,133
62,61,134
63,38,30
64,73,111
65,67,36
66,66,29
67,54,-3
68,28,23
69,60,13
70,28,37
71,19,33
72,86,135
73,77,135
74,70,134
75,81,115
76,60,134
77,64,137
78,62,134
79,86,114
80,72,137
81,79,138
82,87,139
83,87,159
84,86,149
85,86,146
86,87,142
87,88,140
88,73,137
89,71,138
90,70,140
91,69,142
92,62,127
93,4,93
94,102,120
95,67,136
96,66,136
97,89,119
98,75,114
99,88,118
100,68,85
101,55,89
102,72,106
103,34,2
104,41,16
105,50,27
106,66,150
107,84,33
108,78,14
109,75,-6
110,44,64
111,25,70
112,76,61
113,34,51
114,82,77
115,81,108
116,16,77
117,30,76
118,40,80
119,54,79
120,65,76
121,74,73
122,93,68
123,16,93
124,28,49
125,98,119
126,76,90
127,5,57
128,80,69
129,70,105
130,38,57
131,80,102
132,7,113
133,76,59
134,88,99
135,31,156
136,31,165
137,8,95
138,20,145
139,14,45
140,68,184
141,98,120
142,69,94
143,18,61
144,52,61
145,59,61
146,63,137
147,16,110
148,83,195
149,57,184
150,45,176
151,99,14
152,99,195
153,65,60
154,71,59
155,74,59
156,23,47
157,69,56
158,63,55
159,57,55
160,50,56
161,46,57
162,7,39
163,48,60
164,100,125
165,71,125
166,80,113
167,88,125
168,100,56
169,44,167
170,55,176
171,82,189
172,20,152
173,74,58
174,88,81
175,99,190
176,69,190
177,9,113
178,79,139
179,78,141
180,77,143
181,76,146
182,75,156
183,66,135
184,64,134
185,63,133
186,54,131
187,26,114
188,88,72
189,82,54
190,77,55
191,67,135
192,23,133
193,90,55
194,72,165
195,102,86
196,94,78
197,101,77
198,82,94
199,99,181
200,98,170
201,85,169
202,52,148
203,63,111
204,61,158
205,45,109
206,55,118
207,36,121
208,83,180
209,76,97
210,46,156
211,57,166
212,44,138
213,16,123
214,34,141
215,12,129
216,46,126
217,82,86
218,83,112
219,77,112
220,88,108
221,77,48
222,65,42
223,55,41
224,45,42
225,39,45
226,32,58
227,7,78
228,38,69
229,46,72
230,56,72
231,66,70
232,73,68
233,78,66
234,4,75
235,76,113
236,89,90
237,90,114
238,93,118
239,89,115
240,78,115
241,95,119
242,95,119
243,79,59
244,83,62
245,85,64
246,43,57
247,39,52
248,108,87
249,147,59
250,110,117
251,169,23
252,128,65
253,134,66
254,141,65
255,150,61
256,123,63
257,140,47
258,132,48
259,146,48
260,150,50
261,155,65
262,125,172
263,150,57
264,172,57
265,162,58
266,136,98
267,108,132
268,107,137
269,118,132
270,125,132
271,116,136
272,122,135
273,132,140
274,110,115
275,110,107
276,160,42
277,120,80
278,126,107
279,125,102
280,157,94
281,109,96
282,146,37
283,155,38
284,164,11
285,115,47
286,125,50
287,139,132
288,165,129
289,121,112
290,115,115
291,134,133
292,132,134
293,158,32
294,126,109
295,133,40
296,134,33
297,140,-3
298,161,21
299,136,13
300,164,37
301,166,31
302,108,135
303,117,134
304,124,134
305,119,113
306,133,133
307,129,136
308,131,134
309,117,113
310,121,136
311,114,137
312,106,138
313,108,159
314,107,149
315,107,146
316,107,142
317,106,140
318,121,137
319,122,138
320,124,139
321,125,141
322,132,125
323,170,89
324,126,135
325,127,136
326,112,118
327,123,113
328,113,117
329,128,83
330,140,87
331,126,104
332,155,2
333,152,15
334,148,30
335,126,148
336,118,38
337,120,13
338,122,-6
339,146,64
340,161,69
341,120,62
342,157,51
343,116,76
344,122,107
345,169,73
346,157,75
347,149,79
348,137,79
349,127,76
350,121,74
351,107,68
352,170,89
353,162,49
354,107,119
355,121,89
356,171,54
357,116,71
358,127,103
359,153,57
360,121,100
361,169,109
362,120,59
363,115,98
364,155,151
365,153,160
366,173,90
367,163,139
368,169,43
369,126,181
370,105,120
371,127,93
372,167,58
373,140,61
374,135,61
375,130,137
376,170,105
377,113,193
378,134,180
379,143,172
380,129,61
381,124,60
382,121,59
383,166,46
384,126,55
385,132,54
386,138,54
387,143,55
388,147,56
389,171,37
390,144,60
391,125,123
392,121,112
393,111,124
394,145,162
395,136,172
396,114,188
397,160,146
398,122,58
399,112,81
400,125,188
401,172,108
402,114,138
403,115,140
404,117,143
405,117,146
406,118,154
407,128,134
408,129,133
409,131,133
410,138,128
411,163,110
412,111,72
413,115,56
414,119,56
415,126,135
416,163,128
417,109,58
418,122,163
419,107,78
420,118,93
421,110,168
422,138,145
423,132,108
424,130,155
425,149,106
426,139,115
427,155,117
428,113,179
429,122,95
430,144,152
431,134,163
432,145,135
433,168,118
434,154,137
435,169,124
436,145,122
437,116,85
438,120,111
439,124,110
440,116,107
441,121,50
442,132,45
443,142,43
444,150,44
445,155,46
446,157,57
447,173,74
448,151,69
449,145,71
450,136,71
451,128,70
452,121,68
453,117,66
454,170,71
455,123,111
456,113,89
457,115,113
458,111,117
459,115,114
460,122,113
461,109,118
462,108,119
463,118,60
464,114,63
465,112,66
466,149,57
467,153,52
468,57,57
469,64,57
470,58,51
471,50,57
472,56,64
473,136,57
474,143,57
475,136,51
476,130,57
477,137,63
