0,102,134
1,97,108
2,97,115
3,90,81
4,97,100
5,97,90
6,97,63
7,45,56
8,97,45
9,97,35
10,97,-9
11,102,137
12,102,140
13,102,142
14,102,142
15,102,145
16,102,149
17,102,154
18,97,163
19,97,112
20,90,111
21,14,22
22,66,63
23,59,64
24,52,64
25,42,58
26,72,61
27,55,44
28,63,45
29,48,44
30,43,47
31,36,63
32,70,174
33,43,53
34,12,57
35,27,57
36,61,98
37,93,133
38,94,140
39,83,135
40,77,138
41,86,140
42,79,141
43,65,148
44,91,108
45,90,100
46,33,41
47,75,78
48,74,104
49,73,99
50,39,96
51,90,90
52,52,37
53,41,38
54,21,9
55,83,45
56,70,47
57,59,142
58,20,132
59,79,108
60,85,111
61,68,142
62,70,142
63,36,32
64,74,107
65,66,39
66,65,32
67,52,-6
68,27,19
69,58,11
70,28,37
71,20,29
72,93,137
73,85,138
74,78,139
75,81,110
76,69,142
77,73,143
78,71,142
79,83,106
80,81,142
81,87,142
82,94,142
83,88,162
84,92,153
85,93,149
86,93,145
87,94,142
88,80,142
89,79,143
90,78,145
91,77,147
92,67,128
93,11,91
94,97,113
95,76,142
96,75,143
97,87,114
98,76,112
99,86,113
100,68,82
101,56,88
102,72,103
103,34,0
104,39,13
105,49,30
106,71,154
107,81,35
108,76,11
109,73,-9
110,46,62
111,28,68
112,75,60
113,36,49
114,80,73
115,78,102
116,19,74
117,34,75
118,43,79
119,57,78
120,67,75
121,74,71
122,90,64
123,21,91
124,29,48
125,93,111
126,76,86
127,9,54
128,80,68
129,72,103
130,40,53
131,78,96
132,15,111
133,75,57
134,84,92
135,37,154
136,37,162
137,13,92
138,28,142
139,15,42
140,68,182
141,94,113
142,69,92
143,20,57
144,53,59
145,59,60
146,72,144
147,23,108
148,81,194
149,58,182
150,48,174
151,97,12
152,97,196
153,65,59
154,70,58
155,73,57
156,23,45
157,69,52
158,62,50
159,56,50
160,50,50
161,47,51
162,11,36
163,49,57
164,97,121
165,74,124
166,79,107
167,87,122
168,97,53
169,47,165
170,57,174
171,81,188
172,28,149
173,73,55
174,85,77
175,97,190
176,69,189
177,16,110
178,87,142
179,86,144
180,85,147
181,84,150
182,78,158
183,74,141
184,73,141
185,72,140
186,62,135
187,34,113
188,85,68
189,81,53
190,76,53
191,76,142
192,32,132
193,88,54
194,74,166
195,97,80
196,90,73
197,97,72
198,80,89
199,97,181
200,97,171
201,85,170
202,57,151
203,66,109
204,64,160
205,49,107
206,59,117
207,43,120
208,82,180
209,76,93
210,50,157
211,60,166
212,51,142
213,25,121
214,41,142
215,20,126
216,54,128
217,80,81
218,80,105
219,76,107
220,84,101
221,76,47
222,65,43
223,54,41
224,45,42
225,39,45
226,34,55
227,11,74
228,40,67
229,48,70
230,58,70
231,67,68
232,73,66
233,78,64
234,10,72
235,76,109
236,85,84
237,86,106
238,89,110
239,86,107
240,78,111
241,91,111
242,91,112
243,78,58
244,82,60
245,84,63
246,44,52
247,40,49
248,103,82
249,145,59
250,104,111
251,176,24
252,126,65
253,133,66
254,139,66
255,148,61
256,121,63
257,136,48
258,129,48
259,143,49
260,147,51
261,155,67
262,124,175
263,148,57
264,180,60
265,165,63
266,133,99
267,111,133
268,109,140
269,118,135
270,123,137
271,115,140
272,120,140
273,128,150
274,103,108
275,104,100
276,158,48
277,119,79
278,120,105
279,120,100
280,154,98
281,104,90
282,140,43
283,150,44
284,169,12
285,110,49
286,123,50
287,134,143
288,173,134
289,114,109
290,109,111
291,129,141
292,127,141
293,154,39
294,120,108
295,126,44
296,128,38
297,140,-4
298,164,22
299,135,13
300,163,44
301,171,32
302,110,136
303,117,137
304,122,139
305,113,110
306,128,141
307,125,143
308,126,141
309,111,107
310,118,141
311,114,141
312,108,142
313,106,162
314,109,153
315,110,149
316,109,145
317,108,142
318,118,141
319,120,143
320,121,145
321,122,147
322,126,129
323,181,94
324,122,141
325,123,142
326,106,114
327,117,112
328,107,113
329,126,83
330,137,89
331,121,103
332,158,1
333,152,15
334,142,37
335,122,155
336,112,40
337,117,12
338,121,-8
339,145,64
340,163,73
341,118,61
342,155,54
343,114,74
344,116,102
345,173,77
346,157,79
347,148,82
348,134,80
349,125,76
350,118,73
351,104,64
352,172,94
353,162,54
354,101,111
355,118,87
356,182,57
357,113,69
358,122,104
359,151,57
360,116,97
361,179,113
362,118,58
363,110,93
364,157,156
365,158,164
366,180,94
367,166,145
368,176,44
369,126,183
370,100,113
371,124,93
372,172,64
373,138,61
374,132,61
375,126,144
376,170,110
377,113,194
378,136,183
379,147,175
380,127,61
381,122,59
382,120,59
383,168,52
384,124,54
385,129,53
386,135,53
387,140,54
388,144,55
389,180,39
390,142,60
391,120,125
392,114,108
393,107,122
394,147,167
395,137,175
396,113,188
397,166,152
398,120,57
399,109,77
400,126,189
401,177,112
402,114,141
403,115,144
404,116,147
405,117,151
406,115,159
407,124,141
408,125,140
409,127,139
410,131,136
411,160,115
412,109,69
413,113,55
414,117,55
415,122,141
416,161,134
417,106,57
418,120,167
419,104,73
420,114,90
421,108,171
422,136,153
423,128,110
424,129,161
425,144,109
426,134,118
427,150,122
428,111,180
429,118,94
430,144,158
431,134,167
432,142,143
433,168,124
434,152,144
435,174,129
436,139,129
437,113,82
438,113,106
439,118,107
440,110,101
441,117,50
442,128,47
443,137,46
444,145,47
445,151,50
446,157,60
447,181,77
448,151,70
449,143,73
450,134,72
451,126,70
452,119,67
453,115,65
454,181,75
455,117,109
456,109,85
457,108,107
458,104,110
459,108,108
460,115,111
461,103,111
462,102,112
463,116,59
464,112,62
465,109,64
466,146,56
467,150,54
468,55,54
469,62,54
470,55,47
471,47,54
472,54,61
473,133,56
474,140,56
475,133,50
476,126,56
477,133,62
