0,98,136
1,98,112
2,98,118
3,93,85
4,99,105
5,99,94
6,100,66
7,45,59
8,101,45
9,101,35
10,103,-4
11,98,139
12,97,141
13,97,142
14,97,145
15,96,149
16,96,153
17,95,157
18,96,162
19,98,115
20,90,114
21,20,23
22,67,67
23,59,68
24,52,67
25,43,61
26,73,65
27,57,44
28,65,46
29,49,45
30,43,48
31,37,65
32,68,171
33,43,56
34,16,56
35,29,58
36,60,99
37,88,134
38,88,140
39,78,134
40,72,136
41,81,139
42,75,139
43,62,144
44,92,111
45,91,104
46,34,40
47,77,80
48,74,106
49,74,101
50,38,95
51,92,94
52,52,34
53,41,36
54,27,11
55,85,43
56,72,49
57,56,137
58,21,128
59,79,111
60,85,113
61,63,139
62,65,139
63,38,30
64,74,108
65,66,36
66,66,30
67,58,-3
68,32,20
69,62,12
70,30,36
71,25,29
72,88,137
73,79,137
74,73,137
75,81,112
76,64,139
77,68,142
78,66,139
79,83,110
80,76,140
81,82,140
82,89,141
83,85,160
84,85,156
85,86,152
86,88,147
87,89,144
88,76,141
89,74,143
90,72,145
91,70,147
92,65,127
93,15,88
94,98,116
95,72,140
96,70,141
97,88,116
98,76,113
99,87,115
100,69,84
101,56,88
102,72,104
103,40,2
104,44,14
105,50,28
106,68,151
107,84,33
108,81,14
109,79,-4
110,46,65
111,29,69
112,77,63
113,36,50
114,82,76
115,79,104
116,21,73
117,34,76
118,43,80
119,57,80
120,68,77
121,76,74
122,93,68
123,22,90
124,31,48
125,94,115
126,77,88
127,14,53
128,82,71
129,72,104
130,40,56
131,79,99
132,17,107
133,77,60
134,85,96
135,36,150
136,37,157
137,15,89
138,27,138
139,20,42
140,66,178
141,95,116
142,70,93
143,23,57
144,53,63
145,60,64
146,66,143
147,22,105
148,79,189
149,57,177
150,48,168
151,102,15
152,95,192
153,66,63
154,72,62
155,76,61
156,26,45
157,71,55
158,64,52
159,58,52
160,51,53
161,47,54
162,16,36
163,49,61
164,98,124
165,72,124
166,80,110
167,87,123
168,100,56
169,46,160
170,56,169
171,79,184
172,28,144
173,75,58
174,87,80
175,95,187
176,67,184
177,17,107
178,82,142
179,80,145
180,78,149
181,77,152
182,75,156
183,70,139
184,68,138
185,67,137
186,59,131
187,32,111
188,87,71
189,84,55
190,79,56
191,71,139
192,30,129
193,91,56
194,71,163
195,99,84
196,93,77
197,100,76
198,81,92
199,95,179
200,95,170
201,83,168
202,55,147
203,65,109
204,62,156
205,48,107
206,57,116
207,41,118
208,80,177
209,76,95
210,48,153
211,58,162
212,48,138
213,24,118
214,39,138
215,20,123
216,51,125
217,82,84
218,81,108
219,76,109
220,85,104
221,78,48
222,66,43
223,55,41
224,46,42
225,39,45
226,35,57
227,15,73
228,41,69
229,48,72
230,58,73
231,68,71
232,75,69
233,80,67
234,15,70
235,76,110
236,87,88
237,87,110
238,90,113
239,86,111
240,78,112
241,92,114
242,92,115
243,80,61
244,84,63
245,87,65
246,45,55
247,40,51
248,106,85
249,156,60
250,106,115
251,185,28
252,133,67
253,141,68
254,148,67
255,159,62
256,127,65
257,145,44
258,136,45
259,153,45
260,158,48
261,164,67
262,123,172
263,159,57
264,186,62
265,173,62
266,137,101
267,108,135
268,106,141
269,116,137
270,121,138
271,113,141
272,118,141
273,131,147
274,105,112
275,106,105
276,169,40
277,122,82
278,123,107
279,124,103
280,159,100
281,106,94
282,151,31
283,161,34
284,178,16
285,118,40
286,129,48
287,138,140
288,175,133
289,117,112
290,111,114
291,127,142
292,125,142
293,166,29
294,123,110
295,137,32
296,138,26
297,148,0
298,172,25
299,143,15
300,173,36
301,179,35
302,107,138
303,115,139
304,120,140
305,115,113
306,126,142
307,123,144
308,124,142
309,113,110
310,116,142
311,111,142
312,105,142
313,106,161
314,106,157
315,105,153
316,105,148
317,104,145
318,116,143
319,117,145
320,119,147
321,120,149
322,130,129
323,185,94
324,119,143
325,121,144
326,108,117
327,121,114
328,110,116
329,129,86
330,141,91
331,125,106
332,166,6
333,160,18
334,154,25
335,124,153
336,120,29
337,124,15
338,128,-3
339,155,66
340,172,73
341,124,63
342,166,51
343,117,77
344,118,106
345,178,79
346,166,79
347,156,82
348,141,80
349,131,77
350,124,74
351,107,68
352,177,95
353,171,50
354,102,115
355,121,90
356,188,59
357,118,70
358,125,105
359,162,57
360,119,100
361,181,113
362,124,60
363,113,97
364,157,154
365,156,161
366,184,96
367,167,143
368,183,47
369,124,180
370,101,116
371,128,95
372,179,63
373,147,63
374,141,64
375,124,145
376,175,111
377,110,190
378,133,179
379,144,171
380,135,63
381,129,61
382,126,60
383,177,48
384,131,55
385,137,53
386,143,52
387,150,53
388,154,55
389,188,42
390,152,62
391,123,125
392,117,111
393,109,124
394,146,164
395,135,172
396,110,185
397,166,149
398,126,58
399,112,81
400,122,185
401,181,113
402,111,144
403,112,147
404,113,150
405,114,154
406,116,158
407,121,141
408,123,141
409,125,140
410,135,134
411,165,116
412,112,72
413,118,54
414,123,55
415,120,142
416,165,133
417,111,54
418,119,165
419,107,77
420,117,93
421,107,169
422,138,150
423,131,111
424,129,158
425,148,110
426,138,119
427,154,122
428,109,178
429,121,96
430,144,156
431,133,164
432,145,141
433,172,124
434,154,142
435,176,128
436,143,128
437,116,85
438,116,109
439,120,110
440,113,105
441,124,46
442,136,40
443,147,39
444,156,41
445,162,44
446,166,59
447,186,79
448,159,71
449,151,74
450,141,73
451,132,71
452,125,69
453,120,66
454,186,76
455,120,111
456,112,88
457,110,110
458,106,114
459,110,111
460,118,113
461,105,115
462,104,116
463,121,60
464,117,62
465,114,64
466,157,56
467,162,52
468,58,56
469,65,57
470,58,49
471,50,56
472,57,63
473,143,57
474,150,57
475,143,50
476,136,56
477,143,63
