0,98,136
1,100,111
2,99,117
3,93,86
4,100,104
5,100,94
6,99,67
7,46,60
8,99,49
9,99,40
10,99,1
11,98,138
12,98,139
13,98,140
14,98,140
15,98,142
16,98,145
17,98,149
18,98,160
19,99,114
20,91,113
21,20,28
22,68,66
23,60,67
24,53,67
25,44,62
26,74,65
27,55,47
28,64,48
29,48,48
30,43,51
31,38,67
32,71,170
33,44,58
34,18,60
35,30,62
36,62,100
37,90,134
38,91,138
39,82,135
40,77,136
41,84,138
42,79,138
43,66,146
44,93,111
45,92,104
46,33,46
47,77,81
48,75,106
49,74,102
50,42,98
51,93,94
52,50,41
53,40,42
54,27,17
55,83,48
56,71,51
57,61,140
58,24,126
59,80,110
60,86,113
61,69,139
62,71,139
63,36,37
64,74,109
65,64,42
66,63,37
67,56,4
68,32,27
69,60,19
70,29,42
71,25,35
72,90,137
73,83,137
74,78,137
75,82,112
76,70,139
77,74,140
78,72,139
79,84,109
80,80,139
81,85,139
82,91,139
83,89,159
84,90,148
85,90,145
86,91,142
87,91,140
88,80,139
89,79,140
90,78,142
91,77,143
92,69,128
93,17,88
94,99,115
95,76,139
96,75,139
97,89,116
98,77,113
99,88,114
100,69,85
101,58,90
102,73,104
103,38,9
104,43,21
105,47,35
106,72,151
107,81,39
108,78,20
109,75,1
110,47,66
111,31,72
112,77,63
113,36,54
114,82,77
115,80,104
116,23,76
117,36,78
118,45,81
119,59,80
120,69,77
121,76,74
122,92,69
123,25,92
124,31,53
125,95,114
126,77,89
127,16,56
128,82,71
129,73,104
130,41,58
131,79,99
132,19,106
133,77,61
134,86,96
135,39,149
136,39,156
137,18,91
138,31,137
139,21,46
140,68,178
141,96,115
142,71,94
143,24,62
144,54,63
145,60,63
146,73,141
147,27,106
148,81,189
149,58,176
150,49,168
151,99,20
152,97,191
153,66,62
154,72,61
155,75,61
156,26,51
157,70,55
158,64,53
159,57,52
160,51,53
161,47,55
162,17,41
163,49,62
164,99,122
165,75,124
166,80,109
167,89,123
168,99,57
169,48,160
170,58,169
171,82,184
172,31,142
173,75,58
174,87,80
175,98,186
176,69,184
177,20,107
178,85,139
179,84,141
180,83,143
181,83,146
182,80,156
183,75,138
184,73,138
185,73,138
186,64,133
187,36,112
188,87,72
189,83,57
190,78,57
191,76,139
192,35,129
193,89,58
194,75,163
195,99,85
196,92,77
197,99,76
198,81,92
199,98,178
200,98,168
201,86,167
202,58,148
203,67,110
204,66,156
205,52,108
206,61,117
207,46,119
208,83,176
209,77,95
210,51,153
211,60,162
212,53,139
213,28,119
214,43,139
215,24,122
216,56,127
217,82,84
218,82,108
219,77,109
220,86,104
221,77,51
222,64,46
223,53,45
224,45,46
225,39,49
226,36,60
227,17,75
228,42,71
229,50,73
230,60,73
231,69,71
232,75,69
233,80,67
234,16,72
235,77,110
236,87,88
237,88,109
238,91,112
239,87,110
240,79,112
241,93,113
242,93,114
243,80,61
244,84,64
245,86,65
246,45,56
247,40,54
248,106,85
249,147,59
250,107,113
251,170,28
252,127,66
253,134,67
254,141,66
255,150,61
256,121,64
257,139,46
258,130,47
259,146,48
260,150,50
261,155,66
262,124,169
263,150,57
264,173,59
265,162,61
266,133,99
267,106,134
268,105,138
269,114,135
270,119,137
271,112,138
272,117,138
273,130,145
274,106,111
275,107,104
276,160,45
277,119,80
278,122,106
279,123,101
280,152,97
281,106,94
282,144,40
283,154,42
284,166,17
285,113,48
286,123,50
287,135,139
288,164,124
289,117,110
290,111,113
291,126,139
292,124,139
293,157,37
294,122,108
295,131,42
296,132,37
297,140,4
298,162,27
299,136,20
300,164,41
301,167,35
302,106,137
303,113,137
304,118,138
305,115,111
306,125,139
307,122,140
308,123,139
309,114,109
310,116,139
311,111,139
312,105,139
313,107,159
314,106,148
315,106,145
316,105,142
317,105,140
318,115,139
319,117,140
320,118,141
321,119,143
322,128,127
323,171,87
324,119,139
325,120,139
326,109,116
327,120,112
328,110,114
329,126,84
330,137,89
331,123,104
332,156,9
333,152,21
334,147,35
335,124,150
336,115,39
337,119,20
338,122,1
339,146,65
340,162,71
341,117,63
342,157,53
343,115,76
344,118,104
345,168,75
346,157,77
347,149,81
348,136,80
349,126,76
350,119,73
351,106,68
352,167,91
353,162,52
354,103,114
355,119,88
356,173,56
357,114,70
358,124,104
359,152,57
360,118,99
361,169,105
362,117,60
363,113,96
364,153,147
365,152,154
366,172,90
367,160,136
368,170,46
369,126,177
370,102,115
371,125,93
372,168,61
373,140,62
374,134,63
375,123,141
376,165,105
377,113,189
378,134,175
379,143,166
380,128,62
381,122,61
382,119,60
383,166,50
384,124,54
385,130,51
386,137,51
387,143,52
388,147,54
389,172,40
390,144,61
391,122,123
392,117,109
393,109,122
394,145,159
395,136,168
396,114,184
397,159,140
398,119,58
399,111,80
400,125,183
401,169,105
402,111,139
403,112,141
404,112,143
405,113,146
406,116,155
407,121,138
408,122,138
409,123,138
410,132,132
411,157,111
412,110,72
413,113,56
414,117,56
415,119,139
416,157,127
417,107,58
418,121,162
419,106,77
420,116,92
421,110,167
422,137,147
423,129,109
424,129,155
425,143,107
426,135,116
427,149,118
428,112,176
429,120,95
430,143,152
431,134,161
432,142,138
433,163,117
434,150,137
435,166,120
436,139,126
437,115,84
438,116,108
439,120,108
440,113,104
441,118,50
442,130,46
443,141,45
444,149,46
445,154,48
446,157,59
447,173,74
448,151,70
449,144,72
450,135,72
451,126,71
452,120,68
453,115,67
454,172,71
455,120,110
456,111,88
457,111,109
458,107,112
459,111,110
460,118,112
461,106,113
462,105,114
463,115,61
464,112,63
465,110,65
466,149,55
467,153,53
468,58,57
469,66,57
470,58,50
471,50,57
472,58,64
473,136,56
474,143,56
475,135,49
476,128,56
477,136,63
