0,99,135
1,97,107
2,97,114
3,91,81
4,97,99
5,97,89
6,98,63
7,51,61
8,99,42
9,99,31
10,100,-4
11,99,138
12,98,142
13,98,144
14,99,143
15,99,148
16,99,153
17,99,158
18,98,163
19,97,111
20,90,110
21,27,30
22,69,67
23,62,68
24,56,67
25,48,64
26,74,65
27,59,46
28,66,47
29,52,48
30,47,51
31,42,68
32,72,171
33,48,59
34,24,63
35,34,63
36,62,98
37,89,133
38,90,141
39,80,134
40,73,135
41,82,140
42,76,139
43,65,146
44,91,107
45,89,99
46,37,44
47,77,79
48,74,103
49,74,99
50,42,97
51,90,89
52,53,36
53,43,39
54,32,17
55,82,42
56,73,50
57,60,138
58,34,132
59,80,108
60,85,110
61,65,137
62,67,138
63,40,34
64,74,106
65,65,36
66,64,30
67,58,0
68,35,24
69,61,13
70,34,41
71,29,35
72,89,137
73,81,137
74,75,137
75,81,109
76,66,138
77,70,141
78,68,138
79,83,106
80,77,140
81,83,142
82,90,143
83,88,162
84,89,156
85,89,151
86,90,146
87,90,143
88,77,141
89,76,142
90,74,145
91,73,147
92,67,126
93,27,95
94,97,112
95,73,140
96,71,140
97,88,113
98,77,111
99,87,112
100,70,84
101,58,88
102,73,102
103,42,6
104,45,16
105,50,30
106,71,152
107,80,32
108,79,13
109,77,-3
110,51,66
111,34,73
112,78,63
113,41,54
114,82,75
115,78,101
116,27,77
117,39,78
118,47,81
119,60,80
120,69,77
121,77,73
122,91,65
123,28,93
124,35,53
125,93,110
126,77,87
127,24,62
128,82,69
129,73,103
130,45,60
131,78,96
132,29,113
133,78,60
134,84,92
135,45,151
136,47,159
137,24,94
138,37,141
139,26,48
140,71,178
141,94,112
142,71,92
143,29,64
144,57,63
145,62,63
146,68,142
147,30,108
148,84,189
149,64,177
150,56,169
151,99,14
152,99,191
153,67,63
154,73,62
155,76,61
156,31,51
157,72,55
158,67,54
159,61,54
160,55,55
161,52,57
162,24,44
163,53,62
164,97,120
165,74,122
166,79,107
167,87,120
168,99,53
169,54,161
170,62,170
171,83,185
172,40,147
173,76,58
174,86,77
175,98,187
176,73,184
177,27,111
178,83,142
179,82,145
180,81,148
181,80,153
182,78,158
183,71,138
184,70,137
185,69,136
186,62,131
187,37,113
188,87,69
189,83,54
190,79,55
191,73,139
192,38,131
193,88,54
194,75,164
195,97,80
196,91,73
197,98,72
198,81,89
199,98,179
200,98,170
201,86,169
202,60,148
203,67,108
204,67,157
205,51,107
206,60,116
207,46,119
208,84,177
209,77,93
210,55,154
211,63,163
212,54,139
213,32,121
214,46,139
215,30,126
216,55,125
217,82,82
218,81,104
219,76,106
220,83,100
221,77,47
222,66,43
223,56,42
224,48,44
225,43,48
226,40,61
227,23,78
228,45,71
229,52,73
230,61,73
231,69,72
232,76,69
233,80,66
234,25,78
235,77,108
236,86,84
237,85,105
238,90,109
239,86,106
240,79,110
241,91,110
242,92,111
243,80,60
244,84,62
245,86,63
246,50,58
247,45,55
248,104,81
249,151,60
250,105,110
251,181,30
252,131,67
253,139,67
254,145,67
255,155,63
256,125,65
257,142,44
258,133,46
259,149,45
260,154,49
261,161,68
262,126,172
263,154,58
264,184,63
265,170,63
266,137,99
267,108,133
268,107,141
269,118,135
270,124,136
271,115,140
272,121,140
273,133,146
274,103,107
275,104,99
276,165,43
277,122,79
278,122,103
279,123,99
280,159,97
281,104,89
282,147,33
283,157,36
284,174,16
285,114,41
286,126,49
287,139,139
288,178,133
289,117,108
290,110,110
291,132,139
292,130,140
293,161,32
294,123,107
295,133,34
296,134,28
297,144,0
298,168,24
299,139,13
300,169,40
301,176,35
302,108,137
303,116,138
304,122,138
305,115,109
306,131,140
307,127,143
308,129,140
309,112,106
310,120,141
311,114,142
312,107,143
313,108,162
314,109,157
315,108,152
316,108,147
317,107,143
318,120,142
319,121,144
320,123,146
321,124,148
322,130,126
323,186,96
324,124,141
325,126,142
326,108,113
327,120,111
328,109,112
329,130,84
330,142,89
331,125,102
332,163,6
333,157,16
334,149,27
335,127,152
336,116,30
337,121,13
338,124,-3
339,151,65
340,170,73
341,121,64
342,162,53
343,116,75
344,117,101
345,178,78
346,164,78
347,154,81
348,140,79
349,130,77
350,122,73
351,106,65
352,177,94
353,168,52
354,101,110
355,121,87
356,187,62
357,116,69
358,126,103
359,158,58
360,118,96
361,183,114
362,121,61
363,111,92
364,160,153
365,160,161
366,184,95
367,169,142
368,180,48
369,128,179
370,100,112
371,128,93
372,177,65
373,145,62
374,139,63
375,129,144
376,175,109
377,114,190
378,137,178
379,148,171
380,133,62
381,127,62
382,123,62
383,173,51
384,128,56
385,134,53
386,140,53
387,146,53
388,150,55
389,185,44
390,149,61
391,123,122
392,116,107
393,108,120
394,149,163
395,139,171
396,114,185
397,169,149
398,123,59
399,110,77
400,127,185
401,182,112
402,114,142
403,115,145
404,117,149
405,117,154
406,119,158
407,126,140
408,127,139
409,128,138
410,136,132
411,165,114
412,111,69
413,115,54
414,120,56
415,124,141
416,166,132
417,108,53
418,123,165
419,105,73
420,116,89
421,111,170
422,140,149
423,131,109
424,132,158
425,148,108
426,138,116
427,154,120
428,113,178
429,121,93
430,146,155
431,137,164
432,146,140
433,173,122
434,156,140
435,178,128
436,144,126
437,116,82
438,115,104
439,120,106
440,111,100
441,121,47
442,133,41
443,143,40
444,152,42
445,159,46
446,163,61
447,185,79
448,157,71
449,149,73
450,140,73
451,130,71
452,123,69
453,118,67
454,187,78
455,120,108
456,110,84
457,109,105
458,105,109
459,109,107
460,118,110
461,103,110
462,103,111
463,118,61
464,114,62
465,111,63
466,152,57
467,158,53
468,63,58
469,70,58
470,63,52
471,57,58
472,64,65
473,139,57
474,145,57
475,138,51
476,132,57
477,139,63
