0,100,130
1,98,112
2,98,118
3,92,84
4,98,104
5,98,93
6,98,65
7,49,60
8,99,44
9,99,34
10,99,-3
11,100,132
12,100,135
13,100,136
14,99,157
15,100,160
16,100,164
17,99,168
18,97,171
19,98,116
20,90,115
21,22,28
22,68,67
23,61,68
24,55,67
25,46,62
26,75,66
27,58,44
28,66,45
29,51,46
30,46,49
31,40,67
32,69,177
33,47,58
34,18,62
35,32,61
36,60,99
37,88,128
38,89,134
39,77,130
40,70,132
41,80,134
42,73,135
43,61,149
44,92,112
45,91,104
46,37,43
47,76,80
48,73,106
49,73,101
50,40,96
51,92,93
52,53,36
53,43,38
54,29,15
55,84,43
56,73,49
57,56,139
58,23,136
59,78,111
60,84,114
61,61,138
62,63,139
63,40,33
64,72,109
65,66,36
66,65,30
67,58,0
68,34,23
69,62,13
70,33,39
71,27,34
72,88,131
73,78,132
74,71,134
75,80,112
76,62,139
77,66,146
78,64,139
79,83,110
80,74,136
81,81,135
82,90,135
83,85,170
84,88,167
85,88,163
86,89,159
87,90,156
88,75,150
89,73,151
90,72,153
91,70,155
92,64,128
93,17,96
94,98,117
95,70,146
96,68,146
97,87,117
98,74,113
99,85,115
100,69,84
101,57,88
102,71,104
103,40,5
104,45,16
105,51,29
106,67,157
107,82,32
108,79,14
109,77,-3
110,49,66
111,32,71
112,79,64
113,39,53
114,82,76
115,78,104
116,23,77
117,37,77
118,45,80
119,59,80
120,69,78
121,76,74
122,92,66
123,23,93
124,34,51
125,94,116
126,76,88
127,16,60
128,82,71
129,70,104
130,44,58
131,78,99
132,18,115
133,79,61
134,85,95
135,38,156
136,38,166
137,17,95
138,29,145
139,22,47
140,67,185
141,94,117
142,69,93
143,26,61
144,56,63
145,61,64
146,65,147
147,24,109
148,80,197
149,58,185
150,49,177
151,99,15
152,96,199
153,67,63
154,73,62
155,77,61
156,29,48
157,72,54
158,66,52
159,60,51
160,54,53
161,50,55
162,18,43
163,52,62
164,98,123
165,71,124
166,78,110
167,86,123
168,98,54
169,47,167
170,57,176
171,80,192
172,30,153
173,77,58
174,87,79
175,96,193
176,68,192
177,18,113
178,82,154
179,80,156
180,79,158
181,78,162
182,75,164
183,67,136
184,66,136
185,64,135
186,58,133
187,33,113
188,87,71
189,84,55
190,79,56
191,68,137
192,32,133
193,89,55
194,72,170
195,98,83
196,92,75
197,98,74
198,81,91
199,96,186
200,96,177
201,84,176
202,55,151
203,64,110
204,63,161
205,49,108
206,58,117
207,43,120
208,81,184
209,76,95
210,50,158
211,59,168
212,50,140
213,25,123
214,41,142
215,22,129
216,52,126
217,82,84
218,80,109
219,75,109
220,84,104
221,78,48
222,66,42
223,56,41
224,48,43
225,42,47
226,39,59
227,17,78
228,44,70
229,51,73
230,60,73
231,69,72
232,76,70
233,81,67
234,16,78
235,75,111
236,86,87
237,86,110
238,90,114
239,86,111
240,77,113
241,91,115
242,92,116
243,81,61
244,84,63
245,86,65
246,48,56
247,43,53
248,104,84
249,146,62
250,106,115
251,171,31
252,127,69
253,134,69
254,140,69
255,149,64
256,121,67
257,137,46
258,129,47
259,144,48
260,148,51
261,155,68
262,123,178
263,148,59
264,176,65
265,162,63
266,135,100
267,111,128
268,110,134
269,120,130
270,126,133
271,118,134
272,123,135
273,133,149
274,104,112
275,105,104
276,158,45
277,119,81
278,123,107
279,123,102
280,155,98
281,105,93
282,142,37
283,151,40
284,165,18
285,112,43
286,122,50
287,139,140
288,170,139
289,117,112
290,111,114
291,133,139
292,131,139
293,155,35
294,124,109
295,129,38
296,130,32
297,139,0
298,161,26
299,135,15
300,162,42
301,167,36
302,110,132
303,119,133
304,125,134
305,116,113
306,132,139
307,129,146
308,130,139
309,113,111
310,122,136
311,116,135
312,109,135
313,108,170
314,110,167
315,110,163
316,109,159
317,108,156
318,121,150
319,123,151
320,125,153
321,126,155
322,131,128
323,176,99
324,125,146
325,127,146
326,109,117
327,121,113
328,110,116
329,127,85
330,138,89
331,125,105
332,156,7
333,151,18
334,144,31
335,127,157
336,114,33
337,118,15
338,121,-2
339,146,67
340,162,73
341,117,65
342,155,54
343,114,76
344,118,105
345,171,79
346,158,79
347,149,82
348,136,81
349,126,78
350,119,75
351,105,67
352,171,95
353,160,53
354,102,116
355,120,89
356,176,63
357,113,71
358,125,105
359,151,59
360,118,99
361,175,118
362,116,62
363,111,95
364,155,158
365,154,167
366,177,98
367,164,147
368,172,49
369,124,186
370,101,117
371,126,94
372,168,64
373,139,65
374,133,65
375,130,147
376,171,111
377,111,197
378,134,186
379,143,178
380,128,65
381,122,64
382,118,63
383,165,51
384,123,56
385,129,53
386,135,53
387,141,54
388,145,56
389,175,45
390,143,63
391,124,125
392,117,111
393,110,123
394,145,169
395,135,177
396,111,192
397,163,155
398,118,60
399,110,79
400,123,192
401,176,116
402,116,154
403,117,156
404,119,159
405,119,162
406,119,165
407,128,137
408,129,136
409,131,135
410,137,133
411,161,115
412,110,71
413,112,56
414,116,57
415,127,137
416,162,135
417,106,56
418,121,170
419,105,76
420,115,92
421,109,176
422,138,152
423,131,111
424,131,162
425,146,109
426,137,118
427,152,121
428,111,184
429,120,95
430,143,159
431,134,169
432,145,141
433,169,125
434,153,144
435,172,132
436,143,127
437,114,84
438,115,109
439,120,110
440,112,104
441,117,49
442,129,44
443,139,43
444,147,45
445,152,48
446,156,61
447,177,81
448,151,72
449,144,74
450,135,74
451,126,73
452,119,70
453,115,68
454,176,80
455,121,111
456,110,87
457,110,111
458,106,114
459,110,112
460,119,113
461,104,115
462,104,116
463,114,62
464,111,64
465,109,65
466,146,58
467,151,55
468,60,57
469,68,57
470,61,50
471,53,57
472,60,65
473,134,58
474,141,58
475,133,51
476,127,58
477,134,66
