0,101,132
1,108,109
2,104,117
3,99,82
4,108,101
5,107,90
6,104,63
7,42,60
8,103,42
9,103,30
10,102,-9
11,101,135
12,100,138
13,99,140
14,99,140
15,99,145
16,99,149
17,98,154
18,99,161
19,107,114
20,97,113
21,7,25
22,64,67
23,57,68
24,49,67
25,38,62
26,71,65
27,55,43
28,64,44
29,47,44
30,41,47
31,32,67
32,69,177
33,39,57
34,4,63
35,23,62
36,61,100
37,90,129
38,90,137
39,78,131
40,69,133
41,80,136
42,72,136
43,58,146
44,101,109
45,101,101
46,31,41
47,78,80
48,79,106
49,78,101
50,35,98
51,100,90
52,53,32
53,40,35
54,19,11
55,86,40
56,70,48
57,52,139
58,6,141
59,84,111
60,91,113
61,57,136
62,60,136
63,36,30
64,77,109
65,68,33
66,68,26
67,56,-7
68,28,20
69,63,9
70,25,38
71,17,32
72,90,134
73,79,134
74,70,135
75,86,112
76,59,136
77,64,138
78,61,136
79,90,109
80,73,137
81,81,138
82,90,139
83,88,161
84,87,153
85,88,148
86,89,143
87,89,140
88,73,138
89,71,139
90,70,141
91,68,144
92,64,128
93,-2,99
94,105,115
95,67,137
96,65,137
97,93,116
98,79,113
99,92,115
100,69,84
101,56,89
102,76,104
103,34,0
104,43,12
105,51,25
106,66,153
107,85,29
108,82,9
109,78,-9
110,42,65
111,24,73
112,75,63
113,32,52
114,84,75
115,86,103
116,14,78
117,30,78
118,41,81
119,56,80
120,67,77
121,75,73
122,96,64
123,15,95
124,26,51
125,103,114
126,79,88
127,-2,61
128,81,69
129,74,104
130,35,57
131,85,97
132,0,120
133,74,60
134,93,93
135,29,160
136,27,171
137,3,98
138,17,150
139,10,46
140,67,186
141,102,115
142,71,94
143,15,64
144,50,62
145,57,63
146,62,140
147,14,112
148,82,196
149,55,188
150,42,181
151,103,10
152,97,197
153,63,62
154,69,61
155,72,61
156,19,49
157,68,55
158,62,53
159,56,52
160,49,53
161,44,54
162,1,41
163,46,61
164,103,123
165,74,124
166,85,110
167,92,123
168,103,52
169,42,171
170,54,179
171,82,190
172,15,158
173,72,58
174,92,78
175,98,191
176,68,193
177,5,117
178,80,139
179,79,141
180,78,145
181,77,149
182,76,158
183,65,136
184,63,135
185,62,134
186,56,133
187,26,116
188,90,69
189,82,54
190,76,55
191,67,137
192,22,137
193,91,53
194,72,167
195,106,80
196,98,73
197,105,72
198,86,90
199,99,182
200,99,171
201,86,171
202,52,152
203,66,110
204,61,161
205,47,109
206,57,118
207,37,122
208,83,182
209,80,95
210,45,160
211,57,169
212,45,142
213,15,127
214,34,145
215,8,134
216,48,127
217,85,83
218,88,107
219,82,109
220,93,102
221,77,46
222,66,40
223,55,39
224,45,40
225,37,45
226,30,60
227,3,80
228,37,70
229,46,73
230,56,73
231,65,72
232,73,69
233,78,66
234,-2,80
235,81,110
236,93,85
237,95,108
238,98,112
239,94,110
240,82,112
241,100,113
242,99,115
243,78,60
244,83,62
245,86,63
246,42,56
247,36,52
248,112,82
249,147,59
250,112,113
251,167,29
252,129,66
253,136,67
254,142,66
255,150,62
256,123,64
257,139,44
258,131,45
259,146,46
260,150,49
261,155,67
262,123,175
263,149,58
264,169,64
265,161,62
266,137,100
267,111,130
268,109,138
269,119,132
270,124,134
271,115,138
272,120,138
273,130,146
274,114,109
275,115,101
276,159,42
277,122,81
278,127,106
279,127,101
280,157,99
281,114,91
282,146,33
283,154,36
284,163,15
285,116,42
286,124,48
287,136,138
288,158,140
289,121,111
290,116,113
291,129,138
292,127,138
293,157,31
294,126,109
295,133,35
296,134,28
297,141,-3
298,161,23
299,138,11
300,162,38
301,166,35
302,110,134
303,117,135
304,122,136
305,119,112
306,128,138
307,125,141
308,126,138
309,119,109
310,118,139
311,113,139
312,107,140
313,108,161
314,108,154
315,108,149
316,107,144
317,106,140
318,118,139
319,119,141
320,121,143
321,122,146
322,131,128
323,164,100
324,121,139
325,123,140
326,113,116
327,123,113
328,114,115
329,129,85
330,141,90
331,127,104
332,155,3
333,152,15
334,148,27
335,124,152
336,119,31
337,122,10
338,124,-8
339,147,65
340,162,73
341,119,63
342,156,52
343,117,75
344,124,103
345,168,80
346,159,79
347,152,82
348,140,81
349,129,78
350,122,74
351,110,65
352,169,96
353,161,51
354,110,113
355,122,89
356,167,63
357,117,70
358,127,105
359,152,58
360,123,98
361,162,120
362,118,60
363,119,93
364,150,158
365,146,167
366,170,99
367,158,148
368,167,48
369,124,184
370,108,115
371,128,94
372,166,64
373,141,61
374,135,62
375,126,142
376,167,112
377,111,195
378,129,184
379,137,177
380,130,61
381,124,61
382,120,60
383,164,50
384,124,55
385,131,53
386,137,53
387,142,54
388,146,55
389,168,45
390,145,60
391,125,124
392,122,110
393,113,123
394,140,168
395,132,176
396,112,189
397,153,156
398,120,58
399,115,78
400,121,190
401,168,117
402,113,139
403,114,142
404,115,146
405,116,150
406,117,157
407,124,138
408,125,137
409,127,136
410,136,132
411,161,116
412,113,69
413,114,54
414,118,55
415,122,139
416,159,136
417,110,54
418,120,166
419,111,74
420,120,91
421,110,170
422,135,151
423,132,111
424,128,159
425,148,109
426,138,118
427,153,122
428,112,181
429,123,95
430,140,158
431,131,167
432,143,141
433,165,126
434,150,143
435,164,133
436,143,127
437,118,83
438,122,107
439,125,109
440,120,102
441,120,46
442,132,41
443,142,40
444,150,42
445,155,46
446,156,60
447,170,82
448,153,71
449,146,73
450,138,73
451,129,72
452,122,69
453,117,67
454,165,82
455,124,110
456,116,85
457,118,108
458,113,112
459,117,109
460,122,113
461,112,113
462,111,115
463,116,60
464,113,62
465,113,64
466,148,57
467,153,53
468,54,58
469,62,58
470,54,50
471,46,57
472,54,65
473,133,57
474,141,57
475,133,50
476,125,57
477,133,64
