0,100,134
1,112,109
2,105,116
3,102,83
4,113,101
5,111,91
6,105,66
7,40,57
8,104,46
9,104,37
10,104,1
11,100,137
12,99,140
13,98,142
14,98,142
15,98,146
16,98,151
17,98,155
18,95,164
19,110,112
20,100,112
21,8,26
22,64,65
23,57,65
24,49,65
25,36,60
26,70,64
27,54,42
28,63,44
29,45,42
30,38,45
31,30,65
32,63,174
33,36,55
34,2,59
35,21,58
36,61,99
37,90,132
38,90,139
39,79,133
40,70,134
41,80,138
42,72,138
43,57,148
44,106,108
45,105,101
46,29,38
47,77,80
48,81,105
49,79,101
50,36,96
51,104,91
52,51,32
53,38,33
54,21,13
55,86,44
56,70,49
57,52,140
58,-1,131
59,86,110
60,92,112
61,58,137
62,60,137
63,34,28
64,79,108
65,66,36
66,66,30
67,61,0
68,30,21
69,66,14
70,23,35
71,17,31
72,90,136
73,80,136
74,71,136
75,87,111
76,59,137
77,64,140
78,61,138
79,93,108
80,73,139
81,81,140
82,89,141
83,84,163
84,87,154
85,88,149
86,89,145
87,89,141
88,73,139
89,72,141
90,71,143
91,69,145
92,66,127
93,-8,91
94,108,114
95,67,138
96,66,139
97,95,115
98,80,113
99,94,114
100,69,84
101,56,88
102,77,104
103,38,4
104,45,15
105,49,26
106,64,154
107,85,34
108,85,16
109,82,0
110,41,63
111,21,70
112,74,63
113,30,49
114,84,76
115,88,103
116,12,75
117,28,76
118,40,80
119,56,79
120,67,77
121,75,74
122,97,67
123,13,92
124,24,47
125,106,112
126,79,88
127,-6,57
128,82,71
129,74,104
130,33,54
131,86,97
132,-6,110
133,73,60
134,95,93
135,24,154
136,19,163
137,0,92
138,13,142
139,9,44
140,60,182
141,105,114
142,71,93
143,13,59
144,49,60
145,56,61
146,63,141
147,12,107
148,73,192
149,46,182
150,34,174
151,105,18
152,89,193
153,62,61
154,68,60
155,71,60
156,17,45
157,67,54
158,60,50
159,54,49
160,46,50
161,41,51
162,0,40
163,44,59
164,104,121
165,76,123
166,87,109
167,93,121
168,103,56
169,36,165
170,47,174
171,75,187
172,8,149
173,71,58
174,93,79
175,92,188
176,59,188
177,0,109
178,81,140
179,80,143
180,79,146
181,78,150
182,73,159
183,66,137
184,64,137
185,63,136
186,58,132
187,26,113
188,91,71
189,82,56
190,75,56
191,67,138
192,21,131
193,92,57
194,68,167
195,109,82
196,100,76
197,107,75
198,87,91
199,93,181
200,94,172
201,81,171
202,49,151
203,66,109
204,57,160
205,48,107
206,58,117
207,39,119
208,78,180
209,80,94
210,41,157
211,52,166
212,44,140
213,13,121
214,32,141
215,4,126
216,50,126
217,86,83
218,91,106
219,84,108
220,97,101
221,76,48
222,64,41
223,53,39
224,42,39
225,34,42
226,28,57
227,0,75
228,35,69
229,45,72
230,56,72
231,65,70
232,73,69
233,78,67
234,-8,74
235,82,110
236,95,86
237,99,107
238,101,111
239,97,108
240,83,112
241,103,112
242,102,113
243,77,61
244,82,64
245,87,65
246,38,53
247,34,49
248,114,84
249,138,64
250,114,112
251,146,37
252,122,71
253,128,71
254,134,71
255,139,67
256,117,69
257,132,50
258,125,50
259,138,51
260,141,54
261,142,72
262,114,172
263,139,62
264,147,67
265,144,66
266,130,101
267,108,132
268,106,140
269,114,134
270,118,136
271,111,140
272,114,140
273,121,147
274,117,108
275,118,101
276,147,49
277,118,82
278,125,106
279,125,102
280,145,100
281,117,92
282,139,42
283,144,44
284,145,25
285,116,47
286,119,53
287,126,140
288,132,132
289,120,110
290,115,113
291,120,140
292,119,140
293,145,40
294,123,109
295,130,42
296,131,37
297,134,8
298,146,31
299,133,21
300,147,46
301,148,41
302,107,137
303,113,137
304,116,138
305,118,111
306,120,140
307,118,143
308,118,140
309,120,108
310,112,141
311,109,141
312,104,142
313,104,163
314,106,155
315,106,150
316,105,145
317,104,142
318,112,141
319,114,143
320,115,145
321,116,148
322,125,127
323,139,97
324,115,141
325,116,141
326,113,115
327,120,113
328,114,114
329,124,86
330,133,91
331,124,105
332,142,15
333,142,25
334,140,36
335,117,153
336,119,38
337,121,20
338,122,3
339,137,70
340,145,77
341,114,67
342,144,58
343,115,77
344,124,103
345,151,81
346,146,82
347,142,85
348,132,83
349,124,80
350,118,77
351,110,68
352,152,96
353,145,57
354,113,112
355,120,90
356,142,66
357,114,73
358,123,105
359,141,63
360,123,98
361,136,114
362,113,64
363,120,94
364,131,152
365,126,159
366,149,97
367,136,141
368,148,54
369,114,179
370,110,114
371,124,95
372,145,68
373,134,67
374,129,67
375,119,144
376,149,111
377,102,190
378,116,177
379,120,170
380,123,67
381,118,66
382,115,65
383,146,56
384,118,59
385,124,57
386,130,56
387,135,57
388,138,59
389,145,50
390,137,66
391,121,124
392,121,109
393,112,122
394,125,162
395,120,170
396,105,186
397,129,147
398,115,62
399,115,80
400,110,185
401,145,113
402,109,141
403,110,144
404,112,148
405,112,152
406,111,159
407,116,140
408,118,139
409,120,138
410,127,133
411,145,115
412,113,72
413,112,58
414,113,59
415,115,140
416,140,132
417,110,58
418,113,165
419,112,76
420,119,92
421,104,170
422,125,150
423,126,111
424,119,158
425,138,110
426,130,118
427,140,121
428,105,179
429,121,95
430,127,155
431,121,164
432,131,140
433,145,123
434,135,141
435,141,127
436,132,128
437,117,85
438,122,107
439,123,108
440,122,102
441,117,52
442,127,47
443,136,47
444,142,48
445,144,52
446,142,65
447,149,82
448,141,75
449,137,77
450,130,77
451,122,75
452,117,72
453,114,70
454,139,81
455,122,110
456,117,87
457,120,108
458,115,111
459,118,109
460,119,112
461,114,112
462,112,113
463,112,64
464,111,66
465,111,67
466,139,61
467,142,58
468,46,54
469,55,55
470,46,48
471,38,54
472,46,61
473,121,61
474,129,61
475,121,55
476,113,62
477,121,68
