0,97,135
1,89,111
2,94,117
3,85,84
4,88,103
5,89,92
6,93,65
7,50,60
8,93,40
9,92,29
10,90,-8
11,98,138
12,98,141
13,99,143
14,99,143
15,99,148
16,99,153
17,99,159
18,101,162
19,91,114
20,86,114
21,34,26
22,71,67
23,64,68
24,57,68
25,49,62
26,77,65
27,57,43
28,66,44
29,50,44
30,46,47
31,46,67
32,81,169
33,48,56
34,36,59
35,42,60
36,64,100
37,89,133
38,91,141
39,83,134
40,79,136
41,86,140
42,82,140
43,73,146
44,84,110
45,82,103
46,38,40
47,76,80
48,73,106
49,73,102
50,47,98
51,83,93
52,48,33
53,41,35
54,35,14
55,77,42
56,74,48
57,68,139
58,56,124
59,78,111
60,83,114
61,73,140
62,75,140
63,39,29
64,74,109
65,59,35
66,57,28
67,53,-2
68,37,22
69,55,12
70,36,35
71,35,32
72,90,137
73,84,137
74,80,138
75,80,112
76,74,140
77,77,142
78,76,140
79,79,109
80,83,141
81,87,142
82,92,143
83,93,161
84,91,158
85,91,152
86,91,147
87,92,142
88,83,141
89,81,143
90,80,146
91,78,148
92,71,128
93,47,88
94,92,116
95,80,140
96,78,141
97,86,116
98,77,113
99,84,115
100,70,85
101,60,90
102,73,105
103,41,4
104,43,15
105,46,27
106,78,152
107,73,31
108,71,12
109,68,-6
110,52,66
111,41,72
112,80,63
113,43,50
114,80,76
115,75,104
116,37,76
117,42,79
118,48,83
119,61,81
120,70,78
121,77,74
122,86,67
123,38,92
124,40,49
125,87,114
126,76,89
127,40,55
128,81,71
129,74,105
130,47,56
131,75,99
132,51,106
133,81,60
134,79,95
135,62,148
136,67,153
137,40,91
138,55,137
139,35,44
140,82,175
141,89,115
142,72,94
143,40,60
144,56,64
145,63,64
146,76,144
147,42,107
148,94,186
149,80,172
150,74,164
151,90,11
152,107,188
153,69,63
154,75,62
155,79,61
156,38,46
157,74,54
158,67,50
159,60,50
160,54,51
161,51,53
162,36,39
163,53,62
164,95,123
165,76,124
166,78,110
167,86,123
168,93,52
169,69,158
170,76,166
171,92,182
172,62,141
173,79,58
174,82,80
175,105,185
176,86,180
177,44,106
178,87,141
179,85,145
180,84,149
181,83,154
182,85,157
183,79,140
184,77,139
185,76,138
186,69,133
187,47,113
188,83,71
189,83,54
190,80,55
191,80,140
192,52,129
193,86,54
194,83,163
195,90,83
196,85,76
197,91,74
198,78,92
199,103,178
200,102,170
201,92,168
202,69,148
203,69,110
204,76,156
205,56,109
206,64,118
207,54,120
208,91,176
209,76,95
210,67,152
211,74,161
212,63,139
213,46,119
214,58,138
215,49,122
216,62,127
217,79,84
218,77,108
219,75,109
220,78,104
221,76,46
222,63,41
223,53,39
224,45,41
225,42,44
226,45,58
227,37,75
228,48,71
229,54,74
230,62,74
231,71,72
232,77,69
233,81,67
234,44,71
235,76,111
236,81,87
237,80,109
238,85,113
239,81,110
240,78,113
241,86,113
242,87,115
243,82,61
244,84,63
245,84,65
246,49,55
247,45,51
248,97,84
249,151,56
250,100,114
251,189,16
252,129,65
253,137,65
254,144,65
255,155,58
256,123,63
257,140,39
258,131,41
259,149,40
260,154,43
261,163,63
262,133,171
263,155,53
264,194,52
265,173,55
266,137,99
267,107,132
268,107,140
269,117,133
270,124,135
271,115,139
272,121,138
273,138,146
274,96,110
275,96,103
276,165,36
277,120,79
278,118,106
279,119,101
280,162,96
281,96,93
282,144,30
283,155,31
284,178,4
285,111,41
286,124,45
287,143,139
288,195,124
289,112,111
290,107,113
291,133,137
292,131,138
293,160,24
294,119,109
295,129,32
296,130,25
297,138,-8
298,170,13
299,133,7
300,171,30
301,181,23
302,107,137
303,116,136
304,123,136
305,111,112
306,132,137
307,128,140
308,130,138
309,107,109
310,121,139
311,114,141
312,107,142
313,112,162
314,109,157
315,108,152
316,107,146
317,107,142
318,121,139
319,122,141
320,124,144
321,125,147
322,131,127
323,203,83
324,126,139
325,127,139
326,104,116
327,118,113
328,105,115
329,129,83
330,142,88
331,122,104
332,161,-4
333,154,7
334,146,22
335,131,153
336,112,30
337,112,9
338,115,-9
339,151,62
340,173,68
341,119,62
342,163,47
343,114,75
344,112,104
345,185,71
346,166,76
347,154,80
348,138,80
349,127,77
350,119,74
351,101,66
352,184,89
353,170,44
354,95,114
355,119,88
356,201,48
357,113,70
358,124,104
359,158,52
360,113,98
361,201,103
362,119,59
363,105,95
364,170,149
365,173,155
366,197,86
367,182,137
368,188,37
369,136,177
370,95,115
371,127,93
372,182,55
373,143,60
374,136,61
375,130,142
376,184,104
377,123,187
378,148,175
379,159,167
380,130,60
381,124,59
382,121,59
383,177,41
384,126,51
385,133,47
386,139,47
387,146,48
388,150,50
389,197,30
390,148,58
391,122,124
392,112,110
393,106,123
394,159,160
395,148,169
396,121,183
397,185,141
398,121,56
399,106,79
400,136,182
401,195,104
402,114,140
403,115,144
404,117,148
405,118,153
406,122,158
407,127,138
408,128,137
409,129,136
410,138,133
411,171,111
412,107,70
413,113,53
414,118,53
415,126,139
416,174,128
417,105,54
418,128,164
419,99,76
420,112,91
421,116,169
422,146,149
423,131,110
424,139,157
425,150,107
426,139,117
427,159,119
428,119,177
429,118,94
430,154,153
431,144,162
432,152,139
433,183,117
434,163,139
435,191,120
436,147,126
437,113,83
438,109,108
439,115,109
440,104,103
441,118,45
442,130,38
443,141,36
444,151,37
445,158,41
446,165,54
447,197,69
448,158,68
449,149,71
450,138,71
451,128,70
452,121,68
453,116,66
454,203,65
455,116,111
456,105,87
457,102,109
458,100,113
459,103,110
460,115,113
461,97,114
462,98,115
463,116,60
464,112,62
465,108,65
466,153,51
467,158,47
468,66,55
469,74,55
470,65,48
471,57,56
472,66,63
473,140,52
474,148,51
475,140,44
476,132,52
477,141,59
