0,96,134
1,88,113
2,93,118
3,84,86
4,88,106
5,88,95
6,91,66
7,50,59
8,92,45
9,91,35
10,90,-3
11,96,137
12,97,140
13,97,142
14,97,142
15,97,146
16,97,150
17,97,155
18,98,163
19,90,117
20,84,115
21,35,26
22,69,65
23,62,66
24,56,66
25,49,61
26,74,63
27,58,45
28,65,46
29,52,46
30,48,49
31,45,66
32,76,171
33,48,56
34,35,59
35,40,60
36,63,99
37,88,133
38,89,140
39,81,134
40,77,135
41,84,139
42,80,139
43,70,144
44,83,113
45,81,106
46,41,44
47,76,80
48,71,106
49,71,102
50,46,96
51,82,95
52,53,38
53,45,39
54,37,15
55,79,45
56,72,49
57,64,137
58,48,125
59,76,111
60,81,114
61,72,137
62,73,138
63,43,34
64,72,109
65,63,39
66,62,33
67,54,1
68,39,25
69,57,17
70,38,40
71,36,33
72,88,137
73,82,137
74,78,137
75,77,112
76,73,138
77,75,141
78,74,138
79,77,111
80,81,140
81,85,141
82,91,142
83,90,162
84,89,154
85,89,149
86,90,145
87,91,142
88,81,140
89,80,142
90,78,144
91,77,146
92,68,126
93,42,87
94,91,117
95,78,139
96,77,140
97,83,117
98,74,112
99,82,115
100,70,84
101,60,89
102,71,104
103,43,6
104,45,19
105,51,32
106,75,151
107,76,36
108,72,16
109,70,-2
110,52,64
111,40,71
112,77,61
113,43,52
114,79,76
115,73,105
116,36,75
117,42,77
118,48,80
119,60,79
120,68,75
121,74,72
122,86,68
123,36,91
124,40,51
125,86,116
126,75,88
127,38,54
128,79,69
129,72,104
130,47,56
131,74,100
132,45,105
133,77,58
134,78,97
135,53,149
136,57,156
137,36,90
138,47,137
139,35,45
140,76,179
141,88,117
142,70,93
143,37,61
144,57,62
145,62,62
146,74,141
147,38,105
148,88,190
149,71,177
150,65,168
151,90,15
152,101,193
153,68,61
154,72,59
155,75,59
156,37,49
157,71,53
158,66,51
159,60,50
160,54,51
161,51,53
162,35,38
163,53,61
164,94,123
165,73,123
166,75,110
167,84,123
168,92,55
169,61,160
170,68,170
171,86,185
172,52,142
173,75,56
174,81,80
175,100,188
176,78,185
177,39,106
178,85,141
179,84,143
180,83,147
181,82,151
182,81,157
183,77,138
184,75,137
185,74,136
186,65,131
187,44,111
188,82,71
189,81,54
190,77,54
191,78,139
192,46,128
193,85,55
194,79,164
195,89,85
196,85,77
197,90,76
198,77,92
199,99,180
200,99,171
201,88,169
202,65,147
203,67,109
204,71,156
205,54,107
206,62,116
207,51,118
208,87,178
209,74,95
210,61,152
211,69,162
212,59,137
213,41,118
214,53,138
215,42,122
216,59,125
217,78,84
218,75,109
219,73,109
220,76,105
221,75,48
222,65,43
223,56,42
224,49,44
225,45,47
226,44,58
227,35,74
228,47,70
229,53,72
230,61,72
231,69,70
232,75,67
233,78,65
234,41,70
235,74,110
236,80,88
237,78,111
238,83,114
239,79,112
240,76,112
241,84,115
242,85,116
243,79,59
244,81,61
245,82,63
246,49,55
247,46,52
248,96,85
249,151,56
250,100,115
251,185,18
252,128,64
253,136,65
254,143,64
255,155,58
256,122,63
257,139,41
258,130,42
259,148,42
260,153,45
261,161,63
262,130,172
263,155,53
264,189,53
265,171,56
266,135,98
267,106,132
268,106,139
269,116,133
270,123,134
271,114,139
272,120,138
273,136,144
274,95,113
275,95,105
276,163,39
277,118,79
278,117,106
279,118,101
280,159,94
281,95,95
282,142,34
283,154,35
284,174,7
285,108,44
286,123,46
287,142,136
288,192,124
289,112,111
290,106,113
291,132,136
292,130,136
293,158,29
294,119,108
295,126,37
296,127,31
297,136,-4
298,166,18
299,131,12
300,169,34
301,177,26
302,106,136
303,115,136
304,121,136
305,111,112
306,131,136
307,127,139
308,129,136
309,106,111
310,119,139
311,113,140
312,105,141
313,109,162
314,107,154
315,107,149
316,106,145
317,105,141
318,119,139
319,121,141
320,122,142
321,123,145
322,130,126
323,198,83
324,124,138
325,125,138
326,104,116
327,117,112
328,105,115
329,126,82
330,139,87
331,121,103
332,158,0
333,151,12
334,144,28
335,129,151
336,109,34
337,111,13
338,114,-5
339,151,62
340,170,67
341,117,61
342,161,48
343,112,75
344,111,105
345,181,71
346,163,74
347,152,79
348,137,78
349,126,75
350,118,72
351,99,67
352,180,88
353,168,46
354,94,116
355,117,87
356,196,48
357,112,69
358,123,103
359,158,53
360,112,99
361,197,103
362,118,59
363,104,96
364,169,150
365,172,157
366,192,86
367,180,137
368,183,38
369,132,180
370,94,117
371,125,92
372,179,56
373,143,60
374,136,61
375,128,140
376,181,103
377,118,191
378,145,179
379,158,170
380,129,60
381,123,59
382,120,59
383,175,43
384,125,51
385,132,47
386,139,47
387,146,48
388,150,50
389,192,32
390,148,59
391,121,123
392,112,110
393,105,123
394,157,162
395,145,171
396,117,187
397,183,143
398,120,56
399,104,80
400,132,186
401,191,104
402,113,140
403,114,143
404,115,146
405,116,150
406,120,157
407,125,137
408,127,136
409,128,135
410,137,130
411,168,110
412,105,71
413,111,54
414,117,54
415,124,138
416,173,128
417,103,55
418,126,164
419,98,77
420,111,91
421,112,169
422,144,147
423,130,108
424,136,157
425,148,106
426,138,115
427,157,117
428,115,179
429,117,94
430,152,153
431,141,163
432,150,137
433,180,117
434,162,138
435,188,121
436,145,124
437,111,83
438,108,109
439,115,109
440,103,105
441,116,47
442,128,41
443,140,39
444,150,40
445,157,43
446,163,55
447,192,70
448,156,67
449,147,70
450,137,71
451,127,69
452,120,67
453,115,65
454,197,65
455,116,110
456,103,88
457,101,111
458,99,115
459,103,112
460,114,112
461,97,116
462,97,116
463,115,59
464,111,61
465,107,64
466,153,51
467,157,48
468,62,56
469,69,55
470,62,48
471,55,56
472,62,63
473,140,53
474,148,53
475,140,46
476,132,54
477,140,61
