0,100,128
1,96,110
2,97,116
3,90,84
4,96,102
5,96,91
6,97,66
7,44,63
8,98,51
9,98,41
10,99,2
11,100,131
12,99,134
13,99,135
14,100,144
15,100,147
16,100,151
17,100,155
18,99,163
19,96,114
20,89,113
21,23,39
22,65,69
23,58,70
24,51,70
25,41,66
26,71,68
27,55,50
28,64,51
29,48,51
30,43,54
31,36,71
32,69,177
33,42,61
34,17,72
35,28,67
36,57,101
37,86,127
38,87,134
39,73,129
40,64,132
41,76,134
42,68,135
43,59,146
44,89,110
45,88,102
46,34,49
47,75,83
48,70,106
49,70,102
50,35,100
51,89,92
52,52,42
53,41,44
54,30,26
55,83,49
56,71,54
57,52,138
58,22,146
59,76,111
60,82,113
61,54,136
62,57,137
63,38,40
64,69,109
65,66,43
66,65,37
67,58,7
68,34,33
69,62,21
70,31,47
71,27,44
72,86,131
73,75,132
74,66,133
75,77,112
76,56,137
77,61,140
78,58,137
79,81,109
80,70,136
81,78,135
82,88,135
83,87,163
84,87,154
85,87,150
86,88,147
87,89,144
88,71,141
89,69,142
90,67,144
91,66,146
92,60,127
93,16,107
94,97,115
95,65,139
96,63,140
97,85,116
98,72,113
99,84,115
100,67,87
101,54,91
102,68,105
103,41,15
104,45,25
105,50,37
106,66,153
107,82,39
108,79,20
109,77,3
110,45,69
111,28,76
112,75,66
113,36,58
114,80,78
115,75,104
116,20,84
117,32,81
118,41,83
119,55,82
120,65,79
121,73,76
122,90,68
123,19,99
124,31,57
125,92,114
126,74,90
127,17,72
128,79,72
129,67,105
130,39,62
131,75,99
132,17,126
133,75,64
134,82,95
135,36,160
136,38,171
137,14,104
138,26,151
139,22,57
140,68,186
141,93,115
142,67,95
143,23,68
144,52,65
145,58,66
146,59,141
147,19,115
148,83,198
149,60,188
150,50,181
151,99,20
152,99,199
153,64,65
154,70,65
155,73,64
156,26,56
157,69,59
158,63,57
159,56,56
160,50,57
161,46,59
162,19,54
163,47,64
164,97,122
165,69,124
166,76,110
167,85,122
168,98,59
169,47,170
170,57,178
171,82,191
172,29,161
173,73,62
174,85,80
175,99,192
176,70,194
177,15,122
178,79,142
179,77,145
180,76,148
181,75,151
182,75,159
183,62,135
184,60,135
185,58,134
186,54,132
187,27,118
188,85,73
189,82,59
190,77,59
191,64,136
192,27,138
193,88,59
194,72,168
195,96,83
196,90,76
197,97,75
198,78,92
199,98,183
200,99,173
201,85,172
202,54,151
203,61,111
204,62,161
205,44,110
206,54,118
207,37,122
208,82,183
209,73,96
210,48,159
211,59,169
212,46,141
213,20,129
214,37,144
215,18,138
216,47,127
217,80,85
218,78,108
219,72,109
220,82,103
221,76,53
222,65,48
223,54,47
224,45,48
225,39,52
226,35,64
227,15,88
228,39,74
229,46,76
230,56,76
231,65,74
232,73,72
233,78,70
234,16,90
235,72,111
236,84,87
237,84,109
238,88,112
239,84,110
240,74,112
241,90,113
242,90,115
243,78,64
244,82,66
245,84,67
246,44,60
247,39,57
248,103,84
249,151,63
250,105,113
251,180,37
252,131,69
253,138,69
254,145,69
255,155,66
256,125,68
257,141,52
258,133,52
259,149,53
260,154,56
261,162,71
262,130,177
263,154,62
264,185,70
265,171,67
266,139,99
267,113,126
268,112,133
269,126,128
270,134,130
271,122,133
272,130,133
273,141,143
274,103,109
275,104,101
276,164,51
277,121,82
278,125,104
279,125,100
280,163,97
281,103,92
282,145,44
283,156,46
284,172,24
285,113,49
286,126,55
287,148,135
288,185,144
289,119,109
290,112,112
291,144,135
292,142,135
293,160,43
294,126,107
295,131,44
296,132,38
297,142,6
298,166,32
299,136,21
300,169,49
301,174,43
302,113,130
303,124,131
304,132,132
305,117,110
306,143,135
307,138,139
308,140,135
309,113,108
310,128,135
311,120,134
312,111,135
313,111,162
314,114,154
315,113,150
316,113,146
317,112,143
318,129,140
319,130,141
320,132,143
321,134,145
322,137,124
323,190,105
324,134,138
325,136,138
326,109,115
327,124,111
328,111,114
329,130,85
330,143,89
331,127,103
332,160,13
333,154,25
334,148,39
335,133,151
336,115,40
337,119,20
338,122,3
339,151,68
340,170,75
341,121,66
342,162,59
343,115,77
344,118,103
345,179,82
346,165,79
347,155,81
348,141,80
349,130,78
350,122,75
351,105,68
352,181,96
353,168,59
354,101,113
355,122,89
356,188,69
357,116,72
358,129,103
359,158,63
360,119,97
361,190,124
362,121,64
363,111,94
364,167,159
365,167,171
366,189,101
367,178,149
368,180,55
369,131,186
370,100,115
371,129,94
372,177,69
373,144,65
374,138,65
375,140,140
376,182,112
377,116,198
378,141,188
379,153,181
380,132,65
381,126,64
382,123,64
383,173,58
384,127,60
385,133,58
386,140,58
387,146,59
388,150,60
389,185,51
390,148,64
391,128,121
392,119,108
393,111,121
394,155,169
395,143,178
396,116,191
397,177,159
398,123,62
399,110,80
400,129,194
401,188,119
402,121,142
403,123,144
404,124,146
405,125,150
406,123,158
407,137,134
408,139,133
409,140,133
410,145,129
411,172,115
412,110,72
413,114,59
414,119,60
415,135,135
416,175,135
417,107,59
418,127,167
419,104,76
420,116,91
421,113,172
422,146,149
423,135,109
424,137,159
425,153,107
426,143,116
427,162,120
428,115,183
429,122,94
430,152,158
431,141,168
432,154,138
433,182,126
434,164,142
435,185,135
436,152,124
437,115,84
438,116,107
439,122,107
440,111,102
441,120,53
442,132,49
443,143,49
444,152,50
445,158,54
446,163,65
447,188,85
448,158,73
449,150,74
450,140,74
451,130,73
452,123,71
453,118,69
454,189,87
455,123,109
456,110,87
457,109,108
458,105,112
459,110,109
460,121,111
461,103,113
462,103,114
463,118,64
464,113,66
465,111,66
466,152,61
467,157,59
468,58,60
469,66,60
470,58,53
471,50,60
472,57,66
473,138,61
474,146,61
475,138,56
476,131,61
477,139,67
