0,100,127
1,105,97
2,102,107
3,97,75
4,106,89
5,105,81
6,101,60
7,43,58
8,100,40
9,101,30
10,101,-1
11,100,131
12,100,135
13,99,139
14,99,148
15,99,152
16,99,157
17,99,163
18,96,165
19,104,102
20,95,103
21,6,32
22,63,66
23,56,66
24,48,66
25,38,61
26,70,64
27,54,42
28,63,43
29,46,44
30,40,47
31,30,66
32,64,174
33,40,56
34,1,64
35,20,60
36,58,94
37,89,125
38,90,135
39,77,130
40,68,135
41,80,137
42,72,139
43,57,146
44,99,97
45,98,89
46,29,39
47,74,77
48,75,96
49,74,93
50,33,94
51,97,81
52,50,30
53,38,33
54,16,17
55,84,37
56,70,47
57,52,137
58,4,139
59,81,101
60,88,104
61,59,145
62,61,145
63,33,28
64,74,100
65,65,31
66,64,24
67,53,0
68,24,22
69,58,11
70,23,36
71,13,34
72,89,130
73,79,133
74,70,137
75,82,103
76,60,145
77,65,148
78,62,145
79,87,98
80,74,141
81,81,139
82,90,138
83,85,164
84,87,161
85,88,156
86,89,150
87,90,147
88,74,146
89,73,148
90,71,150
91,69,153
92,63,122
93,-4,100
94,103,105
95,68,146
96,67,147
97,90,107
98,75,105
99,89,105
100,65,81
101,52,85
102,72,97
103,31,6
104,38,14
105,47,23
106,64,153
107,82,27
108,79,12
109,76,-2
110,42,64
111,21,71
112,75,61
113,31,50
114,81,72
115,82,93
116,10,77
117,27,76
118,37,79
119,53,78
120,65,75
121,73,72
122,93,62
123,11,92
124,24,49
125,100,102
126,75,83
127,-4,66
128,80,67
129,70,98
130,36,56
131,80,89
132,-2,119
133,75,59
134,89,84
135,26,156
136,24,167
137,0,97
138,16,145
139,7,48
140,61,183
141,100,104
142,67,89
143,12,62
144,50,61
145,56,62
146,63,149
147,12,108
148,75,196
149,48,185
150,36,177
151,101,14
152,93,198
153,63,62
154,69,60
155,73,60
156,17,48
157,68,54
158,62,52
159,56,52
160,49,53
161,45,54
162,0,47
163,46,60
164,101,113
165,72,117
166,81,99
167,89,113
168,100,51
169,37,166
170,48,175
171,77,189
172,14,155
173,73,57
174,88,72
175,95,191
176,60,191
177,1,114
178,81,146
179,80,149
180,78,153
181,77,157
182,73,159
183,66,142
184,64,141
185,62,140
186,56,129
187,25,111
188,87,66
189,81,52
190,76,53
191,68,143
192,22,132
193,89,51
194,68,166
195,104,74
196,95,68
197,102,67
198,82,83
199,96,182
200,96,173
201,82,171
202,49,149
203,63,104
204,57,159
205,45,103
206,55,112
207,37,117
208,79,180
209,75,88
210,41,156
211,52,166
212,44,138
213,13,122
214,32,140
215,6,130
216,48,123
217,82,78
218,85,96
219,78,99
220,90,91
221,76,44
222,64,39
223,53,37
224,43,39
225,36,43
226,29,58
227,0,80
228,35,69
229,43,71
230,54,72
231,64,70
232,72,67
233,78,65
234,-5,83
235,77,101
236,89,78
237,92,96
238,95,101
239,91,98
240,79,104
241,97,101
242,97,104
243,78,59
244,82,60
245,85,61
246,42,55
247,36,51
248,110,75
249,146,64
250,109,104
251,166,43
252,127,69
253,133,70
254,140,70
255,148,67
256,121,67
257,138,47
258,130,47
259,146,49
260,150,53
261,152,72
262,122,175
263,148,62
264,167,75
265,158,68
266,135,98
267,110,127
268,108,136
269,119,132
270,124,138
271,115,139
272,119,142
273,129,149
274,111,98
275,113,90
276,158,47
277,121,79
278,126,99
279,126,95
280,154,100
281,112,82
282,145,36
283,153,40
284,162,28
285,117,38
286,123,50
287,135,141
288,156,145
289,119,103
290,113,105
291,128,149
292,126,149
293,156,36
294,125,103
295,134,34
296,136,28
297,140,7
298,160,33
299,137,18
300,161,45
301,164,45
302,109,131
303,117,135
304,122,140
305,117,104
306,127,149
307,124,152
308,125,148
309,117,100
310,117,143
311,112,141
312,106,139
313,107,165
314,109,163
315,109,157
316,108,152
317,106,148
318,117,149
319,119,151
320,121,154
321,123,157
322,130,125
323,162,109
324,120,149
325,122,150
326,111,108
327,121,107
328,112,106
329,128,84
330,139,90
331,126,99
332,155,16
333,152,24
334,148,30
335,124,155
336,120,28
337,121,16
338,123,1
339,145,69
340,158,78
341,118,64
342,154,57
343,116,74
344,122,95
345,166,86
346,155,83
347,148,84
348,135,82
349,126,78
350,119,74
351,108,63
352,166,101
353,159,57
354,108,102
355,121,86
356,165,76
357,114,69
358,126,100
359,150,63
360,122,91
361,161,127
362,117,61
363,117,86
364,148,159
365,144,169
366,168,106
367,155,150
368,166,59
369,123,183
370,106,105
371,127,92
372,162,71
373,140,66
374,134,66
375,126,153
376,165,116
377,109,196
378,129,185
379,137,178
380,128,65
381,123,64
382,119,63
383,162,57
384,123,57
385,129,56
386,135,56
387,141,57
388,145,59
389,166,58
390,143,65
391,124,119
392,120,101
393,112,114
394,140,168
395,132,176
396,111,189
397,150,159
398,119,60
399,113,74
400,121,191
401,166,122
402,112,149
403,115,152
404,116,156
405,117,160
406,117,161
407,123,145
408,125,145
409,127,144
410,133,132
411,157,118
412,112,68
413,114,53
414,117,56
415,121,145
416,155,137
417,109,51
418,119,167
419,109,69
420,119,85
421,108,172
422,135,152
423,130,107
424,128,160
425,145,108
426,136,116
427,149,122
428,110,181
429,122,90
430,140,159
431,131,167
432,141,142
433,161,129
434,148,145
435,161,137
436,140,127
437,117,80
438,120,98
439,123,101
440,118,92
441,120,46
442,132,42
443,142,42
444,149,45
445,153,50
446,154,65
447,168,90
448,150,75
449,143,76
450,135,75
451,126,73
452,120,70
453,115,67
454,163,93
455,122,104
456,115,80
457,116,98
458,111,102
459,115,100
460,120,106
461,110,102
462,108,104
463,115,61
464,112,62
465,111,62
466,146,61
467,152,57
468,57,56
469,65,56
470,57,49
471,49,56
472,57,63
473,132,61
474,140,61
475,133,54
476,124,60
477,132,68
