0,97,133
1,99,109
2,98,115
3,93,82
4,99,101
5,99,90
6,99,63
7,46,59
8,99,44
9,100,33
10,100,-2
11,97,135
12,97,138
13,97,139
14,96,148
15,96,151
16,96,154
17,96,158
18,96,165
19,99,113
20,91,112
21,12,31
22,66,66
23,58,66
24,51,66
25,42,62
26,72,64
27,56,45
28,64,45
29,48,46
30,43,50
31,34,67
32,67,174
33,43,57
34,9,64
35,25,62
36,58,99
37,86,130
38,87,137
39,76,131
40,70,133
41,79,136
42,73,135
43,59,144
44,92,109
45,92,101
46,32,45
47,75,80
48,73,104
49,73,100
50,34,96
51,92,91
52,51,36
53,40,39
54,21,17
55,84,42
56,71,48
57,53,136
58,16,135
59,79,109
60,85,111
61,61,135
62,63,135
63,36,34
64,72,107
65,66,37
66,65,30
67,55,0
68,27,25
69,60,14
70,27,41
71,18,36
72,87,134
73,78,134
74,71,134
75,80,110
76,62,135
77,66,140
78,64,136
79,83,107
80,74,136
81,80,137
82,88,138
83,85,164
84,86,157
85,86,153
86,87,149
87,87,147
88,74,142
89,73,143
90,71,145
91,70,147
92,62,125
93,7,97
94,98,114
95,69,140
96,68,140
97,87,114
98,75,111
99,86,113
100,67,84
101,53,88
102,71,103
103,34,6
104,40,17
105,49,30
106,65,152
107,82,32
108,79,14
109,76,-2
110,45,65
111,25,72
112,76,62
113,35,53
114,81,75
115,79,102
116,16,78
117,31,77
118,41,80
119,56,80
120,67,77
121,75,73
122,92,65
123,17,93
124,28,52
125,95,112
126,75,88
127,5,63
128,81,69
129,70,103
130,39,58
131,79,97
132,10,116
133,77,60
134,85,93
135,34,154
136,34,163
137,9,96
138,24,143
139,13,49
140,66,182
141,95,114
142,68,93
143,18,63
144,53,61
145,59,62
146,65,141
147,18,109
148,79,194
149,56,182
150,46,174
151,100,15
152,96,196
153,65,61
154,71,60
155,75,60
156,22,50
157,70,54
158,63,52
159,57,51
160,51,53
161,47,55
162,7,45
163,48,60
164,98,121
165,71,122
166,79,108
167,86,121
168,99,53
169,45,164
170,55,173
171,79,188
172,25,151
173,74,57
174,86,78
175,96,190
176,67,189
177,12,113
178,80,145
179,79,147
180,78,149
181,77,153
182,74,159
183,67,135
184,66,135
185,65,134
186,56,129
187,28,113
188,86,70
189,82,54
190,77,55
191,69,136
192,27,132
193,89,54
194,70,166
195,99,81
196,92,74
197,99,73
198,81,90
199,96,182
200,96,173
201,83,172
202,53,148
203,63,109
204,61,158
205,45,107
206,56,116
207,38,119
208,80,181
209,75,94
210,47,155
211,57,165
212,46,137
213,20,122
214,37,140
215,16,129
216,49,124
217,81,83
218,81,106
219,76,107
220,85,101
221,77,47
222,65,42
223,54,42
224,45,44
225,38,47
226,33,60
227,8,79
228,39,70
229,47,72
230,57,72
231,66,71
232,74,68
233,79,66
234,5,80
235,75,109
236,86,85
237,87,107
238,90,111
239,87,108
240,77,111
241,92,112
242,93,113
243,79,60
244,83,62
245,86,63
246,45,56
247,39,53
248,105,82
249,148,62
250,105,112
251,178,34
252,129,67
253,136,68
254,143,68
255,151,65
256,123,65
257,139,47
258,131,48
259,147,49
260,151,53
261,158,69
262,124,174
263,150,61
264,180,66
265,167,64
266,136,100
267,107,131
268,106,138
269,117,133
270,123,135
271,114,137
272,120,138
273,133,145
274,105,109
275,106,101
276,162,47
277,120,81
278,122,105
279,122,100
280,158,98
281,106,91
282,144,38
283,154,42
284,172,20
285,113,43
286,124,50
287,139,136
288,168,137
289,116,109
290,110,112
291,129,138
292,128,139
293,159,37
294,122,108
295,131,38
296,132,32
297,144,2
298,167,28
299,139,16
300,166,44
301,174,39
302,107,135
303,115,135
304,121,136
305,115,111
306,128,138
307,125,143
308,127,139
309,113,108
310,118,138
311,113,139
312,106,139
313,108,164
314,106,158
315,106,154
316,106,150
317,105,147
318,118,144
319,119,145
320,120,147
321,122,149
322,131,126
323,177,99
324,122,142
325,123,142
326,108,115
327,120,112
328,109,113
329,128,85
330,140,90
331,124,103
332,162,9
333,156,20
334,147,32
335,126,152
336,115,33
337,121,15
338,124,-1
339,148,67
340,166,74
341,119,63
342,159,56
343,115,76
344,118,103
345,174,80
346,161,79
347,152,82
348,138,80
349,128,77
350,121,74
351,106,65
352,173,95
353,165,55
354,102,113
355,119,88
356,181,65
357,115,70
358,124,103
359,154,61
360,118,97
361,173,118
362,119,61
363,112,93
364,154,155
365,152,164
366,178,98
367,163,145
368,177,52
369,125,182
370,101,114
371,126,94
372,173,65
373,141,64
374,136,64
375,126,144
376,171,111
377,111,194
378,133,182
379,142,174
380,130,63
381,124,62
382,121,61
383,170,53
384,125,56
385,132,55
386,137,55
387,143,57
388,147,58
389,181,48
390,145,63
391,123,122
392,116,108
393,109,121
394,145,165
395,135,174
396,112,189
397,160,152
398,121,59
399,110,78
400,123,189
401,175,115
402,112,146
403,113,148
404,114,151
405,115,154
406,118,159
407,124,138
408,125,137
409,127,136
410,136,130
411,163,115
412,110,70
413,114,55
414,118,56
415,123,139
416,162,133
417,107,54
418,121,166
419,106,74
420,115,90
421,109,172
422,138,149
423,130,109
424,131,158
425,148,108
426,137,117
427,153,120
428,111,181
429,120,94
430,143,155
431,134,165
432,145,138
433,169,124
434,153,141
435,170,131
436,143,125
437,115,83
438,115,107
439,120,108
440,112,102
441,119,48
442,131,44
443,141,44
444,150,47
445,156,50
446,159,63
447,180,82
448,154,72
449,147,74
450,137,74
451,128,72
452,121,69
453,117,67
454,179,82
455,119,109
456,111,86
457,110,107
458,106,111
459,110,109
460,118,111
461,105,112
462,104,113
463,117,61
464,113,62
465,111,64
466,149,60
467,154,57
468,58,56
469,66,56
470,58,49
471,50,56
472,58,63
473,135,58
474,142,59
475,135,52
476,127,58
477,135,65
