0,98,130
1,96,108
2,97,114
3,89,83
4,96,100
5,96,90
6,96,66
7,42,64
8,95,52
9,95,43
10,94,3
11,98,132
12,98,135
13,97,136
14,97,136
15,97,140
16,97,144
17,97,148
18,98,159
19,97,112
20,88,110
21,13,36
22,62,69
23,55,70
24,47,70
25,38,66
26,69,68
27,51,53
28,60,53
29,43,54
30,38,56
31,32,70
32,67,171
33,39,63
34,10,67
35,23,66
36,55,97
37,86,128
38,87,134
39,75,130
40,68,131
41,78,134
42,71,134
43,57,140
44,89,108
45,88,100
46,27,52
47,72,81
48,68,102
49,67,98
50,31,95
51,89,91
52,46,45
53,35,47
54,19,24
55,80,51
56,67,55
57,50,132
58,18,134
59,74,107
60,81,109
61,58,134
62,60,134
63,31,43
64,67,104
65,61,46
66,59,41
67,48,7
68,24,33
69,53,23
70,23,49
71,17,42
72,86,131
73,77,132
74,69,132
75,76,108
76,59,134
77,63,136
78,61,134
79,79,106
80,73,135
81,80,135
82,88,135
83,86,158
84,85,148
85,86,143
86,87,139
87,88,136
88,72,135
89,70,136
90,68,138
91,67,141
92,59,121
93,10,98
94,97,113
95,67,134
96,65,135
97,84,112
98,70,108
99,83,111
100,63,84
101,50,88
102,66,101
103,30,14
104,35,26
105,43,40
106,65,147
107,77,43
108,73,22
109,69,4
110,41,69
111,23,75
112,73,66
113,31,59
114,78,77
115,74,101
116,15,80
117,29,79
118,38,81
119,52,80
120,63,78
121,71,75
122,88,68
123,15,93
124,25,58
125,92,111
126,71,87
127,9,66
128,77,71
129,65,100
130,36,63
131,73,96
132,13,115
133,73,64
134,81,93
135,33,151
136,35,160
137,10,97
138,23,141
139,13,53
140,66,180
141,93,112
142,64,92
143,16,68
144,48,66
145,55,66
146,61,137
147,16,108
148,81,191
149,57,179
150,47,171
151,95,22
152,99,193
153,61,66
154,67,65
155,71,64
156,19,57
157,66,60
158,59,58
159,53,58
160,47,59
161,43,60
162,10,49
163,44,65
164,97,118
165,67,118
166,74,106
167,84,118
168,96,59
169,44,162
170,54,171
171,81,185
172,26,149
173,71,62
174,83,79
175,99,188
176,68,186
177,12,112
178,79,135
179,78,138
180,76,141
181,75,145
182,74,153
183,65,134
184,64,133
185,62,133
186,53,126
187,25,111
188,83,72
189,79,59
190,74,60
191,67,134
192,24,129
193,85,60
194,70,162
195,96,82
196,89,76
197,96,74
198,76,90
199,98,179
200,98,168
201,84,167
202,51,144
203,59,106
204,60,154
205,41,105
206,52,113
207,34,116
208,82,177
209,71,93
210,45,152
211,56,162
212,43,134
213,18,121
214,34,137
215,16,127
216,45,121
217,77,83
218,76,105
219,70,105
220,81,101
221,73,55
222,60,51
223,49,50
224,40,51
225,34,54
226,30,65
227,9,82
228,36,73
229,43,75
230,53,75
231,63,73
232,70,71
233,76,69
234,9,82
235,70,106
236,83,86
237,83,106
238,87,110
239,83,107
240,72,108
241,89,111
242,90,112
243,76,64
244,79,65
245,82,67
246,41,62
247,35,59
248,104,83
249,155,64
250,106,111
251,179,36
252,132,69
253,140,70
254,147,70
255,158,67
256,126,68
257,145,52
258,135,53
259,153,53
260,158,56
261,163,71
262,130,172
263,158,63
264,184,68
265,172,67
266,140,98
267,110,128
268,108,134
269,120,130
270,128,132
271,117,134
272,124,134
273,139,141
274,104,108
275,105,100
276,168,52
277,122,81
278,126,103
279,126,99
280,163,96
281,104,91
282,149,45
283,160,47
284,172,24
285,113,52
286,127,55
287,147,133
288,178,134
289,120,107
290,112,110
291,138,134
292,135,134
293,164,43
294,127,105
295,133,47
296,134,41
297,141,7
298,167,32
299,136,22
300,172,48
301,175,42
302,109,132
303,119,132
304,126,133
305,118,109
306,136,134
307,132,136
308,134,134
309,114,106
310,123,135
311,116,135
312,107,136
313,110,158
314,109,148
315,109,143
316,108,139
317,107,136
318,123,135
319,125,136
320,127,139
321,128,141
322,136,123
323,184,99
324,128,135
325,130,135
326,109,113
327,124,109
328,111,111
329,130,84
330,144,89
331,128,101
332,160,14
333,155,26
334,151,40
335,132,148
336,116,44
337,117,21
338,120,4
339,154,69
340,171,75
341,122,66
342,165,59
343,116,77
344,120,102
345,179,80
346,166,80
347,156,82
348,141,81
349,130,78
350,122,75
351,104,68
352,180,94
353,170,58
354,101,111
355,122,88
356,185,66
357,116,72
358,129,101
359,161,63
360,120,96
361,183,116
362,122,64
363,112,93
364,164,152
365,162,161
366,185,97
367,173,142
368,179,54
369,131,180
370,100,112
371,130,92
372,178,68
373,147,66
374,140,66
375,133,137
376,179,109
377,116,192
378,141,180
379,151,172
380,134,65
381,128,64
382,124,64
383,175,57
384,130,59
385,137,58
386,144,57
387,150,58
388,154,60
389,183,50
390,152,66
391,128,119
392,119,107
393,110,118
394,153,163
395,143,172
396,117,186
397,171,149
398,124,62
399,110,79
400,129,187
401,183,113
402,116,135
403,117,138
404,119,141
405,120,145
406,122,154
407,130,134
408,132,133
409,133,133
410,143,127
411,171,112
412,110,72
413,115,60
414,121,60
415,128,135
416,172,131
417,107,60
418,126,162
419,104,76
420,117,90
421,113,167
422,146,145
423,135,107
424,137,155
425,154,106
426,143,114
427,161,118
428,116,177
429,123,93
430,152,153
431,141,163
432,153,135
433,178,122
434,162,138
435,180,128
436,151,122
437,116,83
438,117,105
439,123,106
440,112,101
441,121,55
442,134,51
443,146,50
444,155,51
445,162,54
446,166,65
447,185,82
448,159,74
449,151,75
450,141,75
451,131,73
452,124,71
453,118,69
454,185,82
455,123,107
456,110,86
457,110,106
458,106,110
459,111,107
460,121,109
461,104,111
462,103,112
463,119,64
464,114,66
465,111,67
466,157,62
467,161,59
468,54,61
469,61,61
470,54,55
471,46,62
472,54,67
473,142,61
474,150,61
475,142,55
476,134,61
477,142,67
