0,96,128
1,96,110
2,97,117
3,89,83
4,95,101
5,96,91
6,96,65
7,46,62
8,97,46
9,97,35
10,98,-2
11,97,131
12,97,133
13,98,134
14,98,160
15,98,163
16,98,168
17,99,172
18,101,177
19,96,114
20,89,114
21,22,36
22,66,67
23,59,68
24,52,68
25,42,65
26,72,66
27,55,47
28,63,48
29,47,49
30,42,52
31,36,70
32,70,185
33,43,60
34,17,70
35,28,65
36,57,101
37,83,126
38,85,132
39,71,128
40,63,131
41,75,132
42,68,134
43,59,152
44,89,110
45,88,102
46,33,46
47,75,82
48,70,106
49,69,102
50,35,100
51,88,91
52,50,38
53,40,40
54,28,22
55,82,45
56,71,51
57,53,142
58,24,147
59,76,111
60,83,114
61,57,140
62,60,140
63,36,35
64,69,109
65,64,39
66,63,32
67,55,2
68,32,29
69,59,16
70,29,42
71,25,40
72,83,130
73,73,130
74,66,132
75,78,112
76,58,140
77,62,148
78,61,140
79,80,110
80,70,134
81,77,134
82,87,134
83,87,176
84,85,171
85,85,166
86,86,162
87,87,159
88,72,152
89,70,153
90,67,155
91,65,158
92,61,129
93,17,107
94,97,116
95,67,147
96,64,147
97,85,117
98,72,113
99,84,115
100,66,86
101,53,91
102,68,105
103,38,10
104,42,20
105,48,32
106,66,162
107,80,35
108,77,15
109,74,-1
110,46,67
111,28,75
112,76,65
113,35,55
114,80,77
115,75,104
116,20,83
117,33,80
118,42,83
119,56,82
120,67,79
121,75,76
122,90,67
123,19,99
124,30,54
125,92,114
126,74,90
127,17,70
128,80,72
129,67,105
130,40,61
131,75,98
132,19,126
133,76,62
134,82,94
135,38,164
136,40,175
137,14,103
138,28,154
139,21,54
140,69,194
141,93,116
142,66,95
143,22,66
144,53,63
145,59,63
146,60,149
147,19,115
148,84,207
149,61,193
150,52,185
151,97,15
152,101,209
153,65,62
154,71,62
155,74,62
156,25,52
157,69,57
158,63,55
159,57,55
160,50,56
161,47,58
162,19,52
163,49,62
164,98,123
165,69,125
166,76,110
167,85,123
168,97,55
169,49,175
170,59,184
171,83,201
172,31,163
173,74,60
174,84,79
175,100,203
176,71,201
177,16,122
178,79,156
179,77,158
180,75,162
181,74,166
182,75,170
183,63,136
184,61,135
185,59,134
186,55,134
187,28,118
188,85,72
189,82,57
190,77,57
191,65,136
192,29,140
193,88,57
194,72,177
195,96,82
196,89,75
197,96,74
198,78,92
199,100,194
200,100,185
201,85,184
202,55,156
203,62,112
204,63,167
205,45,111
206,55,120
207,39,124
208,83,193
209,73,96
210,50,164
211,60,175
212,48,144
213,21,130
214,39,147
215,20,139
216,49,129
217,79,85
218,78,108
219,72,109
220,81,103
221,76,50
222,64,45
223,53,44
224,44,46
225,38,49
226,35,63
227,15,87
228,40,73
229,48,75
230,58,74
231,67,73
232,74,71
233,79,68
234,17,88
235,72,111
236,84,87
237,83,109
238,88,113
239,84,110
240,74,113
241,89,114
242,91,115
243,78,62
244,83,64
245,85,66
246,44,59
247,39,56
248,103,83
249,151,61
250,105,114
251,186,34
252,131,67
253,138,67
254,145,67
255,155,64
256,124,66
257,141,48
258,133,49
259,149,49
260,155,52
261,163,69
262,132,185
263,154,60
264,191,68
265,173,65
266,141,100
267,111,126
268,110,132
269,124,128
270,133,131
271,121,132
272,129,134
273,145,151
274,103,110
275,103,101
276,166,47
277,123,81
278,125,105
279,126,101
280,166,98
281,103,91
282,146,38
283,157,41
284,177,20
285,112,44
286,126,52
287,152,140
288,188,146
289,120,110
290,113,113
291,143,139
292,140,139
293,161,36
294,127,108
295,131,38
296,132,32
297,143,1
298,170,28
299,137,16
300,171,43
301,179,39
302,110,129
303,123,130
304,131,132
305,118,112
306,142,139
307,138,147
308,139,139
309,114,109
310,128,134
311,120,133
312,110,134
313,114,176
314,114,170
315,112,166
316,111,161
317,110,158
318,128,151
319,130,152
320,132,153
321,134,156
322,140,127
323,195,105
324,133,146
325,135,146
326,110,116
327,125,112
328,111,115
329,132,85
330,146,89
331,129,104
332,163,8
333,156,20
334,148,32
335,137,161
336,114,34
337,118,15
338,122,-2
339,152,66
340,173,74
341,120,65
342,163,56
343,116,77
344,119,103
345,184,81
346,167,79
347,157,81
348,141,80
349,130,78
350,122,75
351,104,67
352,185,97
353,170,55
354,101,114
355,123,89
356,194,68
357,115,71
358,130,104
359,158,61
360,119,98
361,194,125
362,120,62
363,111,94
364,168,164
365,168,175
366,193,102
367,179,153
368,185,53
369,133,195
370,100,116
371,131,94
372,181,66
373,143,62
374,138,62
375,140,147
376,186,114
377,118,207
378,143,195
379,155,186
380,132,62
381,126,62
382,122,62
383,176,54
384,127,58
385,134,56
386,140,56
387,146,57
388,150,58
389,191,49
390,147,61
391,130,124
392,119,109
393,112,123
394,156,175
395,145,185
396,118,201
397,178,163
398,123,61
399,110,79
400,132,202
401,192,121
402,120,155
403,122,157
404,124,160
405,125,164
406,127,170
407,136,136
408,138,135
409,140,134
410,148,132
411,175,117
412,110,71
413,114,56
414,119,57
415,134,136
416,177,138
417,107,56
418,130,177
419,103,75
420,117,91
421,116,184
422,149,155
423,137,110
424,141,167
425,156,109
426,145,118
427,164,122
428,117,193
429,123,95
430,154,163
431,143,175
432,156,142
433,185,129
434,166,146
435,188,138
436,153,127
437,116,84
438,116,107
439,123,108
440,111,102
441,120,50
442,132,45
443,143,44
444,152,46
445,159,50
446,165,63
447,193,85
448,159,72
449,151,73
450,140,73
451,130,72
452,123,70
453,117,68
454,195,87
455,123,110
456,110,86
457,109,108
458,105,113
459,110,110
460,122,112
461,103,113
462,103,115
463,117,63
464,113,64
465,111,65
466,152,59
467,158,56
468,56,59
469,63,59
470,56,52
471,48,59
472,56,65
473,138,59
474,146,59
475,138,53
476,130,59
477,138,66
