0,101,133
1,108,111
2,104,118
3,100,84
4,109,103
5,108,92
6,104,66
7,41,61
8,103,43
9,104,32
10,104,-4
11,100,137
12,100,140
13,99,142
14,98,154
15,98,158
16,98,164
17,98,169
18,98,171
19,107,115
20,98,115
21,6,24
22,63,68
23,56,69
24,48,68
25,37,63
26,70,67
27,54,45
28,62,47
29,45,45
30,39,48
31,31,66
32,64,180
33,38,58
34,1,60
35,21,59
36,58,100
37,87,131
38,87,138
39,73,131
40,63,131
41,75,136
42,66,135
43,52,146
44,102,111
45,101,103
46,27,37
47,77,82
48,78,106
49,77,101
50,30,96
51,101,93
52,49,31
53,37,32
54,18,10
55,84,43
56,69,51
57,45,136
58,0,137
59,83,111
60,90,114
61,49,132
62,52,133
63,32,26
64,76,109
65,64,34
66,64,28
67,58,-5
68,27,18
69,63,9
70,22,33
71,15,29
72,87,135
73,74,134
74,64,133
75,85,113
76,51,132
77,57,140
78,53,133
79,90,110
80,67,136
81,76,138
82,87,140
83,85,169
84,84,167
85,85,162
86,86,156
87,86,152
88,67,145
89,66,146
90,64,148
91,62,151
92,60,126
93,-7,95
94,105,117
95,60,140
96,59,140
97,92,117
98,77,113
99,91,116
100,67,85
101,53,89
102,74,104
103,35,0
104,42,11
105,46,24
106,61,156
107,82,33
108,83,11
109,80,-6
110,41,66
111,22,71
112,74,65
113,30,50
114,83,77
115,85,104
116,10,76
117,28,77
118,39,80
119,54,80
120,65,78
121,74,75
122,96,68
123,9,92
124,24,48
125,103,115
126,77,89
127,-5,58
128,80,72
129,71,104
130,34,57
131,84,99
132,-5,115
133,74,63
134,92,95
135,24,159
136,22,169
137,-2,94
138,11,147
139,8,44
140,63,188
141,102,117
142,69,94
143,14,60
144,49,64
145,56,64
146,55,141
147,8,109
148,79,200
149,51,188
150,37,180
151,104,13
152,95,201
153,62,64
154,68,63
155,72,63
156,17,45
157,67,58
158,60,56
159,54,55
160,48,55
161,43,56
162,0,39
163,45,62
164,102,124
165,71,123
166,84,110
167,90,123
168,103,55
169,37,170
170,50,179
171,79,195
172,9,155
173,72,61
174,91,80
175,97,196
176,64,195
177,-1,113
178,76,149
179,75,152
180,73,156
181,72,160
182,71,164
183,58,134
184,56,132
185,55,131
186,51,130
187,20,114
188,90,72
189,81,57
190,76,58
191,59,135
192,16,134
193,90,57
194,67,172
195,107,84
196,98,77
197,106,76
198,85,92
199,97,189
200,98,179
201,82,178
202,47,151
203,63,110
204,56,162
205,42,108
206,53,117
207,32,120
208,80,187
209,78,95
210,41,159
211,52,170
212,40,139
213,8,124
214,29,143
215,2,131
216,43,125
217,84,85
218,88,108
219,81,109
220,93,103
221,75,49
222,63,42
223,52,39
224,42,40
225,34,43
226,29,58
227,-1,77
228,35,70
229,44,73
230,54,74
231,64,73
232,72,71
233,77,69
234,-7,76
235,79,111
236,92,87
237,95,110
238,98,114
239,94,111
240,81,113
241,100,115
242,100,116
243,77,63
244,82,65
245,85,66
246,41,57
247,35,51
248,113,85
249,148,63
250,112,115
251,164,36
252,129,69
253,136,70
254,142,70
255,149,66
256,123,67
257,140,46
258,131,47
259,147,48
260,151,52
261,154,71
262,123,180
263,150,61
264,166,69
265,158,65
266,138,103
267,112,131
268,110,139
269,121,131
270,126,131
271,118,137
272,123,136
273,132,148
274,114,111
275,115,103
276,158,46
277,122,84
278,127,108
279,127,103
280,158,102
281,114,93
282,146,37
283,153,40
284,161,22
285,118,41
286,124,50
287,138,138
288,153,141
289,121,112
290,115,115
291,133,133
292,130,134
293,155,35
294,126,111
295,134,37
296,135,30
297,141,2
298,159,29
299,138,16
300,160,43
301,163,40
302,111,135
303,119,134
304,125,134
305,119,114
306,131,134
307,128,142
308,129,135
309,119,111
310,121,137
311,116,139
312,109,141
313,109,170
314,109,167
315,109,162
316,108,157
317,107,153
318,120,145
319,122,147
320,124,149
321,125,152
322,133,128
323,159,103
324,124,141
325,126,141
326,113,118
327,123,115
328,114,117
329,130,88
330,142,93
331,127,107
332,154,11
333,151,21
334,147,31
335,126,157
336,120,31
337,123,15
338,126,-2
339,147,69
340,159,76
341,119,65
342,155,55
343,118,79
344,124,106
345,166,84
346,158,82
347,151,85
348,139,83
349,130,80
350,123,76
351,111,69
352,168,99
353,158,55
354,110,115
355,123,91
356,163,68
357,118,72
358,127,107
359,152,61
360,124,100
361,157,121
362,119,62
363,119,96
364,146,160
365,141,169
366,167,102
367,154,150
368,165,54
369,122,188
370,108,117
371,129,97
372,160,66
373,142,66
374,136,66
375,129,142
376,167,115
377,109,199
378,126,187
379,132,179
380,130,65
381,124,64
382,121,63
383,160,53
384,125,57
385,131,54
386,137,54
387,143,55
388,147,58
389,165,50
390,146,64
391,126,125
392,121,112
393,113,124
394,137,170
395,129,179
396,111,194
397,147,158
398,121,60
399,116,81
400,119,193
401,165,119
402,114,149
403,116,152
404,118,157
405,118,162
406,119,164
407,127,135
408,129,133
409,130,132
410,137,132
411,161,119
412,114,73
413,115,55
414,118,57
415,125,136
416,157,138
417,111,55
418,121,172
419,112,77
420,121,93
421,110,178
422,135,152
423,132,113
424,128,163
425,149,112
426,139,120
427,153,124
428,111,187
429,124,97
430,138,160
431,130,170
432,142,141
433,163,128
434,149,145
435,161,135
436,143,128
437,119,86
438,122,109
439,124,111
440,120,104
441,121,48
442,133,43
443,143,43
444,150,45
445,154,49
446,154,63
447,167,86
448,152,74
449,146,76
450,137,76
451,129,74
452,122,71
453,118,69
454,161,85
455,124,112
456,117,88
457,118,110
458,113,114
459,117,111
460,122,114
461,112,115
462,110,116
463,117,62
464,114,64
465,114,65
466,149,59
467,153,56
468,53,59
469,62,59
470,54,51
471,44,59
472,52,67
473,134,60
474,143,60
475,134,51
476,126,60
477,135,68
