0,94,130
1,90,104
2,95,114
3,86,79
4,89,96
5,90,86
6,94,61
7,51,66
8,95,40
9,94,29
10,92,-7
11,94,132
12,95,134
13,96,135
14,97,152
15,97,155
16,97,158
17,98,161
18,102,163
19,92,109
20,87,111
21,38,38
22,70,72
23,64,73
24,58,73
25,51,68
26,75,69
27,57,47
28,65,48
29,51,49
30,47,53
31,48,73
32,82,176
33,49,63
34,39,72
35,45,67
36,66,103
37,86,130
38,89,135
39,80,133
40,77,136
41,84,136
42,81,138
43,74,153
44,85,105
45,83,97
46,40,45
47,78,82
48,74,105
49,74,101
50,49,104
51,84,87
52,49,35
53,42,38
54,40,22
55,76,40
56,72,51
57,69,146
58,55,146
59,80,110
60,85,112
61,76,144
62,78,144
63,40,33
64,75,109
65,59,35
66,57,28
67,58,1
68,42,28
69,61,14
70,39,41
71,39,41
72,87,133
73,82,135
74,79,138
75,82,111
76,77,144
77,78,147
78,79,144
79,80,107
80,83,139
81,86,137
82,90,136
83,94,163
84,89,160
85,89,157
86,90,154
87,91,152
88,84,148
89,82,149
90,80,151
91,79,152
92,72,131
93,47,108
94,93,112
95,82,147
96,80,147
97,87,115
98,78,114
99,86,114
100,72,87
101,62,93
102,74,105
103,47,10
104,49,19
105,47,29
106,79,157
107,72,29
108,75,12
109,73,-4
110,53,71
111,45,79
112,78,67
113,45,56
114,82,76
115,76,102
116,38,86
117,46,85
118,51,87
119,62,85
120,71,81
121,76,77
122,88,64
123,39,103
124,42,55
125,88,109
126,78,89
127,43,72
128,80,72
129,75,106
130,48,63
131,76,97
132,50,126
133,78,64
134,80,91
135,60,162
136,65,171
137,40,105
138,53,153
139,39,55
140,82,184
141,91,112
142,73,96
143,44,69
144,57,69
145,63,69
146,77,148
147,42,119
148,95,195
149,79,186
150,72,180
151,93,10
152,108,196
153,68,68
154,73,66
155,76,65
156,42,54
157,73,59
158,67,57
159,60,56
160,54,57
161,51,59
162,39,53
163,53,68
164,96,121
165,76,126
166,79,108
167,87,122
168,95,51
169,67,171
170,74,177
171,92,189
172,60,161
173,76,62
174,84,77
175,106,190
176,85,191
177,43,123
178,86,150
179,85,152
180,83,154
181,83,157
182,86,161
183,80,141
184,78,141
185,76,140
186,69,138
187,47,122
188,85,69
189,81,56
190,78,58
191,81,141
192,51,141
193,85,54
194,84,168
195,91,78
196,87,72
197,93,70
198,79,90
199,104,182
200,103,172
201,93,172
202,69,156
203,70,113
204,76,163
205,57,113
206,65,122
207,54,127
208,91,181
209,77,95
210,66,162
211,74,170
212,63,147
213,46,132
214,58,149
215,47,138
216,63,133
217,81,83
218,78,105
219,76,108
220,79,99
221,74,48
222,63,43
223,53,43
224,47,45
225,44,49
226,47,65
227,38,89
228,50,77
229,55,79
230,63,78
231,71,76
232,76,73
233,80,70
234,45,90
235,77,110
236,82,84
237,81,105
238,86,109
239,82,107
240,80,113
241,87,109
242,89,112
243,80,64
244,83,65
245,83,66
246,50,61
247,46,57
248,98,78
249,153,58
250,101,110
251,189,22
252,134,67
253,140,67
254,147,66
255,158,61
256,128,64
257,139,40
258,131,42
259,147,41
260,153,44
261,165,65
262,134,175
263,156,56
264,196,59
265,175,59
266,137,98
267,103,129
268,104,134
269,115,132
270,122,135
271,112,135
272,119,137
273,138,150
274,96,104
275,96,96
276,163,35
277,121,79
278,118,103
279,120,98
280,163,97
281,97,86
282,139,26
283,152,28
284,176,8
285,109,36
286,126,46
287,143,143
288,200,139
289,113,108
290,107,111
291,131,141
292,129,141
293,156,23
294,120,107
295,125,27
296,125,21
297,138,-8
298,168,16
299,133,6
300,169,31
301,180,27
302,104,132
303,113,134
304,121,136
305,112,110
306,130,141
307,127,145
308,128,141
309,107,105
310,118,137
311,111,136
312,104,135
313,112,163
314,109,159
315,107,156
316,106,153
317,106,151
318,119,147
319,121,147
320,123,149
321,125,150
322,131,128
323,207,97
324,124,144
325,125,145
326,105,114
327,119,112
328,106,112
329,130,83
330,143,88
331,122,102
332,160,-2
333,153,8
334,141,19
335,131,155
336,108,25
337,113,8
338,116,-9
339,154,64
340,176,71
341,124,62
342,163,48
343,115,73
344,112,99
345,186,76
346,169,77
347,157,80
348,142,79
349,132,76
350,124,73
351,102,63
352,186,93
353,170,46
354,95,109
355,120,86
356,204,58
357,118,69
358,124,103
359,160,55
360,114,94
361,205,117
362,124,59
363,105,89
364,173,159
365,177,168
366,200,95
367,185,147
368,189,42
369,137,184
370,96,111
371,127,92
372,185,60
373,145,62
374,139,63
375,129,146
376,186,110
377,124,195
378,151,185
379,163,179
380,134,63
381,129,61
382,126,60
383,178,44
384,129,54
385,134,51
386,139,51
387,146,51
388,150,53
389,197,39
390,150,60
391,123,123
392,112,107
393,106,121
394,161,169
395,150,177
396,122,189
397,189,156
398,125,57
399,107,75
400,138,191
401,199,114
402,113,149
403,115,151
404,116,153
405,118,155
406,122,159
407,125,139
408,126,138
409,128,138
410,138,135
411,172,115
412,108,68
413,116,52
414,121,53
415,124,139
416,176,135
417,107,52
418,129,167
419,100,71
420,113,88
421,116,171
422,147,154
423,132,110
424,139,162
425,150,108
426,139,117
427,159,121
428,120,181
429,119,92
430,156,160
431,145,168
432,152,144
433,185,125
434,165,145
435,195,131
436,147,128
437,113,81
438,109,103
439,116,106
440,104,97
441,119,43
442,129,37
443,138,35
444,148,36
445,156,40
446,167,57
447,199,77
448,161,69
449,152,72
450,142,72
451,133,71
452,126,68
453,121,66
454,206,77
455,117,108
456,106,82
457,102,103
458,100,108
459,104,105
460,115,111
461,98,109
462,99,111
463,121,59
464,116,61
465,112,62
466,153,54
467,158,49
468,56,63
469,61,63
470,56,56
471,52,63
472,57,70
473,132,57
474,137,56
475,131,50
476,128,57
477,133,63
