0,95,125
1,94,99
2,95,111
3,88,78
4,94,91
5,94,83
6,96,63
7,48,66
8,96,44
9,96,34
10,96,0
11,95,128
12,95,131
13,96,133
14,96,147
15,96,150
16,96,154
17,95,158
18,94,167
19,94,104
20,88,106
21,20,43
22,65,71
23,59,72
24,52,72
25,44,69
26,70,69
27,56,50
28,64,50
29,49,51
30,45,55
31,37,75
32,66,179
33,45,64
34,16,76
35,29,71
36,58,102
37,86,125
38,88,132
39,78,130
40,73,136
41,81,135
42,77,139
43,62,155
44,88,99
45,86,92
46,35,49
47,73,83
48,72,103
49,71,99
50,36,104
51,87,84
52,52,39
53,42,42
54,27,28
55,81,45
56,70,54
57,57,147
58,23,150
59,78,107
60,84,109
61,69,148
62,71,147
63,38,38
64,73,107
65,65,39
66,64,33
67,54,7
68,31,33
69,58,20
70,30,46
71,24,46
72,87,128
73,79,132
74,75,137
75,80,108
76,70,148
77,72,150
78,72,147
79,81,102
80,79,139
81,83,136
82,89,134
83,85,166
84,86,158
85,87,154
86,88,150
87,89,147
88,79,147
89,77,149
90,75,151
91,73,154
92,65,129
93,15,112
94,95,107
95,76,147
96,74,148
97,86,112
98,75,112
99,85,110
100,65,88
101,53,94
102,71,104
103,38,16
104,42,25
105,50,33
106,67,159
107,80,35
108,75,18
109,73,2
110,47,71
111,29,82
112,74,67
113,37,59
114,79,77
115,76,98
116,20,88
117,34,86
118,43,88
119,57,85
120,66,81
121,73,77
122,88,66
123,20,104
124,31,59
125,91,104
126,74,89
127,15,77
128,79,73
129,70,105
130,41,65
131,75,94
132,18,130
133,74,65
134,81,88
135,36,165
136,37,176
137,15,108
138,28,156
139,20,60
140,64,188
141,92,107
142,67,96
143,22,74
144,54,67
145,59,67
146,70,151
147,22,120
148,78,200
149,55,191
150,46,185
151,96,17
152,95,201
153,64,67
154,68,66
155,72,65
156,25,59
157,68,60
158,63,58
159,58,58
160,52,59
161,49,61
162,16,59
163,50,66
164,95,117
165,71,123
166,78,105
167,85,118
168,96,55
169,45,174
170,54,181
171,77,193
172,30,165
173,72,63
174,83,77
175,95,194
176,65,196
177,17,126
178,83,147
179,82,149
180,80,153
181,78,157
182,75,163
183,74,143
184,72,143
185,70,142
186,60,138
187,32,122
188,84,71
189,80,58
190,75,60
191,76,143
192,32,143
193,87,57
194,70,171
195,95,76
196,88,72
197,95,70
198,78,89
199,94,185
200,94,175
201,82,175
202,54,158
203,64,112
204,61,165
205,47,112
206,57,120
207,42,127
208,79,184
209,74,94
210,47,165
211,56,172
212,49,148
213,25,134
214,40,150
215,21,142
216,52,132
217,78,83
218,78,101
219,75,105
220,81,95
221,75,51
222,64,46
223,55,45
224,47,48
225,41,52
226,36,68
227,14,92
228,41,78
229,48,79
230,57,78
231,66,76
232,72,73
233,77,70
234,15,95
235,75,108
236,82,82
237,83,100
238,87,104
239,83,102
240,78,110
241,89,104
242,90,107
243,76,65
244,81,66
245,83,67
246,47,63
247,42,59
248,101,78
249,154,62
250,101,106
251,187,39
252,132,67
253,139,68
254,146,69
255,158,66
256,126,66
257,144,44
258,135,45
259,152,46
260,158,50
261,164,72
262,126,178
263,158,61
264,190,72
265,174,66
266,136,101
267,105,124
268,104,131
269,115,129
270,121,134
271,111,133
272,117,137
273,131,153
274,100,99
275,101,92
276,168,43
277,121,82
278,119,101
279,120,98
280,161,102
281,101,84
282,149,31
283,160,35
284,178,24
285,114,38
286,128,49
287,136,146
288,184,148
289,113,106
290,107,108
291,128,145
292,126,145
293,165,31
294,119,106
295,134,31
296,135,25
297,143,4
298,171,28
299,138,16
300,174,40
301,180,41
302,105,128
303,113,131
304,119,136
305,111,108
306,127,145
307,124,147
308,125,145
309,109,101
310,116,137
311,110,135
312,103,133
313,105,166
314,105,157
315,105,153
316,104,149
317,104,146
318,116,145
319,117,147
320,119,149
321,121,151
322,127,128
323,194,109
324,120,145
325,122,146
326,104,111
327,117,111
328,106,110
329,130,87
330,142,92
331,121,102
332,164,12
333,158,19
334,152,25
335,124,158
336,116,27
337,118,16
338,121,0
339,153,68
340,172,78
341,123,65
342,165,54
343,115,76
344,114,97
345,183,85
346,165,83
347,153,85
348,138,83
349,128,79
350,121,76
351,103,65
352,181,102
353,172,54
354,98,104
355,120,88
356,194,74
357,115,71
358,123,104
359,162,61
360,115,93
361,190,128
362,123,62
363,108,88
364,163,163
365,165,174
366,191,105
367,173,153
368,186,56
369,129,187
370,97,107
371,126,95
372,182,68
373,145,64
374,139,63
375,125,148
376,179,117
377,114,200
378,141,190
379,152,183
380,134,63
381,129,62
382,125,62
383,179,53
384,130,57
385,136,54
386,142,54
387,149,55
388,153,57
389,192,55
390,150,63
391,120,122
392,113,104
393,105,118
394,152,173
395,141,180
396,113,193
397,175,163
398,125,60
399,109,76
400,128,195
401,188,123
402,110,146
403,112,148
404,113,151
405,114,155
406,116,163
407,122,141
408,124,140
409,126,140
410,133,136
411,167,120
412,109,70
413,116,55
414,122,56
415,120,141
416,168,140
417,107,54
418,122,170
419,103,72
420,114,88
421,108,174
422,140,157
423,129,111
424,132,165
425,148,111
426,137,119
427,154,124
428,112,184
429,119,93
430,148,163
431,138,171
432,146,147
433,177,131
434,157,148
435,183,139
436,142,131
437,114,82
438,112,100
439,116,103
440,108,94
441,122,46
442,134,40
443,145,39
444,155,41
445,162,46
446,167,63
447,192,89
448,159,74
449,150,76
450,139,75
451,130,73
452,123,71
453,118,68
454,194,92
455,116,106
456,108,82
457,106,99
458,102,104
459,106,101
460,114,109
461,100,104
462,100,107
463,120,62
464,114,64
465,110,65
466,156,59
467,161,55
468,61,61
469,67,61
470,60,55
471,55,62
472,61,67
473,145,59
474,153,59
475,145,52
476,137,58
477,145,66
