0,98,131
1,94,109
2,96,115
3,89,82
4,94,101
5,94,90
6,97,64
7,49,60
8,98,46
9,98,37
10,99,-1
11,98,133
12,98,135
13,99,136
14,99,151
15,98,153
16,98,156
17,99,159
18,99,166
19,94,113
20,87,112
21,31,33
22,68,65
23,61,66
24,55,66
25,46,62
26,74,64
27,58,46
28,66,48
29,51,47
30,46,50
31,41,66
32,71,175
33,46,58
34,27,65
35,35,62
36,61,97
37,85,129
38,87,134
39,75,129
40,67,130
41,77,132
42,70,132
43,63,142
44,87,108
45,86,100
46,38,44
47,77,79
48,71,102
49,71,98
50,40,94
51,88,90
52,53,38
53,44,39
54,36,21
55,83,45
56,73,51
57,57,132
58,33,136
59,76,107
60,82,110
61,58,132
62,60,133
63,42,35
64,70,105
65,66,39
66,65,34
67,59,3
68,38,28
69,62,18
70,35,41
71,33,38
72,86,132
73,76,131
74,69,131
75,78,108
76,59,132
77,64,140
78,61,133
79,80,107
80,72,133
81,79,133
82,88,135
83,88,165
84,87,158
85,86,154
86,87,152
87,88,150
88,72,144
89,71,144
90,69,146
91,68,147
92,64,122
93,28,98
94,95,114
95,67,139
96,65,139
97,85,113
98,73,109
99,84,112
100,70,82
101,58,87
102,70,101
103,44,10
104,48,21
105,52,32
106,69,151
107,81,36
108,79,17
109,77,0
110,49,65
111,34,71
112,78,62
113,40,53
114,82,75
115,75,101
116,28,78
117,37,76
118,45,78
119,58,78
120,68,75
121,76,72
122,91,66
123,27,92
124,36,52
125,90,112
126,76,86
127,29,65
128,81,69
129,69,100
130,44,58
131,75,96
132,29,117
133,78,60
134,82,92
135,43,154
136,46,164
137,24,96
138,34,143
139,30,51
140,70,184
141,92,114
142,69,91
143,30,63
144,55,62
145,61,62
146,62,140
147,27,108
148,84,197
149,64,184
150,56,175
151,98,17
152,100,200
153,67,62
154,73,61
155,77,60
156,32,51
157,72,55
158,66,53
159,60,53
160,53,54
161,50,55
162,29,47
163,51,61
164,97,120
165,70,119
166,76,107
167,85,119
168,98,55
169,53,165
170,61,174
171,83,191
172,39,152
173,76,58
174,85,78
175,99,194
176,72,192
177,25,113
178,79,147
179,78,149
180,77,151
181,76,154
182,77,159
183,64,132
184,63,131
185,62,130
186,58,126
187,34,111
188,87,70
189,83,55
190,79,56
191,66,132
192,34,131
193,89,55
194,74,166
195,96,81
196,90,74
197,96,73
198,79,89
199,99,185
200,99,175
201,86,173
202,58,147
203,64,106
204,66,157
205,49,105
206,58,114
207,43,117
208,84,183
209,75,92
210,54,154
211,63,165
212,52,135
213,29,121
214,43,139
215,28,129
216,53,122
217,81,82
218,77,105
219,73,105
220,80,101
221,78,49
222,66,45
223,56,43
224,48,44
225,42,48
226,40,60
227,24,81
228,44,69
229,51,71
230,60,71
231,69,70
232,76,68
233,80,66
234,29,81
235,73,107
236,84,85
237,82,107
238,86,111
239,82,108
240,75,108
241,88,112
242,89,113
243,81,60
244,84,62
245,86,64
246,47,57
247,43,54
248,102,82
249,155,60
250,104,112
251,185,32
252,133,66
253,141,66
254,148,66
255,158,62
256,127,65
257,144,47
258,135,48
259,152,48
260,158,50
261,165,67
262,131,178
263,158,58
264,191,66
265,174,62
266,141,98
267,111,130
268,111,134
269,125,130
270,134,131
271,123,133
272,131,133
273,143,144
274,101,109
275,102,101
276,168,44
277,123,79
278,124,103
279,125,99
280,166,96
281,102,90
282,149,38
283,160,39
284,176,19
285,115,46
286,128,51
287,151,135
288,190,141
289,119,108
290,112,111
291,146,134
292,144,134
293,164,34
294,126,106
295,134,40
296,135,34
297,143,2
298,169,27
299,138,16
300,173,41
301,179,38
302,111,132
303,124,132
304,133,132
305,117,110
306,145,134
307,139,141
308,143,135
309,112,108
310,130,134
311,122,134
312,111,135
313,112,165
314,112,158
315,111,155
316,111,152
317,110,150
318,129,145
319,131,146
320,132,147
321,134,149
322,139,124
323,196,100
324,136,141
325,138,141
326,109,114
327,124,110
328,110,113
329,132,83
330,145,87
331,128,102
332,163,8
333,156,19
334,151,32
335,135,153
336,117,37
337,119,16
338,123,0
339,154,65
340,174,72
341,123,63
342,165,53
343,117,75
344,117,102
345,184,79
346,168,77
347,158,79
348,142,78
349,131,76
350,123,73
351,105,66
352,185,94
353,172,52
354,99,113
355,123,87
356,194,65
357,117,69
358,129,102
359,161,58
360,118,96
361,195,120
362,123,61
363,110,93
364,170,159
365,170,169
366,194,99
367,181,148
368,185,50
369,132,187
370,99,114
371,131,92
372,181,63
373,147,62
374,140,62
375,141,142
376,186,111
377,117,199
378,144,188
379,156,180
380,135,62
381,129,61
382,125,61
383,177,51
384,130,56
385,136,54
386,143,54
387,149,55
388,153,56
389,191,46
390,151,61
391,129,121
392,118,108
393,111,120
394,157,169
395,145,178
396,117,193
397,181,157
398,126,59
399,110,78
400,131,194
401,194,117
402,121,148
403,122,150
404,123,152
405,124,155
406,125,160
407,139,134
408,140,133
409,141,132
410,147,129
411,175,114
412,111,70
413,117,56
414,122,57
415,138,134
416,178,134
417,109,56
418,128,168
419,104,74
420,117,89
421,114,174
422,149,149
423,136,108
424,140,160
425,155,107
426,145,115
427,164,119
428,116,184
429,123,93
430,155,158
431,143,168
432,156,138
433,185,125
434,167,142
435,190,133
436,153,124
437,116,82
438,115,106
439,122,107
440,110,101
441,122,50
442,135,45
443,146,43
444,155,44
445,162,47
446,167,60
447,193,82
448,161,70
449,152,72
450,142,72
451,132,70
452,125,68
453,120,66
454,196,82
455,123,108
456,109,85
457,107,107
458,104,111
459,108,109
460,121,110
461,102,112
462,102,113
463,120,61
464,116,63
465,113,64
466,156,57
467,161,53
468,61,58
469,69,58
470,61,52
471,53,58
472,61,64
473,142,58
474,149,58
475,142,53
476,135,58
477,142,63
