0,100,132
1,96,109
2,96,116
3,90,83
4,96,101
5,96,91
6,97,66
7,47,62
8,98,46
9,98,36
10,99,0
11,100,135
12,100,138
13,100,140
14,100,140
15,100,143
16,100,147
17,100,152
18,96,164
19,96,113
20,89,113
21,25,34
22,67,68
23,60,69
24,54,69
25,45,64
26,73,67
27,57,47
28,65,48
29,49,49
30,45,52
31,39,69
32,67,175
33,45,60
34,18,67
35,31,64
36,59,100
37,90,130
38,91,138
39,80,133
40,74,135
41,83,138
42,77,138
43,61,147
44,89,109
45,88,101
46,35,46
47,75,82
48,72,106
49,72,101
50,36,99
51,89,91
52,51,39
53,42,41
54,32,21
55,82,46
56,72,52
57,55,139
58,19,139
59,78,110
60,84,113
61,66,138
62,68,138
63,38,37
64,72,109
65,65,40
66,63,35
67,58,4
68,35,28
69,62,18
70,31,43
71,28,39
72,90,134
73,82,135
74,75,136
75,79,112
76,67,138
77,71,140
78,69,139
79,81,108
80,78,139
81,84,139
82,91,140
83,86,163
84,90,151
85,90,147
86,91,143
87,92,139
88,78,139
89,77,140
90,76,142
91,74,145
92,64,127
93,14,100
94,96,115
95,74,139
96,73,140
97,86,116
98,74,113
99,85,114
100,67,86
101,54,90
102,70,105
103,42,11
104,46,21
105,49,34
106,67,153
107,80,37
108,79,17
109,77,1
110,48,67
111,31,74
112,77,65
113,38,55
114,81,77
115,77,103
116,21,80
117,36,80
118,44,83
119,58,82
120,68,79
121,75,76
122,90,67
123,20,96
124,32,54
125,92,113
126,75,89
127,17,66
128,81,72
129,70,105
130,42,60
131,76,98
132,15,119
133,78,63
134,83,94
135,34,157
136,35,167
137,13,99
138,25,147
139,23,52
140,65,183
141,93,114
142,68,95
143,25,65
144,54,64
145,60,65
146,70,142
147,20,112
148,79,195
149,56,184
150,46,177
151,99,18
152,96,196
153,66,64
154,72,63
155,76,63
156,28,52
157,71,57
158,65,55
159,58,54
160,52,55
161,49,57
162,21,49
163,50,63
164,97,122
165,71,124
166,78,109
167,86,122
168,98,56
169,45,167
170,54,175
171,79,189
172,26,155
173,75,61
174,85,79
175,96,191
176,67,190
177,14,116
178,84,139
179,83,142
180,82,145
181,81,149
182,75,159
183,72,138
184,71,137
185,69,137
186,58,132
187,29,116
188,86,72
189,82,57
190,78,58
191,74,139
192,28,135
193,88,58
194,71,167
195,97,82
196,90,76
197,97,74
198,79,91
199,96,183
200,96,173
201,83,172
202,54,151
203,63,111
204,62,160
205,46,109
206,56,118
207,39,121
208,80,181
209,74,95
210,48,158
211,57,167
212,48,141
213,21,125
214,38,143
215,17,132
216,50,127
217,80,84
218,79,107
219,74,108
220,82,102
221,77,51
222,65,46
223,55,45
224,46,46
225,40,49
226,37,62
227,14,82
228,42,72
229,50,75
230,59,75
231,68,73
232,75,71
233,80,69
234,15,83
235,74,110
236,84,86
237,84,108
238,88,112
239,84,109
240,76,112
241,90,112
242,90,114
243,80,63
244,83,65
245,85,67
246,46,58
247,42,55
248,103,83
249,154,61
250,104,113
251,179,35
252,131,67
253,139,68
254,146,68
255,156,64
256,125,66
257,143,46
258,134,47
259,151,47
260,157,51
261,162,69
262,126,176
263,157,59
264,184,69
265,170,64
266,137,101
267,110,130
268,109,137
269,120,132
270,126,134
271,117,137
272,123,137
273,135,148
274,102,109
275,103,101
276,165,45
277,121,82
278,122,106
279,122,102
280,160,100
281,103,91
282,147,38
283,158,40
284,171,22
285,115,45
286,127,50
287,142,140
288,180,141
289,116,111
290,109,113
291,133,138
292,132,138
293,161,35
294,122,109
295,133,39
296,134,33
297,142,4
298,166,29
299,137,18
300,169,42
301,174,40
302,110,134
303,118,135
304,124,136
305,114,112
306,132,138
307,129,140
308,130,138
309,111,109
310,121,138
311,115,139
312,108,140
313,107,164
314,110,151
315,109,147
316,109,143
317,108,139
318,121,139
319,123,140
320,124,142
321,125,145
322,132,128
323,187,103
324,126,139
325,127,139
326,107,116
327,120,113
328,108,114
329,129,86
330,142,91
331,124,105
332,160,11
333,154,21
334,149,32
335,128,154
336,117,36
337,119,18
338,122,1
339,153,67
340,170,75
341,121,64
342,163,54
343,115,77
344,116,104
345,179,82
346,165,80
347,155,84
348,140,82
349,130,79
350,122,76
351,105,67
352,179,98
353,168,54
354,100,113
355,120,90
356,187,68
357,116,72
358,125,105
359,160,59
360,117,98
361,186,122
362,121,62
363,110,94
364,162,159
365,162,168
366,186,101
367,172,149
368,179,53
369,127,184
370,99,115
371,127,95
372,176,65
373,145,64
374,139,63
375,130,141
376,178,114
377,112,195
378,137,185
379,148,178
380,133,63
381,127,62
382,123,62
383,173,52
384,129,56
385,136,53
386,142,52
387,149,54
388,153,56
389,183,50
390,150,63
391,124,124
392,116,110
393,108,122
394,150,169
395,139,177
396,112,190
397,172,157
398,124,60
399,110,80
400,125,191
401,185,118
402,115,139
403,117,142
404,118,145
405,118,149
406,119,160
407,127,138
408,129,137
409,130,136
410,138,133
411,168,117
412,110,72
413,115,57
414,120,57
415,126,138
416,169,137
417,108,57
418,123,168
419,104,76
420,115,92
421,110,172
422,141,152
423,132,111
424,133,161
425,150,110
426,139,119
427,157,123
428,112,182
429,120,96
430,148,159
431,137,168
432,148,142
433,177,127
434,158,144
435,181,134
436,146,128
437,115,85
438,114,107
439,119,109
440,110,102
441,121,50
442,134,45
443,145,43
444,154,45
445,160,48
446,164,61
447,186,85
448,158,73
449,150,75
450,140,74
451,130,72
452,123,70
453,118,68
454,187,85
455,119,111
456,109,87
457,108,108
458,104,112
459,108,109
460,117,113
461,102,112
462,102,114
463,118,62
464,114,64
465,112,66
466,155,58
467,160,54
468,59,59
469,67,59
470,59,52
471,51,58
472,58,65
473,141,57
474,149,57
475,141,50
476,133,57
477,142,64
