0,98,130
1,103,113
2,100,118
3,95,86
4,104,105
5,103,94
6,101,68
7,43,59
8,100,48
9,100,37
10,100,-3
11,98,132
12,98,134
13,97,136
14,97,150
15,97,153
16,97,157
17,97,161
18,97,166
19,102,117
20,93,116
21,9,26
22,65,67
23,57,67
24,49,67
25,39,61
26,72,66
27,55,46
28,64,47
29,46,46
30,40,49
31,31,66
32,63,178
33,40,57
34,3,62
35,22,60
36,55,99
37,85,127
38,85,133
39,72,128
40,63,129
41,75,132
42,66,132
43,52,143
44,96,113
45,96,105
46,30,41
47,74,82
48,73,106
49,72,102
50,28,96
51,96,95
52,50,35
53,39,37
54,20,14
55,84,44
56,71,51
57,44,134
58,0,137
59,78,111
60,85,114
61,52,131
62,54,132
63,35,32
64,71,108
65,65,37
66,64,31
67,55,-1
68,27,23
69,60,15
70,25,37
71,17,33
72,85,131
73,73,130
74,65,130
75,80,112
76,53,132
77,58,138
78,56,132
79,85,111
80,68,132
81,76,133
82,86,135
83,84,165
84,83,159
85,84,155
86,85,151
87,85,148
88,68,142
89,66,143
90,64,145
91,62,147
92,57,124
93,-4,95
94,101,118
95,62,138
96,60,138
97,88,117
98,72,112
99,87,115
100,65,85
101,50,89
102,69,104
103,34,4
104,41,17
105,48,30
106,60,152
107,83,34
108,79,15
109,76,-3
110,42,65
111,22,71
112,76,65
113,32,51
114,80,78
115,80,105
116,10,77
117,27,77
118,38,80
119,54,80
120,66,77
121,74,75
122,93,70
123,8,93
124,25,50
125,98,116
126,74,90
127,-1,59
128,81,72
129,67,104
130,36,57
131,79,100
132,-3,115
133,76,63
134,87,97
135,22,158
136,21,168
137,-1,95
138,9,147
139,10,46
140,62,187
141,98,118
142,66,94
143,14,60
144,51,62
145,57,63
146,56,139
147,6,109
148,78,198
149,50,187
150,37,179
151,101,16
152,95,200
153,64,63
154,70,63
155,74,63
156,19,47
157,69,57
158,62,54
159,56,53
160,49,54
161,44,55
162,3,40
163,46,61
164,100,123
165,68,122
166,79,111
167,87,122
168,100,58
169,36,169
170,48,178
171,78,193
172,9,155
173,74,60
174,87,82
175,95,195
176,64,193
177,-1,114
178,76,145
179,74,148
180,73,151
181,71,154
182,71,160
183,59,131
184,58,131
185,56,130
186,49,128
187,17,114
188,87,73
189,83,57
190,78,58
191,61,132
192,14,134
193,90,57
194,66,168
195,102,85
196,94,78
197,101,77
198,80,93
199,96,186
200,96,175
201,81,174
202,46,149
203,60,109
204,55,160
205,39,108
206,50,116
207,30,119
208,79,184
209,74,96
210,40,157
211,51,168
212,38,137
213,6,124
214,27,142
215,1,131
216,41,123
217,81,86
218,82,110
219,75,109
220,87,105
221,77,49
222,65,44
223,53,42
224,43,43
225,36,46
226,30,58
227,0,78
228,36,69
229,44,72
230,55,73
231,65,72
232,73,70
233,79,68
234,-3,76
235,74,110
236,88,89
237,90,111
238,93,115
239,89,112
240,76,112
241,95,116
242,95,117
243,79,63
244,83,65
245,86,66
246,42,56
247,36,52
248,108,86
249,148,61
250,109,116
251,170,30
252,128,69
253,135,69
254,142,68
255,150,63
256,122,67
257,140,47
258,131,48
259,148,48
260,152,51
261,156,68
262,124,177
263,150,59
264,173,64
265,163,62
266,139,100
267,110,128
268,109,134
269,121,129
270,127,130
271,117,133
272,123,133
273,135,143
274,110,113
275,111,105
276,162,43
277,122,82
278,126,107
279,126,102
280,161,97
281,110,95
282,148,36
283,157,38
284,165,17
285,117,45
286,124,52
287,142,134
288,165,136
289,120,111
290,114,114
291,135,133
292,132,134
293,160,32
294,126,109
295,135,38
296,137,32
297,142,0
298,163,26
299,138,16
300,165,38
301,168,36
302,110,131
303,119,131
304,126,131
305,118,112
306,133,133
307,130,140
308,131,134
309,117,111
310,122,134
311,116,134
312,107,135
313,108,165
314,109,159
315,109,155
316,108,151
317,107,149
318,121,143
319,123,144
320,125,146
321,127,148
322,134,124
323,170,96
324,126,139
325,128,139
326,111,117
327,123,112
328,113,116
329,129,86
330,142,90
331,127,105
332,157,7
333,153,19
334,151,30
335,128,152
336,119,36
337,121,16
338,124,-2
339,147,67
340,163,73
341,118,66
342,158,53
343,116,78
344,122,106
345,172,79
346,159,78
347,151,82
348,138,81
349,127,79
350,120,76
351,107,70
352,174,94
353,163,51
354,106,116
355,122,90
356,171,61
357,115,72
358,128,104
359,153,59
360,122,100
361,168,115
362,118,63
363,116,97
364,155,156
365,152,166
366,175,96
367,165,146
368,170,49
369,124,186
370,105,118
371,129,95
372,168,62
373,141,64
374,135,65
375,131,140
376,174,110
377,110,197
378,131,185
379,140,177
380,129,65
381,123,64
382,119,63
383,167,49
384,124,57
385,131,55
386,138,54
387,144,55
388,147,57
389,171,44
390,145,63
391,127,122
392,121,111
393,112,122
394,144,167
395,134,176
396,111,192
397,159,153
398,120,61
399,113,82
400,122,192
401,174,114
402,115,146
403,117,148
404,119,151
405,120,155
406,120,159
407,128,133
408,130,132
409,132,131
410,140,128
411,167,114
412,112,74
413,114,58
414,117,58
415,127,134
416,166,133
417,109,58
418,122,168
419,108,79
420,119,93
421,110,174
422,139,148
423,134,109
424,131,159
425,152,108
426,141,116
427,158,120
428,111,184
429,123,96
430,144,157
431,134,167
432,147,137
433,172,124
434,156,141
435,171,130
436,147,124
437,117,86
438,120,110
439,124,110
440,117,105
441,120,50
442,133,45
443,143,43
444,152,44
445,156,47
446,157,60
447,175,80
448,153,71
449,146,74
450,136,74
451,127,73
452,120,71
453,116,69
454,170,78
455,123,111
456,114,89
457,115,111
458,110,115
459,115,112
460,121,112
461,109,116
462,107,117
463,116,63
464,112,65
465,111,67
466,149,58
467,154,54
468,53,58
469,62,59
470,53,51
471,44,58
472,53,65
473,134,59
474,142,59
475,134,52
476,126,59
477,134,66
