0,100,132
1,94,114
2,94,119
3,88,86
4,94,106
5,94,94
6,95,66
7,48,59
8,96,43
9,96,33
10,96,-4
11,100,135
12,100,139
13,99,141
14,99,142
15,99,146
16,99,151
17,99,155
18,96,164
19,94,117
20,87,116
21,22,26
22,68,67
23,60,67
24,54,67
25,45,62
26,74,65
27,55,44
28,64,45
29,48,46
30,44,49
31,39,67
32,70,174
33,46,57
34,20,60
35,31,60
36,60,101
37,90,130
38,91,138
39,81,131
40,75,133
41,84,137
42,78,137
43,64,148
44,87,113
45,87,106
46,33,40
47,74,82
48,72,108
49,72,103
50,39,98
51,87,95
52,47,34
53,38,35
54,27,14
55,79,43
56,71,49
57,58,140
58,30,130
59,77,113
60,83,115
61,68,137
62,70,137
63,34,29
64,72,111
65,61,36
66,59,29
67,54,-1
68,31,22
69,57,13
70,29,36
71,25,32
72,91,134
73,82,135
74,77,135
75,79,114
76,69,137
77,73,140
78,71,137
79,80,112
80,79,138
81,85,139
82,92,141
83,86,163
84,89,154
85,90,149
86,91,145
87,92,142
88,79,139
89,78,141
90,77,143
91,76,145
92,65,129
93,22,92
94,94,118
95,75,138
96,74,139
97,85,118
98,74,115
99,84,117
100,67,86
101,55,90
102,71,106
103,37,4
104,41,16
105,45,27
106,69,154
107,76,33
108,75,14
109,73,-4
110,48,65
111,32,72
112,78,63
113,37,51
114,79,77
115,76,106
116,24,77
117,36,79
118,45,83
119,58,81
120,68,78
121,76,75
122,88,68
123,25,93
124,32,49
125,90,117
126,75,90
127,19,58
128,81,71
129,70,106
130,42,57
131,76,101
132,25,110
133,78,60
134,81,97
135,41,153
136,43,160
137,21,93
138,34,141
139,22,45
140,69,182
141,91,118
142,68,95
143,26,61
144,54,62
145,60,63
146,71,141
147,27,109
148,82,193
149,61,180
150,53,172
151,96,14
152,97,196
153,66,62
154,72,61
155,76,61
156,27,47
157,71,55
158,64,53
159,58,52
160,52,53
161,49,55
162,19,40
163,51,61
164,95,125
165,72,126
166,77,112
167,85,125
168,96,54
169,50,164
170,59,173
171,81,189
172,36,147
173,76,58
174,83,81
175,97,191
176,71,188
177,24,110
178,85,140
179,84,143
180,83,146
181,82,150
182,77,159
183,74,137
184,72,136
185,71,135
186,60,134
187,35,114
188,84,72
189,82,55
190,78,55
191,75,138
192,35,132
193,87,55
194,73,167
195,94,85
196,88,77
197,95,76
198,78,93
199,96,183
200,96,173
201,84,172
202,57,151
203,65,112
204,65,159
205,49,110
206,58,119
207,43,121
208,82,181
209,74,97
210,52,156
211,61,166
212,51,141
213,29,121
214,43,141
215,28,126
216,53,128
217,79,85
218,78,110
219,74,111
220,81,106
221,75,48
222,63,42
223,52,41
224,44,42
225,39,45
226,37,58
227,20,76
228,43,71
229,50,74
230,59,74
231,68,72
232,75,69
233,80,67
234,20,74
235,74,113
236,83,89
237,82,112
238,86,115
239,83,113
240,76,115
241,88,116
242,89,117
243,80,61
244,83,63
245,85,65
246,47,56
247,41,52
248,101,86
249,149,60
250,102,116
251,178,26
252,128,66
253,135,66
254,143,67
255,153,63
256,121,64
257,140,43
258,131,44
259,148,45
260,154,48
261,159,67
262,125,175
263,152,58
264,181,60
265,167,61
266,133,101
267,109,130
268,108,138
269,118,132
270,124,134
271,115,138
272,120,138
273,131,148
274,100,113
275,101,106
276,164,40
277,118,82
278,118,108
279,119,104
280,156,99
281,101,95
282,146,32
283,157,34
284,171,13
285,112,40
286,123,48
287,137,141
288,173,132
289,113,113
290,107,116
291,130,138
292,128,138
293,161,28
294,119,111
295,131,33
296,133,26
297,140,-2
298,166,22
299,136,13
300,168,36
301,173,32
302,109,134
303,117,135
304,122,136
305,111,114
306,129,138
307,125,141
308,127,138
309,109,112
310,119,139
311,113,140
312,107,141
313,106,163
314,108,154
315,108,150
316,107,145
317,107,142
318,119,140
319,120,142
320,121,144
321,122,146
322,127,130
323,181,92
324,123,139
325,124,140
326,105,119
327,117,115
328,106,117
329,126,86
330,138,91
331,121,107
332,159,3
333,154,15
334,149,25
335,125,154
336,114,29
337,117,13
338,120,-4
339,149,65
340,167,73
341,117,62
342,161,51
343,113,77
344,114,107
345,174,77
346,162,79
347,152,82
348,137,81
349,127,78
350,119,74
351,102,68
352,173,94
353,166,50
354,98,117
355,117,90
356,183,57
357,113,71
358,121,106
359,156,58
360,114,101
361,178,111
362,117,60
363,108,97
364,157,155
365,157,162
366,179,94
367,166,143
368,177,45
369,126,183
370,97,118
371,124,95
372,174,61
373,142,62
374,135,62
375,127,142
376,171,110
377,113,194
378,136,182
379,146,174
380,129,61
381,123,60
382,119,60
383,172,47
384,125,54
385,132,52
386,138,52
387,145,53
388,149,55
389,181,40
390,146,61
391,120,126
392,113,112
393,105,125
394,147,166
395,137,175
396,113,189
397,166,149
398,119,57
399,107,81
400,125,189
401,177,111
402,113,141
403,114,144
404,115,147
405,116,151
406,116,160
407,125,138
408,126,137
409,127,136
410,133,135
411,162,115
412,108,72
413,112,54
414,116,54
415,123,138
416,163,133
417,105,54
418,121,167
419,102,77
420,112,93
421,109,172
422,138,152
423,128,112
424,130,161
425,146,110
426,135,119
427,152,122
428,111,182
429,117,97
430,145,158
431,135,167
432,144,142
433,169,123
434,154,143
435,173,127
436,141,129
437,112,85
438,111,110
439,116,111
440,108,106
441,118,46
442,131,41
443,142,40
444,152,41
445,158,45
446,161,59
447,181,77
448,155,71
449,147,73
450,136,73
451,127,71
452,119,69
453,114,67
454,182,74
455,116,113
456,107,89
457,106,112
458,102,115
459,106,113
460,114,115
461,100,116
462,100,117
463,114,60
464,110,62
465,108,64
466,151,57
467,157,52
468,60,56
469,68,56
470,60,49
471,53,56
472,60,63
473,137,56
474,145,56
475,138,49
476,129,55
477,137,63
