0,99,133
1,98,113
2,98,118
3,92,87
4,98,106
5,98,95
6,98,68
7,46,59
8,98,50
9,98,41
10,99,2
11,99,137
12,99,141
13,99,144
14,99,144
15,99,148
16,99,153
17,99,158
18,98,164
19,98,116
20,90,115
21,19,29
22,67,66
23,60,67
24,53,66
25,43,61
26,73,64
27,54,48
28,63,49
29,47,49
30,43,51
31,38,66
32,69,172
33,43,57
34,18,61
35,29,60
36,60,99
37,88,131
38,89,141
39,78,133
40,72,135
41,81,140
42,75,140
43,61,144
44,92,113
45,91,106
46,33,45
47,75,81
48,72,106
49,71,102
50,39,96
51,91,96
52,49,41
53,39,42
54,25,18
55,82,49
56,70,51
57,56,136
58,24,127
59,77,111
60,84,113
61,64,139
62,66,139
63,36,36
64,71,108
65,63,43
66,62,37
67,54,4
68,30,27
69,58,20
70,29,40
71,24,36
72,88,136
73,79,137
74,73,138
75,79,112
76,65,139
77,69,142
78,67,140
79,82,110
80,77,141
81,83,142
82,90,143
83,87,163
84,89,157
85,89,152
86,89,147
87,90,143
88,77,142
89,75,143
90,74,145
91,72,148
92,64,126
93,19,89
94,98,117
95,72,141
96,71,141
97,87,116
98,74,112
99,85,115
100,68,84
101,56,89
102,70,104
103,36,10
104,41,21
105,47,34
106,68,151
107,79,40
108,77,20
109,74,2
110,47,65
111,30,71
112,76,63
113,36,53
114,80,77
115,77,105
116,23,76
117,35,77
118,44,81
119,57,80
120,67,77
121,74,74
122,91,70
123,24,91
124,31,51
125,94,116
126,75,89
127,17,57
128,80,71
129,70,103
130,41,57
131,77,100
132,20,107
133,76,61
134,84,97
135,38,149
136,39,156
137,18,91
138,30,138
139,21,47
140,68,180
141,94,117
142,68,94
143,24,60
144,53,62
145,60,63
146,68,143
147,24,106
148,81,192
149,59,178
150,49,169
151,98,21
152,98,194
153,66,62
154,71,61
155,74,61
156,26,48
157,69,55
158,62,53
159,56,53
160,50,54
161,47,55
162,17,42
163,49,61
164,98,123
165,71,123
166,77,110
167,86,123
168,98,59
169,47,161
170,57,170
171,81,187
172,31,143
173,74,59
174,86,81
175,98,189
176,69,186
177,20,107
178,83,142
179,81,145
180,80,149
181,79,153
182,76,158
183,71,139
184,69,138
185,67,137
186,59,130
187,33,111
188,86,73
189,81,57
190,76,57
191,72,141
192,32,128
193,87,59
194,73,164
195,98,86
196,91,79
197,98,77
198,80,92
199,98,181
200,98,172
201,85,170
202,55,147
203,64,109
204,63,156
205,48,107
206,57,116
207,42,118
208,83,179
209,74,95
210,49,153
211,59,163
212,49,137
213,26,118
214,40,138
215,23,123
216,52,124
217,80,85
218,80,109
219,74,109
220,84,105
221,75,52
222,63,47
223,53,46
224,44,46
225,39,49
226,36,59
227,17,76
228,41,70
229,49,72
230,58,72
231,67,71
232,74,69
233,78,67
234,18,73
235,74,110
236,85,89
237,86,111
238,89,114
239,85,111
240,76,112
241,91,115
242,92,116
243,78,61
244,82,64
245,84,66
246,45,56
247,40,53
248,105,87
249,150,60
250,106,115
251,174,31
252,129,66
253,136,67
254,143,67
255,152,63
256,123,65
257,142,48
258,133,49
259,149,49
260,154,51
261,157,67
262,126,172
263,153,58
264,176,62
265,165,62
266,136,100
267,109,130
268,108,140
269,119,132
270,126,133
271,116,139
272,122,138
273,133,144
274,105,113
275,106,106
276,164,46
277,120,81
278,124,106
279,124,102
280,156,97
281,105,96
282,149,40
283,158,41
284,169,19
285,116,48
286,125,52
287,139,136
288,169,128
289,118,111
290,112,113
291,134,136
292,132,137
293,162,37
294,124,108
295,135,42
296,137,36
297,142,5
298,165,29
299,138,21
300,167,42
301,171,37
302,109,135
303,118,136
304,124,136
305,116,112
306,133,136
307,129,140
308,131,137
309,114,110
310,121,140
311,115,141
312,108,143
313,108,163
314,110,157
315,109,152
316,108,147
317,107,143
318,121,140
319,123,142
320,124,144
321,126,146
322,131,126
323,175,91
324,125,139
325,127,139
326,109,116
327,122,112
328,110,115
329,128,85
330,139,89
331,125,104
332,159,11
333,155,23
334,151,34
335,127,152
336,119,39
337,120,21
338,123,2
339,149,66
340,164,72
341,119,63
342,160,54
343,115,77
344,119,105
345,172,77
346,159,78
347,150,81
348,137,80
349,127,77
350,120,74
351,105,70
352,171,92
353,165,53
354,102,116
355,121,89
356,177,59
357,115,71
358,126,104
359,155,58
360,119,100
361,173,108
362,119,61
363,112,97
364,157,150
365,155,157
366,176,93
367,165,139
368,174,49
369,127,180
370,101,117
371,127,94
372,170,63
373,142,63
374,136,63
375,130,141
376,170,107
377,114,192
378,136,178
379,145,169
380,130,62
381,125,61
382,121,61
383,169,51
384,127,56
385,133,54
386,140,54
387,146,54
388,149,56
389,176,43
390,147,62
391,124,123
392,118,110
393,109,123
394,147,161
395,138,171
396,114,187
397,163,144
398,122,59
399,111,82
400,126,186
401,174,109
402,115,141
403,116,144
404,118,148
405,119,152
406,119,158
407,127,137
408,129,136
409,130,135
410,136,131
411,162,112
412,110,73
413,114,57
414,119,57
415,125,138
416,163,129
417,108,58
418,122,165
419,105,79
420,116,93
421,110,170
422,139,147
423,131,109
424,132,157
425,147,108
426,137,116
427,153,119
428,113,179
429,121,95
430,145,153
431,136,163
432,145,137
433,169,119
434,154,138
435,171,124
436,143,125
437,115,85
438,116,109
439,122,109
440,113,105
441,121,51
442,134,46
443,144,45
444,153,46
445,158,49
446,159,60
447,177,77
448,153,71
449,146,73
450,136,73
451,127,71
452,121,69
453,116,67
454,176,74
455,121,110
456,111,89
457,110,111
458,106,114
459,111,111
460,119,112
461,105,115
462,104,116
463,117,61
464,113,64
465,111,66
466,151,57
467,156,54
468,57,55
469,64,55
470,57,49
471,50,55
472,57,62
473,138,56
474,146,57
475,139,51
476,131,56
477,138,62
