0,96,128
1,97,97
2,99,109
3,91,75
4,97,89
5,97,80
6,98,60
7,44,67
8,98,41
9,98,30
10,98,0
11,96,132
12,97,136
13,97,139
14,97,139
15,97,142
16,97,147
17,97,152
18,100,160
19,98,102
20,91,104
21,11,47
22,64,72
23,56,73
24,49,73
25,40,71
26,71,69
27,52,49
28,61,49
29,44,51
30,39,56
31,32,77
32,68,178
33,41,66
34,9,80
35,23,73
36,58,102
37,86,126
38,88,136
39,77,131
40,72,136
41,81,137
42,76,140
43,64,151
44,90,97
45,89,90
46,26,50
47,74,82
48,73,101
49,72,98
50,33,105
51,90,82
52,44,37
53,33,42
54,18,31
55,79,40
56,69,52
57,57,144
58,20,156
59,79,105
60,86,107
61,67,146
62,69,145
63,29,37
64,73,105
65,59,36
66,57,29
67,50,7
68,23,34
69,54,17
70,21,48
71,16,48
72,87,131
73,79,134
74,74,138
75,81,106
76,68,146
77,71,146
78,70,145
79,82,100
80,78,141
81,83,139
82,90,139
83,89,160
84,88,152
85,88,147
86,89,142
87,90,139
88,78,141
89,77,143
90,75,146
91,74,149
92,65,128
93,11,119
94,98,105
95,74,143
96,73,144
97,88,110
98,76,110
99,87,108
100,65,88
101,52,94
102,71,102
103,30,17
104,35,23
105,41,31
106,70,155
107,76,29
108,75,16
109,72,1
110,43,72
111,24,84
112,75,67
113,31,61
114,80,76
115,77,96
116,14,91
117,29,88
118,39,89
119,55,86
120,66,82
121,75,77
122,90,63
123,16,107
124,24,61
125,94,102
126,75,88
127,8,84
128,81,72
129,71,104
130,37,67
131,77,92
132,14,137
133,76,64
134,83,86
135,34,167
136,35,179
137,10,113
138,25,158
139,12,64
140,66,188
141,95,105
142,68,95
143,16,76
144,50,68
145,56,68
146,70,147
147,18,123
148,82,200
149,57,193
150,47,187
151,98,15
152,101,201
153,63,67
154,69,66
155,73,65
156,18,61
157,68,59
158,61,58
159,55,58
160,49,60
161,45,62
162,8,64
163,46,67
164,99,115
165,73,122
166,79,103
167,88,116
168,98,52
169,44,176
170,55,182
171,81,192
172,27,169
173,73,62
174,85,75
175,101,193
176,68,197
177,13,130
178,83,139
179,82,142
180,81,146
181,80,150
182,78,158
183,72,143
184,70,142
185,68,142
186,60,135
187,28,123
188,85,69
189,81,56
190,76,58
191,74,143
192,28,144
193,87,54
194,73,168
195,98,73
196,90,69
197,98,67
198,79,87
199,100,182
200,100,171
201,86,171
202,55,156
203,64,111
204,63,163
205,45,112
206,57,120
207,38,127
208,83,182
209,75,93
210,47,164
211,57,172
212,48,147
213,20,136
214,37,151
215,18,145
216,51,131
217,80,81
218,80,99
219,75,103
220,83,92
221,74,48
222,60,44
223,49,44
224,40,47
225,33,53
226,31,70
227,9,97
228,37,79
229,45,80
230,55,79
231,65,76
232,73,73
233,79,70
234,9,102
235,76,106
236,84,80
237,85,97
238,90,102
239,86,100
240,79,108
241,91,102
242,93,105
243,78,64
244,82,64
245,85,65
246,43,64
247,36,61
248,105,74
249,157,64
250,105,103
251,193,38
252,135,70
253,143,70
254,151,70
255,162,67
256,129,68
257,146,45
258,137,46
259,154,47
260,160,51
261,169,71
262,134,175
263,161,62
264,197,71
265,179,66
266,142,98
267,107,126
268,106,135
269,118,130
270,125,135
271,114,136
272,121,138
273,140,147
274,104,97
275,105,89
276,172,44
277,125,79
278,125,98
279,126,95
280,169,99
281,105,81
282,151,33
283,163,37
284,184,22
285,116,40
286,130,50
287,147,140
288,192,148
289,119,103
290,112,105
291,132,143
292,130,142
293,168,32
294,126,103
295,135,33
296,137,26
297,148,2
298,178,26
299,143,13
300,178,41
301,187,39
302,106,131
303,116,133
304,123,136
305,117,105
306,131,143
307,127,143
308,129,142
309,114,98
310,120,139
311,113,138
312,105,138
313,111,159
314,107,151
315,106,146
316,106,141
317,105,138
318,119,139
319,121,141
320,122,143
321,124,146
322,136,124
323,200,110
324,124,141
325,125,142
326,109,109
327,123,108
328,110,107
329,135,84
330,149,89
331,128,99
332,170,10
333,164,17
334,154,27
335,132,152
336,118,28
337,122,13
338,125,-1
339,157,69
340,178,77
341,124,66
342,169,56
343,119,74
344,120,94
345,190,83
346,171,81
347,160,83
348,144,82
349,133,79
350,124,75
351,106,62
352,189,99
353,176,55
354,102,102
355,124,86
356,201,75
357,118,70
358,129,101
359,165,62
360,120,90
361,198,129
362,124,63
363,113,84
364,173,161
365,174,173
366,198,105
367,183,151
368,192,55
369,137,185
370,101,105
371,132,92
372,188,68
373,149,66
374,143,66
375,129,144
376,188,115
377,120,199
378,149,188
379,161,182
380,136,66
381,131,65
382,127,64
383,184,53
384,132,57
385,138,55
386,144,54
387,151,56
388,155,58
389,198,55
390,154,65
391,127,119
392,119,101
393,111,115
394,162,171
395,150,178
396,120,191
397,184,163
398,127,61
399,112,73
400,135,194
401,196,122
402,113,138
403,114,141
404,115,144
405,116,149
406,123,156
407,126,140
408,128,140
409,130,139
410,143,132
411,176,117
412,112,67
413,118,55
414,123,57
415,125,141
416,179,138
417,109,54
418,129,166
419,106,69
420,118,85
421,115,169
422,149,152
423,136,107
424,140,160
425,156,107
426,145,116
427,165,121
428,118,181
429,124,90
430,158,160
431,146,168
432,156,142
433,187,129
434,168,145
435,192,138
436,152,127
437,118,79
438,117,97
439,122,100
440,113,91
441,124,47
442,136,42
443,147,41
444,157,43
445,165,48
446,171,64
447,198,88
448,164,74
449,155,76
450,144,76
451,134,74
452,126,71
453,121,68
454,201,93
455,122,103
456,112,79
457,110,96
458,106,101
459,110,98
460,120,106
461,104,102
462,104,104
463,121,63
464,117,64
465,113,64
466,158,60
467,164,56
468,58,62
469,66,62
470,58,56
471,50,63
472,59,69
473,143,60
474,151,60
475,144,53
476,136,59
477,143,67
