0,97,129
1,96,98
2,96,109
3,90,76
4,96,91
5,97,82
6,97,62
7,45,67
8,97,44
9,97,33
10,97,-1
11,97,131
12,97,133
13,97,134
14,97,152
15,97,154
16,97,156
17,97,158
18,95,170
19,96,103
20,89,104
21,15,42
22,64,72
23,57,73
24,50,72
25,41,70
26,71,69
27,54,50
28,63,50
29,47,53
30,42,56
31,33,75
32,65,179
33,43,66
34,10,75
35,25,72
36,56,99
37,85,128
38,86,133
39,74,132
40,66,135
41,77,135
42,70,137
43,57,152
44,90,98
45,89,91
46,30,51
47,72,81
48,70,100
49,69,96
50,33,101
51,89,83
52,48,38
53,38,43
54,23,26
55,81,42
56,70,53
57,52,143
58,14,150
59,76,104
60,83,106
61,57,143
62,60,143
63,33,39
64,70,104
65,62,37
66,61,31
67,53,4
68,28,31
69,57,17
70,25,48
71,20,44
72,86,131
73,75,133
74,68,136
75,78,105
76,58,143
77,63,147
78,61,143
79,80,100
80,71,137
81,78,135
82,87,134
83,83,169
84,85,157
85,86,155
86,86,153
87,87,152
88,71,149
89,70,149
90,68,150
91,67,151
92,61,127
93,8,112
94,96,106
95,66,146
96,64,146
97,85,109
98,72,109
99,84,108
100,64,86
101,51,91
102,68,100
103,34,13
104,39,22
105,45,33
106,64,158
107,78,32
108,76,16
109,73,0
110,44,72
111,25,81
112,75,67
113,34,61
114,79,75
115,75,96
116,15,86
117,30,84
118,39,85
119,54,84
120,65,80
121,73,76
122,90,64
123,15,102
124,27,61
125,92,103
126,73,87
127,8,77
128,80,71
129,67,102
130,38,67
131,75,92
132,9,130
133,76,65
134,82,86
135,31,164
136,30,175
137,8,107
138,21,154
139,15,58
140,63,188
141,93,106
142,65,93
143,18,74
144,51,68
145,57,68
146,61,147
147,15,118
148,77,201
149,52,191
150,42,184
151,97,15
152,95,202
153,63,68
154,69,66
155,74,66
156,21,60
157,69,60
158,63,59
159,57,59
160,51,61
161,47,63
162,11,58
163,48,68
164,96,116
165,68,121
166,76,102
167,84,117
168,97,54
169,41,173
170,51,181
171,77,193
172,22,165
173,74,63
174,84,75
175,95,195
176,63,197
177,9,125
178,79,150
179,77,151
180,76,153
181,75,155
182,72,164
183,64,140
184,62,139
185,60,139
186,55,134
187,26,119
188,84,69
189,81,57
190,76,59
191,66,140
192,25,140
193,87,55
194,68,171
195,97,75
196,90,71
197,97,69
198,78,87
199,95,186
200,95,177
201,81,176
202,50,155
203,61,109
204,58,164
205,43,110
206,54,117
207,37,123
208,79,184
209,72,92
210,44,163
211,54,171
212,44,145
213,17,132
214,34,148
215,13,141
216,48,129
217,78,81
218,78,98
219,73,102
220,82,93
221,75,50
222,63,45
223,52,46
224,43,49
225,37,54
226,32,69
227,8,91
228,38,77
229,45,78
230,55,78
231,65,76
232,73,73
233,78,70
234,8,94
235,73,104
236,84,81
237,84,98
238,88,102
239,84,100
240,75,107
241,90,103
242,90,105
243,78,64
244,82,65
245,84,65
246,44,65
247,38,61
248,104,76
249,154,63
250,103,104
251,179,38
252,131,68
253,138,69
254,146,69
255,156,65
256,124,67
257,143,47
258,134,48
259,152,48
260,157,51
261,161,70
262,125,178
263,156,61
264,184,71
265,170,65
266,137,98
267,108,128
268,107,133
269,119,131
270,127,134
271,116,135
272,123,136
273,133,151
274,103,98
275,104,91
276,168,43
277,121,80
278,122,99
279,123,96
280,160,99
281,104,83
282,151,35
283,161,37
284,172,23
285,115,41
286,126,51
287,139,143
288,176,146
289,116,103
290,109,106
291,135,142
292,133,142
293,166,33
294,122,103
295,136,35
296,138,29
297,143,2
298,167,28
299,138,15
300,172,40
301,174,40
302,108,131
303,118,133
304,125,135
305,114,105
306,134,142
307,130,146
308,132,142
309,112,99
310,121,137
311,114,135
312,106,134
313,107,169
314,109,157
315,108,155
316,108,153
317,107,152
318,121,148
319,123,149
320,125,150
321,127,151
322,131,126
323,184,108
324,126,146
325,128,146
326,107,109
327,120,108
328,108,107
329,129,84
330,142,89
331,124,100
332,161,10
333,156,19
334,154,29
335,126,158
336,118,31
337,119,14
338,122,0
339,152,68
340,169,75
341,120,65
342,164,55
343,115,75
344,117,95
345,178,83
346,164,80
347,154,83
348,139,81
349,128,78
350,120,75
351,105,64
352,178,99
353,169,53
354,100,103
355,121,86
356,184,73
357,114,70
358,125,101
359,160,61
360,118,91
361,182,126
362,120,63
363,111,86
364,160,162
365,160,173
366,185,103
367,170,152
368,179,54
369,127,187
370,99,106
371,127,92
372,175,66
373,146,65
374,139,65
375,132,147
376,177,115
377,112,200
378,138,189
379,148,182
380,132,65
381,126,64
382,122,63
383,174,52
384,128,58
385,134,56
386,141,56
387,148,56
388,152,58
389,182,54
390,150,64
391,123,121
392,116,102
393,107,116
394,149,172
395,139,179
396,112,193
397,169,162
398,122,61
399,110,75
400,126,195
401,183,121
402,115,150
403,116,151
404,118,153
405,119,155
406,118,164
407,129,139
408,131,139
409,132,138
410,136,134
411,166,117
412,110,69
413,114,56
414,119,57
415,127,139
416,167,138
417,107,55
418,122,170
419,104,70
420,116,86
421,108,176
422,140,154
423,131,108
424,132,163
425,149,108
426,138,117
427,155,122
428,111,184
429,121,91
430,147,161
431,136,170
432,146,144
433,175,129
434,156,146
435,179,138
436,143,128
437,115,80
438,114,98
439,119,101
440,111,92
441,121,48
442,135,43
443,146,42
444,156,44
445,162,48
446,164,63
447,185,87
448,157,73
449,149,75
450,139,75
451,129,73
452,122,70
453,116,68
454,184,90
455,119,104
456,110,80
457,108,98
458,104,102
459,108,99
460,117,107
461,102,103
462,101,105
463,117,63
464,112,64
465,110,65
466,155,60
467,160,55
468,60,63
469,67,63
470,60,56
471,52,64
472,60,70
473,141,60
474,149,60
475,141,53
476,133,59
477,140,66
