0,106,129
1,112,112
2,106,118
3,103,85
4,113,104
5,112,93
6,107,66
7,43,57
8,106,46
9,107,36
10,107,-7
11,105,132
12,104,134
13,102,136
14,101,153
15,102,157
16,101,161
17,100,165
18,96,168
19,110,116
20,100,115
21,6,18
22,65,65
23,58,65
24,50,65
25,38,58
26,72,64
27,58,42
28,66,44
29,49,42
30,42,45
31,31,63
32,62,179
33,39,54
34,1,55
35,21,56
36,59,98
37,92,127
38,90,133
39,76,128
40,64,130
41,78,133
42,67,132
43,52,144
44,105,112
45,105,104
46,33,37
47,78,80
48,80,105
49,78,100
50,32,94
51,105,94
52,57,33
53,44,33
54,19,5
55,90,45
56,73,48
57,45,134
58,-4,133
59,85,111
60,92,113
61,49,132
62,51,133
63,39,27
64,77,108
65,72,37
66,73,30
67,60,-8
68,29,16
69,67,10
70,27,32
71,16,26
72,91,131
73,77,131
74,66,131
75,86,112
76,50,133
77,56,140
78,52,133
79,92,110
80,68,133
81,78,134
82,90,135
83,83,167
84,86,163
85,87,159
86,88,155
87,89,152
88,68,145
89,66,145
90,64,147
91,62,149
92,61,124
93,-10,89
94,108,117
95,60,140
96,58,140
97,94,116
98,78,112
99,93,115
100,69,83
101,55,87
102,75,103
103,37,-3
104,45,11
105,55,26
106,60,154
107,90,35
108,86,11
109,83,-9
110,43,62
111,21,67
112,76,63
113,33,47
114,85,76
115,87,104
116,11,72
117,28,74
118,40,78
119,56,78
120,67,75
121,75,73
122,99,68
123,9,89
124,26,46
125,106,116
126,79,88
127,-7,51
128,82,70
129,73,103
130,35,53
131,86,98
132,-8,110
133,76,60
134,96,95
135,20,157
136,17,167
137,-3,90
138,8,145
139,8,39
140,60,187
141,105,117
142,71,92
143,12,56
144,52,61
145,59,62
146,54,140
147,7,106
148,75,199
149,47,187
150,33,179
151,108,13
152,91,200
153,65,61
154,70,61
155,74,60
156,18,43
157,69,53
158,63,50
159,57,49
160,50,50
161,45,51
162,-1,33
163,46,59
164,104,123
165,72,122
166,86,110
167,92,123
168,106,56
169,34,169
170,46,178
171,76,194
172,5,152
173,74,58
174,94,80
175,93,195
176,61,194
177,-3,109
178,78,149
179,76,151
180,74,154
181,73,157
182,70,162
183,58,132
184,56,132
185,55,131
186,51,128
187,20,111
188,92,71
189,84,55
190,78,55
191,59,133
192,14,132
193,93,56
194,65,170
195,110,84
196,101,77
197,109,76
198,87,91
199,94,187
200,95,177
201,80,176
202,46,149
203,64,108
204,54,161
205,43,106
206,54,115
207,33,118
208,78,186
209,80,94
210,38,158
211,49,169
212,39,137
213,7,121
214,27,141
215,0,127
216,44,123
217,87,84
218,90,109
219,82,109
220,96,104
221,80,48
222,69,42
223,58,39
224,47,39
225,39,42
226,30,54
227,-2,72
228,36,67
229,45,70
230,56,71
231,66,70
232,74,68
233,79,66
234,-9,70
235,81,110
236,95,88
237,98,110
238,101,114
239,97,111
240,82,112
241,103,115
242,102,116
243,79,61
244,84,63
245,88,65
246,42,52
247,37,48
248,116,85
249,146,60
250,115,115
251,164,29
252,126,67
253,133,67
254,140,67
255,147,62
256,120,65
257,141,46
258,132,46
259,147,47
260,151,50
261,152,67
262,119,178
263,148,57
264,163,64
265,156,61
266,138,101
267,116,127
268,113,134
269,123,128
270,127,130
271,119,133
272,123,133
273,130,146
274,118,112
275,119,104
276,160,42
277,123,82
278,129,107
279,129,102
280,156,99
281,118,94
282,151,36
283,157,37
284,162,16
285,122,45
286,124,49
287,136,137
288,148,136
289,124,112
290,118,115
291,129,134
292,127,134
293,160,31
294,128,109
295,139,38
296,141,31
297,144,-1
298,161,25
299,141,15
300,162,37
301,164,36
302,115,131
303,121,131
304,125,131
305,122,113
306,128,134
307,126,141
308,126,135
309,123,111
310,120,134
311,116,134
312,111,135
313,107,168
314,111,163
315,112,159
316,111,155
317,109,152
318,119,145
319,121,146
320,123,148
321,125,150
322,132,127
323,154,96
324,122,141
325,124,141
326,116,117
327,126,113
328,117,116
329,130,86
330,141,91
331,129,105
332,156,6
333,153,18
334,153,29
335,124,155
336,126,35
337,126,14
338,129,-5
339,145,66
340,156,73
341,117,63
342,155,52
343,119,78
344,127,106
345,164,80
346,155,79
347,149,83
348,137,81
349,127,78
350,121,75
351,113,68
352,165,96
353,158,50
354,114,116
355,124,90
356,159,61
357,117,71
358,129,105
359,150,57
360,126,100
361,152,115
362,117,60
363,122,96
364,143,157
365,137,166
366,163,97
367,150,146
368,164,49
369,118,186
370,111,117
371,130,95
372,158,61
373,140,63
374,134,63
375,127,142
376,164,112
377,105,197
378,122,185
379,129,177
380,127,63
381,122,61
382,118,61
383,160,48
384,123,55
385,130,52
386,137,52
387,143,53
388,146,55
389,163,44
390,144,62
391,127,124
392,125,111
393,115,123
394,133,168
395,126,177
396,107,193
397,143,153
398,119,58
399,118,81
400,115,192
401,160,115
402,115,149
403,117,151
404,119,154
405,120,158
406,116,163
407,125,133
408,127,132
409,129,131
410,136,131
411,159,116
412,116,73
413,115,55
414,117,56
415,123,134
416,154,135
417,113,56
418,118,170
419,114,77
420,123,93
421,108,176
422,133,151
423,133,111
424,126,161
425,148,110
426,138,119
427,151,122
428,108,185
429,126,96
430,135,158
431,127,169
432,140,140
433,160,125
434,146,143
435,156,131
436,142,127
437,121,85
438,125,110
439,127,110
440,124,105
441,122,48
442,135,43
443,145,42
444,152,44
445,155,47
446,153,59
447,163,81
448,149,71
449,144,74
450,135,74
451,126,72
452,120,69
453,116,67
454,156,78
455,126,111
456,120,89
457,122,111
458,117,115
459,121,112
460,124,113
461,116,115
462,114,117
463,115,61
464,114,64
465,114,66
466,147,56
467,152,53
468,51,55
469,60,55
470,52,47
471,43,54
472,51,62
473,132,56
474,140,57
475,132,49
476,123,56
477,131,63
