0,101,129
1,91,114
2,95,118
3,86,87
4,90,107
5,90,96
6,93,67
7,50,61
8,93,47
9,92,37
10,91,-3
11,102,132
12,102,135
13,102,137
14,102,140
15,102,145
16,102,150
17,102,155
18,101,160
19,92,117
20,86,116
21,33,27
22,70,67
23,63,68
24,57,68
25,48,63
26,75,65
27,56,47
28,65,48
29,50,48
30,46,51
31,45,68
32,81,167
33,47,59
34,35,59
35,40,62
36,65,100
37,93,128
38,94,135
39,85,131
40,80,134
41,88,136
42,83,137
43,74,144
44,85,113
45,83,106
46,38,46
47,77,81
48,73,108
49,74,103
50,48,97
51,84,96
52,49,40
53,42,42
54,35,16
55,78,46
56,72,51
57,69,138
58,52,123
59,78,112
60,84,115
61,74,139
62,76,139
63,39,37
64,74,110
65,61,41
66,59,35
67,53,1
68,37,26
69,57,18
70,36,42
71,35,35
72,93,132
73,86,134
74,81,136
75,80,113
76,75,139
77,78,141
78,77,139
79,80,111
80,85,138
81,89,138
82,95,137
83,93,159
84,93,154
85,94,149
86,94,144
87,95,140
88,84,140
89,83,141
90,81,144
91,80,146
92,72,128
93,43,87
94,93,118
95,81,139
96,79,140
97,86,118
98,77,114
99,85,116
100,71,85
101,61,90
102,74,105
103,41,7
104,44,20
105,47,34
106,79,150
107,74,37
108,72,17
109,70,-1
110,51,67
111,41,72
112,78,64
113,42,54
114,80,77
115,76,107
116,36,76
117,43,78
118,49,82
119,61,80
120,70,77
121,76,74
122,87,69
123,38,91
124,39,53
125,88,117
126,77,90
127,38,55
128,80,71
129,74,105
130,46,59
131,76,101
132,47,104
133,78,61
134,80,98
135,59,146
136,63,152
137,38,90
138,52,135
139,34,46
140,81,173
141,90,117
142,72,94
143,38,62
144,56,64
145,62,64
146,76,142
147,41,105
148,93,184
149,77,171
150,71,163
151,91,16
152,106,186
153,68,63
154,73,62
155,76,61
156,36,51
157,72,55
158,66,53
159,59,52
160,53,53
161,50,55
162,34,39
163,52,63
164,96,123
165,76,124
166,78,111
167,87,123
168,93,56
169,66,156
170,74,164
171,91,180
172,57,139
173,76,59
174,83,81
175,105,182
176,84,178
177,41,105
178,89,140
179,88,143
180,86,147
181,86,151
182,85,155
183,79,138
184,77,137
185,76,136
186,69,132
187,47,111
188,84,72
189,81,56
190,78,57
191,81,138
192,50,127
193,85,57
194,83,160
195,91,86
196,86,78
197,92,77
198,79,93
199,103,175
200,102,167
201,93,165
202,69,146
203,70,110
204,76,154
205,56,108
206,65,117
207,54,119
208,91,173
209,76,96
210,66,150
211,74,158
212,63,137
213,45,117
214,57,137
215,46,120
216,63,126
217,80,85
218,78,110
219,75,110
220,79,106
221,75,50
222,63,45
223,53,45
224,46,46
225,42,49
226,43,60
227,35,74
228,48,71
229,54,74
230,62,74
231,70,72
232,76,69
233,79,67
234,41,71
235,76,112
236,82,89
237,81,112
238,85,115
239,82,112
240,78,113
241,86,116
242,88,117
243,79,62
244,82,64
245,83,66
246,48,57
247,44,55
248,98,87
249,155,57
250,101,115
251,186,20
252,131,65
253,139,66
254,146,66
255,159,59
256,125,64
257,142,42
258,134,44
259,151,43
260,157,45
261,164,63
262,131,168
263,159,53
264,190,54
265,174,56
266,135,98
267,110,128
268,110,134
269,119,130
270,125,132
271,117,135
272,122,135
273,136,144
274,97,113
275,97,106
276,166,38
277,119,80
278,118,107
279,119,102
280,159,95
281,97,96
282,144,34
283,156,34
284,175,8
285,110,45
286,127,48
287,141,138
288,190,123
289,113,112
290,107,114
291,132,136
292,130,136
293,160,28
294,120,109
295,128,37
296,129,31
297,138,-3
298,168,19
299,133,13
300,171,33
301,178,28
302,110,131
303,118,132
304,124,133
305,112,113
306,131,136
307,127,139
308,129,136
309,108,111
310,121,136
311,115,136
312,109,137
313,111,159
314,111,153
315,110,148
316,110,143
317,109,140
318,121,138
319,122,140
320,124,142
321,125,144
322,130,127
323,197,84
324,124,137
325,126,138
326,105,117
327,118,113
328,106,116
329,127,83
330,140,88
331,121,105
332,160,0
333,153,14
334,146,27
335,129,150
336,110,36
337,113,15
338,116,-4
339,154,63
340,172,68
341,122,63
342,165,48
343,113,76
344,112,106
345,181,72
346,166,75
347,154,80
348,140,79
349,129,76
350,122,74
351,101,68
352,180,89
353,171,46
354,96,116
355,118,88
356,196,49
357,115,71
358,123,104
359,162,53
360,113,100
361,195,103
362,123,60
363,105,97
364,168,148
365,171,154
366,192,87
367,178,136
368,184,40
369,135,175
370,97,117
371,126,93
372,182,55
373,145,62
374,138,62
375,129,140
376,180,104
377,122,185
378,147,174
379,158,166
380,132,62
381,127,61
382,124,60
383,178,42
384,129,53
385,136,49
386,143,48
387,150,48
388,154,50
389,192,32
390,151,60
391,122,124
392,113,111
393,106,123
394,157,159
395,146,167
396,121,181
397,182,140
398,125,57
399,106,81
400,135,180
401,190,104
402,115,139
403,117,142
404,118,145
405,119,150
406,121,155
407,126,135
408,128,135
409,129,134
410,136,132
411,168,110
412,107,72
413,115,56
414,121,55
415,124,136
416,172,127
417,105,57
418,127,161
419,99,78
420,112,92
421,115,166
422,144,147
423,130,109
424,137,155
425,148,107
426,138,116
427,156,118
428,118,174
429,118,95
430,152,152
431,142,160
432,149,138
433,179,116
434,161,137
435,187,120
436,145,125
437,112,84
438,110,110
439,116,110
440,105,106
441,120,48
442,131,42
443,142,40
444,152,40
445,160,42
446,167,55
447,192,70
448,159,68
449,150,71
450,139,72
451,130,70
452,124,68
453,119,67
454,197,66
455,116,111
456,105,89
457,103,112
458,101,115
459,105,112
460,115,113
461,99,116
462,99,117
463,119,61
464,114,63
465,110,66
466,157,52
467,161,48
468,63,57
469,70,57
470,62,50
471,55,57
472,63,64
473,148,53
474,157,53
475,148,45
476,140,53
477,149,61
