0,96,135
1,103,112
2,100,117
3,95,85
4,103,105
5,102,94
6,101,66
7,49,58
8,101,51
9,101,42
10,101,0
11,95,136
12,95,138
13,95,139
14,95,139
15,95,141
16,95,143
17,95,146
18,97,163
19,102,116
20,92,115
21,14,28
22,69,63
23,62,64
24,55,64
25,45,61
26,74,62
27,57,48
28,65,49
29,50,50
30,45,52
31,37,65
32,66,177
33,46,57
34,10,62
35,27,61
36,58,98
37,85,133
38,85,137
39,75,134
40,68,134
41,77,136
42,71,136
43,56,144
44,96,112
45,95,104
46,35,48
47,76,80
48,73,106
49,73,101
50,35,95
51,95,94
52,54,43
53,43,45
54,24,16
55,87,50
56,72,51
57,49,136
58,9,136
59,79,111
60,85,113
61,59,135
62,61,135
63,39,40
64,72,108
65,69,44
66,68,39
67,57,2
68,31,27
69,63,19
70,30,44
71,22,36
72,85,136
73,76,135
74,69,135
75,80,112
76,60,135
77,64,137
78,62,135
79,85,110
80,72,137
81,78,137
82,86,138
83,85,162
84,85,145
85,85,142
86,86,140
87,86,138
88,72,137
89,71,138
90,69,139
91,68,141
92,61,126
93,4,94
94,101,117
95,67,136
96,66,137
97,88,116
98,74,112
99,87,115
100,68,84
101,55,88
102,71,103
103,38,7
104,45,21
105,52,37
106,64,152
107,85,41
108,81,19
109,78,0
110,48,63
111,28,70
112,78,61
113,37,54
114,82,76
115,80,105
116,17,76
117,34,75
118,44,79
119,58,78
120,69,75
121,76,72
122,93,68
123,16,92
124,30,53
125,97,116
126,76,88
127,6,59
128,82,69
129,69,103
130,42,57
131,79,99
132,5,114
133,77,58
134,87,96
135,28,156
136,27,167
137,7,94
138,18,145
139,16,47
140,64,186
141,98,117
142,68,93
143,20,61
144,56,59
145,62,59
146,63,138
147,15,108
148,79,198
149,53,187
150,41,178
151,101,19
152,96,199
153,68,59
154,73,58
155,76,58
156,24,51
157,71,54
158,65,52
159,59,52
160,53,53
161,49,55
162,9,41
163,52,59
164,100,123
165,70,123
166,79,110
167,87,123
168,100,58
169,40,168
170,51,177
171,79,192
172,17,153
173,75,57
174,88,80
175,96,193
176,65,194
177,8,112
178,78,138
179,77,139
180,77,141
181,76,143
182,73,158
183,65,136
184,64,135
185,63,135
186,53,130
187,26,113
188,88,72
189,84,56
190,79,55
191,67,136
192,22,132
193,91,57
194,69,167
195,102,84
196,94,77
197,101,76
198,82,92
199,97,184
200,97,173
201,83,172
202,50,149
203,62,109
204,59,159
205,45,107
206,54,116
207,36,119
208,81,182
209,75,95
210,43,157
211,54,168
212,43,138
213,15,122
214,32,141
215,10,129
216,46,124
217,82,84
218,82,109
219,76,109
220,87,105
221,79,51
222,67,48
223,57,47
224,48,48
225,41,50
226,36,59
227,8,78
228,42,68
229,49,71
230,60,70
231,69,68
232,76,67
233,81,65
234,5,76
235,75,110
236,88,88
237,89,111
238,92,114
239,88,111
240,77,112
241,95,115
242,94,116
243,80,59
244,85,62
245,87,65
246,47,56
247,42,54
248,108,85
249,144,60
250,110,115
251,170,32
252,126,65
253,132,65
254,139,66
255,147,63
256,121,64
257,137,51
258,129,51
259,144,52
260,148,54
261,154,68
262,125,176
263,147,59
264,173,64
265,162,64
266,137,99
267,107,133
268,106,137
269,116,134
270,123,134
271,114,136
272,120,136
273,134,144
274,109,112
275,110,104
276,158,51
277,121,81
278,126,106
279,126,101
280,157,97
281,109,94
282,142,46
283,152,48
284,165,20
285,113,51
286,123,53
287,141,135
288,168,136
289,121,110
290,115,113
291,131,135
292,129,135
293,155,43
294,127,108
295,129,47
296,131,42
297,140,4
298,161,30
299,136,21
300,162,48
301,167,39
302,106,135
303,115,135
304,121,135
305,119,112
306,130,135
307,126,137
308,128,135
309,117,110
310,119,136
311,112,137
312,105,138
313,108,162
314,105,145
315,105,142
316,105,140
317,104,138
318,118,137
319,120,137
320,121,138
321,121,140
322,133,126
323,172,96
324,123,136
325,125,136
326,112,116
327,124,112
328,113,115
329,128,84
330,140,89
331,127,103
332,156,10
333,151,24
334,145,41
335,127,151
336,115,43
337,120,20
338,123,1
339,144,65
340,161,72
341,117,63
342,155,57
343,116,76
344,122,105
345,170,78
346,156,77
347,148,80
348,135,79
349,125,76
350,119,73
351,107,68
352,171,94
353,161,56
354,106,116
355,122,89
356,172,62
357,114,70
358,128,103
359,150,60
360,122,99
361,171,116
362,118,60
363,115,96
364,157,155
365,154,165
366,175,96
367,165,144
368,170,50
369,126,185
370,105,117
371,128,93
372,168,64
373,138,61
374,133,61
375,127,138
376,171,109
377,112,197
378,134,185
379,144,177
380,127,61
381,122,60
382,119,60
383,165,54
384,124,56
385,129,54
386,135,55
387,140,56
388,144,57
389,172,45
390,142,61
391,126,123
392,121,110
393,112,122
394,146,167
395,137,176
396,113,191
397,162,153
398,120,59
399,112,80
400,124,192
401,174,113
402,112,137
403,113,139
404,114,140
405,114,143
406,119,158
407,125,135
408,126,135
409,127,135
410,139,130
411,164,113
412,111,72
413,113,57
414,117,57
415,123,136
416,164,132
417,108,59
418,122,166
419,108,77
420,118,92
421,110,171
422,139,148
423,133,109
424,131,158
425,149,108
426,139,116
427,155,119
428,112,182
429,123,95
430,145,156
431,135,167
432,147,138
433,170,123
434,155,141
435,171,130
436,145,124
437,117,84
438,120,109
439,124,109
440,116,105
441,118,53
442,129,50
443,139,49
444,147,51
445,152,53
446,155,62
447,175,80
448,150,70
449,143,72
450,134,72
451,126,70
452,119,68
453,115,67
454,172,79
455,124,110
456,113,88
457,115,110
458,110,114
459,114,111
460,122,112
461,109,115
462,108,116
463,115,61
464,112,64
465,110,66
466,146,58
467,151,57
468,60,56
469,66,55
470,59,49
471,53,56
472,60,62
473,133,57
474,140,57
475,133,51
476,125,57
477,133,63
