0,94,134
1,90,112
2,95,117
3,86,85
4,89,104
5,90,93
6,93,65
7,55,61
8,93,47
9,92,37
10,91,-2
11,95,136
12,96,138
13,97,139
14,98,139
15,98,142
16,98,146
17,99,150
18,104,159
19,92,115
20,86,115
21,37,34
22,74,65
23,67,66
24,61,67
25,54,64
26,80,64
27,60,49
28,69,49
29,54,51
30,50,54
31,49,69
32,83,170
33,54,60
34,39,66
35,45,65
36,66,101
37,86,133
38,89,138
39,81,134
40,77,135
41,84,138
42,81,138
43,74,145
44,85,112
45,83,104
46,41,51
47,78,81
48,73,107
49,73,103
50,49,99
51,84,94
52,51,44
53,44,46
54,39,22
55,80,45
56,76,50
57,68,138
58,57,130
59,78,112
60,84,114
61,74,138
62,76,138
63,42,42
64,74,110
65,62,43
66,60,37
67,55,5
68,40,31
69,58,20
70,39,47
71,38,41
72,87,136
73,82,136
74,79,136
75,80,113
76,75,138
77,77,140
78,76,138
79,80,111
80,83,139
81,86,139
82,91,139
83,95,159
84,91,149
85,90,146
86,90,142
87,91,139
88,83,139
89,81,140
90,80,142
91,80,143
92,72,127
93,49,94
94,94,116
95,80,138
96,78,139
97,86,116
98,77,113
99,85,115
100,72,86
101,62,91
102,73,105
103,44,12
104,47,24
105,49,38
106,80,151
107,75,37
108,73,18
109,70,0
110,56,66
111,44,75
112,83,62
113,46,57
114,82,77
115,75,106
116,39,80
117,46,80
118,52,82
119,64,80
120,73,77
121,79,73
122,87,67
123,40,95
124,43,57
125,88,115
126,78,89
127,42,63
128,84,69
129,74,105
130,51,61
131,76,100
132,52,112
133,84,59
134,80,96
135,61,151
136,67,158
137,41,96
138,55,140
139,38,52
140,83,178
141,90,116
142,73,95
143,43,66
144,61,62
145,66,62
146,76,140
147,43,110
148,96,188
149,80,176
150,74,169
151,91,16
152,110,190
153,73,61
154,78,60
155,82,60
156,41,55
157,77,55
158,71,53
159,64,54
160,58,55
161,56,57
162,38,47
163,57,61
164,97,122
165,76,124
166,78,111
167,87,122
168,94,55
169,69,161
170,76,169
171,94,183
172,62,146
173,82,57
174,83,80
175,108,185
176,87,183
177,45,111
178,86,139
179,85,141
180,84,144
181,85,147
182,87,156
183,78,138
184,77,137
185,75,136
186,69,132
187,48,115
188,85,71
189,85,54
190,83,55
191,80,138
192,52,131
193,87,55
194,85,163
195,91,83
196,86,76
197,92,75
198,79,92
199,106,177
200,105,168
201,94,167
202,70,148
203,70,111
204,77,156
205,57,110
206,65,118
207,54,121
208,93,176
209,77,96
210,67,154
211,75,162
212,64,139
213,47,122
214,58,140
215,50,126
216,62,127
217,81,85
218,77,110
219,75,110
220,78,105
221,79,49
222,66,47
223,56,48
224,49,50
225,46,53
226,48,63
227,39,81
228,52,72
229,57,74
230,66,73
231,74,70
232,80,68
233,84,66
234,46,78
235,76,111
236,82,88
237,81,111
238,85,114
239,82,112
240,78,113
241,86,115
242,88,116
243,85,60
244,87,62
245,87,64
246,54,59
247,49,57
248,98,84
249,153,55
250,102,114
251,188,19
252,131,62
253,139,62
254,146,62
255,157,57
256,125,61
257,141,41
258,132,43
259,149,42
260,155,45
261,164,62
262,136,170
263,156,53
264,194,53
265,175,56
266,138,96
267,104,131
268,106,136
269,117,131
270,126,130
271,116,134
272,125,133
273,142,142
274,97,111
275,97,103
276,165,40
277,121,78
278,120,105
279,121,100
280,163,92
281,97,93
282,142,34
283,154,36
284,176,7
285,108,43
286,125,46
287,147,135
288,197,124
289,115,110
290,109,112
291,140,130
292,138,130
293,159,31
294,122,107
295,126,36
296,127,30
297,137,-4
298,168,18
299,131,12
300,170,36
301,180,27
302,105,134
303,116,133
304,125,132
305,114,111
306,139,130
307,134,133
308,137,131
309,109,109
310,124,134
311,116,136
312,107,138
313,115,158
314,110,148
315,108,144
316,107,141
317,107,138
318,124,134
319,125,135
320,127,137
321,129,139
322,134,124
323,203,84
324,131,132
325,132,133
326,106,115
327,121,111
328,108,114
329,129,81
330,142,85
331,124,102
332,160,0
333,152,12
334,144,28
335,134,149
336,109,33
337,112,14
338,115,-4
339,153,60
340,174,66
341,121,60
342,164,48
343,114,74
344,113,104
345,184,70
346,168,72
347,156,76
348,141,76
349,130,73
350,122,71
351,101,66
352,184,86
353,170,47
354,96,115
355,120,86
356,201,49
357,115,67
358,126,102
359,160,53
360,114,97
361,202,103
362,121,57
363,106,95
364,174,148
365,177,155
366,196,86
367,185,135
368,187,39
369,139,177
370,97,116
371,128,91
372,183,56
373,144,57
374,138,58
375,135,134
376,185,102
377,126,188
378,152,176
379,164,168
380,132,58
381,127,57
382,123,57
383,178,45
384,128,51
385,134,48
386,140,47
387,147,48
388,151,50
389,196,32
390,149,56
391,125,121
392,114,109
393,108,121
394,163,159
395,152,169
396,125,183
397,188,141
398,123,55
399,106,78
400,140,183
401,196,103
402,116,136
403,117,138
404,118,141
405,120,144
406,126,154
407,132,131
408,133,131
409,134,130
410,142,129
411,172,108
412,108,70
413,113,53
414,119,53
415,131,132
416,178,126
417,104,54
418,131,162
419,100,75
420,113,90
421,118,167
422,150,145
423,133,107
424,142,155
425,152,104
426,142,114
427,161,115
428,122,176
429,119,93
430,158,151
431,147,161
432,155,135
433,185,115
434,167,136
435,193,119
436,150,122
437,113,82
438,111,108
439,118,108
440,105,103
441,118,46
442,129,41
443,141,39
444,151,40
445,158,43
446,166,55
447,196,69
448,159,65
449,151,68
450,140,68
451,131,67
452,123,65
453,118,64
454,202,66
455,119,109
456,105,86
457,104,110
458,101,113
459,105,111
460,117,111
461,99,114
462,100,115
463,118,58
464,113,60
465,110,62
466,154,52
467,159,48
468,69,57
469,78,56
470,69,50
471,62,57
472,70,63
473,142,52
474,150,51
475,142,45
476,134,52
477,142,59
