0,96,135
1,105,118
2,102,121
3,98,90
4,105,111
5,105,100
6,103,69
7,49,59
8,102,47
9,102,37
10,101,-4
11,96,137
12,96,140
13,96,142
14,96,142
15,96,145
16,96,149
17,96,152
18,99,158
19,104,120
20,95,119
21,11,20
22,71,66
23,63,67
24,55,66
25,45,61
26,77,64
27,58,45
28,67,46
29,51,47
30,46,50
31,37,65
32,71,167
33,46,57
34,8,54
35,26,58
36,62,100
37,87,134
38,88,140
39,79,136
40,73,138
41,81,140
42,76,141
43,65,142
44,99,118
45,98,111
46,33,43
47,78,81
48,78,110
49,77,105
50,39,96
51,98,100
52,53,37
53,42,39
54,20,9
55,87,45
56,75,49
57,59,136
58,14,121
59,83,114
60,89,117
61,66,142
62,68,142
63,37,33
64,77,111
65,68,39
66,67,33
67,54,-2
68,27,21
69,59,15
70,27,38
71,18,29
72,88,137
73,80,138
74,74,140
75,85,115
76,67,142
77,70,143
78,69,142
79,89,115
80,78,142
81,83,142
82,89,142
83,89,157
84,87,152
85,87,148
86,88,145
87,89,142
88,78,142
89,76,143
90,74,145
91,73,147
92,68,128
93,6,81
94,104,121
95,74,142
96,72,143
97,92,120
98,79,115
99,91,118
100,71,85
101,58,89
102,76,107
103,33,2
104,40,16
105,50,31
106,71,148
107,85,36
108,79,16
109,76,-3
110,49,64
111,27,69
112,81,62
113,37,52
114,84,78
115,84,110
116,17,73
117,34,76
118,45,80
119,60,79
120,71,77
121,79,74
122,95,71
123,18,89
124,29,49
125,100,120
126,79,90
127,4,47
128,85,71
129,75,105
130,42,56
131,83,103
132,9,100
133,81,60
134,90,101
135,34,147
136,33,153
137,8,86
138,24,135
139,13,40
140,69,175
141,100,121
142,72,95
143,18,58
144,57,62
145,64,63
146,69,144
147,19,104
148,82,186
149,58,174
150,47,165
151,102,16
152,98,188
153,70,62
154,76,61
155,80,60
156,22,46
157,74,53
158,67,51
159,60,51
160,54,52
161,50,54
162,6,32
163,53,61
164,102,126
165,76,125
166,84,114
167,91,126
168,102,57
169,46,158
170,57,167
171,83,181
172,23,139
173,79,57
174,90,84
175,98,183
176,69,181
177,11,103
178,83,142
179,81,144
180,80,147
181,79,150
182,79,153
183,72,141
184,70,141
185,69,140
186,62,132
187,31,111
188,90,74
189,86,55
190,81,55
191,74,142
192,29,127
193,93,56
194,75,160
195,104,90
196,96,81
197,103,80
198,85,95
199,99,175
200,99,165
201,87,164
202,57,145
203,68,110
204,65,153
205,49,108
206,60,117
207,42,119
208,85,173
209,79,97
210,49,151
211,60,160
212,50,137
213,21,117
214,39,137
215,15,119
216,54,125
217,85,87
218,86,113
219,81,113
220,91,110
221,80,48
222,68,44
223,57,43
224,48,44
225,41,47
226,35,57
227,7,70
228,42,69
229,51,72
230,61,72
231,71,71
232,78,68
233,83,67
234,5,63
235,80,113
236,91,92
237,93,116
238,96,118
239,92,116
240,82,115
241,98,120
242,97,120
243,84,60
244,87,63
245,89,65
246,48,56
247,42,52
248,110,90
249,148,55
250,111,118
251,173,16
252,128,63
253,135,63
254,142,63
255,150,57
256,122,62
257,140,42
258,131,43
259,147,43
260,151,45
261,156,61
262,123,165
263,150,52
264,175,50
265,164,54
266,136,98
267,106,134
268,104,140
269,114,136
270,120,139
271,111,140
272,116,141
273,130,140
274,111,117
275,112,110
276,161,39
277,121,80
278,126,108
279,125,103
280,156,93
281,111,100
282,147,34
283,156,35
284,168,6
285,116,43
286,124,46
287,136,134
288,167,116
289,121,113
290,115,116
291,126,143
292,124,143
293,159,30
294,125,110
295,134,36
296,135,30
297,144,-3
298,165,18
299,140,14
300,165,34
301,170,25
302,105,137
303,113,138
304,118,140
305,119,114
306,125,143
307,122,144
308,123,143
309,118,114
310,115,142
311,110,142
312,104,142
313,108,156
314,105,152
315,104,148
316,104,145
317,103,142
318,115,142
319,116,143
320,118,145
321,119,147
322,130,127
323,172,77
324,119,142
325,120,143
326,112,119
327,123,114
328,114,118
329,128,83
330,139,87
331,126,105
332,159,0
333,156,13
334,149,28
335,124,146
336,118,33
337,123,15
338,125,-4
339,147,60
340,164,65
341,118,60
342,157,47
343,117,77
344,122,108
345,171,69
346,160,72
347,151,77
348,138,77
349,128,74
350,122,72
351,109,70
352,171,85
353,163,45
354,108,120
355,122,89
356,175,43
357,116,69
358,126,104
359,153,52
360,122,102
361,171,95
362,118,57
363,117,100
364,154,142
365,153,148
366,176,82
367,163,130
368,173,36
369,125,172
370,107,120
371,127,93
372,169,53
373,141,59
374,135,60
375,123,145
376,170,100
377,112,185
378,133,169
379,142,160
380,128,59
381,123,58
382,119,58
383,167,42
384,124,50
385,131,47
386,138,47
387,144,48
388,147,49
389,175,28
390,145,57
391,124,124
392,121,112
393,112,125
394,144,153
395,135,163
396,113,180
397,161,134
398,120,55
399,114,83
400,124,178
401,174,98
402,110,142
403,111,144
404,112,147
405,113,150
406,117,152
407,120,142
408,122,141
409,123,141
410,134,130
411,161,107
412,113,73
413,114,53
414,118,53
415,119,142
416,161,122
417,110,55
418,120,158
419,110,81
420,119,94
421,109,163
422,136,142
423,131,109
424,129,151
425,147,105
426,137,115
427,152,115
428,111,172
429,122,96
430,142,147
431,133,156
432,143,134
433,168,112
434,152,133
435,170,114
436,142,123
437,118,86
438,120,112
439,124,111
440,118,109
441,120,46
442,132,41
443,143,40
444,151,40
445,156,43
446,157,53
447,176,66
448,153,65
449,146,69
450,137,69
451,128,68
452,121,66
453,117,65
454,173,59
455,123,112
456,115,91
457,116,115
458,112,118
459,115,115
460,121,114
461,110,119
462,109,120
463,116,58
464,113,61
465,112,64
466,149,51
467,153,48
468,64,56
469,71,56
470,64,49
471,57,56
472,64,63
473,134,52
474,140,52
475,133,46
476,127,53
477,134,59
