0,98,133
1,97,102
2,98,111
3,91,78
4,97,94
5,98,85
6,98,63
7,45,65
8,99,48
9,99,38
10,100,2
11,98,136
12,99,138
13,99,139
14,99,139
15,99,141
16,99,144
17,99,148
18,99,161
19,97,107
20,90,107
21,20,42
22,65,70
23,58,71
24,51,71
25,42,67
26,71,67
27,54,50
28,62,51
29,46,52
30,42,55
31,37,73
32,68,176
33,42,63
34,16,74
35,28,68
36,60,101
37,89,132
38,90,137
39,80,134
40,74,136
41,83,138
42,77,138
43,64,149
44,91,102
45,90,95
46,31,51
47,75,81
48,73,102
49,72,99
50,37,102
51,90,86
52,49,43
53,38,45
54,26,27
55,81,48
56,69,53
57,57,143
58,21,147
59,79,106
60,85,109
61,67,140
62,69,140
63,34,41
64,72,106
65,63,43
66,62,38
67,56,7
68,31,33
69,60,20
70,27,48
71,24,45
72,89,135
73,82,136
74,76,137
75,81,108
76,68,140
77,72,141
78,70,140
79,82,103
80,79,139
81,84,139
82,91,139
83,88,161
84,90,147
85,90,144
86,91,141
87,91,139
88,79,139
89,77,140
90,76,142
91,75,144
92,66,128
93,15,110
94,98,109
95,74,139
96,73,140
97,88,112
98,76,111
99,86,110
100,67,86
101,55,92
102,71,103
103,38,16
104,42,24
105,46,37
106,70,154
107,79,39
108,78,19
109,76,4
110,46,70
111,29,78
112,75,65
113,35,59
114,81,76
115,77,99
116,20,86
117,35,83
118,44,86
119,58,84
120,67,80
121,75,76
122,91,65
123,21,101
124,29,58
125,93,106
126,75,88
127,15,75
128,81,71
129,71,104
130,39,63
131,77,94
132,17,128
133,75,63
134,84,89
135,35,162
136,36,172
137,15,106
138,26,152
139,20,58
140,66,185
141,94,109
142,69,95
143,22,70
144,52,67
145,58,67
146,71,142
147,22,117
148,81,196
149,57,188
150,47,181
151,99,19
152,98,198
153,64,66
154,69,64
155,73,63
156,24,57
157,68,58
158,62,56
159,56,56
160,50,58
161,46,60
162,17,57
163,48,66
164,98,119
165,73,123
166,79,105
167,88,119
168,98,56
169,45,171
170,55,178
171,80,190
172,28,162
173,73,61
174,86,77
175,98,191
176,68,193
177,17,123
178,84,139
179,83,140
180,83,143
181,82,146
182,78,158
183,73,139
184,71,139
185,70,138
186,60,135
187,31,119
188,86,70
189,81,58
190,76,58
191,74,139
192,30,139
193,88,58
194,73,167
195,98,77
196,91,72
197,98,70
198,80,88
199,98,182
200,98,171
201,85,170
202,55,154
203,65,111
204,63,162
205,48,110
206,58,119
207,41,124
208,82,181
209,75,93
210,48,161
211,58,169
212,49,144
213,23,131
214,39,147
215,20,138
216,52,130
217,81,82
218,80,101
219,75,105
220,83,96
221,75,52
222,63,48
223,52,48
224,43,49
225,37,53
226,34,66
227,15,89
228,41,76
229,48,77
230,57,77
231,66,74
232,73,71
233,78,69
234,15,92
235,75,107
236,85,83
237,85,101
238,90,105
239,86,103
240,78,110
241,91,106
242,92,108
243,78,63
244,82,65
245,85,66
246,44,61
247,39,59
248,105,78
249,152,64
250,105,107
251,182,41
252,131,69
253,139,71
254,146,71
255,155,67
256,125,67
257,142,51
258,134,51
259,150,53
260,155,55
261,162,72
262,129,176
263,154,63
264,185,73
265,170,68
266,138,100
267,108,132
268,108,137
269,118,133
270,125,136
271,116,137
272,122,138
273,136,149
274,104,102
275,105,94
276,165,52
277,122,81
278,124,102
279,124,98
280,161,101
281,105,86
282,146,44
283,157,47
284,175,26
285,114,49
286,126,54
287,143,142
288,181,147
289,118,106
290,111,108
291,134,139
292,133,139
293,161,43
294,124,106
295,132,44
296,133,39
297,144,7
298,169,33
299,139,21
300,170,49
301,177,44
302,108,135
303,117,136
304,124,137
305,116,108
306,133,139
307,129,140
308,131,139
309,113,103
310,121,138
311,115,138
312,107,139
313,109,161
314,109,147
315,108,144
316,108,141
317,107,138
318,121,138
319,122,139
320,124,141
321,125,143
322,133,128
323,187,109
324,126,139
325,127,139
326,108,112
327,121,111
328,110,110
329,130,86
330,143,91
331,126,102
332,163,15
333,157,25
334,149,39
335,129,154
336,116,40
337,120,19
338,124,3
339,152,70
340,170,78
341,121,65
342,162,59
343,116,76
344,118,98
345,179,85
346,164,83
347,154,85
348,140,83
349,130,79
350,122,75
351,106,65
352,178,101
353,168,59
354,101,106
355,122,88
356,188,74
357,116,71
358,126,103
359,158,63
360,119,94
361,185,127
362,121,63
363,112,89
364,165,161
365,165,172
366,185,105
367,174,151
368,181,58
369,131,185
370,101,109
371,129,94
372,177,70
373,145,66
374,139,67
375,130,141
376,178,116
377,116,196
378,141,187
379,153,181
380,133,66
381,127,64
382,123,64
383,174,58
384,128,59
385,134,57
386,140,57
387,147,58
388,150,60
389,186,56
390,149,65
391,125,122
392,117,104
393,109,119
394,154,171
395,143,178
396,116,190
397,173,161
398,123,61
399,111,76
400,129,193
401,184,122
402,115,138
403,116,140
404,117,142
405,117,146
406,120,158
407,128,138
408,129,138
409,131,137
410,139,134
411,167,119
412,111,70
413,115,58
414,120,59
415,126,139
416,170,139
417,108,58
418,125,167
419,105,72
420,117,88
421,112,170
422,144,153
423,133,110
424,135,161
425,150,110
426,140,118
427,158,123
428,115,181
429,122,93
430,151,161
431,140,169
432,150,144
433,177,130
434,160,146
435,181,138
436,147,129
437,116,82
438,116,101
439,121,104
440,112,96
441,121,53
442,133,49
443,143,49
444,152,50
445,159,54
446,163,66
447,186,89
448,157,75
449,149,77
450,140,76
451,130,74
452,123,71
453,118,69
454,187,92
455,121,107
456,111,82
457,110,101
458,105,105
459,110,103
460,119,109
461,104,106
462,103,108
463,118,63
464,114,65
465,111,66
466,153,61
467,158,59
468,57,60
469,64,60
470,57,54
471,50,61
472,57,67
473,140,61
474,147,61
475,140,55
476,133,60
477,140,67
