0,104,131
1,112,105
2,106,114
3,103,79
4,113,97
5,112,87
6,106,63
7,41,55
8,105,40
9,106,29
10,106,-6
11,104,135
12,103,139
13,102,143
14,102,143
15,102,148
16,102,155
17,101,161
18,99,166
19,110,109
20,101,109
21,-1,21
22,64,65
23,56,66
24,48,64
25,37,58
26,70,64
27,55,39
28,64,41
29,46,39
30,40,42
31,29,63
32,66,176
33,38,52
34,-3,57
35,18,55
36,60,97
37,94,128
38,93,139
39,81,131
40,73,135
41,84,139
42,77,139
43,59,148
44,106,104
45,105,97
46,29,33
47,77,79
48,82,102
49,80,98
50,33,95
51,104,87
52,52,26
53,39,28
54,12,7
55,87,37
56,71,45
57,53,139
58,-2,135
59,87,107
60,94,110
61,63,141
62,65,141
63,34,22
64,80,106
65,68,28
66,68,21
67,55,-8
68,22,14
69,62,5
70,22,29
71,9,26
72,93,133
73,83,135
74,75,137
75,89,109
76,64,141
77,68,143
78,66,141
79,94,104
80,78,141
81,85,141
82,93,142
83,87,165
84,89,159
85,91,153
86,92,147
87,93,142
88,78,141
89,76,143
90,74,146
91,72,149
92,66,126
93,-12,93
94,108,112
95,72,141
96,70,142
97,96,113
98,81,111
99,95,112
100,68,83
101,54,87
102,77,102
103,30,-3
104,39,6
105,50,19
106,66,154
107,86,26
108,83,8
109,80,-9
110,41,62
111,19,68
112,75,62
113,30,45
114,84,74
115,89,99
116,7,73
117,26,75
118,38,79
119,55,79
120,66,76
121,75,73
122,98,64
123,9,91
124,23,43
125,107,109
126,79,86
127,-13,56
128,82,69
129,75,102
130,34,52
131,87,94
132,-9,114
133,75,59
134,96,90
135,23,157
136,19,166
137,-4,92
138,11,145
139,2,40
140,63,184
141,106,111
142,71,92
143,9,56
144,49,60
145,56,61
146,66,144
147,9,108
148,77,196
149,48,185
150,35,177
151,106,11
152,94,197
153,63,61
154,68,60
155,72,60
156,14,41
157,68,52
158,62,49
159,55,48
160,48,48
161,44,50
162,-9,37
163,45,58
164,105,120
165,76,122
166,88,106
167,94,120
168,105,52
169,36,168
170,49,176
171,79,190
172,7,153
173,73,57
174,93,76
175,96,192
176,62,191
177,-3,111
178,85,141
179,83,145
180,81,149
181,80,155
182,76,160
183,70,140
184,68,139
185,67,138
186,58,132
187,23,112
188,91,68
189,83,52
190,77,53
191,72,141
192,19,133
193,92,53
194,70,168
195,110,79
196,100,72
197,108,71
198,87,88
199,98,184
200,98,174
201,84,173
202,50,151
203,67,108
204,59,161
205,46,106
206,58,116
207,37,119
208,81,182
209,81,92
210,42,158
211,53,168
212,44,140
213,10,122
214,31,142
215,1,128
216,49,126
217,86,81
218,91,103
219,84,105
220,97,97
221,78,43
222,66,36
223,55,34
224,44,35
225,36,38
226,27,54
227,-5,75
228,34,67
229,44,70
230,55,71
231,65,70
232,73,68
233,78,66
234,-13,75
235,83,107
236,95,83
237,99,103
238,102,108
239,98,105
240,85,110
241,104,108
242,103,111
243,78,60
244,83,62
245,87,63
246,41,51
247,35,46
248,115,80
249,146,66
250,114,110
251,161,38
252,128,72
253,135,73
254,140,73
255,147,69
256,123,70
257,139,48
258,131,49
259,146,50
260,149,54
261,151,74
262,121,177
263,147,64
264,160,72
265,156,67
266,135,103
267,113,129
268,110,140
269,121,133
270,125,137
271,116,140
272,120,142
273,127,150
274,118,105
275,119,98
276,156,46
277,122,82
278,127,105
279,126,101
280,153,104
281,118,88
282,146,36
283,153,40
284,160,24
285,119,40
286,125,52
287,132,143
288,143,142
289,121,109
290,116,111
291,128,145
292,126,145
293,155,35
294,125,109
295,135,35
296,137,29
297,142,2
298,159,30
299,140,16
300,159,43
301,161,42
302,112,135
303,119,137
304,123,140
305,119,111
306,127,145
307,125,147
308,125,145
309,121,106
310,118,143
311,114,143
312,108,143
313,108,165
314,110,160
315,110,154
316,110,148
317,109,143
318,118,143
319,120,146
320,122,149
321,123,152
322,129,129
323,150,105
324,121,144
325,123,145
326,114,114
327,122,113
328,115,113
329,128,87
330,139,93
331,126,105
332,154,11
333,153,21
334,148,30
335,123,156
336,122,29
337,125,13
338,127,-3
339,145,71
340,156,79
341,120,67
342,153,57
343,118,77
344,125,102
345,161,86
346,154,85
347,148,87
348,137,85
349,128,82
350,122,78
351,112,65
352,161,102
353,157,56
354,113,109
355,122,90
356,155,71
357,117,73
358,125,105
359,150,64
360,125,97
361,147,123
362,119,64
363,122,92
364,141,160
365,136,168
366,159,104
367,147,151
368,161,56
369,121,184
370,111,111
371,127,96
372,159,69
373,140,68
374,135,69
375,126,148
376,159,117
377,108,195
378,124,184
379,130,178
380,130,68
381,124,66
382,121,65
383,159,54
384,125,59
385,131,57
386,137,57
387,142,58
388,145,61
389,160,53
390,144,67
391,124,124
392,122,108
393,114,121
394,134,169
395,128,176
396,111,190
397,140,158
398,121,62
399,117,78
400,117,190
401,156,121
402,114,143
403,116,147
404,117,152
405,118,157
406,116,162
407,123,143
408,125,142
409,128,141
410,132,135
411,154,121
412,115,70
413,116,56
414,119,58
415,121,144
416,150,139
417,112,55
418,119,169
419,114,73
420,121,90
421,109,173
422,132,154
423,130,112
424,126,162
425,144,113
426,135,120
427,147,126
428,111,183
429,123,95
430,135,161
431,128,169
432,138,145
433,155,130
434,144,147
435,152,137
436,138,131
437,119,84
438,123,105
439,125,107
440,123,99
441,122,48
442,133,44
443,142,44
444,149,46
445,153,51
446,152,66
447,160,88
448,149,77
449,144,79
450,136,78
451,128,76
452,122,73
453,118,70
454,151,88
455,123,110
456,119,84
457,121,105
458,116,109
459,119,106
460,121,112
461,115,109
462,113,111
463,117,64
464,115,65
465,114,66
466,146,62
467,151,58
468,53,54
469,61,54
470,54,46
471,45,54
472,53,62
473,131,62
474,139,62
475,131,54
476,124,61
477,131,69
