0,113,134
1,116,114
2,114,120
3,113,90
4,118,107
5,120,98
6,124,77
7,65,63
8,127,63
9,129,55
10,137,17
11,112,137
12,111,140
13,110,143
14,106,169
15,106,172
16,105,175
17,105,178
18,101,174
19,115,117
20,105,115
21,39,27
22,88,72
23,80,72
24,72,70
25,60,64
26,94,71
27,79,52
28,88,54
29,71,52
30,64,53
31,53,67
32,64,174
33,62,60
34,28,57
35,43,60
36,71,98
37,100,130
38,99,138
39,85,131
40,76,134
41,88,138
42,80,139
43,62,149
44,108,112
45,109,105
46,54,46
47,93,84
48,85,105
49,85,101
50,47,92
51,111,97
52,77,43
53,64,43
54,49,17
55,111,57
56,94,58
57,57,140
58,16,124
59,91,110
60,98,114
61,65,144
62,67,145
63,60,38
64,84,108
65,93,48
66,93,42
67,86,10
68,53,27
69,88,26
70,48,41
71,43,34
72,99,134
73,87,135
74,78,137
75,93,112
76,66,144
77,68,151
78,68,145
79,97,109
80,81,140
81,90,140
82,99,140
83,88,171
84,91,174
85,92,170
86,93,168
87,94,166
88,77,157
89,76,157
90,73,157
91,71,159
92,71,126
93,18,86
94,114,119
95,72,152
96,70,151
97,101,117
98,86,112
99,99,116
100,83,86
101,68,88
102,83,104
103,64,11
104,68,24
105,75,38
106,68,156
107,111,48
108,109,29
109,109,12
110,64,67
111,43,69
112,98,70
113,55,54
114,100,82
115,92,104
116,30,71
117,49,76
118,61,80
119,76,82
120,88,81
121,96,79
122,115,76
123,28,86
124,47,52
125,110,116
126,91,91
127,26,55
128,103,78
129,82,104
130,58,59
131,92,99
132,15,104
133,98,68
134,102,98
135,30,147
136,27,156
137,19,86
138,23,134
139,36,44
140,60,182
141,110,118
142,82,94
143,34,59
144,74,67
145,81,68
146,67,151
147,25,100
148,74,198
149,48,180
150,38,169
151,133,35
152,94,204
153,87,69
154,93,68
155,96,68
156,40,49
157,92,63
158,85,60
159,79,59
160,72,59
161,67,59
162,32,39
163,69,65
164,112,126
165,80,123
166,91,109
167,99,123
168,125,70
169,39,160
170,49,171
171,76,191
172,21,142
173,96,66
174,106,85
175,95,198
176,59,189
177,17,102
178,85,161
179,83,162
180,81,164
181,80,167
182,76,164
183,72,141
184,70,140
185,68,138
186,63,132
187,36,106
188,108,79
189,106,65
190,100,65
191,74,141
192,30,124
193,114,67
194,70,168
195,121,91
196,114,83
197,122,84
198,97,94
199,97,190
200,99,181
201,84,176
202,53,149
203,74,108
204,60,159
205,56,104
206,65,115
207,46,115
208,79,184
209,89,96
210,44,152
211,54,164
212,49,138
213,24,113
214,38,136
215,18,118
216,56,124
217,99,88
218,95,108
219,88,108
220,100,104
221,101,59
222,90,52
223,79,49
224,69,48
225,60,50
226,51,60
227,23,71
228,58,71
229,67,74
230,78,76
231,88,76
232,95,75
233,101,74
234,22,70
235,87,109
236,105,91
237,102,110
238,105,114
239,101,111
240,89,112
241,107,115
242,107,117
243,101,69
244,105,72
245,109,74
246,64,60
247,59,55
248,128,93
249,181,89
250,124,119
251,214,65
252,156,88
253,163,90
254,171,92
255,183,91
256,151,85
257,174,75
258,165,73
259,182,77
260,186,81
261,188,96
262,132,188
263,185,88
264,212,96
265,199,94
266,159,117
267,125,135
268,122,143
269,135,141
270,141,148
271,130,146
272,136,150
273,145,166
274,124,115
275,126,109
276,198,79
277,146,96
278,146,118
279,147,114
280,183,121
281,128,101
282,181,69
283,192,73
284,210,52
285,146,66
286,157,74
287,152,160
288,191,161
289,138,120
290,130,121
291,144,160
292,142,159
293,197,70
294,145,121
295,166,66
296,169,61
297,184,31
298,204,60
299,176,45
300,204,77
301,209,70
302,124,139
303,133,144
304,139,149
305,135,121
306,143,160
307,140,166
308,141,159
309,134,117
310,133,150
311,128,147
312,120,145
313,113,176
314,118,179
315,118,176
316,118,173
317,117,171
318,131,167
319,133,168
320,135,170
321,137,172
322,147,143
323,205,126
324,136,164
325,138,165
326,127,123
327,141,124
328,128,122
329,154,101
330,166,109
331,148,117
332,201,41
333,194,51
334,186,65
335,136,171
336,150,59
337,156,40
338,163,24
339,178,93
340,195,102
341,148,83
342,193,85
343,141,90
344,141,114
345,205,109
346,187,105
347,175,105
348,161,100
349,151,95
350,145,91
351,132,80
352,201,123
353,200,86
354,120,118
355,145,103
356,212,95
357,140,87
358,148,118
359,188,88
360,142,110
361,200,143
362,149,81
363,135,105
364,172,177
365,170,185
366,207,126
367,184,168
368,211,82
369,133,197
370,119,119
371,151,109
372,206,96
373,171,89
374,164,87
375,142,167
376,197,137
377,114,206
378,144,199
379,156,194
380,158,85
381,153,83
382,150,82
383,206,85
384,157,78
385,164,77
386,171,79
387,177,81
388,181,84
389,214,78
390,176,89
391,141,136
392,138,119
393,125,129
394,159,185
395,147,191
396,116,200
397,181,175
398,151,80
399,135,92
400,130,204
401,202,142
402,125,170
403,127,172
404,128,174
405,129,177
406,126,174
407,140,154
408,142,154
409,144,154
410,151,151
411,185,138
412,136,85
413,144,75
414,149,77
415,138,154
416,183,157
417,136,74
418,130,181
419,130,87
420,140,103
421,114,183
422,152,170
423,153,125
424,142,176
425,170,128
426,157,134
427,173,142
428,116,191
429,145,108
430,158,176
431,146,183
432,161,161
433,192,149
434,171,164
435,195,156
436,160,146
437,140,97
438,137,117
439,142,119
440,134,111
441,152,71
442,165,71
443,176,73
444,185,76
445,191,80
446,192,91
447,210,111
448,182,98
449,173,98
450,163,95
451,154,91
452,148,88
453,144,85
454,208,110
455,142,121
456,135,98
457,130,116
458,125,118
459,130,117
460,139,122
461,123,118
462,122,120
463,146,81
464,141,81
465,137,82
466,183,86
467,189,85
468,77,61
469,84,63
470,77,56
471,69,60
472,76,67
473,166,80
474,174,82
475,167,74
476,157,78
477,164,85
