0,98,133
1,102,113
2,99,119
3,95,86
4,102,105
5,102,94
6,100,67
7,44,60
8,100,45
9,100,34
10,102,-4
11,98,135
12,97,136
13,97,137
14,97,149
15,97,152
16,97,155
17,97,159
18,94,167
19,101,117
20,92,116
21,14,25
22,66,67
23,58,68
24,51,67
25,40,62
26,72,65
27,54,44
28,63,45
29,46,45
30,41,48
31,34,66
32,63,177
33,41,57
34,8,60
35,25,59
36,56,99
37,86,132
38,86,136
39,74,132
40,66,132
41,76,135
42,68,134
43,53,144
44,95,113
45,95,105
46,30,40
47,74,81
48,73,107
49,72,102
50,31,96
51,95,94
52,49,34
53,38,36
54,24,13
55,83,42
56,71,49
57,46,135
58,8,133
59,78,112
60,85,114
61,53,133
62,56,133
63,34,30
64,72,109
65,64,35
66,63,29
67,57,-2
68,29,21
69,61,13
70,25,35
71,20,31
72,86,134
73,75,134
74,67,133
75,80,113
76,54,133
77,60,139
78,56,134
79,84,111
80,69,135
81,77,136
82,86,137
83,82,166
84,85,157
85,85,154
86,86,151
87,86,148
88,69,142
89,68,143
90,66,145
91,65,146
92,59,126
93,3,92
94,100,118
95,63,139
96,62,139
97,87,117
98,73,113
99,86,116
100,65,84
101,52,89
102,70,105
103,37,3
104,42,14
105,47,27
106,60,153
107,81,32
108,80,14
109,78,-4
110,44,65
111,25,70
112,77,63
113,33,51
114,80,77
115,79,105
116,14,76
117,31,77
118,41,81
119,56,80
120,67,78
121,75,75
122,92,68
123,13,92
124,27,48
125,97,116
126,74,89
127,5,57
128,81,71
129,68,104
130,37,57
131,79,100
132,4,112
133,76,61
134,87,96
135,27,155
136,26,164
137,5,93
138,16,143
139,14,44
140,61,185
141,96,118
142,66,94
143,18,59
144,52,63
145,58,64
146,58,139
147,12,108
148,75,197
149,51,184
150,40,175
151,101,15
152,91,198
153,65,63
154,71,62
155,75,61
156,21,45
157,69,55
158,62,53
159,56,52
160,49,53
161,45,55
162,9,39
163,47,62
164,98,124
165,68,123
166,79,111
167,86,123
168,100,55
169,39,166
170,49,176
171,76,192
172,16,150
173,74,59
174,87,81
175,92,194
176,62,191
177,5,111
178,77,146
179,76,147
180,75,150
181,74,153
182,70,161
183,61,134
184,60,133
185,59,132
186,51,130
187,22,113
188,87,72
189,82,55
190,77,56
191,62,134
192,20,132
193,89,56
194,66,168
195,101,85
196,93,77
197,101,76
198,80,92
199,93,186
200,94,176
201,79,174
202,47,149
203,61,110
204,55,160
205,41,108
206,52,117
207,33,119
208,77,184
209,74,96
210,41,157
211,52,167
212,40,138
213,13,122
214,30,141
215,9,128
216,44,124
217,81,85
218,82,109
219,76,110
220,87,105
221,76,48
222,64,42
223,52,41
224,43,42
225,36,45
226,32,58
227,6,76
228,38,70
229,46,73
230,57,73
231,66,72
232,74,69
233,79,67
234,3,74
235,75,111
236,88,88
237,89,111
238,92,115
239,88,112
240,76,113
241,94,116
242,94,117
243,79,61
244,83,63
245,86,66
246,43,56
247,37,52
248,107,86
249,148,60
250,107,115
251,166,30
252,128,66
253,135,67
254,141,67
255,150,63
256,122,65
257,140,45
258,131,46
259,147,46
260,152,49
261,154,67
262,120,176
263,150,58
264,169,63
265,161,61
266,135,100
267,108,131
268,107,135
269,117,131
270,123,132
271,114,134
272,120,134
273,130,144
274,108,113
275,109,105
276,160,43
277,119,82
278,123,107
279,123,102
280,155,97
281,108,95
282,146,36
283,155,38
284,163,17
285,116,43
286,124,49
287,137,135
288,157,133
289,117,112
290,111,114
291,129,133
292,127,134
293,158,33
294,123,109
295,134,37
296,135,31
297,141,0
298,160,25
299,138,15
300,163,39
301,165,35
302,108,134
303,116,133
304,121,133
305,116,113
306,128,133
307,125,139
308,126,134
309,115,111
310,118,134
311,113,135
312,106,136
313,105,166
314,107,157
315,107,154
316,107,150
317,105,148
318,117,142
319,119,143
320,121,145
321,122,147
322,130,126
323,164,94
324,121,139
325,123,139
326,109,117
327,120,113
328,110,116
329,127,85
330,138,90
331,124,105
332,155,7
333,152,18
334,148,30
335,124,153
336,119,34
337,121,15
338,124,-2
339,147,65
340,160,72
341,119,63
342,157,52
343,115,77
344,119,106
345,167,78
346,157,78
347,150,81
348,137,80
349,127,77
350,120,74
351,107,68
352,167,93
353,161,51
354,104,116
355,120,90
356,167,60
357,115,70
358,124,105
359,153,58
360,119,100
361,161,113
362,119,60
363,114,97
364,147,154
365,144,162
366,168,95
367,156,143
368,167,48
369,120,184
370,103,118
371,126,94
372,165,61
373,141,62
374,135,62
375,126,140
376,166,109
377,106,196
378,126,182
379,134,174
380,129,62
381,124,61
382,121,61
383,164,49
384,125,55
385,131,52
386,137,52
387,144,53
388,147,55
389,168,43
390,145,61
391,123,123
392,118,111
393,109,123
394,137,165
395,129,175
396,107,191
397,151,149
398,121,58
399,111,81
400,117,190
401,166,112
402,112,145
403,114,147
404,115,150
405,116,153
406,116,160
407,124,133
408,125,133
409,127,132
410,135,129
411,159,113
412,111,72
413,115,55
414,118,56
415,122,134
416,157,132
417,109,56
418,118,168
419,107,78
420,116,93
421,106,174
422,134,148
423,130,110
424,126,159
425,146,108
426,136,117
427,151,120
428,108,184
429,120,96
430,138,156
431,129,166
432,141,137
433,163,122
434,148,140
435,162,128
436,141,124
437,115,85
438,117,109
439,121,110
440,115,105
441,121,48
442,132,43
443,143,42
444,151,43
445,155,47
446,156,60
447,169,79
448,151,71
449,145,73
450,136,73
451,127,71
452,121,69
453,117,67
454,165,77
455,120,111
456,112,89
457,112,111
458,108,115
459,112,112
460,118,113
461,107,116
462,105,117
463,117,61
464,113,63
465,112,65
466,149,57
467,154,53
468,56,58
469,64,58
470,56,50
471,47,58
472,56,65
473,133,57
474,141,57
475,133,51
476,125,57
477,133,64
