0,99,128
1,102,107
2,100,113
3,94,81
4,102,99
5,101,89
6,100,65
7,44,61
8,100,49
9,100,40
10,99,1
11,99,130
12,98,132
13,98,133
14,98,151
15,98,154
16,98,157
17,98,161
18,99,163
19,101,111
20,92,110
21,15,33
22,67,66
23,60,67
24,53,67
25,41,63
26,72,64
27,54,47
28,62,47
29,47,49
30,41,52
31,35,67
32,66,177
33,40,59
34,10,65
35,25,62
36,57,97
37,85,126
38,86,131
39,73,128
40,64,130
41,76,131
42,68,132
43,57,144
44,95,107
45,94,99
46,32,47
47,75,79
48,73,102
49,72,98
50,34,95
51,94,90
52,52,40
53,41,42
54,24,21
55,83,46
56,69,50
57,50,135
58,11,139
59,79,107
60,85,110
61,54,136
62,57,136
63,36,38
64,72,105
65,66,41
66,65,36
67,55,5
68,30,30
69,61,20
70,26,43
71,21,40
72,86,129
73,74,130
74,66,131
75,80,108
76,56,136
77,59,142
78,58,136
79,84,106
80,70,133
81,77,132
82,87,133
83,87,162
84,83,159
85,84,156
86,85,153
87,86,150
88,69,145
89,67,145
90,65,147
91,63,149
92,61,123
93,5,99
94,101,112
95,64,141
96,61,141
97,88,112
98,74,109
99,87,111
100,66,83
101,53,87
102,70,101
103,37,11
104,43,23
105,49,35
106,65,151
107,81,37
108,79,19
109,75,1
110,45,66
111,27,72
112,76,62
113,34,55
114,81,75
115,79,101
116,16,79
117,35,77
118,46,80
119,59,78
120,69,75
121,76,72
122,92,66
123,15,94
124,27,54
125,97,111
126,75,87
127,6,64
128,81,69
129,69,101
130,37,59
131,78,95
132,6,118
133,74,60
134,86,92
135,28,158
136,28,168
137,7,97
138,18,147
139,15,51
140,64,187
141,97,112
142,67,92
143,17,63
144,53,64
145,60,64
146,58,142
147,14,110
148,80,199
149,53,187
150,41,180
151,99,19
152,98,200
153,65,63
154,70,61
155,73,61
156,20,52
157,67,55
158,61,53
159,55,52
160,49,54
161,45,56
162,9,47
163,48,63
164,100,118
165,70,119
166,79,106
167,87,118
168,100,57
169,40,169
170,51,178
171,80,192
172,19,156
173,72,58
174,87,78
175,98,194
176,65,194
177,8,115
178,77,148
179,75,150
180,73,152
181,72,155
182,74,158
183,61,134
184,59,133
185,58,132
186,54,128
187,25,113
188,87,70
189,80,55
190,75,56
191,63,134
192,22,133
193,88,56
194,70,167
195,101,80
196,93,74
197,100,73
198,81,89
199,98,184
200,99,173
201,84,172
202,50,149
203,62,107
204,59,159
205,44,106
206,54,114
207,36,118
208,81,183
209,75,93
210,43,157
211,54,168
212,43,137
213,15,124
214,33,141
215,11,131
216,47,123
217,81,82
218,82,104
219,76,105
220,86,100
221,75,49
222,64,45
223,54,45
224,45,46
225,38,50
226,32,60
227,7,81
228,41,70
229,49,73
230,59,72
231,68,70
232,74,68
233,78,66
234,5,81
235,75,107
236,87,85
237,88,105
238,92,109
239,88,107
240,77,109
241,94,110
242,94,111
243,77,60
244,82,62
245,85,64
246,42,57
247,38,55
248,107,81
249,149,64
250,109,110
251,172,34
252,129,69
253,136,70
254,143,70
255,152,66
256,124,67
257,141,51
258,133,51
259,148,52
260,152,55
261,157,70
262,129,176
263,151,62
264,178,66
265,165,66
266,139,97
267,112,127
268,110,132
269,124,129
270,132,131
271,120,132
272,128,133
273,138,143
274,108,107
275,109,99
276,161,50
277,122,79
278,126,102
279,127,98
280,160,96
281,108,89
282,146,42
283,155,45
284,166,22
285,115,49
286,126,54
287,145,134
288,173,138
289,121,107
290,114,110
291,141,137
292,138,137
293,159,40
294,127,105
295,133,43
296,134,38
297,140,5
298,162,30
299,136,20
300,166,47
301,169,40
302,111,130
303,122,131
304,130,132
305,119,108
306,140,137
307,136,142
308,137,137
309,117,106
310,126,134
311,119,133
312,109,133
313,110,162
314,112,159
315,111,156
316,111,153
317,110,150
318,126,145
319,128,146
320,130,147
321,132,149
322,136,123
323,178,99
324,131,142
325,134,142
326,112,112
327,124,109
328,113,111
329,130,83
330,142,87
331,128,101
332,156,12
333,152,24
334,148,37
335,131,151
336,118,40
337,119,19
338,122,2
339,148,69
340,164,74
341,120,66
342,158,58
343,117,75
344,122,101
345,174,79
346,160,79
347,151,81
348,138,80
349,128,77
350,121,74
351,107,66
352,175,94
353,164,57
354,105,111
355,123,87
356,178,65
357,116,71
358,128,101
359,154,63
360,122,95
361,177,118
362,120,64
363,115,92
364,161,156
365,160,167
366,180,97
367,170,146
368,173,52
369,130,186
370,104,112
371,129,92
372,170,67
373,142,66
374,136,66
375,137,143
376,176,109
377,115,198
378,139,186
379,149,178
380,131,66
381,125,65
382,122,64
383,168,56
384,127,59
385,133,57
386,139,57
387,144,58
388,148,60
389,176,48
390,146,65
391,128,119
392,121,106
393,112,118
394,151,167
395,141,177
396,116,192
397,168,155
398,122,62
399,112,78
400,128,193
401,179,115
402,119,148
403,121,150
404,122,152
405,123,155
406,122,157
407,134,135
408,136,134
409,138,134
410,142,128
411,167,113
412,112,70
413,115,58
414,119,59
415,132,135
416,168,133
417,109,58
418,126,166
419,107,74
420,119,89
421,113,171
422,144,148
423,135,107
424,135,158
425,152,106
426,142,114
427,158,118
428,115,182
429,123,92
430,149,156
431,139,167
432,150,137
433,174,123
434,159,140
435,176,131
436,149,123
437,117,82
438,119,104
439,124,105
440,116,100
441,121,53
442,132,49
443,142,48
444,151,49
445,156,53
446,159,64
447,180,81
448,153,73
449,146,74
450,137,74
451,129,73
452,122,71
453,118,68
454,178,82
455,124,107
456,113,85
457,114,105
458,110,109
459,114,107
460,122,108
461,108,110
462,107,111
463,118,64
464,114,65
465,112,66
466,150,61
467,155,58
468,54,58
469,62,57
470,54,51
471,46,58
472,55,65
473,138,61
474,145,61
475,138,55
476,130,61
477,138,68
