0,94,128
1,89,101
2,95,109
3,86,78
4,88,94
5,90,84
6,95,61
7,56,62
8,96,41
9,95,31
10,94,-6
11,94,132
12,95,136
13,96,139
14,95,140
15,95,144
16,94,149
17,95,155
18,101,159
19,91,105
20,88,106
21,40,32
22,74,68
23,68,69
24,62,69
25,55,64
26,78,66
27,60,44
28,68,45
29,54,45
30,51,49
31,53,69
32,83,166
33,54,59
34,44,64
35,49,62
36,69,98
37,88,127
38,90,137
39,84,131
40,81,135
41,87,138
42,84,139
43,77,148
44,84,101
45,82,94
46,43,41
47,80,79
48,76,101
49,76,98
50,54,99
51,84,86
52,51,31
53,45,35
54,41,18
55,77,37
56,75,48
57,73,142
58,62,131
59,82,105
60,86,107
61,80,143
62,81,142
63,43,30
64,78,105
65,60,31
66,58,25
67,58,0
68,42,26
69,60,14
70,42,39
71,41,36
72,89,132
73,85,135
74,82,137
75,83,107
76,81,143
77,81,143
78,82,142
79,81,102
80,86,140
81,88,140
82,91,139
83,94,158
84,89,154
85,89,148
86,90,143
87,91,140
88,86,140
89,84,142
90,83,145
91,81,148
92,75,127
93,54,95
94,93,107
95,84,141
96,83,142
97,88,110
98,81,110
99,87,109
100,75,84
101,65,89
102,77,101
103,46,8
104,49,18
105,48,26
106,82,152
107,73,27
108,75,13
109,73,-3
110,57,67
111,49,74
112,81,64
113,48,53
114,84,74
115,77,98
116,44,79
117,51,80
118,56,83
119,67,81
120,75,78
121,80,74
122,89,63
123,45,95
124,46,51
125,88,105
126,80,86
127,48,63
128,84,70
129,78,102
130,52,59
131,78,93
132,57,113
133,82,61
134,80,89
135,65,150
136,69,157
137,47,95
138,60,140
139,42,49
140,84,173
141,90,107
142,76,92
143,48,64
144,61,65
145,66,65
146,80,145
147,49,110
148,95,183
149,81,172
150,76,166
151,94,12
152,108,186
153,72,65
154,77,63
155,80,62
156,44,50
157,76,55
158,70,53
159,64,52
160,58,53
161,56,55
162,43,46
163,58,64
164,95,116
165,79,121
166,81,104
167,87,117
168,96,52
169,71,159
170,77,165
171,93,179
172,66,146
173,80,58
174,85,75
175,106,181
176,87,178
177,50,111
178,88,140
179,86,143
180,85,147
181,84,151
182,87,155
183,83,141
184,81,140
185,80,139
186,74,134
187,54,114
188,86,68
189,83,53
190,81,55
191,84,141
192,58,131
193,87,52
194,85,161
195,91,77
196,87,71
197,93,69
198,81,87
199,104,174
200,102,166
201,93,165
202,72,149
203,73,108
204,78,156
205,61,108
206,69,117
207,60,120
208,92,172
209,79,92
210,69,153
211,76,160
212,67,141
213,53,122
214,63,140
215,54,126
216,67,128
217,82,80
218,79,101
219,78,104
220,79,96
221,77,45
222,65,40
223,56,39
224,50,42
225,47,46
226,51,60
227,45,80
228,55,72
229,60,75
230,67,74
231,75,72
232,80,70
233,83,67
234,52,79
235,79,106
236,83,82
237,81,101
238,86,104
239,83,102
240,82,108
241,87,105
242,89,107
243,83,61
244,86,62
245,86,63
246,55,57
247,50,53
248,98,78
249,157,56
250,100,106
251,197,22
252,134,65
253,142,65
254,150,64
255,161,58
256,128,63
257,144,38
258,135,40
259,153,39
260,160,42
261,168,63
262,133,169
263,160,52
264,200,58
265,178,55
266,137,97
267,102,127
268,101,137
269,111,132
270,117,136
271,108,138
272,114,140
273,133,149
274,95,101
275,96,94
276,169,33
277,122,77
278,117,101
279,119,97
280,162,97
281,97,85
282,148,25
283,160,28
284,184,8
285,113,34
286,127,44
287,138,143
288,203,131
289,112,105
290,106,107
291,125,143
292,123,142
293,164,22
294,119,105
295,132,26
296,133,20
297,142,-6
298,174,17
299,136,8
300,175,29
301,186,27
302,102,132
303,109,135
304,115,138
305,110,107
306,124,143
307,120,143
308,122,142
309,106,102
310,114,141
311,108,140
312,102,139
313,110,159
314,103,154
315,102,149
316,102,143
317,102,140
318,114,140
319,115,142
320,116,145
321,117,148
322,127,127
323,211,91
324,118,141
325,119,142
326,104,110
327,117,110
328,105,109
329,131,82
330,143,88
331,121,101
332,166,-1
333,158,10
334,150,19
335,127,153
336,114,23
337,115,10
338,119,-7
339,157,62
340,178,68
341,123,61
342,168,45
343,116,72
344,111,97
345,189,75
346,172,75
347,161,79
348,144,79
349,133,76
350,124,72
351,103,63
352,187,93
353,175,43
354,95,105
355,120,85
356,209,55
357,117,69
358,123,102
359,164,52
360,113,93
361,209,111
362,123,58
363,105,88
364,173,153
365,179,160
366,202,92
367,186,142
368,194,41
369,137,175
370,96,107
371,127,91
372,186,55
373,149,60
374,142,61
375,122,145
376,186,108
377,124,185
378,152,175
379,164,169
380,136,61
381,129,60
382,125,59
383,182,40
384,129,51
385,136,49
386,143,48
387,150,48
388,155,50
389,205,37
390,154,58
391,119,122
392,111,104
393,104,117
394,161,162
395,150,169
396,122,180
397,192,148
398,125,56
399,107,74
400,138,181
401,201,110
402,108,140
403,109,143
404,110,147
405,111,151
406,120,156
407,119,141
408,120,140
409,122,140
410,133,135
411,170,114
412,109,67
413,116,51
414,121,52
415,118,142
416,175,132
417,107,51
418,127,162
419,100,71
420,113,86
421,115,166
422,144,151
423,130,108
424,137,158
425,148,107
426,137,116
427,157,120
428,119,173
429,119,91
430,155,155
431,144,162
432,149,142
433,185,122
434,163,142
435,196,126
436,143,128
437,114,80
438,108,100
439,114,103
440,103,95
441,121,42
442,134,35
443,145,33
444,155,35
445,163,39
446,170,53
447,202,75
448,164,67
449,155,71
450,144,71
451,134,70
452,126,67
453,120,65
454,210,73
455,115,106
456,106,81
457,101,100
458,99,104
459,102,102
460,114,108
461,97,105
462,98,107
463,120,58
464,115,61
465,112,63
466,158,51
467,164,46
468,70,58
469,79,57
470,70,50
471,62,58
472,71,65
473,144,54
474,155,54
475,144,45
476,134,54
477,145,63
