0,97,130
1,98,102
2,97,109
3,91,78
4,98,94
5,98,84
6,98,61
7,38,60
8,98,42
9,98,31
10,99,-7
11,97,133
12,97,136
13,97,138
14,97,139
15,97,142
16,97,147
17,97,151
18,98,159
19,98,106
20,90,106
21,9,30
22,62,65
23,54,66
24,46,66
25,35,63
26,69,64
27,49,47
28,58,48
29,40,49
30,34,52
31,28,68
32,67,171
33,35,59
34,7,64
35,19,64
36,56,97
37,88,128
38,89,136
39,79,131
40,73,134
41,82,137
42,76,137
43,60,144
44,91,102
45,90,94
46,23,46
47,73,78
48,71,100
49,71,96
50,31,96
51,90,85
52,42,38
53,30,40
54,16,16
55,79,42
56,66,50
57,54,136
58,16,135
59,77,104
60,84,106
61,66,139
62,68,139
63,26,36
64,71,103
65,58,37
66,56,31
67,50,-2
68,22,24
69,55,12
70,18,42
71,15,35
72,88,133
73,80,134
74,74,136
75,79,105
76,67,139
77,70,141
78,69,139
79,82,101
80,78,138
81,83,138
82,89,138
83,87,158
84,87,151
85,88,146
86,88,142
87,89,139
88,77,139
89,76,140
90,74,142
91,73,145
92,62,123
93,7,98
94,97,108
95,73,139
96,72,140
97,87,109
98,74,107
99,86,108
100,64,83
101,50,87
102,69,99
103,29,5
104,35,16
105,39,32
106,67,149
107,76,31
108,75,11
109,72,-6
110,39,65
111,20,73
112,73,62
113,26,55
114,79,73
115,76,97
116,13,78
117,26,78
118,36,80
119,52,79
120,64,76
121,73,73
122,90,63
123,14,94
124,20,54
125,93,106
126,73,85
127,5,63
128,79,69
129,68,100
130,31,60
131,76,92
132,10,116
133,73,60
134,83,88
135,32,153
136,33,162
137,8,96
138,22,143
139,10,49
140,66,179
141,94,107
142,66,91
143,13,65
144,47,61
145,54,61
146,69,142
147,15,109
148,81,190
149,56,179
150,46,172
151,99,12
152,98,192
153,60,61
154,67,60
155,71,60
156,15,52
157,65,57
158,58,55
159,51,55
160,44,56
161,40,58
162,6,45
163,42,61
164,97,115
165,70,118
166,77,103
167,86,115
168,98,52
169,43,163
170,54,171
171,81,185
172,24,151
173,70,58
174,84,75
175,98,186
176,68,185
177,10,113
178,83,139
179,81,141
180,80,144
181,79,148
182,76,154
183,72,138
184,70,138
185,69,137
186,56,129
187,25,113
188,84,68
189,79,54
190,74,55
191,74,139
192,25,132
193,87,54
194,71,162
195,98,77
196,90,71
197,98,69
198,78,86
199,98,178
200,98,168
201,84,167
202,52,147
203,61,106
204,61,156
205,42,106
206,54,114
207,36,118
208,81,177
209,73,91
210,46,154
211,56,163
212,45,138
213,17,123
214,35,140
215,14,129
216,48,124
217,79,80
218,79,100
219,74,102
220,83,95
221,72,48
222,58,44
223,46,43
224,36,45
225,29,49
226,26,61
227,6,80
228,33,71
229,42,72
230,53,72
231,63,70
232,71,68
233,77,66
234,6,81
235,74,104
236,84,81
237,85,101
238,89,104
239,85,102
240,76,106
241,91,105
242,92,107
243,76,60
244,81,62
245,83,63
246,37,59
247,31,55
248,105,78
249,155,60
250,105,106
251,186,31
252,133,64
253,140,65
254,148,66
255,159,63
256,127,63
257,146,46
258,137,47
259,154,48
260,159,51
261,165,68
262,129,171
263,159,60
264,188,64
265,175,64
266,139,96
267,106,128
268,105,136
269,116,131
270,121,134
271,112,136
272,118,137
273,135,143
274,104,102
275,106,94
276,170,45
277,123,78
278,123,100
279,124,96
280,164,96
281,105,85
282,151,37
283,162,40
284,179,17
285,116,42
286,129,49
287,141,136
288,177,135
289,117,104
290,110,106
291,128,138
292,126,138
293,167,35
294,124,103
295,136,37
296,137,30
297,148,-2
298,174,24
299,142,12
300,175,42
301,181,35
302,106,132
303,114,134
304,120,135
305,115,105
306,127,138
307,124,140
308,125,138
309,113,101
310,117,138
311,111,138
312,105,138
313,109,158
314,106,150
315,106,146
316,105,142
317,104,138
318,116,138
319,118,140
320,120,142
321,121,144
322,132,122
323,186,98
324,121,138
325,122,139
326,108,109
327,121,107
328,109,108
329,132,82
330,145,87
331,125,99
332,167,5
333,162,16
334,154,30
335,128,149
336,119,31
337,122,11
338,126,-6
339,155,65
340,173,73
341,123,61
342,167,55
343,117,73
344,119,97
345,182,78
346,168,78
347,157,80
348,142,79
349,131,75
350,123,72
351,106,63
352,181,94
353,173,54
354,102,105
355,122,85
356,189,63
357,117,68
358,126,100
359,163,60
360,119,92
361,182,116
362,124,59
363,112,88
364,163,153
365,161,162
366,186,96
367,172,143
368,185,49
369,130,179
370,101,107
371,129,91
372,181,65
373,147,61
374,141,60
375,125,141
376,179,109
377,115,190
378,139,179
379,150,172
380,135,60
381,129,59
382,126,59
383,179,52
384,130,56
385,137,56
386,143,56
387,149,57
388,154,58
389,189,45
390,152,61
391,124,118
392,117,103
393,109,115
394,152,163
395,142,171
396,116,185
397,170,151
398,126,58
399,111,75
400,128,185
401,183,113
402,111,138
403,113,141
404,114,144
405,115,148
406,120,154
407,122,137
408,124,137
409,126,136
410,138,128
411,169,113
412,111,68
413,117,53
414,123,54
415,121,138
416,170,131
417,110,53
418,125,162
419,106,71
420,117,86
421,112,167
422,143,147
423,133,106
424,135,156
425,153,105
426,141,114
427,159,118
428,115,177
429,122,91
430,150,154
431,139,163
432,149,137
433,177,122
434,160,139
435,179,128
436,147,123
437,117,80
438,116,100
439,121,102
440,112,95
441,124,47
442,136,43
443,148,42
444,157,45
445,164,49
446,168,62
447,188,80
448,161,71
449,152,72
450,142,72
451,132,70
452,125,67
453,120,65
454,188,80
455,120,104
456,111,81
457,110,100
458,106,104
459,110,102
460,118,106
461,104,105
462,103,107
463,121,59
464,116,61
465,113,62
466,157,59
467,163,55
468,53,59
469,63,58
470,52,51
471,43,59
472,54,66
473,140,59
474,149,59
475,141,51
476,132,58
477,140,66
