0,98,133
1,96,109
2,97,114
3,90,84
4,96,102
5,96,92
6,97,65
7,42,60
8,97,42
9,96,31
10,96,-4
11,98,135
12,98,136
13,98,137
14,98,148
15,98,152
16,98,157
17,98,162
18,99,164
19,96,113
20,89,112
21,13,27
22,63,65
23,56,66
24,49,66
25,39,62
26,69,63
27,52,45
28,60,46
29,44,46
30,39,49
31,33,66
32,72,166
33,39,58
34,12,59
35,25,60
36,59,98
37,90,132
38,91,135
39,83,133
40,78,135
41,86,136
42,82,136
43,65,144
44,90,109
45,89,102
46,29,41
47,74,80
48,73,105
49,73,100
50,37,96
51,89,92
52,46,34
53,36,36
54,19,15
55,79,40
56,67,49
57,60,136
58,26,124
59,79,109
60,85,111
61,73,138
62,75,138
63,32,30
64,73,107
65,60,34
66,59,28
67,49,0
68,24,23
69,54,13
70,24,37
71,18,32
72,90,134
73,84,135
74,80,136
75,81,110
76,74,138
77,77,142
78,76,138
79,82,108
80,83,137
81,87,136
82,92,136
83,88,163
84,89,160
85,90,156
86,91,151
87,92,146
88,83,142
89,81,144
90,79,146
91,77,148
92,66,125
93,16,88
94,97,113
95,80,141
96,78,141
97,87,114
98,76,111
99,86,113
100,67,84
101,54,88
102,72,103
103,30,5
104,35,16
105,43,27
106,70,151
107,77,30
108,74,14
109,71,-3
110,43,64
111,25,71
112,73,61
113,32,51
114,80,75
115,77,103
116,19,75
117,31,77
118,40,80
119,54,79
120,65,76
121,72,73
122,89,66
123,21,91
124,26,49
125,93,112
126,75,88
127,11,55
128,78,69
129,71,103
130,36,57
131,77,98
132,20,105
133,73,58
134,83,94
135,42,145
136,43,151
137,15,90
138,33,135
139,15,45
140,71,172
141,94,113
142,68,93
143,19,61
144,50,61
145,56,61
146,75,143
147,23,105
148,84,182
149,63,169
150,54,161
151,96,14
152,99,185
153,62,61
154,67,59
155,71,59
156,21,47
157,66,57
158,60,57
159,54,57
160,48,58
161,44,58
162,11,40
163,45,61
164,97,120
165,73,122
166,79,108
167,86,120
168,97,53
169,52,155
170,61,163
171,83,179
172,35,139
173,71,57
174,84,79
175,99,182
176,73,176
177,19,105
178,87,144
179,85,147
180,83,151
181,82,155
182,78,158
183,79,137
184,77,137
185,75,136
186,62,130
187,33,110
188,85,70
189,79,53
190,74,54
191,80,138
192,34,126
193,86,53
194,75,161
195,96,83
196,90,76
197,96,74
198,79,91
199,99,176
200,99,169
201,86,167
202,58,145
203,65,108
204,66,153
205,48,107
206,59,115
207,43,117
208,84,174
209,75,94
210,53,149
211,62,157
212,52,136
213,27,117
214,44,135
215,24,120
216,54,124
217,80,83
218,80,107
219,76,107
220,83,102
221,72,46
222,60,41
223,50,41
224,41,42
225,35,45
226,31,58
227,13,74
228,37,70
229,45,72
230,55,72
231,64,70
232,71,67
233,76,65
234,14,71
235,76,109
236,84,87
237,85,108
238,89,111
239,85,109
240,78,110
241,90,112
242,91,113
243,76,59
244,80,61
245,83,63
246,41,58
247,36,52
248,103,83
249,151,60
250,104,111
251,186,24
252,130,65
253,137,66
254,144,66
255,155,61
256,125,62
257,140,45
258,133,46
259,148,46
260,153,49
261,162,65
262,126,166
263,155,58
264,187,56
265,171,58
266,137,97
267,106,132
268,105,136
269,113,134
270,118,135
271,110,136
272,115,137
273,133,142
274,103,109
275,104,102
276,164,41
277,121,79
278,121,104
279,122,100
280,160,94
281,103,92
282,144,34
283,155,36
284,178,12
285,112,41
286,126,48
287,139,134
288,176,122
289,115,108
290,109,111
291,123,139
292,121,139
293,159,30
294,121,106
295,130,35
296,131,29
297,145,-2
298,172,21
299,140,12
300,169,36
301,179,30
302,106,134
303,112,135
304,116,136
305,114,109
306,122,139
307,120,142
308,120,139
309,111,107
310,113,137
311,109,137
312,104,137
313,110,162
314,108,160
315,107,156
316,106,151
317,105,147
318,114,143
319,116,144
320,118,147
321,120,149
322,130,124
323,185,85
324,116,141
325,118,142
326,107,114
327,119,110
328,108,112
329,129,82
330,142,87
331,123,102
332,166,2
333,160,14
334,147,27
335,128,150
336,114,31
337,120,13
338,123,-4
339,151,64
340,170,69
341,121,60
342,162,51
343,115,75
344,116,102
345,180,73
346,164,75
347,153,79
348,139,78
349,129,75
350,122,72
351,104,66
352,178,88
353,168,48
354,100,112
355,120,87
356,190,52
357,116,68
358,124,102
359,158,57
360,117,97
361,182,102
362,121,58
363,110,94
364,158,144
365,158,150
366,185,87
367,168,133
368,184,42
369,128,172
370,100,113
371,127,92
372,178,58
373,143,61
374,137,62
375,122,143
376,176,103
377,115,182
378,137,168
379,146,160
380,131,61
381,126,59
382,123,58
383,175,45
384,127,57
385,133,58
386,139,59
387,145,59
388,149,59
389,189,36
390,148,61
391,123,121
392,115,107
393,108,120
394,148,154
395,138,162
396,115,179
397,167,138
398,123,57
399,109,79
400,127,176
401,182,103
402,110,145
403,112,148
404,114,151
405,115,155
406,120,157
407,118,138
408,119,137
409,121,137
410,135,128
411,165,108
412,110,70
413,115,53
414,120,53
415,116,138
416,165,125
417,107,54
418,124,161
419,104,75
420,115,90
421,112,167
422,140,144
423,131,107
424,133,153
425,149,105
426,138,114
427,154,115
428,114,173
429,119,93
430,146,148
431,136,157
432,146,134
433,173,115
434,155,134
435,176,118
436,143,122
437,114,83
438,114,106
439,118,107
440,110,102
441,120,46
442,132,42
443,142,41
444,151,42
445,157,45
446,164,57
447,187,71
448,157,69
449,149,71
450,139,71
451,130,70
452,123,67
453,118,64
454,188,68
455,118,108
456,109,86
457,108,107
458,104,111
459,108,108
460,117,110
461,103,111
462,102,112
463,119,58
464,114,60
465,111,63
466,152,59
467,157,52
468,55,59
469,63,58
470,55,51
471,46,59
472,55,66
473,136,60
474,144,60
475,136,53
476,128,60
477,136,66
