0,99,128
1,101,111
2,99,117
3,94,86
4,102,104
5,101,94
6,100,67
7,40,59
8,100,47
9,100,36
10,101,-3
11,99,131
12,98,135
13,98,137
14,98,140
15,98,144
16,98,149
17,98,155
18,96,161
19,100,114
20,93,114
21,7,25
22,65,68
23,57,69
24,49,68
25,38,61
26,72,66
27,52,44
28,61,45
29,43,45
30,38,48
31,32,66
32,67,169
33,37,55
34,5,58
35,22,59
36,60,101
37,91,127
38,91,135
39,82,131
40,77,135
41,85,136
42,80,138
43,65,149
44,95,111
45,94,104
46,27,44
47,75,82
48,76,107
49,75,103
50,36,99
51,94,94
52,47,39
53,36,40
54,17,13
55,83,47
56,70,49
57,61,142
58,12,126
59,82,111
60,88,114
61,71,143
62,73,143
63,32,34
64,76,110
65,63,40
66,62,34
67,53,-1
68,24,22
69,58,14
70,23,39
71,15,32
72,91,131
73,84,134
74,78,137
75,83,113
76,72,143
77,75,144
78,74,142
79,86,110
80,82,139
81,86,138
82,92,137
83,86,161
84,90,154
85,90,149
86,91,143
87,92,140
88,81,140
89,80,143
90,78,145
91,77,149
92,69,129
93,2,88
94,100,115
95,78,141
96,77,142
97,90,116
98,78,114
99,89,115
100,67,86
101,54,91
102,74,106
103,31,4
104,38,16
105,45,32
106,70,153
107,81,37
108,78,15
109,75,-3
110,42,66
111,23,71
112,76,64
113,30,51
114,80,77
115,81,105
116,13,76
117,29,78
118,40,83
119,55,82
120,66,79
121,74,76
122,92,68
123,16,93
124,24,50
125,96,114
126,76,90
127,0,55
128,80,73
129,73,106
130,34,55
131,80,100
132,6,106
133,76,61
134,87,96
135,33,149
136,31,155
137,6,91
138,23,138
139,9,44
140,64,175
141,97,115
142,69,95
143,15,59
144,49,64
145,57,65
146,73,146
147,18,107
148,76,184
149,53,173
150,43,166
151,101,16
152,92,186
153,64,64
154,70,62
155,74,61
156,18,46
157,68,53
158,61,49
159,53,49
160,45,50
161,41,52
162,2,38
163,44,62
164,99,122
165,76,125
166,82,110
167,89,122
168,99,56
169,43,159
170,53,167
171,77,181
172,21,142
173,73,58
174,87,81
175,93,182
176,64,180
177,9,107
178,86,140
179,85,143
180,84,147
181,83,152
182,77,158
183,76,141
184,75,140
185,73,139
186,64,135
187,30,114
188,86,72
189,82,56
190,77,56
191,78,141
192,29,130
193,89,58
194,72,163
195,101,85
196,93,78
197,100,76
198,82,93
199,94,176
200,95,168
201,83,167
202,56,150
203,66,111
204,63,157
205,48,109
206,60,119
207,42,121
208,80,174
209,77,96
210,47,153
211,57,162
212,51,141
213,21,120
214,39,140
215,14,123
216,55,128
217,82,85
218,84,109
219,79,110
220,87,104
221,76,49
222,62,44
223,50,43
224,40,44
225,34,46
226,29,58
227,4,74
228,36,70
229,45,74
230,56,75
231,66,73
232,73,70
233,79,68
234,1,71
235,79,112
236,88,88
237,89,110
238,92,113
239,89,110
240,81,113
241,94,113
242,94,115
243,79,62
244,83,64
245,85,67
246,39,54
247,34,51
248,107,86
249,150,63
250,106,114
251,173,29
252,127,70
253,135,71
254,142,70
255,151,65
256,121,68
257,142,47
258,133,48
259,150,49
260,154,52
261,156,69
262,119,168
263,152,60
264,174,61
265,163,63
266,132,101
267,106,127
268,105,135
269,113,131
270,117,135
271,110,136
272,113,138
273,125,148
274,107,111
275,108,104
276,164,48
277,119,82
278,120,108
279,121,103
280,152,100
281,108,94
282,150,41
283,159,43
284,169,17
285,117,47
286,124,51
287,130,142
288,158,126
289,115,112
290,109,114
291,120,143
292,118,143
293,163,39
294,120,110
295,137,42
296,139,36
297,144,1
298,165,26
299,140,17
300,167,43
301,170,36
302,106,131
303,112,134
304,115,137
305,113,113
306,119,143
307,117,144
308,117,142
309,113,110
310,112,139
311,108,138
312,104,137
313,104,161
314,105,154
315,105,149
316,104,143
317,104,139
318,111,140
319,113,142
320,114,145
321,116,148
322,125,129
323,168,90
324,114,141
325,115,142
326,107,116
327,117,114
328,108,115
329,126,86
330,137,92
331,121,106
332,160,7
333,156,20
334,153,36
335,120,153
336,121,37
337,122,17
338,125,-1
339,148,68
340,161,74
341,117,66
342,159,55
343,114,78
344,117,105
345,169,78
346,158,81
347,149,84
348,136,83
349,126,80
350,119,77
351,106,69
352,166,94
353,164,54
354,104,114
355,118,90
356,173,58
357,114,73
358,121,106
359,155,60
360,117,100
361,164,108
362,117,63
363,113,96
364,146,149
365,144,154
366,170,93
367,154,138
368,172,47
369,119,174
370,102,115
371,124,95
372,167,64
373,142,66
374,135,67
375,118,146
376,163,109
377,106,183
378,126,171
379,134,164
380,129,66
381,123,64
382,119,64
383,168,52
384,124,56
385,131,52
386,139,52
387,146,54
388,149,56
389,174,42
390,147,65
391,119,125
392,115,111
393,108,123
394,137,158
395,129,166
396,108,180
397,151,142
398,120,60
399,111,81
400,117,178
401,166,108
402,108,140
403,109,143
404,111,147
405,111,152
406,113,157
407,116,141
408,118,140
409,119,139
410,128,135
411,154,114
412,110,73
413,114,58
414,117,58
415,114,141
416,153,130
417,109,58
418,116,162
419,107,78
420,115,93
421,106,167
422,132,149
423,126,111
424,125,156
425,142,110
426,132,119
427,146,121
428,108,174
429,118,97
430,137,153
431,128,160
432,137,141
433,159,120
434,145,140
435,161,123
436,136,128
437,114,85
438,115,109
439,118,110
440,113,104
441,121,51
442,134,46
443,146,46
444,154,47
445,158,51
446,158,62
447,173,77
448,152,73
449,145,76
450,135,76
451,126,74
452,119,72
453,115,69
454,170,74
455,117,112
456,111,89
457,111,110
458,107,113
459,111,111
460,115,113
461,106,114
462,105,115
463,115,63
464,112,65
465,110,67
466,151,58
467,156,56
468,54,55
469,63,55
470,54,46
471,44,55
472,54,64
473,132,58
474,142,58
475,133,49
476,122,57
477,132,66
