0,99,133
1,97,109
2,98,115
3,91,84
4,97,102
5,98,92
6,98,66
7,44,60
8,99,45
9,99,35
10,100,-4
11,99,135
12,99,137
13,99,139
14,99,139
15,99,141
16,99,143
17,99,146
18,98,154
19,97,112
20,91,112
21,15,28
22,67,70
23,59,70
24,51,69
25,42,62
26,73,68
27,54,44
28,64,45
29,46,45
30,41,48
31,36,67
32,72,164
33,42,57
34,12,61
35,27,60
36,61,101
37,91,132
38,92,137
39,84,134
40,79,136
41,86,137
42,81,138
43,67,144
44,91,109
45,90,102
46,30,43
47,76,82
48,76,106
49,76,102
50,37,99
51,91,92
52,47,37
53,37,39
54,22,15
55,81,45
56,72,49
57,61,138
58,24,129
59,82,110
60,87,112
61,72,138
62,73,138
63,33,34
64,76,109
65,62,39
66,60,32
67,53,0
68,27,24
69,58,14
70,26,39
71,20,34
72,91,135
73,85,136
74,80,137
75,84,112
76,72,138
77,76,139
78,74,138
79,85,108
80,82,138
81,87,138
82,92,138
83,89,154
84,92,146
85,92,143
86,92,140
87,92,138
88,82,138
89,81,139
90,80,140
91,79,142
92,69,127
93,14,92
94,98,114
95,78,138
96,77,139
97,89,115
98,79,113
99,88,114
100,68,86
101,55,91
102,75,105
103,34,5
104,39,17
105,44,31
106,73,148
107,78,35
108,77,15
109,75,-3
110,45,67
111,27,72
112,77,66
113,34,52
114,81,77
115,80,104
116,18,78
117,33,79
118,43,83
119,58,83
120,69,80
121,76,77
122,91,68
123,20,94
124,28,51
125,94,112
126,77,90
127,10,59
128,82,73
129,74,105
130,38,57
131,80,99
132,18,110
133,77,63
134,85,95
135,40,148
136,42,154
137,14,93
138,30,138
139,15,46
140,71,169
141,95,113
142,71,95
143,20,61
144,52,65
145,58,66
146,75,140
147,23,109
148,84,178
149,63,168
150,54,162
151,99,15
152,98,179
153,65,66
154,71,65
155,75,64
156,22,48
157,71,54
158,64,50
159,57,49
160,50,51
161,46,53
162,11,42
163,47,63
164,98,121
165,76,124
166,82,109
167,89,122
168,99,56
169,51,156
170,61,162
171,83,175
172,32,143
173,75,60
174,86,80
175,98,176
176,73,174
177,17,109
178,87,138
179,86,140
180,85,142
181,85,144
182,80,151
183,77,138
184,76,138
185,75,137
186,64,132
187,32,114
188,86,72
189,82,57
190,78,57
191,78,138
192,33,130
193,88,57
194,75,158
195,98,83
196,91,77
197,98,75
198,81,92
199,98,170
200,98,162
201,86,162
202,59,146
203,67,111
204,67,153
205,49,109
206,60,118
207,43,120
208,84,169
209,78,96
210,53,150
211,62,157
212,53,139
213,26,121
214,43,138
215,22,124
216,55,127
217,82,85
218,82,107
219,79,109
220,85,102
221,76,49
222,63,43
223,51,42
224,42,43
225,36,46
226,34,59
227,12,77
228,40,71
229,48,75
230,58,76
231,68,74
232,75,72
233,80,70
234,12,75
235,79,111
236,86,87
237,87,108
238,91,111
239,87,109
240,81,113
241,92,111
242,93,113
243,80,63
244,83,65
245,86,67
246,43,55
247,38,52
248,104,84
249,154,62
250,104,112
251,189,30
252,132,71
253,139,71
254,147,70
255,158,65
256,125,70
257,142,46
258,133,47
259,151,47
260,157,51
261,165,70
262,125,165
263,157,60
264,191,63
265,174,65
266,137,101
267,107,131
268,106,137
269,114,133
270,120,135
271,113,137
272,118,137
273,131,144
274,103,109
275,104,102
276,167,46
277,122,82
278,120,107
279,121,103
280,162,100
281,104,92
282,147,37
283,159,40
284,180,17
285,113,46
286,126,51
287,137,139
288,180,131
289,114,111
290,109,112
291,128,137
292,126,137
293,163,35
294,120,110
295,132,39
296,133,32
297,147,0
298,173,26
299,141,16
300,173,42
301,182,36
302,107,134
303,113,135
304,119,136
305,113,112
306,127,137
307,123,139
308,125,137
309,111,108
310,117,138
311,112,138
312,106,138
313,107,154
314,107,146
315,106,143
316,106,140
317,106,138
318,117,138
319,118,138
320,119,140
321,120,142
322,129,128
323,191,94
324,121,138
325,122,138
326,107,115
327,118,114
328,108,114
329,130,87
330,143,92
331,122,106
332,167,7
333,160,19
334,150,31
335,125,148
336,115,35
337,122,15
338,126,-3
339,154,68
340,174,76
341,121,68
342,165,55
343,116,78
344,116,104
345,183,80
346,168,82
347,157,85
348,142,84
349,131,81
350,122,78
351,106,68
352,181,96
353,171,54
354,101,112
355,120,90
356,195,61
357,116,74
358,123,106
359,161,60
360,117,99
361,187,112
362,121,66
363,111,95
364,160,149
365,159,155
366,189,95
367,171,140
368,187,49
369,126,170
370,100,113
371,127,96
372,183,66
373,146,66
374,139,67
375,124,139
376,178,110
377,113,178
378,135,169
379,146,164
380,133,67
381,127,66
382,123,66
383,178,53
384,127,57
385,134,53
386,141,52
387,148,53
388,152,55
389,193,44
390,151,64
391,121,124
392,114,109
393,108,122
394,148,158
395,137,164
396,113,175
397,171,145
398,123,62
399,111,80
400,125,174
401,185,112
402,112,138
403,113,139
404,113,141
405,114,144
406,117,152
407,122,137
408,123,137
409,124,136
410,134,133
411,167,115
412,111,72
413,115,59
414,120,59
415,121,138
416,167,131
417,108,59
418,122,158
419,105,77
420,115,92
421,110,162
422,139,147
423,130,111
424,131,154
425,150,110
426,138,118
427,156,121
428,113,170
429,120,96
430,146,151
431,135,158
432,146,139
433,176,122
434,156,140
435,180,126
436,144,127
437,115,85
438,113,107
439,118,109
440,111,103
441,120,51
442,133,44
443,144,43
444,154,44
445,161,48
446,166,63
447,191,79
448,160,74
449,152,76
450,141,77
451,131,76
452,124,74
453,118,71
454,193,77
455,117,111
456,110,88
457,108,108
458,105,111
459,108,109
460,116,113
461,103,112
462,103,113
463,118,66
464,114,67
465,111,68
466,155,58
467,160,55
468,61,57
469,72,56
470,61,46
471,51,57
472,61,67
473,139,58
474,149,58
475,138,49
476,128,58
477,139,68
