0,99,132
1,100,108
2,99,114
3,93,83
4,100,100
5,100,90
6,99,66
7,40,66
8,99,45
9,99,35
10,100,1
11,99,134
12,98,135
13,98,136
14,99,142
15,99,146
16,99,150
17,98,154
18,99,161
19,100,112
20,91,111
21,8,38
22,63,73
23,55,73
24,47,73
25,36,69
26,70,71
27,51,49
28,60,50
29,42,51
30,36,55
31,29,73
32,67,171
33,36,64
34,4,70
35,19,67
36,55,100
37,88,130
38,88,134
39,78,131
40,70,131
41,80,133
42,73,133
43,57,143
44,93,108
45,92,100
46,25,48
47,73,83
48,72,105
49,71,101
50,29,99
51,92,91
52,45,39
53,34,42
54,17,24
55,80,46
56,68,54
57,50,135
58,11,138
59,78,109
60,85,111
61,61,131
62,63,132
63,29,37
64,71,107
65,60,40
66,59,34
67,51,5
68,23,30
69,56,19
70,20,45
71,14,42
72,88,132
73,79,132
74,72,132
75,80,110
76,62,132
77,67,135
78,65,132
79,83,107
80,75,133
81,81,134
82,89,135
83,86,161
84,87,153
85,87,148
86,88,144
87,89,141
88,75,137
89,74,138
90,71,140
91,70,142
92,60,125
93,2,102
94,100,113
95,70,135
96,69,135
97,88,114
98,73,111
99,86,113
100,64,87
101,50,91
102,69,104
103,30,13
104,36,22
105,42,34
106,64,150
107,78,36
108,77,18
109,74,2
110,40,71
111,20,77
112,74,70
113,28,59
114,80,78
115,78,102
116,11,82
117,26,82
118,37,84
119,53,84
120,64,81
121,73,78
122,91,68
123,11,97
124,22,57
125,96,111
126,74,90
127,1,69
128,79,75
129,68,104
130,33,64
131,77,97
132,5,120
133,74,67
134,85,93
135,31,153
136,32,162
137,3,100
138,19,144
139,9,55
140,66,178
141,96,113
142,66,95
143,12,68
144,48,69
145,55,69
146,65,136
147,11,112
148,81,188
149,56,178
150,45,171
151,100,18
152,98,189
153,61,69
154,68,68
155,72,68
156,15,55
157,67,59
158,60,56
159,52,55
160,45,57
161,41,60
162,3,52
163,43,68
164,99,120
165,69,121
166,78,108
167,87,120
168,99,56
169,43,163
170,54,170
171,81,183
172,21,152
173,72,64
174,86,80
175,98,184
176,68,183
177,6,116
178,82,139
179,80,141
180,78,144
181,77,148
182,74,157
183,68,132
184,67,132
185,65,131
186,53,129
187,22,115
188,86,72
189,80,60
190,75,61
191,70,133
192,22,133
193,87,59
194,70,163
195,100,82
196,92,76
197,100,74
198,80,91
199,98,177
200,98,169
201,84,168
202,51,147
203,61,110
204,60,156
205,41,109
206,53,117
207,34,120
208,82,176
209,74,95
210,45,154
211,56,162
212,43,137
213,13,125
214,33,140
215,10,131
216,45,124
217,80,85
218,81,106
219,75,107
220,85,101
221,73,52
222,60,47
223,49,46
224,39,48
225,32,52
226,27,66
227,3,85
228,34,76
229,42,78
230,53,78
231,64,77
232,71,75
233,77,72
234,1,86
235,74,109
236,86,86
237,87,107
238,91,110
239,87,108
240,76,111
241,93,111
242,93,112
243,77,68
244,81,68
245,84,69
246,38,62
247,33,59
248,107,83
249,154,64
250,107,111
251,183,36
252,133,71
253,140,71
254,147,70
255,157,67
256,127,70
257,144,47
258,135,48
259,152,49
260,157,53
261,164,71
262,129,169
263,157,62
264,187,68
265,173,66
266,142,99
267,110,131
268,108,134
269,119,132
270,125,132
271,116,134
272,121,134
273,139,142
274,107,107
275,108,100
276,168,48
277,124,82
278,126,104
279,127,100
280,166,97
281,108,90
282,149,39
283,160,42
284,176,23
285,116,44
286,128,52
287,145,133
288,178,136
289,120,108
290,113,111
291,132,133
292,130,134
293,165,38
294,127,107
295,135,38
296,136,33
297,146,5
298,172,30
299,142,19
300,173,45
301,179,41
302,109,133
303,117,133
304,123,133
305,118,110
306,131,133
307,128,137
308,129,134
309,116,107
310,119,135
311,114,135
312,107,135
313,111,160
314,110,153
315,110,149
316,109,145
317,108,141
318,120,138
319,122,139
320,124,140
321,125,142
322,136,124
323,186,100
324,124,136
325,126,136
326,111,114
327,124,111
328,112,112
329,132,86
330,147,90
331,128,103
332,165,13
333,160,22
334,152,33
335,132,149
336,118,34
337,122,18
338,125,2
339,153,69
340,172,76
341,123,68
342,165,57
343,118,77
344,121,102
345,182,81
346,167,80
347,156,83
348,142,82
349,131,80
350,123,77
351,107,68
352,183,95
353,171,56
354,104,111
355,123,89
356,188,67
357,117,73
358,129,103
359,161,63
360,121,97
361,183,117
362,123,66
363,114,93
364,162,151
365,160,160
366,187,98
367,173,142
368,183,53
369,129,176
370,103,113
371,131,94
372,180,67
373,146,66
374,140,67
375,129,137
376,182,110
377,114,187
378,137,176
379,147,169
380,134,67
381,128,67
382,125,66
383,177,54
384,129,57
385,135,54
386,142,53
387,149,55
388,153,58
389,187,50
390,151,65
391,128,121
392,120,108
393,112,120
394,151,161
395,140,168
396,115,182
397,169,150
398,125,63
399,113,79
400,127,182
401,185,114
402,115,140
403,116,142
404,118,145
405,119,148
406,123,155
407,126,134
408,128,133
409,129,133
410,143,128
411,173,113
412,112,72
413,117,59
414,122,60
415,124,134
416,172,131
417,109,58
418,126,162
419,107,76
420,119,91
421,113,167
422,144,145
423,136,108
424,136,155
425,155,107
426,144,115
427,162,118
428,115,176
429,124,95
430,150,152
431,139,161
432,152,136
433,179,122
434,161,138
435,181,129
436,150,123
437,118,84
438,118,106
439,123,107
440,115,101
441,123,50
442,135,45
443,146,44
444,155,47
445,162,51
446,166,64
447,188,83
448,159,74
449,151,76
450,141,76
451,132,75
452,125,73
453,120,71
454,187,83
455,123,108
456,113,86
457,113,106
458,108,110
459,113,108
460,121,110
461,107,111
462,105,112
463,120,66
464,116,67
465,113,67
466,155,60
467,161,58
468,56,62
469,66,62
470,56,53
471,46,62
472,56,71
473,135,59
474,145,59
475,136,50
476,125,59
477,135,67
