0,99,132
1,97,115
2,98,118
3,91,88
4,97,108
5,97,97
6,98,69
7,43,61
8,98,46
9,98,36
10,98,-2
11,99,134
12,99,137
13,99,138
14,99,138
15,99,142
16,99,145
17,99,149
18,99,154
19,97,118
20,90,116
21,15,25
22,66,68
23,58,69
24,51,68
25,41,63
26,72,67
27,51,47
28,61,48
29,43,48
30,38,50
31,35,67
32,72,160
33,41,58
34,14,57
35,26,60
36,59,99
37,89,130
38,90,136
39,80,131
40,74,131
41,83,135
42,77,134
43,65,137
44,91,115
45,89,108
46,26,41
47,75,82
48,73,108
49,73,103
50,36,96
51,90,98
52,43,36
53,32,37
54,20,14
55,78,47
56,69,51
57,58,131
58,27,118
59,79,112
60,85,114
61,66,130
62,68,131
63,28,31
64,73,109
65,57,39
66,56,32
67,49,0
68,24,23
69,54,16
70,22,36
71,19,32
72,89,133
73,81,133
74,75,132
75,81,113
76,67,131
77,71,134
78,69,131
79,82,112
80,78,135
81,84,136
82,91,138
83,88,154
84,89,148
85,89,144
86,90,141
87,91,138
88,78,135
89,77,136
90,75,138
91,74,140
92,66,124
93,18,83
94,98,118
95,74,133
96,73,134
97,88,117
98,76,112
99,86,116
100,67,85
101,54,89
102,72,105
103,30,5
104,35,18
105,40,29
106,71,144
107,75,36
108,74,16
109,71,-2
110,44,66
111,27,71
112,76,65
113,32,52
114,80,78
115,77,107
116,19,74
117,32,78
118,42,82
119,56,81
120,67,79
121,75,76
122,90,70
123,21,89
124,26,50
125,93,117
126,76,90
127,14,52
128,81,73
129,71,104
130,37,58
131,77,101
132,22,100
133,76,63
134,83,99
135,42,140
136,44,144
137,17,87
138,32,130
139,16,43
140,71,165
141,94,118
142,69,94
143,21,59
144,51,65
145,58,65
146,70,135
147,23,103
148,84,174
149,64,162
150,56,154
151,98,17
152,99,176
153,64,64
154,70,63
155,74,63
156,21,46
157,68,56
158,61,54
159,54,53
160,48,54
161,44,56
162,13,37
163,47,63
164,98,123
165,73,122
166,79,111
167,87,122
168,98,57
169,52,149
170,62,157
171,84,172
172,35,133
173,73,60
174,85,83
175,99,173
176,74,169
177,20,102
178,84,136
179,83,139
180,81,141
181,81,145
182,78,149
183,72,132
184,71,131
185,70,130
186,61,127
187,31,109
188,85,74
189,81,58
190,76,58
191,74,133
192,33,123
193,87,58
194,75,154
195,97,88
196,90,80
197,98,79
198,80,94
199,99,168
200,99,161
201,86,160
202,58,140
203,65,109
204,66,148
205,47,106
206,58,115
207,41,116
208,84,167
209,76,96
210,53,144
211,63,152
212,51,131
213,26,114
214,43,131
215,25,116
216,52,121
217,80,86
218,80,111
219,75,110
220,83,107
221,73,51
222,60,45
223,48,43
224,39,44
225,33,47
226,32,59
227,14,72
228,39,71
229,47,74
230,57,74
231,67,73
232,74,71
233,79,69
234,16,67
235,76,111
236,85,91
237,85,113
238,89,115
239,85,113
240,78,113
241,91,117
242,92,117
243,78,63
244,82,65
245,85,68
246,42,57
247,36,53
248,104,88
249,154,61
250,106,116
251,188,23
252,130,69
253,138,69
254,146,68
255,157,62
256,124,67
257,144,45
258,135,47
259,153,47
260,158,50
261,164,65
262,127,160
263,157,58
264,189,55
265,174,58
266,139,98
267,109,131
268,109,136
269,119,131
270,126,132
271,117,135
272,123,134
273,136,136
274,104,115
275,105,108
276,171,41
277,123,81
278,123,107
279,124,102
280,164,94
281,105,97
282,152,36
283,163,37
284,181,12
285,116,45
286,127,50
287,143,130
288,179,117
289,118,111
290,111,114
291,135,131
292,133,132
293,169,31
294,124,109
295,137,38
296,138,32
297,149,0
298,175,22
299,143,15
300,176,35
301,182,31
302,109,134
303,118,133
304,124,133
305,116,112
306,134,132
307,130,135
308,132,132
309,113,112
310,122,135
311,116,137
312,108,138
313,110,153
314,109,148
315,109,144
316,108,141
317,108,138
318,122,135
319,123,136
320,125,138
321,126,140
322,133,123
323,188,82
324,127,134
325,128,134
326,109,117
327,122,112
328,110,115
329,131,84
330,145,88
331,125,104
332,169,4
333,163,17
334,156,29
335,129,143
336,118,35
337,122,16
338,126,-2
339,153,66
340,172,69
341,120,66
342,166,51
343,117,78
344,118,107
345,182,73
346,166,76
347,156,81
348,140,81
349,129,78
350,121,76
351,106,70
352,181,88
353,173,49
354,102,117
355,122,89
356,191,50
357,115,73
358,126,103
359,160,57
360,119,101
361,185,99
362,120,63
363,112,99
364,161,139
365,159,144
366,187,85
367,171,129
368,186,42
369,128,165
370,101,118
371,129,93
372,182,57
373,145,65
374,138,66
375,131,135
376,179,101
377,114,174
378,136,162
379,147,154
380,132,65
381,125,64
382,121,64
383,180,45
384,128,56
385,135,52
386,142,52
387,149,53
388,153,55
389,191,35
390,150,63
391,125,121
392,117,111
393,110,122
394,149,149
395,139,157
396,114,172
397,170,132
398,122,61
399,111,82
400,126,169
401,184,101
402,115,137
403,117,139
404,118,142
405,119,145
406,120,149
407,128,133
408,130,132
409,131,131
410,139,126
411,169,108
412,111,73
413,115,57
414,120,58
415,127,134
416,169,122
417,108,58
418,124,154
419,105,80
420,117,93
421,112,160
422,142,139
423,133,108
424,134,147
425,153,105
426,141,114
427,159,114
428,114,167
429,121,96
430,148,143
431,137,152
432,149,130
433,177,112
434,159,130
435,179,115
436,148,120
437,116,86
438,116,110
439,121,110
440,112,107
441,122,50
442,135,44
443,147,43
444,157,44
445,163,46
446,166,58
447,189,70
448,159,70
449,150,73
450,139,74
451,129,73
452,122,71
453,117,69
454,190,65
455,121,111
456,111,90
457,110,113
458,106,115
459,110,113
460,119,112
461,104,116
462,104,117
463,117,64
464,114,66
465,111,68
466,155,57
467,161,53
468,58,58
469,67,58
470,58,50
471,49,59
472,58,67
473,139,58
474,149,58
475,139,49
476,129,58
477,139,67
