0,98,134
1,96,106
2,97,114
3,90,82
4,96,98
5,96,89
6,97,65
7,42,64
8,97,43
9,97,32
10,98,-3
11,98,136
12,98,139
13,98,140
14,98,140
15,98,143
16,98,146
17,98,149
18,98,155
19,96,110
20,91,110
21,16,32
22,64,72
23,56,73
24,49,72
25,40,66
26,71,70
27,54,44
28,63,46
29,45,46
30,39,49
31,34,70
32,71,166
33,40,61
34,14,66
35,26,63
36,60,102
37,90,132
38,91,138
39,82,134
40,77,136
41,84,138
42,79,138
43,66,146
44,90,106
45,89,99
46,29,41
47,75,83
48,75,105
49,74,102
50,37,101
51,90,90
52,46,32
53,36,34
54,23,18
55,81,40
56,71,50
57,60,140
58,24,136
59,81,109
60,87,111
61,70,138
62,71,138
63,32,29
64,75,109
65,61,33
66,60,26
67,53,0
68,28,25
69,57,14
70,25,37
71,21,36
72,90,136
73,83,136
74,78,137
75,83,111
76,71,138
77,74,140
78,72,138
79,84,106
80,80,139
81,85,139
82,91,140
83,89,155
84,91,149
85,91,145
86,91,142
87,91,140
88,80,139
89,79,140
90,78,141
91,78,143
92,68,128
93,15,99
94,97,112
95,76,139
96,75,139
97,88,114
98,78,113
99,88,113
100,67,87
101,55,92
102,73,105
103,34,7
104,39,17
105,44,25
106,72,149
107,78,29
108,76,14
109,74,-2
110,43,70
111,26,75
112,76,68
113,33,53
114,80,77
115,79,102
116,19,81
117,31,82
118,40,85
119,55,84
120,66,82
121,74,78
122,90,67
123,21,98
124,27,51
125,93,110
126,76,90
127,12,65
128,80,74
129,73,106
130,37,60
131,78,97
132,18,117
133,76,65
134,84,93
135,40,152
136,41,160
137,15,98
138,30,143
139,17,50
140,70,172
141,94,111
142,70,96
143,21,64
144,49,68
145,56,69
146,73,141
147,23,113
148,84,181
149,63,173
150,53,167
151,98,14
152,99,182
153,63,68
154,70,67
155,74,66
156,23,49
157,69,57
158,63,54
159,55,53
160,48,55
161,44,57
162,13,47
163,45,66
164,97,120
165,74,124
166,81,108
167,88,121
168,97,55
169,50,160
170,60,166
171,83,177
172,31,150
173,74,62
174,85,79
175,98,178
176,73,177
177,18,115
178,85,139
179,84,141
180,84,143
181,84,146
182,79,153
183,75,138
184,74,138
185,73,137
186,62,134
187,32,117
188,85,72
189,81,57
190,77,59
191,76,139
192,33,134
193,88,56
194,75,160
195,97,81
196,90,75
197,97,73
198,80,91
199,98,172
200,98,163
201,86,163
202,58,149
203,66,112
204,66,155
205,48,110
206,59,119
207,43,122
208,83,171
209,76,96
210,52,154
211,62,160
212,52,141
213,25,125
214,42,142
215,22,130
216,54,128
217,81,84
218,81,105
219,77,108
220,83,100
221,75,48
222,62,41
223,50,40
224,41,42
225,35,46
226,32,62
227,13,82
228,38,74
229,45,77
230,55,78
231,65,77
232,73,74
233,78,71
234,14,82
235,78,110
236,85,86
237,86,105
238,90,109
239,86,106
240,80,112
241,91,109
242,92,111
243,79,65
244,82,66
245,85,67
246,42,59
247,36,54
248,103,82
249,155,63
250,103,110
251,186,31
252,133,72
253,141,72
254,148,71
255,158,65
256,126,70
257,144,43
258,134,45
259,152,45
260,158,49
261,164,69
262,126,167
263,158,59
264,188,65
265,172,62
266,136,101
267,106,132
268,106,139
269,114,135
270,120,137
271,112,139
272,118,139
273,131,146
274,102,106
275,103,99
276,169,40
277,121,82
278,119,105
279,121,101
280,160,101
281,103,90
282,150,31
283,161,34
284,178,18
285,116,39
286,127,50
287,136,140
288,179,135
289,113,109
290,108,111
291,128,139
292,126,139
293,165,28
294,120,109
295,136,32
296,137,25
297,145,0
298,171,25
299,140,14
300,173,36
301,179,36
302,106,136
303,113,137
304,119,138
305,112,111
306,127,139
307,123,141
308,125,140
309,110,106
310,117,140
311,111,140
312,105,140
313,107,155
314,106,149
315,106,145
316,106,143
317,105,140
318,117,140
319,118,141
320,119,142
321,120,144
322,128,128
323,189,98
324,121,140
325,122,140
326,106,114
327,117,113
328,107,113
329,129,87
330,142,92
331,122,105
332,165,7
333,159,17
334,153,24
335,124,150
336,118,28
337,120,14
338,124,-3
339,154,69
340,172,75
341,122,68
342,165,52
343,116,77
344,115,102
345,181,81
346,167,81
347,158,84
348,142,84
349,131,81
350,123,78
351,105,67
352,179,97
353,171,50
354,100,110
355,120,90
356,191,64
357,116,74
358,123,106
359,161,59
360,116,97
361,185,117
362,122,65
363,110,92
364,160,152
365,160,160
366,187,98
367,171,143
368,184,50
369,127,173
370,99,111
371,127,95
372,179,63
373,148,67
374,141,68
375,124,142
376,177,112
377,113,181
378,136,173
379,147,168
380,134,68
381,128,67
382,124,66
383,177,48
384,128,57
385,135,53
386,142,52
387,149,54
388,153,56
389,190,46
390,152,65
391,121,124
392,113,108
393,106,121
394,149,161
395,138,167
396,114,177
397,171,150
398,123,62
399,110,79
400,125,178
401,184,115
402,111,140
403,113,142
404,113,144
405,114,147
406,116,153
407,122,139
408,123,139
409,124,138
410,133,134
411,166,116
412,110,71
413,116,57
414,120,58
415,121,140
416,166,134
417,108,56
418,122,160
419,104,75
420,115,91
421,110,163
422,139,149
423,130,111
424,131,156
425,149,110
426,137,119
427,155,122
428,113,171
429,119,95
430,146,154
431,136,161
432,145,141
433,175,125
434,156,141
435,179,130
436,143,128
437,115,84
438,112,105
439,117,107
440,110,100
441,122,47
442,135,40
443,146,39
444,156,41
445,162,45
446,166,61
447,189,81
448,160,73
449,152,76
450,142,77
451,132,76
452,124,74
453,119,71
454,190,81
455,117,110
456,109,85
457,107,105
458,103,109
459,107,106
460,115,112
461,102,109
462,101,111
463,119,65
464,115,66
465,112,68
466,156,58
467,161,53
468,58,60
469,69,60
470,58,50
471,46,60
472,57,71
473,138,60
474,149,60
475,138,49
476,127,60
477,138,70
