0,99,123
1,93,113
2,94,115
3,88,89
4,93,108
5,93,98
6,96,71
7,49,57
8,97,52
9,98,43
10,99,8
11,99,124
12,99,125
13,99,125
14,99,127
15,99,130
16,99,132
17,98,134
18,97,141
19,93,115
20,86,112
21,28,23
22,70,64
23,63,65
24,56,64
25,47,58
26,75,63
27,56,48
28,64,49
29,49,48
30,45,50
31,42,61
32,73,144
33,47,54
34,25,50
35,35,55
36,62,93
37,90,121
38,91,124
39,82,120
40,77,119
41,84,122
42,79,120
43,67,126
44,87,112
45,86,107
46,36,45
47,76,79
48,72,104
49,72,99
50,42,88
51,87,98
52,49,44
53,41,44
54,32,16
55,80,52
56,72,52
57,61,121
58,34,100
59,77,107
60,82,110
61,69,117
62,71,118
63,37,39
64,72,104
65,62,46
66,60,42
67,56,8
68,35,26
69,59,23
70,32,41
71,31,31
72,90,122
73,83,121
74,78,120
75,78,108
76,70,117
77,73,121
78,71,118
79,80,109
80,80,121
81,85,123
82,91,124
83,88,140
84,89,133
85,90,131
86,90,128
87,91,126
88,80,122
89,78,123
90,77,124
91,76,125
92,68,116
93,28,69
94,94,115
95,76,120
96,74,121
97,85,113
98,74,107
99,83,112
100,70,81
101,58,84
102,71,100
103,41,11
104,44,23
105,47,39
106,72,131
107,77,45
108,77,25
109,75,8
110,51,62
111,36,65
112,78,63
113,40,51
114,81,76
115,75,104
116,28,66
117,40,71
118,48,76
119,61,76
120,71,74
121,77,73
122,89,72
123,29,79
124,35,49
125,89,114
126,76,87
127,26,43
128,81,71
129,71,99
130,44,54
131,76,99
132,30,84
133,78,60
134,81,98
135,45,124
136,47,127
137,25,75
138,37,114
139,28,39
140,72,149
141,90,114
142,70,90
143,30,54
144,57,61
145,63,61
146,72,121
147,30,91
148,84,157
149,65,145
150,57,137
151,98,26
152,97,160
153,69,61
154,74,60
155,77,60
156,31,45
157,72,54
158,65,51
159,59,51
160,53,51
161,49,53
162,26,32
163,52,59
164,95,118
165,73,115
166,77,107
167,85,117
168,97,60
169,54,133
170,63,141
171,83,155
172,39,115
173,76,58
174,84,83
175,97,158
176,73,152
177,27,88
178,85,124
179,84,126
180,82,128
181,82,130
182,79,136
183,75,119
184,74,118
185,73,118
186,63,118
187,38,98
188,85,74
189,82,58
190,78,57
191,76,120
192,38,109
193,87,61
194,76,140
195,94,89
196,89,81
197,95,81
198,79,92
199,97,153
200,97,147
201,86,145
202,61,127
203,66,102
204,68,134
205,51,98
206,60,107
207,46,105
208,84,150
209,75,93
210,56,129
211,64,137
212,55,120
213,33,100
214,47,118
215,31,100
216,56,112
217,80,84
218,77,108
219,74,106
220,80,106
221,76,53
222,64,49
223,53,47
224,46,47
225,41,48
226,40,55
227,25,62
228,46,65
229,53,69
230,62,70
231,71,69
232,77,68
233,80,67
234,28,56
235,74,107
236,83,90
237,82,110
238,86,112
239,82,110
240,76,108
241,87,114
242,88,114
243,80,61
244,83,64
245,85,67
246,48,54
247,43,52
248,101,90
249,150,62
250,102,113
251,183,29
252,128,68
253,135,69
254,143,68
255,153,64
256,122,67
257,141,52
258,132,52
259,149,53
260,153,55
261,160,68
262,123,147
263,153,60
264,185,56
265,169,63
266,134,96
267,108,122
268,108,124
269,117,121
270,122,121
271,115,123
272,120,122
273,131,129
274,99,113
275,100,108
276,164,52
277,120,81
278,119,106
279,120,101
280,157,92
281,100,98
282,145,49
283,156,49
284,176,21
285,112,55
286,124,55
287,137,125
288,177,106
289,114,109
290,108,111
291,131,120
292,129,120
293,160,45
294,120,106
295,130,50
296,131,45
297,145,11
298,169,31
299,140,26
300,169,48
301,176,37
302,108,123
303,116,122
304,121,121
305,112,110
306,130,120
307,126,123
308,128,121
309,109,110
310,119,123
311,114,124
312,107,125
313,106,141
314,108,134
315,108,131
316,108,129
317,107,127
318,119,124
319,121,125
320,122,126
321,123,127
322,127,119
323,185,75
324,123,123
325,125,123
326,105,114
327,118,109
328,106,112
329,127,83
330,139,87
331,121,102
332,164,15
333,158,27
334,147,44
335,124,134
336,114,47
337,120,27
338,124,9
339,149,67
340,168,71
341,118,66
342,160,57
343,114,78
344,114,106
345,177,72
346,162,77
347,152,80
348,137,79
349,127,77
350,120,75
351,103,72
352,175,85
353,167,56
354,97,115
355,118,88
356,188,50
357,114,72
358,122,101
359,156,60
360,115,100
361,182,90
362,118,64
363,108,99
364,157,129
365,158,132
366,183,81
367,168,119
368,181,45
369,125,152
370,97,115
371,125,92
372,177,62
373,142,65
374,135,65
375,128,123
376,173,97
377,112,159
378,135,148
379,145,141
380,129,65
381,123,64
382,119,64
383,173,53
384,125,57
385,132,55
386,139,55
387,146,56
388,150,58
389,186,38
390,146,64
391,120,117
392,113,109
393,106,118
394,146,138
395,136,145
396,112,157
397,168,121
398,120,61
399,108,83
400,124,155
401,180,94
402,114,126
403,115,127
404,116,129
405,116,131
406,116,138
407,125,121
408,126,121
409,127,120
410,133,121
411,163,103
412,109,75
413,113,60
414,117,60
415,124,122
416,164,115
417,106,62
418,120,142
419,102,82
420,113,93
421,108,146
422,138,130
423,129,105
424,130,137
425,146,102
426,135,110
427,153,110
428,110,152
429,118,95
430,144,133
431,134,140
432,144,124
433,171,106
434,154,123
435,176,107
436,141,116
437,113,86
438,111,109
439,117,108
440,107,107
441,119,56
442,131,52
443,142,51
444,151,52
445,157,54
446,162,62
447,185,69
448,155,71
449,147,73
450,136,73
451,127,72
452,120,70
453,116,69
454,186,62
455,117,108
456,107,91
457,105,111
458,102,113
459,106,111
460,115,109
461,100,114
462,100,114
463,115,64
464,112,66
465,110,68
466,152,59
467,156,57
468,62,54
469,71,55
470,63,47
471,53,54
472,62,61
473,139,59
474,147,59
475,139,52
476,130,58
477,139,65
