0,102,129
1,101,101
2,100,110
3,94,79
4,101,93
5,101,85
6,100,64
7,38,65
8,100,43
9,100,32
10,101,0
11,102,132
12,101,135
13,101,137
14,101,147
15,101,151
16,101,157
17,100,162
18,98,166
19,101,105
20,94,106
21,12,35
22,62,72
23,53,73
24,45,72
25,35,67
26,69,70
27,51,45
28,61,47
29,42,46
30,35,50
31,30,72
32,68,174
33,35,62
34,9,68
35,21,65
36,58,100
37,92,127
38,93,134
39,82,131
40,76,134
41,85,135
42,79,137
43,62,150
44,95,101
45,94,94
46,26,43
47,74,81
48,76,102
49,74,98
50,34,100
51,94,85
52,45,33
53,34,36
54,19,21
55,82,40
56,69,51
57,57,141
58,17,138
59,82,105
60,88,108
61,68,141
62,70,141
63,30,31
64,75,106
65,61,33
66,60,27
67,53,2
68,24,25
69,57,14
70,21,40
71,17,37
72,92,131
73,84,133
74,77,136
75,84,107
76,69,141
77,72,145
78,71,141
79,86,101
80,81,138
81,86,136
82,93,136
83,87,165
84,89,161
85,90,156
86,91,150
87,93,146
88,80,143
89,78,145
90,76,148
91,73,151
92,67,126
93,8,102
94,100,108
95,76,142
96,74,143
97,90,111
98,78,111
99,89,109
100,65,86
101,52,91
102,73,102
103,32,9
104,37,17
105,43,27
106,68,156
107,79,29
108,78,15
109,75,0
110,39,70
111,22,77
112,74,67
113,28,54
114,80,76
115,80,97
116,15,82
117,27,82
118,37,85
119,53,84
120,64,81
121,73,77
122,92,66
123,16,98
124,23,53
125,97,105
126,76,88
127,6,68
128,80,72
129,72,103
130,32,61
131,80,94
132,11,119
133,74,64
134,87,89
135,35,156
136,34,164
137,9,100
138,25,146
139,12,52
140,66,181
141,98,107
142,68,94
143,15,67
144,46,68
145,53,69
146,70,146
147,18,113
148,80,192
149,56,181
150,46,174
151,101,16
152,97,193
153,60,68
154,67,67
155,71,66
156,18,52
157,67,58
158,60,55
159,53,55
160,45,55
161,40,58
162,8,50
163,41,66
164,100,117
165,74,121
166,82,104
167,89,118
168,100,54
169,45,166
170,55,174
171,80,187
172,25,153
173,72,62
174,87,77
175,97,189
176,67,187
177,12,116
178,86,145
179,84,148
180,82,152
181,80,157
182,76,161
183,74,139
184,72,138
185,71,138
186,61,133
187,29,117
188,86,70
189,81,56
190,76,58
191,76,139
192,29,135
193,89,55
194,72,168
195,101,78
196,93,73
197,101,71
198,81,88
199,98,182
200,98,174
201,84,172
202,55,152
203,65,110
204,62,161
205,46,109
206,58,117
207,40,122
208,81,180
209,76,93
210,48,158
211,57,167
212,49,142
213,21,126
214,39,144
215,17,132
216,52,128
217,81,82
218,83,100
219,78,103
220,87,95
221,74,48
222,61,42
223,49,40
224,38,42
225,31,47
226,27,63
227,8,84
228,34,75
229,42,77
230,53,78
231,63,76
232,71,73
233,77,70
234,6,85
235,78,106
236,87,83
237,89,100
238,93,104
239,89,101
240,80,109
241,95,105
242,95,107
243,77,64
244,82,65
245,85,66
246,37,60
247,32,55
248,108,79
249,155,67
250,106,106
251,176,40
252,133,74
253,141,75
254,148,75
255,158,70
256,127,72
257,145,48
258,136,49
259,153,50
260,159,53
261,163,74
262,126,174
263,158,64
264,178,72
265,170,68
266,137,101
267,111,128
268,109,135
269,119,131
270,124,135
271,115,136
272,119,138
273,132,150
274,107,101
275,109,94
276,168,45
277,123,82
278,123,102
279,124,99
280,159,102
281,108,86
282,152,36
283,162,39
284,172,25
285,118,42
286,128,53
287,137,142
288,164,139
289,117,106
290,110,108
291,128,144
292,126,143
293,166,34
294,123,106
295,138,36
296,140,30
297,145,5
298,169,29
299,142,17
300,172,42
301,174,42
302,110,132
303,117,134
304,122,137
305,114,108
306,127,144
307,125,146
308,125,143
309,114,102
310,117,139
311,113,137
312,108,137
313,109,165
314,111,161
315,110,156
316,109,150
317,108,146
318,118,145
319,120,147
320,122,150
321,124,153
322,130,127
323,173,105
324,121,144
325,123,145
326,109,111
327,119,111
328,109,110
329,131,87
330,143,93
331,125,103
332,162,13
333,159,21
334,155,29
335,127,156
336,121,31
337,123,16
338,125,1
339,154,73
340,170,80
341,122,69
342,165,57
343,117,77
344,119,98
345,175,85
346,166,85
347,157,87
348,143,86
349,132,83
350,124,79
351,108,66
352,173,100
353,169,56
354,104,105
355,122,89
356,177,72
357,118,74
358,125,104
359,161,64
360,120,94
361,170,122
362,122,67
363,114,89
364,153,156
365,151,164
366,176,102
367,161,147
368,176,56
369,126,181
370,103,107
371,128,95
372,175,70
373,148,71
374,142,72
375,127,148
376,171,115
377,112,191
378,133,180
379,141,173
380,135,71
381,128,69
382,124,68
383,173,55
384,129,60
385,136,58
386,143,57
387,150,59
388,154,61
389,177,55
390,152,69
391,123,122
392,117,104
393,110,118
394,144,166
395,136,173
396,114,187
397,158,154
398,124,64
399,113,77
400,124,186
401,173,118
402,113,146
403,116,149
404,118,153
405,119,158
406,119,161
407,123,141
408,125,140
409,127,139
410,135,134
411,162,118
412,112,71
413,117,58
414,121,60
415,121,141
416,161,136
417,111,57
418,123,167
419,108,73
420,118,89
421,111,172
422,139,153
423,131,110
424,132,161
425,148,111
426,138,118
427,153,123
428,113,180
429,122,94
430,144,158
431,135,166
432,144,143
433,167,127
434,152,144
435,168,133
436,143,129
437,117,83
438,117,101
439,120,104
440,114,95
441,124,50
442,137,44
443,148,43
444,157,45
445,163,50
446,164,66
447,178,87
448,159,78
449,152,80
450,142,80
451,132,78
452,125,75
453,119,72
454,175,88
455,120,107
456,113,83
457,112,100
458,107,104
459,111,102
460,117,109
461,106,105
462,105,107
463,119,66
464,116,67
465,113,68
466,156,63
467,161,58
468,53,62
469,62,62
470,53,54
471,43,62
472,53,70
473,140,64
474,150,65
475,140,56
476,131,64
477,140,72
