0,99,129
1,99,100
2,98,110
3,92,78
4,99,93
5,99,84
6,100,62
7,40,62
8,100,42
9,100,31
10,101,-8
11,99,132
12,99,134
13,99,136
14,99,142
15,99,145
16,99,149
17,99,153
18,97,165
19,99,105
20,92,106
21,8,31
22,62,68
23,54,69
24,46,68
25,36,65
26,69,66
27,50,44
28,60,45
29,41,46
30,35,49
31,28,69
32,66,177
33,37,60
34,3,66
35,19,63
36,56,99
37,90,128
38,91,134
39,81,131
40,75,134
41,84,135
42,79,137
43,60,149
44,92,100
45,91,93
46,23,41
47,74,80
48,73,101
49,72,97
50,30,99
51,92,85
52,42,30
53,31,33
54,17,16
55,80,36
56,68,49
57,54,141
58,10,143
59,80,105
60,87,108
61,69,141
62,71,140
63,26,28
64,73,105
65,58,30
66,57,23
67,52,-3
68,24,24
69,57,11
70,17,37
71,15,36
72,90,131
73,82,133
74,77,136
75,82,107
76,70,141
77,73,142
78,72,140
79,84,102
80,80,138
81,85,137
82,92,136
83,86,165
84,89,152
85,90,148
86,91,145
87,92,142
88,80,141
89,79,142
90,77,144
91,75,146
92,63,126
93,1,102
94,99,108
95,76,141
96,75,141
97,89,111
98,76,110
99,88,109
100,64,84
101,50,89
102,71,101
103,31,4
104,38,15
105,39,23
106,67,155
107,77,25
108,78,10
109,75,-7
110,40,67
111,19,74
112,74,64
113,27,53
114,80,74
115,78,97
116,10,80
117,24,79
118,35,82
119,52,81
120,64,78
121,73,74
122,92,64
123,10,97
124,20,52
125,95,105
126,74,87
127,0,66
128,80,70
129,70,102
130,32,60
131,77,93
132,4,122
133,74,61
134,84,88
135,30,160
136,30,169
137,2,100
138,18,150
139,9,50
140,64,185
141,96,107
142,67,93
143,12,65
144,47,64
145,54,64
146,71,143
147,11,114
148,79,196
149,54,185
150,43,178
151,101,10
152,96,198
153,61,64
154,67,63
155,71,62
156,14,50
157,67,57
158,60,55
159,53,55
160,46,56
161,42,58
162,3,47
163,43,63
164,98,117
165,71,121
166,80,104
167,87,117
168,100,52
169,42,169
170,53,177
171,79,191
172,19,159
173,72,59
174,86,75
175,97,193
176,66,191
177,4,118
178,85,141
179,84,143
180,82,146
181,81,150
182,75,161
183,75,139
184,73,138
185,71,138
186,57,133
187,23,117
188,86,68
189,80,53
190,75,55
191,76,139
192,23,137
193,88,52
194,70,168
195,99,76
196,92,71
197,99,69
198,79,87
199,97,184
200,97,174
201,83,173
202,52,153
203,63,109
204,60,162
205,42,108
206,55,117
207,36,122
208,80,183
209,74,92
210,45,160
211,55,168
212,46,143
213,14,128
214,34,145
215,9,135
216,48,128
217,80,81
218,81,100
219,76,103
220,84,95
221,73,45
222,59,39
223,47,39
224,37,41
225,30,46
226,26,62
227,2,83
228,33,72
229,41,74
230,52,74
231,63,73
232,71,70
233,77,67
234,0,84
235,76,106
236,86,82
237,87,100
238,91,104
239,87,102
240,78,108
241,93,105
242,93,107
243,77,61
244,82,62
245,84,63
246,39,59
247,32,54
248,106,78
249,156,63
250,105,106
251,189,34
252,134,68
253,142,69
254,149,69
255,160,66
256,128,66
257,146,45
258,137,46
259,154,47
260,160,51
261,167,71
262,128,177
263,159,62
264,193,68
265,177,65
266,141,100
267,109,128
268,107,134
269,117,131
270,123,134
271,114,135
272,119,137
273,135,150
274,105,101
275,107,93
276,172,42
277,124,80
278,124,101
279,125,98
280,166,100
281,107,85
282,152,31
283,164,35
284,181,18
285,117,37
286,129,49
287,142,141
288,183,144
289,117,106
290,110,108
291,129,140
292,126,140
293,168,30
294,124,105
295,137,30
296,139,24
297,149,-2
298,175,26
299,143,12
300,177,39
301,184,38
302,108,131
303,116,133
304,121,136
305,115,107
306,127,140
307,125,142
308,125,140
309,113,102
310,117,138
311,113,137
312,106,136
313,109,165
314,109,152
315,108,148
316,107,145
317,107,142
318,117,141
319,119,142
320,121,144
321,123,146
322,133,126
323,192,104
324,121,141
325,123,141
326,108,111
327,121,110
328,109,109
329,133,85
330,147,90
331,126,102
332,169,6
333,163,17
334,155,25
335,128,156
336,120,25
337,123,11
338,127,-6
339,156,68
340,176,76
341,124,64
342,168,55
343,118,75
344,119,98
345,186,82
346,170,81
347,159,83
348,144,82
349,133,78
350,124,74
351,108,64
352,185,99
353,175,53
354,102,105
355,123,87
356,195,69
357,118,70
358,127,103
359,163,62
360,120,93
361,189,124
362,124,61
363,113,88
364,164,160
365,163,170
366,192,102
367,175,151
368,188,52
369,129,185
370,101,107
371,130,93
372,184,67
373,148,65
374,142,65
375,126,143
376,184,115
377,114,196
378,139,185
379,150,179
380,136,64
381,130,63
382,126,62
383,181,52
384,131,57
385,137,56
386,143,57
387,150,58
388,154,59
389,193,49
390,153,64
391,125,121
392,117,104
393,109,117
394,152,170
395,141,177
396,115,191
397,174,159
398,126,59
399,113,76
400,127,191
401,190,120
402,113,141
403,114,143
404,116,146
405,117,150
406,120,161
407,123,138
408,125,138
409,126,137
410,139,133
411,172,118
412,113,69
413,118,53
414,123,55
415,121,139
416,172,138
417,110,52
418,125,169
419,107,71
420,118,88
421,111,174
422,143,153
423,134,109
424,135,162
425,154,110
426,142,118
427,160,123
428,114,183
429,123,92
430,150,160
431,139,169
432,150,143
433,181,129
434,161,146
435,185,136
436,148,128
437,118,81
438,116,101
439,121,104
440,113,95
441,124,45
442,137,40
443,148,40
444,158,42
445,165,47
446,169,63
447,194,85
448,162,74
449,154,75
450,143,75
451,133,73
452,126,70
453,121,67
454,194,86
455,120,106
456,112,82
457,111,100
458,106,104
459,110,102
460,118,109
461,105,105
462,104,107
463,121,61
464,117,62
465,113,63
466,157,61
467,163,56
468,57,59
469,67,59
470,56,50
471,47,59
472,57,68
473,140,60
474,149,60
475,140,51
476,130,59
477,139,68
