0,95,134
1,109,99
2,102,110
3,98,75
4,109,91
5,108,81
6,102,58
7,37,52
8,101,35
9,102,23
10,102,-16
11,95,137
12,94,140
13,93,142
14,93,144
15,93,146
16,93,149
17,93,153
18,93,164
19,106,104
20,97,105
21,-6,19
22,59,63
23,51,63
24,43,62
25,32,55
26,66,60
27,53,33
28,62,35
29,44,34
30,37,37
31,23,61
32,60,175
33,34,49
34,-11,58
35,12,53
36,56,97
37,87,133
38,87,140
39,77,136
40,70,140
41,79,141
42,73,143
43,56,150
44,102,99
45,101,91
46,25,28
47,72,77
48,78,100
49,76,96
50,27,97
51,100,82
52,51,19
53,38,22
54,8,3
55,86,30
56,69,39
57,50,143
58,-12,140
59,84,105
60,90,107
61,62,147
62,63,147
63,32,16
64,76,104
65,67,21
66,67,14
67,52,-15
68,18,10
69,58,0
70,18,24
71,4,23
72,87,136
73,78,139
74,72,142
75,85,107
76,62,147
77,66,147
78,64,146
79,90,101
80,74,144
81,80,142
82,86,142
83,83,163
84,84,152
85,85,149
86,86,146
87,86,144
88,74,145
89,72,146
90,71,148
91,69,150
92,63,127
93,-23,97
94,104,107
95,69,146
96,68,146
97,92,110
98,77,110
99,91,109
100,63,82
101,49,87
102,73,100
103,27,-8
104,35,2
105,49,12
106,63,156
107,86,18
108,80,1
109,76,-17
110,36,60
111,12,67
112,71,58
113,26,41
114,79,71
115,85,96
116,0,75
117,20,75
118,33,79
119,49,78
120,61,75
121,70,70
122,93,60
123,1,94
124,18,40
125,103,104
126,74,84
127,-21,57
128,78,66
129,71,101
130,29,49
131,83,91
132,-19,118
133,71,55
134,91,85
135,17,160
136,12,169
137,-14,96
138,4,149
139,-4,40
140,57,183
141,101,107
142,66,91
143,1,54
144,45,57
145,52,59
146,65,148
147,2,111
148,71,193
149,43,185
150,29,179
151,102,3
152,88,194
153,59,58
154,65,57
155,69,56
156,8,38
157,65,47
158,59,44
159,52,43
160,45,44
161,40,46
162,-15,36
163,41,55
164,100,117
165,73,121
166,85,103
167,90,118
168,100,47
169,31,170
170,43,176
171,73,188
172,-1,158
173,70,52
174,89,72
175,90,188
176,57,189
177,-12,115
178,80,144
179,79,146
180,77,148
181,76,151
182,72,160
183,68,145
184,66,144
185,65,144
186,56,134
187,18,116
188,86,65
189,80,47
190,74,48
191,69,145
192,13,137
193,89,47
194,65,168
195,106,73
196,96,68
197,104,66
198,82,85
199,92,181
200,93,172
201,79,172
202,46,154
203,62,108
204,54,162
205,42,107
206,54,117
207,32,121
208,75,181
209,76,90
210,37,161
211,48,168
212,40,144
213,3,126
214,27,146
215,-7,133
216,46,128
217,81,78
218,88,99
219,81,102
220,93,93
221,76,37
222,64,30
223,53,28
224,42,29
225,33,33
226,22,51
227,-14,77
228,29,66
229,38,69
230,50,70
231,60,68
232,68,65
233,74,62
234,-23,77
235,80,105
236,90,79
237,96,99
238,98,103
239,94,101
240,81,108
241,100,104
242,99,106
243,75,55
244,79,57
245,84,58
246,37,47
247,31,42
248,111,75
249,142,59
250,109,106
251,158,30
252,123,68
253,130,68
254,136,67
255,143,62
256,117,65
257,137,42
258,128,42
259,143,43
260,146,47
261,146,68
262,115,174
263,144,56
264,158,66
265,149,62
266,131,99
267,102,134
268,100,140
269,108,137
270,112,142
271,105,142
272,108,144
273,121,151
274,114,99
275,115,92
276,155,40
277,119,78
278,122,101
279,123,97
280,149,101
281,114,82
282,146,29
283,153,33
284,157,14
285,118,35
286,120,46
287,126,144
288,141,141
289,116,106
290,111,108
291,113,149
292,112,148
293,155,28
294,121,105
295,136,29
296,138,22
297,139,-7
298,156,20
299,137,6
300,157,37
301,159,33
302,102,137
303,107,140
304,110,143
305,114,107
306,113,149
307,111,149
308,111,148
309,117,101
310,106,145
311,103,143
312,99,142
313,102,163
314,100,153
315,100,149
316,100,146
317,99,144
318,106,146
319,107,147
320,109,149
321,110,151
322,124,128
323,148,102
324,108,147
325,109,148
326,109,110
327,117,111
328,110,109
329,125,84
330,136,90
331,122,101
332,151,1
333,149,11
334,149,23
335,116,156
336,122,23
337,122,4
338,124,-13
339,141,66
340,150,75
341,114,63
342,150,51
343,115,73
344,121,97
345,159,81
346,150,81
347,145,84
348,133,82
349,124,78
350,118,74
351,108,61
352,159,99
353,153,50
354,109,104
355,119,86
356,153,65
357,113,69
358,121,103
359,145,57
360,121,92
361,146,121
362,113,60
363,118,86
364,136,160
365,131,168
366,158,101
367,143,150
368,158,48
369,114,181
370,107,107
371,123,92
372,151,64
373,137,63
374,131,64
375,112,150
376,156,115
377,101,192
378,117,182
379,124,177
380,124,63
381,118,62
382,115,61
383,154,49
384,119,53
385,126,51
386,133,50
387,138,51
388,141,53
389,157,46
390,140,61
391,119,122
392,117,104
393,109,118
394,128,169
395,121,175
396,104,187
397,137,157
398,115,57
399,113,73
400,111,187
401,155,119
402,103,145
403,104,146
404,105,149
405,106,152
406,110,160
407,110,146
408,112,146
409,113,145
410,126,136
411,150,119
412,111,66
413,111,51
414,114,53
415,108,146
416,145,139
417,109,50
418,112,167
419,110,68
420,118,86
421,103,171
422,126,155
423,126,110
424,120,162
425,140,110
426,131,118
427,142,124
428,105,180
429,120,91
430,129,160
431,122,168
432,132,145
433,151,129
434,138,147
435,150,135
436,133,130
437,116,79
438,119,100
439,120,104
440,119,93
441,119,42
442,131,37
443,141,37
444,148,40
445,151,44
446,147,59
447,158,83
448,145,72
449,140,74
450,131,74
451,123,72
452,117,69
453,113,66
454,150,83
455,118,106
456,115,79
457,117,99
458,111,104
459,115,101
460,116,109
461,111,104
462,108,107
463,112,59
464,110,61
465,110,62
466,143,55
467,147,51
468,50,50
469,59,50
470,50,39
471,40,50
472,49,61
473,123,58
474,132,59
475,124,50
476,115,57
477,123,66
