0,99,125
1,98,100
2,98,110
3,92,77
4,99,92
5,99,83
6,99,60
7,38,59
8,99,39
9,99,28
10,100,-11
11,99,128
12,98,132
13,98,136
14,99,152
15,99,156
16,99,162
17,99,167
18,96,171
19,98,105
20,91,106
21,7,29
22,60,68
23,52,68
24,44,67
25,34,62
26,66,66
27,50,42
28,60,43
29,42,43
30,35,46
31,27,68
32,65,179
33,35,57
34,3,66
35,18,62
36,57,99
37,90,125
38,92,133
39,83,131
40,79,138
41,87,137
42,84,141
43,62,154
44,92,100
45,91,93
46,24,39
47,73,79
48,74,101
49,73,97
50,31,100
51,91,84
52,45,28
53,33,32
54,16,14
55,80,36
56,67,48
57,57,146
58,9,145
59,80,105
60,86,107
61,76,150
62,79,149
63,29,27
64,74,105
65,60,29
66,59,23
67,50,-6
68,22,21
69,55,8
70,19,36
71,13,33
72,91,129
73,85,134
74,81,140
75,82,107
76,78,149
77,79,152
78,80,149
79,83,101
80,86,142
81,89,139
82,93,137
83,86,170
84,90,166
85,91,161
86,92,155
87,93,151
88,86,151
89,84,152
90,81,155
91,79,157
92,65,128
93,0,104
94,98,107
95,83,150
96,81,151
97,88,110
98,76,110
99,87,109
100,64,84
101,50,90
102,72,101
103,29,1
104,35,12
105,42,22
106,68,160
107,78,25
108,76,8
109,73,-10
110,38,66
111,18,74
112,71,64
113,27,50
114,79,74
115,78,97
116,10,81
117,23,79
118,34,82
119,50,81
120,61,78
121,71,74
122,91,62
123,11,98
124,21,50
125,94,105
126,74,86
127,0,66
128,77,69
129,71,103
130,31,57
131,78,93
132,3,124
133,71,61
134,84,87
135,29,163
136,27,174
137,2,101
138,18,153
139,8,48
140,63,187
141,95,107
142,67,93
143,11,65
144,45,63
145,52,64
146,77,153
147,12,115
148,77,199
149,51,189
150,39,183
151,99,8
152,95,200
153,58,64
154,65,63
155,69,62
156,15,49
157,65,55
158,59,53
159,52,52
160,45,53
161,41,54
162,2,46
163,41,61
164,98,116
165,72,122
166,80,104
167,87,117
168,99,51
169,40,173
170,51,180
171,77,192
172,17,162
173,70,58
174,85,74
175,95,194
176,63,194
177,4,120
178,89,151
179,87,154
180,85,158
181,83,162
182,75,166
183,81,145
184,79,145
185,77,144
186,61,136
187,25,118
188,85,67
189,79,53
190,73,55
191,83,146
192,24,140
193,87,52
194,70,172
195,99,75
196,91,70
197,99,68
198,79,87
199,96,186
200,96,177
201,83,176
202,53,157
203,64,109
204,60,165
205,44,109
206,57,118
207,38,123
208,79,184
209,75,92
210,44,163
211,54,171
212,47,146
213,15,130
214,35,148
215,9,137
216,51,130
217,80,80
218,81,100
219,76,103
220,84,94
221,73,44
222,60,38
223,48,36
224,38,38
225,31,43
226,25,60
227,1,83
228,31,71
229,39,74
230,50,74
231,61,73
232,69,70
233,75,67
234,0,85
235,77,106
236,85,81
237,86,100
238,90,104
239,86,101
240,79,108
241,92,104
242,93,107
243,74,61
244,79,62
245,83,62
246,38,56
247,31,51
248,105,77
249,156,61
250,105,106
251,187,30
252,134,69
253,142,69
254,150,68
255,159,64
256,128,67
257,145,44
258,136,45
259,154,45
260,159,48
261,166,68
262,126,178
263,158,59
264,191,66
265,175,62
266,138,99
267,107,125
268,105,133
269,114,131
270,118,138
271,110,137
272,113,141
273,132,153
274,105,100
275,106,93
276,170,39
277,123,79
278,122,101
279,123,97
280,163,100
281,106,84
282,152,30
283,163,33
284,180,14
285,117,36
286,128,49
287,137,145
288,182,145
289,115,105
290,109,107
291,118,149
292,116,149
293,167,27
294,122,105
295,137,30
296,138,23
297,148,-6
298,174,21
299,143,8
300,175,36
301,182,34
302,106,129
303,112,134
304,116,139
305,113,107
306,117,149
307,117,151
308,115,148
309,112,102
310,110,141
311,108,138
312,104,136
313,107,170
314,108,165
315,107,160
316,106,155
317,105,151
318,111,150
319,113,152
320,116,154
321,118,156
322,130,128
323,191,104
324,113,150
325,115,150
326,107,110
327,119,110
328,108,109
329,131,84
330,144,90
331,124,101
332,168,2
333,162,12
334,154,23
335,126,159
336,119,25
337,122,8
338,126,-10
339,156,67
340,175,74
341,123,65
342,167,52
343,117,74
344,118,97
345,184,81
346,170,80
347,161,83
348,145,82
349,133,79
350,124,75
351,107,62
352,183,98
353,173,50
354,102,105
355,121,86
356,192,66
357,118,70
358,125,102
359,162,59
360,118,93
361,189,124
362,123,62
363,112,87
364,163,163
365,164,173
366,191,101
367,174,152
368,186,49
369,127,186
370,101,107
371,128,92
372,181,63
373,148,64
374,142,65
375,119,152
376,181,115
377,113,198
378,139,188
379,151,182
380,135,65
381,129,64
382,125,63
383,178,48
384,129,56
385,136,55
386,142,54
387,149,55
388,154,57
389,191,46
390,153,63
391,123,122
392,116,104
393,108,117
394,151,172
395,140,179
396,113,192
397,174,162
398,125,59
399,111,74
400,126,193
401,189,120
402,109,151
403,111,154
404,113,157
405,115,162
406,118,165
407,115,145
408,117,144
409,119,143
410,135,136
411,169,118
412,112,67
413,117,54
414,122,56
415,113,145
416,169,139
417,109,52
418,122,171
419,106,70
420,117,87
421,109,176
422,140,156
423,131,109
424,132,164
425,150,109
426,138,118
427,156,123
428,112,184
429,121,92
430,148,162
431,137,170
432,147,146
433,179,130
434,158,148
435,184,137
436,143,130
437,116,80
438,115,100
439,119,103
440,112,94
441,123,45
442,136,39
443,148,38
444,157,40
445,164,44
446,168,60
447,192,83
448,162,72
449,155,74
450,144,75
451,134,73
452,126,71
453,120,68
454,191,85
455,119,106
456,111,81
457,110,100
458,105,104
459,110,102
460,116,108
461,104,104
462,103,107
463,120,62
464,116,63
465,113,64
466,156,58
467,163,53
468,54,59
469,63,59
470,54,50
471,45,58
472,54,67
473,140,60
474,150,60
475,140,51
476,130,60
477,140,68
