0,100,127
1,97,99
2,97,109
3,91,78
4,98,92
5,98,83
6,98,64
7,42,63
8,99,46
9,99,36
10,101,1
11,100,129
12,100,131
13,99,133
14,99,154
15,99,156
16,98,160
17,98,164
18,94,175
19,97,104
20,89,105
21,12,39
22,63,70
23,55,70
24,48,69
25,38,66
26,69,68
27,53,48
28,62,49
29,45,49
30,39,52
31,31,71
32,61,178
33,39,62
34,7,71
35,22,66
36,55,98
37,89,125
38,89,131
39,77,129
40,70,133
41,80,133
42,73,136
43,56,151
44,91,99
45,90,92
46,29,46
47,72,80
48,70,99
49,70,96
50,31,98
51,90,84
52,49,37
53,37,40
54,21,25
55,82,43
56,69,53
57,51,141
58,10,144
59,76,103
60,83,106
61,61,144
62,63,144
63,33,36
64,70,103
65,63,37
66,62,31
67,54,5
68,27,30
69,59,18
70,24,43
71,18,42
72,89,129
73,79,131
74,71,135
75,78,105
76,62,144
77,66,149
78,64,144
79,81,100
80,75,136
81,81,134
82,90,133
83,81,173
84,87,163
85,87,159
86,88,155
87,89,153
88,75,150
89,73,151
90,71,152
91,70,155
92,60,124
93,3,106
94,97,106
95,70,148
96,68,148
97,86,109
98,72,108
99,84,107
100,63,85
101,50,89
102,68,100
103,34,13
104,40,22
105,46,31
106,61,159
107,80,33
108,78,17
109,76,1
110,42,68
111,22,76
112,74,66
113,31,56
114,78,76
115,76,96
116,13,83
117,27,81
118,37,83
119,52,81
120,64,79
121,72,75
122,90,65
123,12,98
124,25,56
125,93,104
126,72,87
127,5,73
128,79,71
129,67,101
130,35,62
131,75,92
132,5,124
133,74,64
134,83,87
135,27,160
136,25,170
137,4,102
138,18,150
139,13,56
140,58,187
141,94,106
142,65,92
143,15,69
144,49,65
145,55,66
146,65,150
147,12,113
148,73,199
149,47,187
150,37,180
151,100,18
152,91,202
153,62,66
154,68,65
155,72,65
156,19,55
157,68,59
158,61,57
159,55,56
160,48,57
161,44,59
162,7,54
163,45,64
164,96,115
165,68,119
166,77,102
167,84,115
168,98,55
169,37,170
170,47,178
171,74,193
172,17,160
173,72,62
174,84,76
175,92,196
176,58,194
177,5,119
178,81,151
179,80,153
180,78,156
181,77,160
182,69,167
183,68,139
184,66,139
185,64,138
186,55,132
187,24,116
188,85,70
189,81,57
190,76,59
191,69,139
192,22,136
193,88,56
194,65,172
195,98,76
196,91,72
197,98,70
198,78,87
199,93,188
200,94,180
201,78,178
202,48,153
203,60,107
204,55,163
205,42,107
206,53,116
207,36,120
208,75,186
209,72,91
210,40,160
211,50,169
212,43,142
213,14,127
214,32,144
215,9,135
216,47,126
217,78,81
218,78,99
219,73,101
220,83,93
221,75,50
222,63,45
223,52,44
224,42,45
225,35,50
226,30,64
227,5,86
228,35,73
229,43,75
230,53,75
231,63,74
232,71,72
233,77,69
234,4,90
235,73,104
236,84,81
237,85,98
238,89,103
239,85,100
240,75,106
241,90,103
242,91,106
243,77,64
244,81,65
245,84,66
246,41,60
247,36,57
248,105,78
249,153,67
250,104,105
251,183,46
252,132,72
253,139,73
254,147,73
255,156,71
256,126,70
257,145,52
258,136,52
259,152,54
260,157,58
261,162,76
262,124,180
263,156,66
264,184,77
265,172,72
266,137,100
267,111,126
268,109,132
269,120,130
270,126,134
271,117,134
272,122,136
273,133,152
274,104,100
275,105,92
276,169,53
277,122,82
278,123,100
279,124,97
280,161,102
281,105,84
282,151,41
283,162,46
284,176,31
285,117,45
286,128,54
287,138,143
288,172,149
289,116,104
290,109,106
291,132,144
292,130,144
293,166,42
294,123,104
295,137,40
296,138,34
297,147,9
298,171,36
299,142,21
300,173,50
301,178,48
302,110,129
303,119,132
304,124,135
305,114,106
306,131,144
307,127,149
308,129,144
309,113,101
310,120,137
311,115,134
312,108,133
313,107,174
314,109,164
315,109,159
316,108,156
317,107,153
318,120,150
319,121,151
320,123,153
321,124,155
322,131,126
323,182,112
324,124,148
325,126,148
326,107,109
327,120,109
328,108,108
329,130,87
330,143,92
331,125,101
332,165,18
333,160,27
334,154,36
335,127,160
336,120,35
337,122,19
338,126,3
339,153,73
340,170,82
341,122,67
342,164,62
343,116,77
344,118,97
345,179,88
346,165,85
347,155,87
348,140,85
349,130,81
350,122,77
351,106,66
352,178,103
353,171,62
354,101,104
355,121,88
356,185,79
357,116,73
358,126,102
359,159,67
360,119,93
361,178,130
362,122,65
363,112,88
364,156,163
365,155,173
366,183,108
367,166,154
368,181,62
369,125,188
370,100,106
371,128,94
372,178,75
373,146,69
374,140,69
375,129,150
376,176,118
377,109,200
378,134,188
379,144,182
380,134,68
381,128,67
382,124,66
383,176,61
384,129,61
385,136,60
386,142,60
387,148,61
388,152,63
389,185,61
390,150,68
391,124,120
392,116,103
393,108,116
394,146,172
395,136,180
396,110,194
397,164,163
398,124,63
399,111,77
400,123,195
401,180,125
402,114,152
403,116,154
404,117,157
405,118,160
406,119,168
407,127,140
408,129,139
409,130,139
410,136,133
411,165,120
412,111,71
413,117,58
414,121,60
415,125,140
416,164,140
417,109,57
418,121,173
419,105,72
420,117,88
421,108,179
422,139,155
423,131,109
424,131,165
425,149,111
426,138,118
427,154,124
428,110,186
429,121,93
430,145,162
431,135,171
432,145,144
433,172,132
434,154,148
435,175,140
436,143,129
437,116,82
438,115,100
439,120,103
440,112,94
441,123,52
442,136,48
443,147,48
444,156,51
445,162,55
446,165,69
447,185,93
448,158,78
449,150,79
450,140,78
451,131,76
452,123,73
453,118,70
454,184,96
455,120,105
456,111,82
457,109,99
458,105,103
459,109,101
460,117,107
461,103,104
462,102,106
463,119,65
464,115,66
465,112,66
466,154,65
467,160,62
468,56,61
469,65,61
470,56,53
471,47,61
472,56,69
473,138,64
474,147,64
475,139,56
476,129,63
477,137,71
