0,98,131
1,96,112
2,96,117
3,90,86
4,96,105
5,96,94
6,97,66
7,43,61
8,97,43
9,97,32
10,98,-5
11,98,134
12,98,137
13,98,139
14,98,139
15,98,143
16,97,148
17,97,152
18,98,153
19,96,115
20,90,114
21,20,25
22,65,70
23,58,71
24,50,69
25,41,63
26,72,68
27,53,44
28,63,45
29,45,45
30,40,48
31,36,67
32,74,160
33,41,57
34,19,58
35,29,61
36,62,100
37,91,130
38,91,136
39,83,132
40,78,135
41,86,137
42,81,137
43,68,142
44,90,112
45,89,105
46,30,42
47,76,82
48,75,107
49,74,103
50,41,98
51,90,95
52,46,35
53,36,37
54,25,13
55,80,43
56,70,49
57,63,137
58,33,121
59,80,112
60,86,114
61,72,138
62,74,138
63,33,32
64,75,110
65,60,37
66,59,30
67,53,-1
68,29,22
69,57,13
70,27,38
71,24,31
72,91,133
73,85,135
74,80,136
75,82,113
76,73,138
77,76,140
78,75,138
79,83,110
80,82,138
81,87,138
82,92,138
83,89,153
84,89,151
85,90,147
86,91,142
87,92,139
88,82,138
89,81,140
90,79,142
91,77,144
92,69,127
93,23,86
94,96,116
95,79,138
96,77,139
97,88,117
98,77,114
99,87,115
100,68,86
101,57,90
102,73,106
103,35,4
104,40,15
105,44,29
106,74,146
107,77,33
108,76,14
109,73,-4
110,44,67
111,29,72
112,76,66
113,34,52
114,81,77
115,78,106
116,24,75
117,34,79
118,42,82
119,56,82
120,67,79
121,74,76
122,90,68
123,26,91
124,29,50
125,93,115
126,77,90
127,18,54
128,80,72
129,73,105
130,38,57
131,78,100
132,27,103
133,76,63
134,84,97
135,47,142
136,49,146
137,22,89
138,38,132
139,21,44
140,73,164
141,94,116
142,70,95
143,24,61
144,50,66
145,57,67
146,74,141
147,29,105
148,85,171
149,67,161
150,59,155
151,98,14
152,98,173
153,64,66
154,70,65
155,74,64
156,25,48
157,70,55
158,63,51
159,56,50
160,49,51
161,45,53
162,18,38
163,46,63
164,97,123
165,76,124
166,80,111
167,87,123
168,97,55
169,56,151
170,65,157
171,84,169
172,40,136
173,74,59
174,85,81
175,98,170
176,75,167
177,26,104
178,87,138
179,85,141
180,84,145
181,83,149
182,80,150
183,78,138
184,76,137
185,75,136
186,65,132
187,38,111
188,85,72
189,81,56
190,77,57
191,79,138
192,39,126
193,87,56
194,77,155
195,97,85
196,90,77
197,97,76
198,80,93
199,98,166
200,98,159
201,87,159
202,62,144
203,67,110
204,69,150
205,51,108
206,61,117
207,47,118
208,84,165
209,77,96
210,57,146
211,65,153
212,56,136
213,33,116
214,48,135
215,31,118
216,57,125
217,81,85
218,81,109
219,77,110
220,83,105
221,75,48
222,62,42
223,50,41
224,41,42
225,36,46
226,34,59
227,19,73
228,40,71
229,47,75
230,57,76
231,66,74
232,73,71
233,78,69
234,20,70
235,77,112
236,85,89
237,85,110
238,89,113
239,86,111
240,79,113
241,90,114
242,91,115
243,78,63
244,82,65
245,84,66
246,43,55
247,38,52
248,103,86
249,154,61
250,103,114
251,181,25
252,131,70
253,139,71
254,147,70
255,157,63
256,124,67
257,143,43
258,134,44
259,152,45
260,158,48
261,162,67
262,123,160
263,157,57
264,181,58
265,170,60
266,134,100
267,105,130
268,104,137
269,112,133
270,117,135
271,110,137
272,114,138
273,129,142
274,102,112
275,103,105
276,167,42
277,120,81
278,119,107
279,120,103
280,156,98
281,103,95
282,149,35
283,159,37
284,175,13
285,115,42
286,125,48
287,134,137
288,168,121
289,113,112
290,108,114
291,122,139
292,121,139
293,163,32
294,119,110
295,135,36
296,136,30
297,144,-2
298,169,22
299,139,13
300,171,38
301,176,31
302,105,134
303,111,135
304,116,137
305,112,113
306,121,139
307,119,140
308,120,139
309,110,110
310,113,139
311,109,138
312,104,138
313,106,153
314,105,151
315,105,147
316,104,142
317,104,139
318,113,139
319,114,140
320,116,142
321,117,144
322,126,127
323,178,86
324,116,139
325,117,139
326,106,117
327,117,114
328,107,115
329,127,85
330,139,90
331,121,106
332,163,3
333,158,15
334,151,29
335,123,146
336,117,32
337,120,13
338,123,-4
339,153,67
340,169,72
341,120,65
342,164,52
343,115,77
344,115,106
345,174,75
346,164,79
347,155,83
348,140,82
349,130,79
350,122,76
351,104,68
352,172,91
353,169,50
354,100,115
355,118,90
356,183,54
357,116,72
358,122,105
359,160,57
360,116,100
361,174,103
362,120,62
363,110,97
364,152,143
365,151,147
366,178,89
367,161,133
368,179,44
369,124,164
370,99,116
371,125,95
372,176,60
373,146,66
374,139,67
375,120,141
376,169,105
377,112,171
378,131,162
379,140,156
380,133,66
381,126,64
382,122,63
383,174,47
384,127,54
385,134,50
386,141,49
387,149,51
388,153,54
389,183,38
390,151,64
391,119,124
392,113,111
393,106,123
394,142,151
395,133,158
396,112,170
397,161,136
398,122,59
399,109,81
400,122,168
401,174,104
402,109,138
403,110,141
404,111,144
405,112,148
406,115,150
407,117,138
408,119,138
409,120,137
410,131,131
411,160,111
412,110,72
413,115,56
414,119,56
415,116,139
416,159,126
417,108,56
418,120,155
419,104,77
420,114,93
421,109,159
422,136,144
423,128,110
424,128,150
425,145,108
426,135,117
427,150,118
428,111,165
429,118,96
430,141,147
431,132,154
432,142,136
433,166,116
434,150,135
435,169,119
436,140,125
437,114,85
438,112,109
439,117,110
440,110,105
441,121,47
442,134,42
443,146,41
444,155,42
445,161,46
446,164,59
447,180,74
448,158,72
449,150,75
450,140,76
451,130,74
452,123,71
453,118,69
454,181,70
455,116,112
456,109,89
457,107,110
458,104,113
459,107,111
460,115,113
461,102,114
462,102,115
463,117,63
464,114,65
465,111,66
466,155,56
467,160,52
468,59,58
469,68,58
470,59,49
471,49,58
472,58,67
473,138,58
474,149,58
475,138,48
476,128,57
477,138,67
