0,102,136
1,109,111
2,102,116
3,100,85
4,110,104
5,109,94
6,104,67
7,47,54
8,103,48
9,104,39
10,105,0
11,101,138
12,100,141
13,99,143
14,99,142
15,99,146
16,99,150
17,98,154
18,94,160
19,107,114
20,97,113
21,11,19
22,68,61
23,62,62
24,54,61
25,43,55
26,74,60
27,59,42
28,67,43
29,51,42
30,46,44
31,36,60
32,64,169
33,43,50
34,4,52
35,25,53
36,61,96
37,92,133
38,91,140
39,81,134
40,73,135
41,82,139
42,75,138
43,57,142
44,103,111
45,102,104
46,36,40
47,77,78
48,79,105
49,78,100
50,37,93
51,102,94
52,58,36
53,46,37
54,24,9
55,89,45
56,73,46
57,52,135
58,0,120
59,84,109
60,90,112
61,62,136
62,64,136
63,42,32
64,77,107
65,72,39
66,72,33
67,62,0
68,32,20
69,67,16
70,30,35
71,20,28
72,92,137
73,82,136
74,74,136
75,85,110
76,63,136
77,67,139
78,65,136
79,91,109
80,75,139
81,83,140
82,91,142
83,84,159
84,88,153
85,89,149
86,90,145
87,91,141
88,75,139
89,74,140
90,72,142
91,71,144
92,65,124
93,-6,80
94,105,115
95,70,138
96,68,138
97,92,115
98,78,111
99,91,113
100,70,81
101,57,85
102,75,102
103,40,2
104,47,16
105,56,31
106,65,149
107,88,36
108,85,18
109,82,0
110,47,59
111,26,65
112,77,59
113,37,47
114,83,74
115,86,104
116,14,70
117,34,72
118,46,76
119,60,75
120,70,73
121,77,70
122,96,68
123,14,86
124,30,46
125,103,114
126,78,86
127,-3,47
128,83,67
129,73,101
130,40,50
131,85,98
132,-5,99
133,77,56
134,93,95
135,25,147
136,20,154
137,0,84
138,14,134
139,12,38
140,60,177
141,102,115
142,71,91
143,16,53
144,56,57
145,62,58
146,65,139
147,14,101
148,74,189
149,47,175
150,34,167
151,104,19
152,90,190
153,67,57
154,72,56
155,75,56
156,22,42
157,71,50
158,65,47
159,58,46
160,52,47
161,48,48
162,2,31
163,51,56
164,101,121
165,74,121
166,85,109
167,90,121
168,102,56
169,36,159
170,47,168
171,75,184
172,9,139
173,75,54
174,92,79
175,92,185
176,60,183
177,1,101
178,83,140
179,81,143
180,80,146
181,78,149
182,73,155
183,69,137
184,68,136
185,67,135
186,58,129
187,27,108
188,90,71
189,84,53
190,78,52
191,70,138
192,22,125
193,92,55
194,68,162
195,107,85
196,98,77
197,105,76
198,85,90
199,93,178
200,94,168
201,81,167
202,49,145
203,66,107
204,57,154
205,48,104
206,58,114
207,39,115
208,78,176
209,79,93
210,41,151
211,52,161
212,44,135
213,14,114
214,33,136
215,5,117
216,50,122
217,85,83
218,89,108
219,82,108
220,94,104
221,80,47
222,69,42
223,59,40
224,50,41
225,42,43
226,34,52
227,1,68
228,41,64
229,50,68
230,60,68
231,69,66
232,75,64
233,80,63
234,-5,62
235,81,109
236,93,87
237,96,109
238,98,112
239,95,110
240,82,111
241,100,113
242,99,114
243,80,57
244,84,60
245,88,63
246,45,49
247,41,47
248,112,85
249,135,57
250,111,113
251,150,26
252,119,64
253,125,64
254,131,64
255,136,59
256,115,62
257,131,46
258,124,46
259,137,47
260,139,49
261,140,64
262,114,167
263,137,55
264,149,57
265,143,58
266,128,97
267,110,134
268,107,141
269,116,135
270,119,136
271,112,140
272,116,139
273,120,142
274,114,111
275,115,104
276,147,44
277,117,79
278,122,105
279,122,100
280,142,95
281,114,94
282,140,39
283,145,40
284,148,17
285,116,45
286,118,49
287,125,135
288,136,119
289,118,109
290,113,112
291,123,138
292,121,138
293,147,35
294,121,107
295,130,40
296,132,34
297,135,5
298,148,26
299,133,20
300,149,40
301,150,34
302,109,138
303,114,138
304,118,138
305,116,111
306,122,138
307,120,141
308,121,139
309,117,109
310,114,141
311,110,142
312,105,142
313,102,159
314,106,153
315,107,150
316,107,145
317,106,142
318,114,141
319,116,142
320,117,144
321,118,146
322,122,125
323,140,82
324,117,140
325,119,140
326,111,115
327,118,111
328,112,114
329,122,82
330,130,87
331,121,103
332,144,9
333,143,22
334,142,33
335,116,149
336,119,36
337,121,20
338,123,2
339,134,62
340,144,69
341,112,61
342,142,51
343,114,75
344,121,104
345,150,73
346,142,75
347,137,79
348,128,78
349,120,74
350,115,71
351,109,68
352,151,88
353,145,50
354,110,114
355,118,87
356,144,52
357,112,68
358,120,102
359,138,55
360,120,98
361,139,100
362,112,58
363,118,96
364,134,144
365,130,150
366,149,86
367,139,132
368,150,44
369,115,175
370,108,115
371,121,92
372,145,59
373,131,60
374,126,61
375,121,142
376,148,102
377,104,187
378,119,172
379,124,163
380,121,60
381,116,59
382,113,58
383,147,48
384,117,53
385,123,51
386,128,50
387,133,51
388,135,53
389,148,38
390,134,59
391,118,122
392,119,109
393,109,121
394,127,156
395,121,165
396,105,182
397,133,136
398,114,56
399,113,80
400,113,181
401,146,101
402,110,141
403,112,144
404,113,147
405,113,150
406,110,155
407,119,139
408,120,138
409,122,137
410,124,129
411,144,109
412,111,71
413,111,54
414,113,54
415,117,140
416,141,124
417,109,55
418,112,160
419,110,77
420,117,91
421,103,166
422,125,144
423,124,107
424,119,153
425,135,106
426,128,115
427,138,116
428,105,175
429,119,94
430,128,149
431,121,158
432,130,135
433,145,114
434,135,134
435,143,116
436,130,123
437,115,83
438,120,107
439,121,108
440,119,104
441,116,48
442,127,44
443,135,44
444,141,45
445,143,47
446,140,56
447,149,71
448,138,68
449,133,70
450,126,70
451,119,68
452,115,66
453,112,65
454,142,67
455,120,109
456,115,88
457,117,109
458,113,112
459,116,110
460,117,111
461,112,113
462,110,114
463,111,59
464,109,61
465,110,63
466,136,54
467,140,51
468,57,51
469,65,51
470,57,44
471,49,51
472,56,58
473,122,54
474,129,55
475,123,48
476,116,54
477,122,61
