0,94,134
1,92,113
2,95,118
3,87,86
4,91,106
5,92,95
6,94,66
7,53,59
8,95,44
9,95,33
10,96,-4
11,94,137
12,95,140
13,96,141
14,96,141
15,96,145
16,96,149
17,96,153
18,100,161
19,93,116
20,87,115
21,34,24
22,72,65
23,65,66
24,59,65
25,52,61
26,76,63
27,59,45
28,67,46
29,53,47
30,49,49
31,48,65
32,78,166
33,51,57
34,34,56
35,42,58
36,65,98
37,86,132
38,88,139
39,80,133
40,76,133
41,83,138
42,79,137
43,71,143
44,87,113
45,85,106
46,40,43
47,78,80
48,74,106
49,74,102
50,48,95
51,86,95
52,51,37
53,44,39
54,37,13
55,79,42
56,74,48
57,66,136
58,50,120
59,79,111
60,84,114
61,72,135
62,73,135
63,41,33
64,74,109
65,62,37
66,60,31
67,58,-1
68,39,22
69,61,14
70,37,38
71,36,31
72,87,136
73,81,135
74,77,135
75,80,112
76,73,135
77,75,138
78,74,136
79,81,111
80,81,138
81,84,139
82,89,140
83,91,160
84,88,152
85,88,148
86,89,144
87,89,140
88,80,138
89,79,139
90,78,141
91,77,143
92,70,126
93,42,84
94,94,117
95,78,137
96,76,137
97,86,117
98,77,112
99,85,115
100,72,83
101,62,88
102,74,104
103,45,4
104,47,16
105,48,31
106,76,150
107,76,33
108,76,14
109,75,-3
110,54,64
111,43,69
112,79,62
113,45,51
114,82,75
115,77,105
116,36,73
117,45,76
118,52,79
119,64,79
120,72,76
121,78,73
122,88,67
123,38,88
124,41,50
125,89,116
126,78,88
127,37,52
128,82,69
129,74,103
130,49,57
131,77,99
132,45,101
133,79,59
134,81,97
135,57,143
136,60,149
137,37,86
138,51,132
139,35,42
140,78,172
141,91,117
142,73,93
143,39,58
144,59,61
145,65,62
146,74,139
147,41,102
148,89,182
149,74,168
150,68,160
151,95,14
152,102,185
153,70,61
154,75,60
155,78,59
156,38,47
157,74,53
158,68,51
159,62,51
160,57,52
161,54,54
162,34,36
163,56,60
164,95,123
165,75,123
166,78,111
167,86,123
168,95,54
169,64,154
170,71,163
171,88,179
172,55,136
173,78,57
174,84,80
175,101,181
176,81,176
177,40,102
178,84,139
179,83,142
180,82,145
181,82,148
182,82,156
183,76,136
184,75,135
185,74,134
186,67,130
187,46,109
188,85,71
189,82,54
190,79,54
191,78,137
192,49,124
193,87,54
194,80,160
195,93,85
196,88,77
197,94,76
198,80,92
199,100,175
200,100,168
201,89,166
202,67,145
203,69,109
204,73,153
205,56,106
206,64,116
207,53,116
208,88,173
209,77,95
210,63,148
211,71,157
212,61,135
213,44,114
214,55,134
215,45,117
216,61,124
217,81,84
218,79,109
219,76,109
220,80,105
221,76,47
222,65,43
223,55,42
224,49,44
225,45,47
226,46,58
227,35,71
228,51,69
229,56,71
230,65,71
231,72,70
232,78,68
233,81,65
234,40,67
235,76,111
236,83,88
237,82,111
238,86,114
239,83,112
240,78,112
241,87,115
242,89,116
243,81,59
244,84,62
245,85,64
246,52,56
247,48,52
248,99,86
249,151,58
250,101,115
251,181,22
252,129,65
253,136,65
254,143,65
255,154,60
256,123,63
257,141,42
258,132,43
259,149,44
260,154,47
261,159,65
262,126,168
263,154,55
264,183,56
265,168,59
266,133,99
267,103,133
268,104,139
269,114,135
270,121,135
271,112,139
272,119,138
273,133,144
274,98,113
275,98,106
276,163,41
277,118,80
278,118,107
279,118,102
280,154,96
281,99,95
282,145,34
283,156,36
284,172,10
285,112,40
286,125,47
287,137,137
288,177,123
289,113,111
290,107,114
291,132,136
292,130,137
293,160,31
294,119,109
295,131,34
296,132,28
297,139,-3
298,164,21
299,133,13
300,168,37
301,173,30
302,104,137
303,113,137
304,120,137
305,111,113
306,131,136
307,126,139
308,129,137
309,108,111
310,118,139
311,111,140
312,104,141
313,109,161
314,105,153
315,105,148
316,104,144
317,104,141
318,118,139
319,119,140
320,121,142
321,122,144
322,127,127
323,187,85
324,123,138
325,125,139
326,105,117
327,117,113
328,106,115
329,125,83
330,137,88
331,120,104
332,158,1
333,151,15
334,147,28
335,127,151
336,114,30
337,115,14
338,119,-5
339,150,63
340,167,70
341,120,61
342,161,50
343,113,75
344,112,106
345,174,73
346,161,76
347,151,79
348,137,79
349,127,76
350,120,72
351,101,67
352,173,90
353,166,49
354,97,116
355,117,88
356,189,51
357,114,69
358,122,104
359,157,55
360,113,100
361,183,103
362,120,59
363,106,97
364,158,147
365,159,153
366,182,88
367,167,136
368,179,41
369,128,175
370,97,117
371,124,93
372,175,59
373,143,61
374,136,61
375,127,140
376,172,104
377,116,184
378,138,172
379,148,164
380,131,60
381,125,59
382,122,59
383,172,46
384,127,53
385,133,50
386,139,49
387,146,50
388,150,52
389,186,34
390,147,60
391,120,123
392,112,111
393,106,123
394,148,158
395,138,166
396,115,180
397,169,140
398,122,56
399,106,80
400,128,179
401,180,105
402,112,140
403,113,143
404,113,146
405,114,149
406,119,157
407,125,137
408,126,136
409,127,136
410,133,131
411,161,111
412,107,71
413,114,53
414,119,53
415,124,138
416,163,127
417,106,53
418,123,162
419,100,77
420,112,92
421,111,167
422,139,147
423,128,109
424,132,155
425,144,107
426,134,116
427,151,118
428,114,174
429,117,95
430,145,151
431,136,160
432,144,137
433,170,117
434,153,137
435,176,120
436,141,125
437,112,84
438,110,110
439,115,110
440,106,106
441,119,45
442,131,40
443,142,40
444,151,41
445,157,45
446,161,57
447,184,72
448,155,68
449,147,71
450,137,71
451,128,69
452,121,67
453,116,65
454,188,67
455,116,111
456,105,88
457,104,111
458,101,114
459,105,112
460,115,113
461,99,115
462,99,116
463,117,59
464,113,61
465,109,63
466,152,54
467,157,51
468,66,56
469,74,56
470,66,49
471,59,56
472,67,63
473,139,54
474,146,54
475,139,48
476,132,54
477,139,61
