0,99,132
1,99,110
2,99,115
3,92,85
4,99,103
5,99,93
6,99,68
7,48,62
8,99,53
9,99,43
10,99,3
11,100,134
12,100,136
13,100,137
14,100,158
15,100,162
16,100,166
17,100,170
18,99,176
19,99,114
20,90,112
21,18,35
22,68,69
23,61,69
24,53,68
25,45,64
26,74,68
27,58,52
28,66,53
29,50,52
30,46,54
31,37,68
32,69,180
33,46,60
34,15,66
35,28,64
36,58,98
37,86,130
38,87,135
39,74,131
40,65,132
41,77,135
42,69,135
43,57,146
44,92,110
45,91,102
46,34,48
47,75,81
48,70,103
49,70,99
50,35,95
51,92,93
52,52,43
53,42,44
54,24,23
55,85,53
56,73,56
57,51,134
58,22,135
59,76,108
60,84,111
61,55,137
62,57,137
63,38,39
64,69,105
65,67,46
66,66,40
67,53,7
68,29,32
69,59,22
70,30,45
71,23,41
72,86,133
73,75,133
74,67,134
75,78,109
76,56,137
77,61,146
78,58,138
79,82,108
80,71,136
81,78,136
82,88,137
83,86,174
84,86,168
85,87,164
86,87,160
87,88,157
88,71,150
89,69,151
90,67,153
91,66,155
92,60,123
93,15,97
94,99,115
95,65,145
96,63,145
97,86,114
98,72,109
99,85,112
100,67,84
101,54,88
102,68,101
103,35,13
104,41,25
105,50,37
106,64,157
107,83,44
108,77,22
109,74,3
110,48,67
111,28,73
112,78,66
113,37,56
114,81,78
115,77,102
116,20,79
117,33,77
118,43,80
119,57,80
120,67,78
121,75,75
122,92,70
123,19,93
124,31,56
125,95,113
126,74,88
127,14,64
128,81,72
129,67,101
130,42,61
131,76,97
132,16,115
133,78,64
134,84,95
135,37,154
136,39,164
137,14,96
138,27,143
139,19,52
140,68,188
141,96,114
142,67,92
143,22,65
144,55,64
145,61,65
146,59,146
147,19,108
148,83,201
149,60,185
150,50,176
151,99,22
152,100,204
153,67,65
154,73,64
155,76,64
156,26,54
157,71,60
158,65,59
159,59,58
160,53,58
161,50,59
162,15,48
163,51,63
164,99,120
165,68,120
166,77,107
167,86,119
168,99,60
169,48,166
170,58,177
171,83,196
172,30,151
173,76,63
174,86,81
175,100,199
176,70,195
177,15,113
178,79,155
179,77,157
180,76,160
181,75,163
182,73,167
183,62,136
184,60,135
185,59,134
186,54,128
187,28,112
188,87,73
189,83,60
190,79,61
191,64,136
192,28,131
193,90,61
194,71,172
195,99,84
196,92,78
197,99,77
198,79,91
199,100,191
200,100,183
201,85,180
202,53,149
203,61,107
204,61,161
205,45,106
206,55,114
207,39,117
208,83,188
209,73,93
210,49,156
211,59,168
212,46,136
213,21,121
214,38,139
215,19,129
216,49,122
217,81,85
218,79,106
219,73,106
220,84,102
221,78,55
222,66,50
223,56,48
224,47,49
225,41,52
226,36,62
227,14,81
228,41,71
229,48,73
230,58,74
231,68,73
232,75,71
233,80,70
234,14,81
235,72,107
236,86,88
237,86,108
238,90,112
239,86,109
240,74,109
241,92,113
242,93,114
243,80,65
244,84,66
245,86,68
246,48,60
247,42,57
248,106,85
249,151,60
250,108,112
251,180,36
252,129,67
253,137,67
254,145,67
255,155,63
256,123,65
257,143,51
258,134,51
259,151,51
260,156,53
261,161,68
262,131,181
263,154,59
264,184,67
265,170,63
266,142,99
267,113,130
268,112,135
269,125,130
270,133,131
271,122,134
272,129,134
273,143,147
274,106,110
275,107,103
276,168,47
277,124,82
278,129,104
279,129,100
280,164,96
281,107,93
282,150,43
283,161,44
284,174,23
285,116,51
286,126,54
287,149,136
288,177,137
289,122,109
290,115,111
291,142,135
292,140,136
293,165,39
294,130,106
295,136,45
296,138,39
297,144,7
298,169,32
299,139,23
300,172,44
301,176,42
302,112,133
303,123,132
304,131,132
305,121,110
306,141,135
307,136,145
308,139,136
309,117,108
310,128,134
311,120,135
312,111,136
313,113,175
314,113,168
315,113,164
316,112,160
317,111,157
318,127,150
319,129,151
320,131,152
321,133,155
322,139,124
323,184,99
324,132,144
325,134,144
326,112,114
327,127,110
328,114,113
329,132,85
330,145,89
331,131,103
332,163,14
333,157,25
334,154,37
335,136,158
336,119,42
337,121,22
338,123,4
339,151,65
340,169,72
341,118,64
342,163,55
343,118,78
344,122,103
345,179,80
346,165,77
347,155,80
348,140,80
349,129,77
350,121,74
351,107,70
352,180,94
353,169,55
354,104,113
355,125,89
356,184,66
357,115,71
358,132,102
359,158,59
360,123,98
361,182,117
362,119,62
363,114,95
364,163,156
365,162,166
366,185,98
367,172,145
368,180,53
369,132,189
370,103,114
371,132,93
372,175,64
373,144,62
374,137,63
375,138,145
376,180,110
377,118,202
378,141,187
379,151,178
380,131,63
381,124,62
382,120,62
383,174,53
384,126,58
385,133,57
386,140,56
387,147,57
388,151,58
389,183,49
390,148,61
391,131,121
392,122,108
393,113,120
394,153,168
395,143,179
396,118,197
397,170,153
398,121,60
399,113,81
400,131,196
401,184,114
402,119,154
403,121,156
404,123,159
405,124,163
406,126,168
407,135,134
408,137,133
409,139,132
410,146,129
411,171,113
412,112,74
413,114,58
414,118,58
415,134,135
416,171,133
417,108,60
418,129,173
419,107,78
420,120,91
421,115,181
422,147,150
423,138,108
424,139,162
425,154,107
426,145,115
427,161,119
428,117,189
429,126,94
430,152,158
431,142,170
432,154,138
433,178,123
434,162,141
435,180,130
436,151,124
437,118,85
438,119,107
439,126,107
440,115,103
441,121,53
442,134,49
443,146,48
444,155,49
445,161,51
446,163,61
447,185,82
448,157,71
449,149,73
450,139,73
451,129,71
452,121,70
453,116,68
454,184,82
455,126,108
456,113,88
457,113,108
458,108,112
459,113,109
460,124,110
461,106,113
462,106,114
463,116,62
464,113,65
465,111,67
466,153,59
467,159,56
468,57,61
469,64,61
470,57,55
471,50,61
472,57,67
473,133,59
474,140,59
475,132,53
476,125,59
477,133,64
