0,98,133
1,96,110
2,97,116
3,89,84
4,95,101
5,95,91
6,96,66
7,46,64
8,96,49
9,96,40
10,96,0
11,98,134
12,98,136
13,99,137
14,99,149
15,99,151
16,99,154
17,99,157
18,100,166
19,96,114
20,88,113
21,19,37
22,67,70
23,59,71
24,52,71
25,43,67
26,73,68
27,54,51
28,63,51
29,47,52
30,42,55
31,37,71
32,70,179
33,43,62
34,16,70
35,28,66
36,57,100
37,86,131
38,87,135
39,76,132
40,69,133
41,79,135
42,72,135
43,61,146
44,89,109
45,88,102
46,31,51
47,74,82
48,70,105
49,70,101
50,35,99
51,88,92
52,48,44
53,38,46
54,25,23
55,81,49
56,70,53
57,54,137
58,24,142
59,76,110
60,83,112
61,61,137
62,63,137
63,34,42
64,70,108
65,63,44
66,61,39
67,53,5
68,29,31
69,57,20
70,27,47
71,23,42
72,86,134
73,77,134
74,70,134
75,78,111
76,62,137
77,66,142
78,64,138
79,80,109
80,74,136
81,80,136
82,88,136
83,88,166
84,88,157
85,88,153
86,88,150
87,89,148
88,74,144
89,73,145
90,71,147
91,70,149
92,62,126
93,17,104
94,96,115
95,70,142
96,68,142
97,86,115
98,72,112
99,84,114
100,66,86
101,53,90
102,68,104
103,35,12
104,40,23
105,46,38
106,68,154
107,78,40
108,75,19
109,72,1
110,47,69
111,30,76
112,76,66
113,35,58
114,79,78
115,75,103
116,20,83
117,35,81
118,45,84
119,59,82
120,68,79
121,76,76
122,89,68
123,20,98
124,29,57
125,92,113
126,74,90
127,15,69
128,81,72
129,68,104
130,40,63
131,75,98
132,19,123
133,76,64
134,82,94
135,38,159
136,39,170
137,15,101
138,28,149
139,19,55
140,69,188
141,93,115
142,66,95
143,22,67
144,53,67
145,59,67
146,65,143
147,20,113
148,84,200
149,61,188
150,51,181
151,96,18
152,101,201
153,65,66
154,71,65
155,75,64
156,24,55
157,69,58
158,63,55
159,56,55
160,50,57
161,46,59
162,16,51
163,49,66
164,98,121
165,70,122
166,76,109
167,85,121
168,96,58
169,48,170
170,58,179
171,83,194
172,31,158
173,74,61
174,84,80
175,101,195
176,71,195
177,17,119
178,81,146
179,80,148
180,78,151
181,78,154
182,77,161
183,67,136
184,65,136
185,64,135
186,56,131
187,29,116
188,84,72
189,81,59
190,77,59
191,69,137
192,29,136
193,88,59
194,73,169
195,96,82
196,89,76
197,96,75
198,78,91
199,101,186
200,100,176
201,86,175
202,56,151
203,62,110
204,64,161
205,45,109
206,55,117
207,39,121
208,84,185
209,73,95
210,50,159
211,60,169
212,48,140
213,22,127
214,39,144
215,21,135
216,49,126
217,79,85
218,78,107
219,73,108
220,81,102
221,75,53
222,63,49
223,52,49
224,44,50
225,38,54
226,35,64
227,15,85
228,42,74
229,49,76
230,59,76
231,68,74
232,74,71
233,79,69
234,16,86
235,73,109
236,83,87
237,83,108
238,88,112
239,83,109
240,75,111
241,89,113
242,90,114
243,79,64
244,83,65
245,85,67
246,45,61
247,40,59
248,103,83
249,152,63
250,105,113
251,181,34
252,130,69
253,138,69
254,145,69
255,155,66
256,123,67
257,141,49
258,132,50
259,150,51
260,155,54
261,162,70
262,131,178
263,155,61
264,185,67
265,171,65
266,139,99
267,110,131
268,110,135
269,122,131
270,130,132
271,120,134
272,127,134
273,142,145
274,103,109
275,103,101
276,165,49
277,121,81
278,124,104
279,124,100
280,163,96
281,103,91
282,146,43
283,157,45
284,173,20
285,111,49
286,124,53
287,149,135
288,182,140
289,118,109
290,111,112
291,139,135
292,137,135
293,161,40
294,125,107
295,131,44
296,132,38
297,141,3
298,167,29
299,136,19
300,170,46
301,175,39
302,110,133
303,121,133
304,129,133
305,117,110
306,138,135
307,134,140
308,136,135
309,113,108
310,126,134
311,118,135
312,109,136
313,113,165
314,111,156
315,111,153
316,110,150
317,110,148
318,125,143
319,127,143
320,129,145
321,130,147
322,137,124
323,188,101
324,131,140
325,132,140
326,109,115
327,123,111
328,110,113
329,130,85
330,143,89
331,126,103
332,160,10
333,154,22
334,148,37
335,134,153
336,114,41
337,117,18
338,121,0
339,152,68
340,171,74
341,119,66
342,162,57
343,115,77
344,118,103
345,179,80
346,165,79
347,155,81
348,140,81
349,129,78
350,120,75
351,104,68
352,180,95
353,169,56
354,100,113
355,121,88
356,188,66
357,114,72
358,128,103
359,158,62
360,118,97
361,186,120
362,119,64
363,110,94
364,166,158
365,166,169
366,187,99
367,176,147
368,180,52
369,133,187
370,100,114
371,129,93
372,178,66
373,144,65
374,137,66
375,136,141
376,180,110
377,118,200
378,143,188
379,154,180
380,131,65
381,125,64
382,121,64
383,175,55
384,126,57
385,133,54
386,140,54
387,147,55
388,151,58
389,185,48
390,149,65
391,128,121
392,118,108
393,111,120
394,155,169
395,144,179
396,118,193
397,175,157
398,121,61
399,109,79
400,131,195
401,186,116
402,118,145
403,120,147
404,121,149
405,122,152
406,125,160
407,133,134
408,134,134
409,136,133
410,145,129
411,171,114
412,109,72
413,113,59
414,118,59
415,132,135
416,173,134
417,106,59
418,128,169
419,103,76
420,116,91
421,115,174
422,147,149
423,135,108
424,139,160
425,153,107
426,143,115
427,161,119
428,117,185
429,122,94
430,153,158
431,142,169
432,154,138
433,180,124
434,163,142
435,183,132
436,151,124
437,115,84
438,115,107
439,121,107
440,111,102
441,119,53
442,131,48
443,143,47
444,152,49
445,159,52
446,164,63
447,187,82
448,157,73
449,149,74
450,139,74
451,129,73
452,122,71
453,116,69
454,188,83
455,122,108
456,109,86
457,109,108
458,105,112
459,109,109
460,120,110
461,103,113
462,103,114
463,116,64
464,112,65
465,109,67
466,153,60
467,158,57
468,58,61
469,65,61
470,58,54
471,50,61
472,58,68
473,139,60
474,146,60
475,139,53
476,131,59
477,139,66
