0,98,136
1,101,104
2,100,113
3,95,79
4,101,96
5,101,86
6,100,62
7,53,56
8,100,44
9,101,34
10,101,-1
11,98,138
12,98,141
13,98,142
14,98,142
15,98,145
16,98,148
17,98,151
18,99,160
19,101,108
20,94,109
21,26,33
22,72,62
23,65,63
24,59,63
25,50,59
26,78,61
27,61,43
28,69,43
29,54,44
30,50,47
31,44,65
32,74,174
33,51,55
34,23,67
35,36,60
36,68,99
37,91,134
38,91,140
39,84,137
40,79,140
41,86,141
42,81,142
43,69,150
44,95,104
45,94,96
46,39,41
47,81,79
48,79,103
49,79,99
50,48,99
51,95,87
52,55,33
53,45,35
54,34,19
55,86,41
56,76,46
57,64,143
58,28,143
59,84,107
60,89,109
61,73,144
62,75,144
63,41,30
64,79,106
65,69,34
66,67,27
67,63,1
68,40,26
69,67,15
70,35,37
71,32,38
72,91,138
73,85,139
74,80,141
75,86,109
76,74,144
77,77,145
78,75,144
79,88,104
80,82,142
81,87,142
82,92,142
83,90,160
84,91,150
85,91,147
86,91,144
87,92,142
88,82,143
89,81,144
90,80,145
91,79,147
92,72,128
93,21,103
94,100,110
95,79,143
96,78,144
97,91,113
98,81,111
99,90,111
100,74,84
101,63,89
102,78,102
103,46,8
104,51,18
105,52,26
106,75,154
107,84,30
108,83,15
109,81,-1
110,53,62
111,36,71
112,81,59
113,43,50
114,85,74
115,84,99
116,30,81
117,41,77
118,49,80
119,63,79
120,72,75
121,80,71
122,94,64
123,31,97
124,37,49
125,97,108
126,81,87
127,20,67
128,85,67
129,77,103
130,48,55
131,83,94
132,23,123
133,81,56
134,89,90
135,43,159
136,42,170
137,23,101
138,35,149
139,27,51
140,71,182
141,97,110
142,75,93
143,30,61
144,60,58
145,65,58
146,76,146
147,32,113
148,84,193
149,62,185
150,53,179
151,101,15
152,99,195
153,71,58
154,76,56
155,79,56
156,32,48
157,75,51
158,69,49
159,63,49
160,58,51
161,54,52
162,22,48
163,56,57
164,100,120
165,78,123
166,84,106
167,91,120
168,100,53
169,52,169
170,61,176
171,84,187
172,34,158
173,79,54
174,90,76
175,98,188
176,72,190
177,25,118
178,86,142
179,86,144
180,85,146
181,84,149
182,82,157
183,77,143
184,76,143
185,75,142
186,67,135
187,42,116
188,90,68
189,86,51
190,82,51
191,79,143
192,40,136
193,92,52
194,77,166
195,101,77
196,95,71
197,100,70
198,85,88
199,98,179
200,98,169
201,88,169
202,62,153
203,71,110
204,69,161
205,57,108
206,65,118
207,51,122
208,85,178
209,81,93
210,55,159
211,64,167
212,57,144
213,34,127
214,48,145
215,28,135
216,60,129
217,86,81
218,86,103
219,81,105
220,89,97
221,81,45
222,69,40
223,59,39
224,51,41
225,45,44
226,42,58
227,22,83
228,48,69
229,54,71
230,64,71
231,72,68
232,79,66
233,84,63
234,20,85
235,81,108
236,90,82
237,90,103
238,94,107
239,90,105
240,83,110
241,95,108
242,95,110
243,83,56
244,87,59
245,89,61
246,53,54
247,47,51
248,106,79
249,143,59
250,107,109
251,170,36
252,124,64
253,131,66
254,137,66
255,145,62
256,119,62
257,137,44
258,129,44
259,143,46
260,147,49
261,150,68
262,123,174
263,146,56
264,173,69
265,158,63
266,131,100
267,105,135
268,104,141
269,112,138
270,117,141
271,110,142
272,115,143
273,127,151
274,106,104
275,107,96
276,157,46
277,119,80
278,121,103
279,121,99
280,150,101
281,107,87
282,143,37
283,152,40
284,163,22
285,114,41
286,122,46
287,132,144
288,166,145
289,116,108
290,111,110
291,124,146
292,122,146
293,155,36
294,121,107
295,131,36
296,133,30
297,137,3
298,159,29
299,134,16
300,160,42
301,165,40
302,105,138
303,111,140
304,116,142
305,114,109
306,123,146
307,120,146
308,121,146
309,113,105
310,114,144
311,109,143
312,104,142
313,107,160
314,105,151
315,105,147
316,104,145
317,104,143
318,114,144
319,115,145
320,116,147
321,117,149
322,126,129
323,172,106
324,118,145
325,119,145
326,109,113
327,118,112
328,110,111
329,125,85
330,135,91
331,122,103
332,153,10
333,148,20
334,146,31
335,122,155
336,118,31
337,118,15
338,121,0
339,142,65
340,156,74
341,115,59
342,153,53
343,114,75
344,117,100
345,167,83
346,152,80
347,143,83
348,131,81
349,123,76
350,116,72
351,106,64
352,166,100
353,158,53
354,104,108
355,118,88
356,174,70
357,112,68
358,122,104
359,148,57
360,117,95
361,170,125
362,116,56
363,112,90
364,152,161
365,152,171
366,172,103
367,160,151
368,169,53
369,125,183
370,103,110
371,124,94
372,162,64
373,137,61
374,131,61
375,121,148
376,164,116
377,113,193
378,134,185
379,143,180
380,126,60
381,120,58
382,117,57
383,162,51
384,122,51
385,128,50
386,134,50
387,140,52
388,143,54
389,173,51
390,141,60
391,120,124
392,116,106
393,109,120
394,143,170
395,135,177
396,113,187
397,160,160
398,118,54
399,111,76
400,124,190
401,170,121
402,109,143
403,110,145
404,111,147
405,111,150
406,115,158
407,119,145
408,120,144
409,121,144
410,130,137
411,155,119
412,110,69
413,112,51
414,115,52
415,118,145
416,156,139
417,107,52
418,119,166
419,106,72
420,115,89
421,109,169
422,134,154
423,127,111
424,127,161
425,141,110
426,133,119
427,146,124
428,111,179
429,119,93
430,141,160
431,132,168
432,139,145
433,163,129
434,148,147
435,167,137
436,137,131
437,114,82
438,115,103
439,119,106
440,112,98
441,118,45
442,130,42
443,139,42
444,147,44
445,151,48
446,152,60
447,173,86
448,147,71
449,140,73
450,131,72
451,123,70
452,117,66
453,113,64
454,173,88
455,118,108
456,111,83
457,111,103
458,107,107
459,110,105
460,116,110
461,106,108
462,105,110
463,113,57
464,110,59
465,109,62
466,144,55
467,149,53
468,65,52
469,72,52
470,65,46
471,59,53
472,66,59
473,132,54
474,138,54
475,132,48
476,126,53
477,131,60
