0,100,132
1,109,103
2,103,111
3,100,78
4,110,96
5,109,86
6,102,62
7,48,55
8,101,42
9,102,32
10,100,0
11,100,135
12,99,138
13,98,140
14,98,140
15,98,143
16,98,146
17,97,149
18,95,156
19,107,107
20,98,107
21,7,26
22,67,62
23,60,62
24,53,62
25,44,58
26,72,60
27,60,39
28,67,40
29,52,40
30,46,43
31,35,62
32,66,166
33,45,53
34,4,58
35,25,56
36,62,95
37,93,130
38,92,138
39,84,133
40,77,136
41,85,138
42,79,139
43,61,143
44,103,103
45,103,95
46,35,34
47,77,77
48,80,100
49,79,96
50,39,93
51,102,86
52,57,25
53,45,28
54,18,12
55,87,35
56,72,43
57,56,137
58,3,129
59,85,105
60,91,108
61,68,142
62,70,141
63,40,22
64,79,104
65,71,27
66,71,20
67,57,-1
68,28,19
69,63,11
70,28,30
71,17,30
72,92,134
73,84,136
74,78,138
75,86,107
76,69,142
77,73,142
78,71,141
79,91,102
80,79,140
81,85,140
82,91,140
83,86,155
84,90,149
85,91,145
86,91,142
87,91,140
88,79,140
89,78,142
90,77,143
91,76,145
92,68,124
93,-4,91
94,105,109
95,75,141
96,74,141
97,93,111
98,80,109
99,92,109
100,69,81
101,57,85
102,77,100
103,34,3
104,42,12
105,54,18
106,68,148
107,87,25
108,82,13
109,78,-2
110,47,60
111,26,68
112,76,58
113,37,46
114,82,72
115,87,98
116,15,73
117,33,74
118,44,77
119,58,76
120,68,73
121,76,69
122,95,63
123,16,89
124,29,44
125,104,107
126,78,85
127,-4,57
128,82,65
129,74,100
130,41,53
131,85,93
132,-1,110
133,75,55
134,94,89
135,28,149
136,23,158
137,3,90
138,17,138
139,10,43
140,62,174
141,102,109
142,71,90
143,15,57
144,56,57
145,61,58
146,72,143
147,17,105
148,75,184
149,48,175
150,36,168
151,101,16
152,90,185
153,66,57
154,71,56
155,74,56
156,21,42
157,70,50
158,65,48
159,60,48
160,54,49
161,50,51
162,0,40
163,52,56
164,102,117
165,77,120
166,86,104
167,92,117
168,101,52
169,38,159
170,49,167
171,77,178
172,12,146
173,74,53
174,91,75
175,93,179
176,61,181
177,4,107
178,85,140
179,84,142
180,83,144
181,83,147
182,76,152
183,74,140
184,73,140
185,72,139
186,61,130
187,30,109
188,89,67
189,83,49
190,77,50
191,74,141
192,25,128
193,91,50
194,70,159
195,106,78
196,97,71
197,104,70
198,86,86
199,94,172
200,95,163
201,83,162
202,52,146
203,67,106
204,60,153
205,50,104
206,60,113
207,42,116
208,80,171
209,80,91
210,44,151
211,54,159
212,47,136
213,17,118
214,36,137
215,8,123
216,53,123
217,85,80
218,89,101
219,83,103
220,95,96
221,79,41
222,69,35
223,59,33
224,50,35
225,42,39
226,34,54
227,2,74
228,41,66
229,49,68
230,59,69
231,67,67
232,74,64
233,79,62
234,-4,74
235,82,105
236,93,82
237,97,102
238,99,106
239,95,103
240,83,108
241,101,106
242,100,108
243,78,55
244,83,58
245,87,59
246,48,52
247,42,47
248,111,79
249,137,65
250,111,108
251,146,39
252,121,69
253,127,71
254,132,71
255,137,67
256,116,67
257,131,48
258,124,48
259,137,50
260,140,53
261,140,72
262,114,166
263,138,63
264,146,70
265,143,66
266,127,99
267,106,131
268,104,138
269,111,134
270,113,137
271,107,139
272,110,140
273,118,145
274,114,103
275,116,96
276,146,46
277,116,80
278,122,103
279,121,99
280,140,100
281,114,87
282,138,36
283,143,40
284,146,26
285,115,39
286,118,51
287,122,139
288,133,135
289,117,107
290,112,109
291,114,143
292,113,142
293,145,36
294,120,106
295,129,36
296,130,29
297,132,8
298,146,32
299,131,20
300,147,43
301,148,43
302,105,135
303,109,137
304,112,139
305,115,108
306,114,143
307,112,143
308,113,142
309,117,104
310,108,141
311,106,141
312,102,140
313,102,155
314,103,149
315,103,145
316,103,143
317,102,140
318,109,141
319,110,142
320,110,144
321,111,146
322,121,126
323,137,100
324,111,142
325,111,142
326,110,112
327,117,110
328,111,110
329,121,85
330,129,91
331,121,102
332,142,16
333,141,24
334,139,31
335,114,149
336,117,29
337,118,18
338,119,3
339,135,70
340,144,77
341,113,65
342,142,57
343,113,75
344,121,100
345,148,83
346,143,82
347,138,85
348,129,83
349,121,79
350,116,75
351,108,64
352,148,98
353,144,56
354,110,107
355,117,87
356,141,69
357,112,70
358,119,103
359,140,63
360,120,95
361,136,117
362,113,62
363,117,90
364,131,151
365,127,159
366,146,100
367,136,142
368,147,55
369,114,173
370,108,109
371,120,93
372,144,67
373,132,67
374,127,67
375,113,144
376,145,112
377,103,184
378,117,174
379,122,168
380,122,66
381,117,64
382,114,63
383,145,54
384,118,58
385,123,56
386,129,56
387,134,58
388,136,60
389,145,53
390,135,66
391,118,121
392,118,106
393,110,118
394,126,160
395,120,166
396,105,178
397,130,149
398,115,60
399,112,76
400,111,179
401,143,115
402,106,141
403,107,142
404,108,145
405,108,148
406,109,152
407,112,141
408,113,141
409,114,140
410,122,132
411,141,115
412,110,69
413,111,54
414,113,56
415,110,142
416,138,132
417,108,53
418,111,159
419,110,72
420,116,88
421,104,162
422,123,148
423,123,109
424,117,154
425,134,108
426,127,117
427,136,120
428,105,171
429,118,93
430,126,152
431,120,159
432,128,140
433,142,124
434,133,140
435,140,129
436,128,127
437,114,82
438,119,103
439,120,105
440,119,98
441,116,47
442,126,44
443,134,44
444,140,46
445,143,50
446,141,64
447,146,85
448,139,75
449,134,77
450,128,76
451,121,74
452,116,70
453,112,67
454,138,85
455,119,107
456,114,83
457,117,103
458,112,107
459,116,104
460,116,109
461,112,107
462,110,109
463,111,62
464,110,63
465,109,64
466,137,61
467,141,57
468,60,52
469,67,52
470,60,46
471,53,52
472,60,59
473,129,61
474,134,62
475,129,55
476,123,61
477,128,68
