0,99,134
1,93,108
2,95,114
3,88,81
4,93,100
5,94,89
6,96,63
7,51,60
8,96,46
9,96,36
10,97,-1
11,99,136
12,100,138
13,100,139
14,100,139
15,100,142
16,100,145
17,100,148
18,99,155
19,94,111
20,87,110
21,30,31
22,69,65
23,63,66
24,56,66
25,48,63
26,75,64
27,60,46
28,67,47
29,53,48
30,48,50
31,43,67
32,73,168
33,49,58
34,27,63
35,36,63
36,63,98
37,91,133
38,92,138
39,83,134
40,78,136
41,85,138
42,80,138
43,68,142
44,87,107
45,86,100
46,40,46
47,77,79
48,73,103
49,73,99
50,44,96
51,87,90
52,55,38
53,46,40
54,35,19
55,83,45
56,74,50
57,62,136
58,36,132
59,78,108
60,84,110
61,71,138
62,73,139
63,43,36
64,73,106
65,67,39
66,66,34
67,58,3
68,37,27
69,61,18
70,36,43
71,32,37
72,91,136
73,84,136
74,79,137
75,80,109
76,72,138
77,75,140
78,74,139
79,81,106
80,82,139
81,87,139
82,93,139
83,90,155
84,91,148
85,91,145
86,92,142
87,93,139
88,82,139
89,80,140
90,79,141
91,78,143
92,68,124
93,31,95
94,95,112
95,78,139
96,76,139
97,86,113
98,76,110
99,85,111
100,70,83
101,59,88
102,72,102
103,43,9
104,46,20
105,53,33
106,74,147
107,81,36
108,77,17
109,76,0
110,51,65
111,36,72
112,79,62
113,42,54
114,82,74
115,76,101
116,30,78
117,40,77
118,48,80
119,60,78
120,70,75
121,77,72
122,89,65
123,30,93
124,37,54
125,90,111
126,77,87
127,29,62
128,82,68
129,72,102
130,46,59
131,77,96
132,32,113
133,79,60
134,82,92
135,45,151
136,47,159
137,27,94
138,37,140
139,30,49
140,72,176
141,91,112
142,71,92
143,31,64
144,57,61
145,63,62
146,74,141
147,31,108
148,85,186
149,65,176
150,57,169
151,97,16
152,100,188
153,68,61
154,74,61
155,77,60
156,33,53
157,73,55
158,67,53
159,61,52
160,56,53
161,52,55
162,28,45
163,54,61
164,96,119
165,74,121
166,78,107
167,86,119
168,96,54
169,54,160
170,63,168
171,84,181
172,41,148
173,77,58
174,85,77
175,99,183
176,74,182
177,29,111
178,87,139
179,85,141
180,84,143
181,84,146
182,81,152
183,76,138
184,75,138
185,74,137
186,64,129
187,39,112
188,86,69
189,83,55
190,79,55
191,78,139
192,39,130
193,88,55
194,77,159
195,94,80
196,89,74
197,95,72
198,80,89
199,99,174
200,99,164
201,87,163
202,61,146
203,67,107
204,69,154
205,52,106
206,61,115
207,47,118
208,85,173
209,76,93
210,56,152
211,64,160
212,55,137
213,33,121
214,47,138
215,32,126
216,57,124
217,81,82
218,78,105
219,75,106
220,81,101
221,78,49
222,67,44
223,57,43
224,50,45
225,44,48
226,42,61
227,26,79
228,46,70
229,53,72
230,61,72
231,70,70
232,76,68
233,81,66
234,30,78
235,75,107
236,84,85
237,83,106
238,87,109
239,83,107
240,78,109
241,88,110
242,89,112
243,81,60
244,84,62
245,86,63
246,50,57
247,46,54
248,101,81
249,148,59
250,103,110
251,183,27
252,129,64
253,136,65
254,142,65
255,152,61
256,123,63
257,139,46
258,131,47
259,146,48
260,151,50
261,160,66
262,128,169
263,151,57
264,187,61
265,169,62
266,136,97
267,108,132
268,108,137
269,117,133
270,123,134
271,115,137
272,120,136
273,135,142
274,100,107
275,100,100
276,161,46
277,120,78
278,120,103
279,121,98
280,159,95
281,101,90
282,142,39
283,153,41
284,174,15
285,111,46
286,124,49
287,141,135
288,188,132
289,115,107
290,109,110
291,131,136
292,129,136
293,157,36
294,121,105
295,128,40
296,129,34
297,141,0
298,167,24
299,135,16
300,167,42
301,176,34
302,108,135
303,116,135
304,122,135
305,113,108
306,130,136
307,126,138
308,128,136
309,110,106
310,120,137
311,114,138
312,107,139
313,109,155
314,108,147
315,108,144
316,108,141
317,107,139
318,119,137
319,121,138
320,122,140
321,123,141
322,131,124
323,193,93
324,124,137
325,125,137
326,106,113
327,119,110
328,107,111
329,128,82
330,140,86
331,123,101
332,160,6
333,153,18
334,144,33
335,128,147
336,113,37
337,117,16
338,120,-1
339,148,64
340,168,71
341,119,61
342,159,53
343,114,73
344,114,101
345,179,75
346,162,76
347,152,79
348,138,78
349,128,75
350,120,72
351,103,65
352,179,91
353,166,53
354,98,111
355,119,86
356,191,58
357,115,68
358,124,101
359,155,58
360,115,95
361,192,112
362,120,59
363,108,92
364,167,152
365,169,160
366,189,93
367,178,141
368,182,46
369,131,177
370,98,112
371,126,91
372,177,63
373,141,61
374,135,61
375,127,138
376,179,107
377,116,187
378,143,178
379,155,171
380,130,60
381,125,60
382,121,59
383,173,51
384,126,54
385,132,52
386,138,52
387,143,53
388,147,55
389,188,41
390,145,60
391,123,120
392,115,106
393,107,119
394,155,162
395,144,170
396,116,182
397,179,148
398,122,57
399,108,77
400,130,183
401,188,110
402,114,138
403,115,140
404,116,142
405,116,145
406,119,152
407,125,136
408,126,135
409,127,135
410,138,129
411,167,111
412,109,69
413,114,54
414,119,55
415,124,137
416,171,130
417,107,55
418,124,160
419,102,73
420,114,88
421,111,164
422,143,146
423,131,107
424,135,154
425,149,105
426,139,114
427,157,117
428,114,174
429,119,92
430,151,152
431,140,161
432,149,136
433,179,120
434,161,138
435,185,126
436,146,123
437,114,81
438,112,105
439,118,105
440,108,100
441,118,49
442,129,45
443,139,44
444,148,45
445,155,48
446,161,60
447,189,76
448,155,69
449,147,71
450,137,71
451,128,69
452,122,67
453,117,65
454,192,75
455,118,107
456,107,84
457,106,106
458,103,110
459,107,107
460,117,109
461,101,110
462,101,111
463,117,59
464,113,61
465,110,63
466,149,56
467,154,53
468,63,57
469,69,57
470,63,51
471,56,57
472,63,62
473,138,55
474,144,56
475,138,49
476,131,55
477,138,61
