0,97,134
1,101,106
2,100,115
3,94,81
4,101,98
5,100,88
6,100,64
7,47,60
8,99,46
9,99,35
10,99,-2
11,97,137
12,97,138
13,98,140
14,97,139
15,97,142
16,97,145
17,97,148
18,101,161
19,100,111
20,93,111
21,16,34
22,67,67
23,60,68
24,53,68
25,44,64
26,73,65
27,57,44
28,66,45
29,49,46
30,44,50
31,37,69
32,73,178
33,45,58
34,14,69
35,28,64
36,62,101
37,89,133
38,90,138
39,81,134
40,76,136
41,84,138
42,79,138
43,67,149
44,95,106
45,94,98
46,34,45
47,77,82
48,77,105
49,77,101
50,39,101
51,94,89
52,52,36
53,41,39
54,25,19
55,85,42
56,73,48
57,60,142
58,21,146
59,83,109
60,89,112
61,70,139
62,72,139
63,37,35
64,77,108
65,66,36
66,65,30
67,57,0
68,30,26
69,61,15
70,29,42
71,22,38
72,89,136
73,82,136
74,78,137
75,85,111
76,71,139
77,74,140
78,73,139
79,86,107
80,80,139
81,85,139
82,91,139
83,91,160
84,89,148
85,89,144
86,90,141
87,91,139
88,80,139
89,79,140
90,78,141
91,77,143
92,69,129
93,12,106
94,100,113
95,77,139
96,75,139
97,91,115
98,79,113
99,90,113
100,69,86
101,57,92
102,75,104
103,38,8
104,43,18
105,49,30
106,73,154
107,83,31
108,79,14
109,76,-2
110,47,66
111,28,75
112,77,63
113,37,54
114,83,76
115,82,102
116,20,83
117,34,81
118,43,83
119,58,82
120,68,78
121,76,74
122,93,66
123,21,100
124,30,54
125,97,110
126,78,89
127,10,69
128,82,70
129,74,105
130,41,59
131,81,97
132,16,126
133,77,61
134,87,92
135,38,163
136,38,174
137,14,103
138,28,152
139,18,53
140,71,187
141,97,112
142,71,95
143,21,66
144,54,63
145,60,63
146,73,141
147,23,116
148,86,198
149,62,190
150,51,183
151,99,15
152,102,199
153,66,63
154,72,62
155,75,61
156,24,53
157,71,54
158,65,51
159,59,51
160,53,53
161,49,55
162,12,50
163,50,61
164,101,121
165,76,124
166,83,108
167,91,121
168,99,55
169,49,173
170,60,180
171,85,192
172,29,162
173,75,58
174,88,78
175,102,193
176,73,195
177,17,121
178,85,139
179,84,141
180,83,143
181,82,146
182,81,158
183,75,138
184,74,138
185,73,138
186,63,135
187,33,119
188,88,70
189,83,54
190,79,55
191,77,139
192,32,139
193,90,54
194,77,168
195,100,79
196,93,74
197,100,72
198,83,90
199,102,183
200,101,171
201,89,171
202,59,154
203,68,111
204,67,162
205,50,111
206,61,119
207,43,124
208,86,182
209,78,95
210,52,162
211,63,171
212,52,144
213,25,130
214,42,147
215,21,138
216,54,129
217,83,83
218,84,105
219,80,107
220,87,100
221,78,47
222,66,42
223,55,41
224,46,43
225,40,48
226,35,62
227,13,86
228,41,72
229,49,74
230,59,74
231,68,72
232,75,70
233,80,67
234,11,87
235,80,110
236,88,85
237,89,105
238,93,109
239,89,107
240,82,112
241,94,110
242,95,112
243,80,61
244,84,63
245,87,64
246,47,57
247,41,54
248,106,81
249,149,61
250,107,111
251,172,34
252,129,67
253,136,68
254,143,68
255,151,64
256,123,66
257,140,46
258,131,47
259,148,47
260,152,51
261,157,70
262,129,177
263,151,59
264,178,69
265,164,64
266,136,101
267,106,133
268,105,138
269,115,135
270,121,137
271,113,138
272,119,139
273,135,148
274,107,106
275,107,98
276,162,45
277,121,82
278,123,104
279,123,100
280,158,100
281,107,89
282,147,37
283,156,39
284,165,20
285,115,43
286,124,50
287,141,141
288,175,146
289,117,109
290,111,111
291,130,140
292,129,140
293,159,34
294,123,108
295,134,38
296,135,32
297,138,1
298,161,28
299,135,16
300,165,42
301,168,39
302,106,136
303,114,137
304,120,138
305,115,110
306,129,140
307,125,141
308,128,140
309,114,106
310,118,139
311,112,139
312,105,139
313,110,160
314,106,148
315,106,144
316,105,142
317,105,139
318,118,139
319,119,140
320,121,142
321,122,144
322,132,128
323,180,106
324,123,140
325,124,140
326,109,114
327,120,113
328,110,113
329,128,86
330,141,91
331,124,104
332,154,9
333,150,20
334,149,31
335,129,153
336,118,34
337,118,15
338,121,-1
339,148,67
340,164,75
341,119,64
342,158,54
343,116,76
344,118,101
345,174,83
346,160,81
347,152,83
348,138,82
349,128,78
350,120,74
351,106,66
352,174,99
353,163,54
354,104,110
355,120,89
356,179,69
357,115,70
358,125,105
359,154,60
360,119,96
361,179,126
362,118,61
363,113,92
364,162,162
365,161,173
366,180,103
367,170,152
368,173,53
369,131,186
370,103,112
371,127,95
372,169,66
373,142,64
374,136,64
375,127,142
376,174,115
377,117,198
378,140,189
379,150,183
380,130,63
381,124,62
382,120,62
383,168,53
384,125,56
385,131,54
386,138,54
387,144,55
388,147,57
389,177,50
390,146,63
391,124,123
392,117,108
393,111,121
394,151,172
395,142,179
396,117,191
397,169,162
398,120,59
399,111,78
400,129,194
401,179,121
402,112,139
403,113,141
404,114,143
405,114,146
406,120,157
407,124,139
408,125,139
409,127,138
410,138,134
411,165,118
412,111,71
413,114,55
414,118,56
415,123,139
416,167,139
417,108,55
418,125,167
419,106,74
420,116,90
421,113,171
422,142,153
423,131,111
424,134,162
425,149,110
426,139,119
427,156,123
428,116,182
429,121,95
430,148,161
431,139,170
432,148,143
433,173,130
434,158,146
435,177,137
436,146,129
437,116,83
438,116,105
439,120,107
440,113,99
441,120,48
442,132,44
443,143,43
444,151,44
445,156,48
446,158,62
447,180,85
448,154,73
449,147,75
450,137,74
451,128,72
452,121,70
453,116,67
454,180,87
455,120,109
456,111,84
457,111,105
458,108,109
459,111,107
460,118,111
461,106,110
462,105,112
463,116,61
464,113,63
465,111,64
466,149,58
467,155,54
468,62,56
469,68,56
470,61,50
471,54,56
472,62,63
473,135,58
474,142,58
475,136,52
476,128,58
477,135,64
