0,95,133
1,92,107
2,95,114
3,88,82
4,92,99
5,93,89
6,96,64
7,53,61
8,97,41
9,97,31
10,97,-2
11,95,135
12,96,137
13,97,138
14,98,159
15,98,162
16,98,165
17,98,169
18,99,167
19,93,111
20,88,111
21,38,31
22,71,67
23,65,68
24,59,68
25,51,64
26,77,65
27,61,44
28,69,45
29,54,46
30,50,50
31,47,69
32,76,171
33,51,59
34,36,63
35,42,64
36,64,100
37,86,132
38,88,138
39,78,135
40,74,138
41,82,139
42,78,141
43,68,150
44,87,107
45,85,100
46,43,45
47,78,80
48,74,105
49,74,101
50,47,99
51,87,90
52,56,35
53,48,39
54,42,19
55,83,40
56,75,48
57,63,142
58,46,130
59,79,109
60,84,111
61,71,146
62,73,147
63,45,35
64,74,108
65,67,35
66,66,29
67,61,2
68,43,27
69,63,16
70,40,42
71,39,36
72,87,135
73,80,137
74,76,139
75,81,110
76,72,147
77,74,152
78,74,147
79,81,107
80,80,141
81,84,140
82,90,139
83,89,166
84,88,168
85,88,165
86,89,161
87,90,158
88,81,154
89,79,156
90,77,157
91,75,159
92,69,128
93,41,93
94,94,112
95,78,151
96,76,152
97,86,114
98,77,112
99,85,113
100,71,84
101,61,90
102,73,104
103,49,9
104,51,20
105,54,30
106,73,156
107,80,30
108,78,15
109,77,-1
110,54,67
111,41,75
112,80,62
113,46,54
114,82,75
115,77,102
116,35,79
117,44,80
118,51,82
119,63,81
120,72,77
121,78,73
122,90,66
123,35,94
124,42,54
125,90,111
126,78,88
127,38,61
128,83,69
129,73,104
130,49,60
131,77,97
132,42,110
133,80,60
134,82,93
135,53,152
136,56,158
137,35,94
138,46,141
139,37,49
140,75,178
141,92,112
142,72,93
143,38,66
144,59,64
145,65,64
146,72,153
147,37,109
148,88,188
149,70,176
150,63,168
151,97,14
152,102,190
153,70,63
154,75,62
155,79,61
156,39,53
157,75,54
158,69,51
159,63,51
160,58,53
161,54,55
162,37,45
163,56,62
164,96,120
165,74,123
166,79,108
167,86,121
168,98,52
169,60,162
170,67,169
171,86,184
172,51,146
173,78,57
174,85,78
175,100,186
176,78,182
177,37,110
178,85,157
179,83,159
180,81,162
181,80,165
182,80,162
183,75,143
184,73,143
185,72,142
186,65,134
187,44,114
188,86,70
189,84,53
190,81,54
191,77,143
192,46,132
193,89,52
194,78,166
195,94,81
196,89,74
197,95,73
198,80,90
199,100,180
200,99,173
201,88,171
202,63,151
203,68,110
204,70,159
205,55,109
206,63,118
207,52,121
208,86,178
209,77,94
210,60,155
211,67,163
212,58,141
213,40,122
214,52,141
215,41,126
216,60,128
217,82,83
218,79,106
219,76,107
220,81,101
221,79,46
222,68,41
223,59,41
224,51,43
225,47,48
226,46,62
227,34,78
228,50,72
229,56,74
230,64,74
231,72,72
232,78,69
233,82,66
234,40,76
235,77,109
236,84,85
237,83,106
238,87,110
239,83,107
240,79,111
241,88,110
242,89,112
243,82,60
244,85,61
245,87,62
246,52,57
247,48,54
248,101,81
249,152,56
250,102,110
251,186,23
252,131,63
253,138,64
254,145,63
255,156,58
256,125,61
257,141,40
258,133,41
259,149,41
260,154,44
261,163,63
262,128,171
263,155,53
264,191,56
265,173,57
266,137,97
267,105,131
268,106,136
269,117,132
270,124,134
271,114,136
272,121,137
273,135,148
274,99,106
275,99,99
276,164,38
277,122,78
278,120,103
279,122,99
280,160,95
281,100,90
282,144,30
283,155,33
284,176,11
285,112,38
286,126,45
287,140,140
288,186,126
289,114,108
290,108,111
291,133,140
292,131,141
293,160,28
294,121,107
295,130,31
296,131,25
297,142,-2
298,169,19
299,137,11
300,170,34
301,179,28
302,106,134
303,115,134
304,123,136
305,113,109
306,132,141
307,129,147
308,130,141
309,109,106
310,120,138
311,113,137
312,105,138
313,110,166
314,110,167
315,109,164
316,108,160
317,107,157
318,121,151
319,123,152
320,125,153
321,127,155
322,130,126
323,196,87
324,125,147
325,127,147
326,106,114
327,120,111
328,107,112
329,130,82
330,142,87
331,123,102
332,162,2
333,156,12
334,147,24
335,129,155
336,114,28
337,118,12
338,121,-3
339,152,62
340,172,69
341,121,60
342,163,48
343,116,74
344,114,101
345,183,73
346,165,75
347,154,78
348,139,77
349,129,74
350,121,71
351,104,65
352,181,89
353,169,47
354,97,110
355,121,86
356,196,54
357,115,67
358,125,102
359,159,53
360,116,96
361,193,106
362,121,57
363,108,92
364,163,150
365,165,157
366,192,88
367,174,138
368,186,41
369,130,178
370,98,112
371,128,91
372,181,58
373,144,59
374,138,59
375,131,148
376,179,104
377,118,188
378,142,176
379,153,168
380,132,59
381,127,58
382,123,58
383,176,44
384,128,51
385,134,48
386,140,48
387,147,49
388,151,50
389,192,37
390,149,57
391,123,122
392,114,107
393,107,120
394,152,161
395,142,169
396,116,184
397,176,144
398,123,55
399,109,77
400,131,183
401,189,106
402,115,155
403,116,156
404,118,159
405,120,162
406,120,161
407,127,139
408,128,138
409,130,137
410,136,132
411,167,110
412,110,69
413,115,51
414,120,52
415,126,139
416,168,128
417,107,51
418,125,166
419,103,74
420,114,89
421,112,171
422,142,149
423,131,108
424,135,158
425,149,106
426,138,115
427,155,117
428,115,178
429,120,93
430,149,154
431,139,163
432,148,139
433,177,118
434,158,139
435,184,122
436,143,125
437,115,82
438,111,104
439,117,106
440,107,100
441,120,43
442,131,38
443,142,36
444,151,38
445,158,42
446,165,55
447,193,72
448,158,67
449,149,70
450,139,70
451,130,68
452,123,66
453,118,64
454,197,70
455,118,108
456,108,84
457,105,105
458,102,109
459,106,106
460,116,110
461,100,110
462,100,112
463,119,58
464,114,60
465,111,61
466,153,52
467,158,48
468,65,57
469,72,57
470,65,50
471,58,57
472,65,64
473,142,52
474,149,52
475,142,46
476,135,53
477,142,59
