0,92,132
1,92,104
2,97,112
3,88,79
4,92,96
5,92,86
6,95,60
7,56,59
8,95,39
9,94,28
10,93,-10
11,92,136
12,93,139
13,94,141
14,95,146
15,94,149
16,94,152
17,95,156
18,104,164
19,94,108
20,90,109
21,40,30
22,72,66
23,66,67
24,61,66
25,54,62
26,77,64
27,62,42
28,69,43
29,56,44
30,52,47
31,50,67
32,84,174
33,54,58
34,39,64
35,45,61
36,69,99
37,86,132
38,88,139
39,81,134
40,79,137
41,85,139
42,83,140
43,78,149
44,87,104
45,86,97
46,45,38
47,80,78
48,77,103
49,77,98
50,52,99
51,87,87
52,55,28
53,48,32
54,42,16
55,81,34
56,76,47
57,73,142
58,53,138
59,83,107
60,87,109
61,79,143
62,81,143
63,46,26
64,78,106
65,65,28
66,64,21
67,60,-3
68,43,22
69,62,11
70,42,35
71,40,34
72,86,136
73,83,137
74,81,139
75,84,108
76,80,143
77,81,145
78,82,143
79,83,105
80,85,141
81,87,141
82,90,141
83,96,163
84,89,155
85,88,152
86,89,148
87,90,146
88,85,144
89,84,145
90,82,147
91,81,149
92,76,127
93,47,98
94,95,110
95,84,143
96,82,144
97,89,112
98,81,111
99,88,111
100,74,83
101,65,89
102,77,102
103,48,4
104,50,14
105,53,22
106,82,155
107,78,23
108,76,10
109,74,-7
110,56,65
111,44,73
112,80,62
113,48,51
114,84,73
115,79,100
116,40,79
117,46,79
118,52,82
119,64,80
120,72,77
121,78,73
122,90,62
123,41,96
124,45,49
125,91,108
126,80,86
127,43,63
128,83,69
129,78,102
130,52,57
131,79,95
132,49,117
133,81,59
134,83,90
135,60,157
136,63,166
137,40,98
138,53,147
139,40,48
140,83,182
141,93,110
142,76,92
143,42,63
144,61,62
145,66,62
146,80,146
147,44,112
148,96,193
149,78,182
150,71,176
151,94,8
152,109,195
153,71,62
154,76,61
155,79,60
156,42,47
157,76,54
158,71,52
159,65,52
160,60,53
161,57,55
162,40,45
163,58,61
164,98,118
165,80,122
166,82,106
167,90,119
168,96,50
169,68,167
170,75,174
171,94,188
172,58,154
173,79,57
174,86,75
175,107,189
176,86,188
177,43,115
178,87,145
179,86,147
180,84,150
181,84,153
182,88,160
183,82,141
184,80,141
185,79,140
186,73,134
187,50,116
188,87,67
189,84,52
190,81,54
191,84,142
192,53,136
193,88,50
194,86,166
195,93,77
196,89,71
197,94,69
198,82,88
199,106,181
200,105,172
201,95,171
202,72,152
203,73,109
204,79,160
205,60,109
206,69,118
207,58,122
208,94,180
209,80,92
210,68,158
211,76,167
212,67,143
213,47,126
214,60,144
215,47,132
216,66,128
217,83,80
218,81,103
219,79,105
220,82,98
221,78,43
222,68,37
223,59,37
224,52,39
225,49,43
226,49,59
227,39,81
228,52,71
229,57,73
230,65,73
231,73,71
232,78,68
233,82,66
234,45,80
235,80,107
236,85,82
237,84,104
238,88,107
239,85,105
240,83,109
241,89,108
242,91,110
243,82,60
244,85,61
245,86,62
246,55,56
247,51,52
248,99,78
249,149,54
250,102,108
251,184,18
252,130,62
253,136,62
254,144,61
255,153,56
256,124,60
257,138,36
258,130,38
259,146,37
260,152,41
261,161,61
262,133,174
263,152,52
264,190,55
265,170,53
266,135,96
267,100,131
268,101,139
269,110,135
270,118,138
271,109,140
272,116,141
273,137,148
274,98,104
275,98,96
276,162,29
277,120,76
278,118,101
279,119,97
280,159,94
281,99,86
282,143,20
283,154,23
284,172,4
285,111,31
286,124,42
287,141,140
288,195,134
289,113,106
290,108,108
291,128,143
292,126,143
293,158,16
294,120,105
295,129,22
296,129,15
297,136,-10
298,165,13
299,131,5
300,167,25
301,176,24
302,100,135
303,109,137
304,117,139
305,112,107
306,127,143
307,123,145
308,125,144
309,108,104
310,115,142
311,109,141
312,102,141
313,114,163
314,103,155
315,102,152
316,102,148
317,102,146
318,115,145
319,116,146
320,118,148
321,119,149
322,130,126
323,200,91
324,121,144
325,122,145
326,106,111
327,118,109
328,107,110
329,128,80
330,140,85
331,122,100
332,157,-5
333,150,6
334,145,13
335,131,154
336,112,19
337,113,6
338,116,-11
339,150,59
340,170,65
341,120,59
342,160,43
343,114,71
344,112,98
345,181,72
346,164,72
347,154,76
348,139,76
349,129,73
350,121,70
351,102,62
352,181,90
353,167,40
354,97,108
355,119,84
356,197,53
357,115,66
358,123,101
359,156,51
360,114,93
361,200,111
362,120,56
363,106,89
364,171,156
365,176,165
366,194,90
367,182,144
368,183,38
369,137,183
370,98,110
371,126,90
372,177,53
373,142,57
374,136,58
375,124,146
376,181,106
377,124,194
378,150,184
379,162,177
380,130,57
381,125,57
382,122,57
383,173,37
384,126,51
385,132,48
386,138,47
387,144,48
388,148,49
389,192,33
390,146,55
391,122,121
392,113,105
393,107,118
394,160,167
395,149,175
396,123,188
397,186,152
398,122,54
399,107,74
400,138,190
401,194,109
402,109,145
403,110,147
404,111,150
405,112,153
406,123,159
407,122,142
408,123,141
409,124,141
410,137,132
411,168,112
412,108,66
413,113,49
414,118,50
415,121,143
416,173,132
417,106,49
418,129,167
419,101,70
420,113,86
421,117,171
422,145,151
423,130,107
424,138,160
425,148,105
426,138,115
427,156,118
428,120,180
429,118,90
430,154,157
431,144,167
432,150,141
433,181,121
434,162,142
435,191,127
436,145,126
437,113,79
438,110,102
439,116,104
440,105,97
441,118,39
442,129,32
443,140,30
444,149,32
445,156,36
446,162,52
447,193,72
448,156,65
449,148,68
450,138,68
451,129,67
452,122,65
453,117,63
454,199,71
455,117,106
456,106,81
457,104,103
458,102,107
459,105,104
460,115,108
461,100,108
462,100,109
463,117,56
464,113,58
465,110,60
466,150,51
467,156,45
468,71,57
469,78,57
470,71,50
471,64,57
472,71,64
473,139,52
474,146,52
475,138,45
476,131,53
477,139,59
