0,94,131
1,91,110
2,95,117
3,87,83
4,90,102
5,91,91
6,95,64
7,52,62
8,96,44
9,95,33
10,96,-3
11,95,134
12,95,136
13,96,138
14,96,143
15,95,146
16,95,150
17,96,154
18,100,165
19,92,114
20,86,114
21,37,34
22,70,69
23,64,69
24,57,69
25,50,65
26,75,67
27,59,46
28,67,47
29,52,47
30,48,51
31,46,70
32,76,176
33,50,60
34,35,67
35,41,65
36,63,101
37,86,130
38,88,136
39,79,131
40,75,133
41,82,136
42,78,136
43,69,149
44,85,110
45,83,102
46,41,46
47,78,81
48,72,107
49,72,102
50,46,100
51,85,92
52,54,37
53,46,40
54,40,21
55,81,44
56,74,50
57,64,141
58,47,138
59,77,111
60,83,114
61,71,137
62,73,137
63,43,36
64,73,110
65,65,38
66,64,32
67,59,2
68,41,28
69,62,17
70,39,43
71,37,39
72,86,133
73,80,134
74,76,135
75,79,113
76,72,137
77,74,140
78,73,137
79,79,110
80,80,137
81,84,137
82,89,138
83,90,164
84,87,153
85,87,149
86,88,145
87,89,143
88,80,140
89,78,142
90,77,144
91,76,146
92,68,129
93,40,100
94,93,116
95,77,139
96,75,140
97,85,117
98,76,114
99,84,115
100,71,86
101,60,91
102,72,105
103,47,10
104,49,20
105,52,32
106,75,155
107,79,34
108,77,15
109,75,-1
110,52,68
111,40,75
112,79,65
113,44,55
114,82,76
115,75,105
116,35,81
117,43,81
118,49,83
119,61,82
120,70,79
121,77,75
122,89,66
123,35,97
124,41,55
125,88,114
126,77,89
127,37,66
128,82,71
129,72,105
130,47,60
131,75,99
132,42,118
133,79,62
134,80,95
135,53,157
136,57,166
137,34,99
138,46,146
139,36,52
140,76,184
141,90,116
142,71,95
143,38,66
144,58,64
145,63,65
146,73,141
147,37,112
148,88,195
149,71,184
150,64,176
151,95,15
152,102,197
153,69,64
154,74,63
155,77,63
156,38,53
157,74,56
158,68,53
159,62,52
160,56,54
161,52,56
162,36,48
163,54,63
164,96,123
165,74,125
166,77,110
167,86,123
168,96,54
169,61,167
170,68,175
171,86,190
172,51,154
173,77,60
174,84,79
175,101,192
176,78,190
177,37,116
178,84,142
179,82,144
180,81,147
181,80,151
182,81,160
183,75,137
184,73,136
185,72,135
186,65,134
187,42,117
188,85,71
189,83,56
190,80,57
191,77,137
192,45,135
193,88,56
194,79,168
195,92,82
196,88,75
197,94,73
198,79,92
199,100,183
200,100,173
201,89,172
202,64,152
203,67,112
204,71,161
205,54,110
206,62,119
207,50,123
208,87,182
209,76,96
210,60,158
211,68,167
212,58,142
213,40,126
214,52,144
215,40,132
216,58,129
217,81,84
218,77,108
219,74,110
220,78,103
221,78,49
222,66,44
223,57,43
224,49,45
225,45,49
226,45,63
227,34,83
228,48,73
229,54,75
230,63,75
231,71,73
232,77,71
233,81,69
234,39,83
235,75,111
236,82,87
237,80,109
238,85,113
239,81,110
240,77,113
241,86,114
242,88,115
243,81,63
244,84,64
245,85,65
246,51,58
247,46,55
248,99,83
249,151,59
250,101,114
251,188,27
252,132,66
253,138,66
254,145,66
255,156,63
256,127,65
257,140,43
258,132,44
259,148,45
260,153,48
261,163,68
262,131,177
263,155,58
264,192,62
265,173,63
266,137,99
267,105,130
268,106,136
269,118,132
270,127,134
271,116,136
272,125,136
273,139,148
274,97,110
275,98,102
276,163,44
277,121,80
278,120,106
279,121,101
280,162,97
281,98,91
282,141,34
283,153,37
284,177,13
285,110,43
286,127,48
287,145,140
288,192,137
289,115,111
290,108,113
291,139,137
292,137,137
293,158,33
294,122,109
295,127,36
296,127,29
297,141,-2
298,169,22
299,135,12
300,169,40
301,180,33
302,106,133
303,117,134
304,126,135
305,113,112
306,138,137
307,132,140
308,136,137
309,109,109
310,124,137
311,115,137
312,106,137
313,111,164
314,107,153
315,106,149
316,106,145
317,106,143
318,123,140
319,124,141
320,126,143
321,127,145
322,133,128
323,199,96
324,130,139
325,131,139
326,106,116
327,120,113
328,107,115
329,129,84
330,142,89
331,123,104
332,162,3
333,155,15
334,143,29
335,132,155
336,111,32
337,116,13
338,119,-4
339,152,65
340,172,73
341,124,64
342,162,53
343,115,75
344,113,104
345,183,77
346,165,78
347,153,81
348,139,80
349,129,77
350,122,74
351,102,65
352,183,94
353,169,52
354,96,114
355,120,88
356,198,60
357,116,70
358,125,104
359,159,59
360,114,98
361,197,116
362,125,62
363,106,94
364,169,158
365,171,167
366,194,96
367,180,146
368,186,46
369,133,185
370,96,115
371,128,94
372,183,64
373,143,60
374,137,61
375,134,141
376,183,110
377,119,196
378,145,186
379,157,178
380,133,61
381,129,61
382,126,62
383,177,51
384,129,54
385,134,50
386,139,49
387,146,50
388,150,53
389,194,42
390,148,60
391,124,124
392,114,110
393,107,123
394,157,169
395,146,177
396,118,191
397,183,154
398,126,59
399,107,78
400,132,192
401,193,114
402,115,141
403,116,144
404,116,146
405,117,150
406,122,160
407,132,137
408,133,136
409,134,135
410,141,133
411,171,115
412,108,70
413,116,55
414,122,56
415,131,137
416,174,134
417,107,55
418,127,168
419,101,74
420,113,91
421,113,173
422,146,152
423,133,110
424,138,161
425,151,108
426,141,118
427,159,121
428,116,183
429,119,95
430,154,159
431,142,168
432,153,142
433,182,124
434,163,143
435,189,130
436,149,127
437,114,83
438,111,108
439,117,109
440,106,103
441,120,48
442,130,42
443,140,40
444,149,42
445,157,46
446,165,61
447,194,79
448,158,71
449,149,72
450,139,72
451,131,71
452,125,70
453,120,68
454,199,78
455,118,111
456,106,86
457,104,109
458,101,113
459,105,110
460,117,113
461,99,113
462,99,115
463,121,62
464,116,63
465,111,65
466,153,56
467,158,53
468,62,59
469,68,59
470,62,53
471,56,59
472,62,65
473,138,55
474,146,55
475,138,48
476,131,55
477,138,63
