0,107,128
1,119,101
2,109,109
3,107,77
4,120,94
5,117,85
6,107,61
7,45,56
8,104,41
9,105,31
10,102,0
11,107,131
12,106,134
13,105,136
14,105,136
15,106,139
16,106,142
17,105,145
18,99,152
19,116,105
20,105,105
21,-3,25
22,67,63
23,60,64
24,52,63
25,41,58
26,73,61
27,58,40
28,66,41
29,50,41
30,44,44
31,32,63
32,66,163
33,42,53
34,-5,57
35,20,56
36,65,94
37,100,127
38,99,135
39,90,130
40,82,133
41,91,135
42,84,136
43,63,141
44,113,101
45,112,94
46,33,38
47,78,76
48,86,99
49,83,95
50,38,93
51,110,85
52,58,30
53,45,33
54,10,12
55,90,37
56,72,44
57,58,135
58,-8,127
59,90,103
60,97,106
61,71,138
62,73,138
63,39,27
64,83,102
65,73,31
66,72,25
67,55,-1
68,23,19
69,63,11
70,25,34
71,9,29
72,100,131
73,91,133
74,83,135
75,92,105
76,72,138
77,77,139
78,74,138
79,99,101
80,84,137
81,90,136
82,98,136
83,89,152
84,97,144
85,98,141
86,98,138
87,98,136
88,84,137
89,83,138
90,82,140
91,81,141
92,72,122
93,-18,89
94,113,107
95,78,137
96,78,138
97,99,108
98,84,106
99,98,107
100,70,79
101,58,84
102,80,98
103,29,3
104,40,13
105,55,24
106,70,145
107,90,27
108,83,14
109,79,-1
110,45,62
111,22,68
112,76,59
113,34,48
114,85,71
115,94,96
116,9,73
117,31,74
118,44,78
119,59,76
120,69,73
121,77,70
122,99,62
123,11,89
124,25,46
125,112,105
126,81,83
127,-18,56
128,83,66
129,78,98
130,37,53
131,91,91
132,-15,107
133,76,56
134,101,87
135,23,147
136,15,156
137,-6,89
138,10,136
139,1,42
140,62,171
141,110,107
142,73,88
143,9,56
144,54,60
145,61,60
146,75,140
147,12,104
148,74,180
149,44,172
150,31,166
151,104,16
152,90,180
153,66,59
154,71,58
155,74,57
156,16,43
157,70,50
158,64,48
159,58,48
160,51,49
161,47,51
162,-12,39
163,49,58
164,108,114
165,81,117
166,92,102
167,98,114
168,104,51
169,35,157
170,47,164
171,78,175
172,2,143
173,74,54
174,95,74
175,94,175
176,59,177
177,-4,105
178,91,137
179,90,138
180,90,140
181,89,143
182,79,149
183,78,137
184,77,136
185,76,135
186,64,128
187,28,108
188,92,66
189,83,50
190,77,51
191,79,137
192,21,126
193,93,51
194,72,156
195,113,77
196,103,70
197,110,69
198,90,85
199,96,167
200,97,159
201,85,159
202,53,144
203,70,104
204,61,151
205,52,103
206,63,111
207,42,115
208,82,167
209,83,89
210,42,149
211,53,157
212,48,135
213,12,116
214,34,136
215,0,121
216,55,122
217,88,78
218,97,100
219,88,102
220,103,95
221,79,43
222,69,38
223,59,37
224,49,38
225,40,42
226,30,55
227,-6,73
228,38,67
229,48,69
230,59,69
231,68,67
232,74,65
233,80,63
234,-19,72
235,87,103
236,99,80
237,105,100
238,107,104
239,103,102
240,88,106
241,109,105
242,107,106
243,79,56
244,84,58
245,89,60
246,44,52
247,39,48
248,118,78
249,133,61
250,118,105
251,137,34
252,117,65
253,123,66
254,128,67
255,133,63
256,113,63
257,131,46
258,124,45
259,136,48
260,138,51
261,135,67
262,113,159
263,134,59
264,134,62
265,136,61
266,128,94
267,113,127
268,110,134
269,116,129
270,117,132
271,112,134
272,114,135
273,118,139
274,123,101
275,125,94
276,145,45
277,118,76
278,127,99
279,126,95
280,138,94
281,122,85
282,141,36
283,145,39
284,140,22
285,120,38
286,117,47
287,122,133
288,117,123
289,123,103
290,118,105
291,117,136
292,116,136
293,147,35
294,125,102
295,134,35
296,136,30
297,131,6
298,143,28
299,132,18
300,146,42
301,142,38
302,112,131
303,114,132
304,116,133
305,121,104
306,116,136
307,116,137
308,115,136
309,124,101
310,112,136
311,111,136
312,108,136
313,105,151
314,110,144
315,111,141
316,110,138
317,109,136
318,112,136
319,114,137
320,115,139
321,116,140
322,124,121
323,120,90
324,113,136
325,115,137
326,116,108
327,121,106
328,117,107
329,122,81
330,129,86
331,125,98
332,138,13
333,140,21
334,144,31
335,115,143
336,124,30
337,120,17
338,120,2
339,131,65
340,136,72
341,111,60
342,139,54
343,115,72
344,127,96
345,139,76
346,137,77
347,133,80
348,125,78
349,118,74
350,114,71
351,111,63
352,140,90
353,141,52
354,119,105
355,119,84
356,125,61
357,111,67
358,123,98
359,135,59
360,125,91
361,119,106
362,110,58
363,124,88
364,123,142
365,116,148
366,133,90
367,125,131
368,138,49
369,112,166
370,115,107
371,122,89
372,135,62
373,129,63
374,124,63
375,117,138
376,138,103
377,102,177
378,112,165
379,114,158
380,119,62
381,114,60
382,112,59
383,141,51
384,115,53
385,121,52
386,126,52
387,131,54
388,133,56
389,133,46
390,132,62
391,122,116
392,124,102
393,116,114
394,120,151
395,116,158
396,106,172
397,116,137
398,112,56
399,117,74
400,108,172
401,131,105
402,111,136
403,112,138
404,113,140
405,114,142
406,111,147
407,115,135
408,116,135
409,117,134
410,124,126
411,137,108
412,113,67
413,111,51
414,112,53
415,113,136
416,131,123
417,110,51
418,111,153
419,115,71
420,121,85
421,105,157
422,121,140
423,125,104
424,116,147
425,134,103
426,128,111
427,134,113
428,106,165
429,122,89
430,123,144
431,117,152
432,126,132
433,134,114
434,128,132
435,128,118
436,128,120
437,118,79
438,126,100
439,126,101
440,127,95
441,118,44
442,128,42
443,136,42
444,141,45
445,142,49
446,135,60
447,134,76
448,134,70
449,130,72
450,124,72
451,117,69
452,113,66
453,110,64
454,121,75
455,124,103
456,120,81
457,126,100
458,120,104
459,124,102
460,121,105
461,120,105
462,117,106
463,109,58
464,109,59
465,110,61
466,134,57
467,138,54
468,54,53
469,61,53
470,54,47
471,47,53
472,54,60
473,119,57
474,126,57
475,119,50
476,111,56
477,118,63
