0,96,135
1,101,106
2,99,113
3,94,81
4,102,99
5,101,89
6,99,64
7,45,59
8,99,49
9,100,39
10,99,1
11,96,137
12,95,139
13,95,141
14,95,141
15,95,144
16,95,147
17,95,150
18,97,161
19,101,110
20,92,110
21,11,31
22,65,65
23,58,66
24,51,66
25,41,62
26,71,63
27,55,48
28,63,48
29,47,49
30,42,51
31,34,67
32,67,173
33,42,57
34,8,64
35,25,62
36,60,98
37,86,133
38,87,138
39,78,134
40,71,135
41,80,138
42,74,138
43,61,146
44,95,106
45,94,99
46,32,48
47,75,80
48,75,103
49,74,99
50,36,97
51,94,89
52,52,42
53,40,44
54,20,18
55,85,48
56,70,51
57,55,139
58,10,137
59,80,107
60,86,110
61,63,138
62,65,138
63,36,39
64,74,106
65,67,43
66,66,38
67,55,3
68,28,27
69,61,18
70,26,44
71,18,38
72,87,136
73,79,136
74,73,137
75,82,109
76,64,138
77,68,140
78,66,138
79,85,105
80,75,138
81,81,139
82,88,140
83,86,160
84,86,149
85,86,146
86,87,143
87,88,140
88,75,139
89,74,140
90,72,142
91,71,144
92,65,126
93,3,98
94,100,112
95,71,138
96,69,139
97,89,113
98,76,111
99,88,111
100,67,84
101,55,89
102,72,102
103,35,9
104,41,21
105,49,37
106,67,151
107,83,39
108,79,18
109,76,0
110,45,65
111,25,72
112,75,62
113,34,54
114,81,75
115,80,101
116,16,78
117,32,78
118,42,81
119,56,79
120,67,76
121,74,73
122,92,66
123,17,94
124,27,54
125,97,110
126,76,87
127,3,63
128,80,69
129,71,102
130,39,58
131,80,96
132,5,116
133,75,59
134,87,92
135,30,156
136,28,165
137,7,96
138,20,145
139,13,50
140,64,182
141,97,112
142,69,93
143,17,63
144,52,61
145,58,62
146,66,141
147,17,110
148,78,194
149,52,183
150,41,176
151,100,19
152,95,195
153,64,61
154,69,60
155,73,59
156,21,52
157,68,55
158,62,53
159,56,53
160,50,54
161,46,56
162,5,45
163,48,60
164,99,119
165,73,122
166,80,106
167,88,120
168,99,56
169,41,166
170,52,175
171,79,187
172,18,153
173,73,57
174,87,77
175,96,189
176,65,190
177,9,114
178,81,139
179,80,141
180,78,144
181,77,147
182,76,156
183,69,138
184,68,137
185,67,137
186,59,132
187,29,114
188,86,70
189,81,55
190,76,55
191,71,138
192,26,133
193,89,57
194,71,165
195,101,80
196,93,74
197,100,72
198,81,89
199,96,180
200,96,170
201,84,169
202,53,150
203,64,108
204,61,158
205,47,107
206,57,116
207,40,120
208,81,179
209,76,93
210,45,157
211,55,166
212,47,140
213,18,123
214,36,142
215,12,130
216,50,126
217,82,82
218,83,104
219,77,106
220,87,99
221,76,51
222,65,47
223,54,46
224,45,47
225,38,50
226,32,60
227,6,80
228,39,70
229,47,72
230,57,72
231,66,70
232,73,68
233,78,66
234,2,80
235,77,108
236,88,84
237,89,105
238,92,109
239,88,106
240,79,110
241,94,109
242,94,111
243,77,60
244,82,62
245,85,64
246,44,57
247,39,54
248,106,81
249,144,63
250,107,110
251,167,36
252,126,67
253,132,68
254,139,68
255,147,66
256,120,65
257,137,51
258,129,50
259,144,52
260,148,55
261,153,71
262,123,173
263,147,62
264,169,68
265,160,67
266,133,100
267,105,134
268,103,139
269,113,136
270,119,138
271,110,139
272,116,140
273,129,147
274,107,106
275,109,99
276,157,52
277,118,81
278,122,104
279,122,100
280,152,99
281,108,90
282,143,45
283,152,48
284,162,23
285,113,49
286,122,52
287,134,140
288,162,138
289,117,108
290,111,110
291,126,141
292,124,141
293,155,44
294,122,107
295,130,45
296,132,40
297,138,6
298,159,32
299,135,21
300,161,50
301,164,42
302,104,137
303,112,138
304,117,139
305,115,109
306,125,141
307,122,143
308,123,141
309,114,106
310,114,141
311,109,140
312,103,140
313,106,160
314,104,150
315,104,147
316,103,143
317,103,141
318,114,141
319,116,142
320,118,144
321,119,146
322,127,127
323,167,101
324,118,141
325,120,142
326,109,113
327,119,111
328,110,112
329,125,85
330,137,90
331,123,103
332,153,13
333,149,25
334,145,40
335,123,152
336,116,40
337,119,20
338,121,2
339,144,68
340,160,76
341,117,63
342,154,59
343,114,76
344,119,101
345,166,82
346,155,81
347,147,83
348,134,81
349,125,77
350,118,74
351,106,66
352,166,97
353,159,59
354,104,110
355,119,88
356,169,67
357,113,70
358,123,103
359,150,62
360,118,96
361,166,119
362,117,61
363,113,92
364,152,156
365,151,165
366,170,99
367,160,146
368,167,54
369,125,182
370,103,112
371,124,94
372,165,69
373,138,64
374,133,64
375,123,144
376,165,112
377,111,193
378,133,182
379,141,175
380,127,63
381,122,62
382,118,61
383,163,58
384,123,57
385,129,55
386,135,55
387,140,57
388,144,59
389,169,50
390,142,63
391,121,122
392,117,107
393,109,120
394,143,166
395,135,174
396,112,187
397,157,154
398,119,59
399,111,78
400,123,188
401,168,116
402,109,141
403,110,143
404,112,145
405,112,149
406,115,157
407,120,141
408,122,140
409,123,140
410,132,133
411,157,116
412,110,70
413,112,57
414,116,57
415,118,141
416,158,134
417,107,57
418,119,164
419,106,74
420,116,90
421,108,169
422,135,150
423,128,109
424,128,158
425,143,109
426,134,117
427,149,121
428,111,178
429,119,94
430,141,157
431,132,165
432,141,141
433,163,125
434,150,142
435,166,131
436,139,127
437,114,83
438,116,105
439,120,106
440,114,100
441,118,52
442,129,49
443,140,49
444,147,51
445,152,54
446,154,65
447,170,83
448,149,73
449,142,75
450,133,74
451,125,72
452,119,69
453,114,67
454,168,84
455,119,108
456,111,85
457,112,105
458,108,109
459,112,107
460,117,110
461,107,110
462,105,111
463,114,61
464,111,63
465,109,65
466,146,60
467,150,58
468,56,56
469,64,56
470,56,50
471,48,57
472,56,63
473,132,59
474,140,59
475,133,53
476,124,58
477,132,65
