0,107,120
1,99,95
2,106,103
3,96,75
4,97,88
5,99,80
6,103,60
7,77,63
8,103,44
9,102,36
10,101,7
11,108,122
12,109,125
13,110,126
14,110,127
15,109,130
16,109,133
17,110,137
18,116,149
19,101,99
20,99,100
21,68,47
22,91,67
23,86,68
24,82,69
25,77,66
26,94,65
27,79,50
28,85,49
29,75,52
30,73,55
31,75,71
32,102,160
33,76,61
34,71,74
35,73,67
36,86,96
37,102,120
38,105,125
39,99,122
40,98,125
41,103,126
42,101,127
43,96,140
44,95,96
45,93,90
46,67,52
47,94,78
48,89,97
49,89,94
50,76,98
51,94,82
52,72,43
53,68,46
54,67,35
55,91,44
56,91,51
57,92,134
58,87,133
59,94,100
60,98,102
61,99,130
62,100,130
63,66,43
64,91,101
65,79,42
66,77,37
67,77,16
68,67,40
69,78,27
70,66,49
71,67,50
72,103,123
73,101,125
74,99,126
75,96,102
76,99,130
77,100,131
78,100,130
79,93,98
80,103,128
81,104,127
82,107,126
83,109,149
84,105,137
85,105,133
86,105,130
87,106,128
88,102,129
89,101,130
90,100,132
91,100,134
92,91,120
93,82,102
94,104,101
95,102,129
96,101,130
97,100,104
98,94,104
99,99,103
100,90,83
101,83,89
102,90,97
103,70,25
104,70,32
105,70,38
106,99,143
107,87,36
108,88,24
109,87,11
110,79,68
111,73,77
112,96,63
113,72,59
114,96,73
115,89,94
116,69,85
117,74,82
118,78,83
119,85,80
120,91,76
121,95,72
122,99,63
123,70,98
124,70,59
125,99,99
126,93,84
127,77,74
128,97,68
129,91,98
130,75,62
131,90,90
132,84,117
133,97,60
134,92,85
135,87,148
136,92,155
137,73,101
138,83,140
139,69,61
140,102,167
141,101,101
142,90,90
143,73,69
144,81,64
145,85,64
146,99,132
147,73,111
148,112,177
149,100,168
150,96,163
151,101,21
152,124,178
153,89,64
154,93,62
155,95,61
156,70,58
157,92,56
158,87,55
159,82,55
160,78,57
161,77,59
162,71,60
163,78,64
164,107,109
165,94,115
166,93,99
167,100,110
168,104,53
169,92,155
170,97,161
171,109,171
172,90,146
173,95,59
174,96,73
175,121,172
176,105,173
177,76,115
178,104,128
179,103,130
180,102,133
181,102,136
182,103,147
183,101,129
184,99,129
185,98,128
186,91,127
187,76,113
188,97,67
189,97,55
190,96,56
191,102,129
192,80,130
193,99,54
194,103,153
195,100,73
196,98,69
197,102,67
198,93,84
199,118,164
200,117,156
201,109,156
202,92,143
203,89,104
204,97,148
205,81,105
206,87,112
207,81,117
208,109,164
209,92,89
210,90,148
211,96,154
212,88,135
213,77,122
214,84,136
215,80,128
216,86,122
217,94,79
218,91,97
219,91,99
220,91,91
221,92,49
222,83,47
223,76,47
224,71,50
225,70,54
226,74,65
227,72,87
228,77,74
229,80,75
230,86,74
231,91,71
232,95,68
233,98,66
234,80,88
235,92,101
236,94,79
237,92,96
238,97,99
239,94,97
240,95,103
241,98,99
242,100,101
243,98,60
244,99,62
245,99,63
246,76,60
247,73,58
248,106,74
249,152,53
250,109,99
251,187,24
252,136,60
253,142,60
254,148,59
255,156,55
256,131,60
257,141,41
258,134,42
259,148,41
260,153,43
261,163,59
262,143,157
263,155,51
264,193,54
265,172,53
266,140,88
267,114,118
268,115,124
269,123,120
270,130,121
271,122,124
272,128,124
273,145,134
274,104,94
275,104,88
276,161,37
277,127,73
278,125,92
279,126,89
280,161,86
281,104,80
282,141,32
283,152,33
284,174,13
285,116,42
286,130,46
287,149,127
288,204,121
289,121,97
290,116,99
291,139,125
292,138,125
293,156,28
294,127,96
295,130,35
296,129,29
297,137,2
298,165,20
299,133,15
300,166,34
301,177,29
302,114,121
303,122,122
304,129,123
305,120,98
306,138,125
307,134,126
308,137,125
309,115,94
310,128,125
311,122,125
312,116,125
313,124,148
314,117,135
315,116,132
316,116,129
317,116,126
318,128,125
319,129,126
320,130,128
321,131,130
322,137,114
323,208,84
324,133,125
325,133,125
326,114,102
327,127,100
328,115,101
329,134,76
330,144,79
331,129,92
332,157,5
333,151,15
334,143,27
335,140,139
336,115,33
337,117,17
338,119,3
339,153,58
340,172,63
341,128,59
342,161,46
343,121,69
344,118,90
345,183,67
346,166,68
347,157,71
348,144,72
349,135,70
350,128,68
351,109,61
352,183,82
353,167,44
354,104,99
355,126,79
356,203,53
357,123,65
358,131,93
359,158,50
360,120,86
361,208,102
362,128,57
363,112,82
364,179,140
365,185,148
366,198,83
367,189,129
368,186,40
369,148,165
370,106,101
371,132,84
372,180,53
373,146,55
374,141,56
375,136,127
376,184,96
377,138,176
378,162,166
379,173,159
380,136,57
381,132,57
382,130,57
383,174,42
384,132,51
385,136,48
386,141,47
387,146,47
388,150,49
389,196,36
390,149,54
391,130,110
392,120,95
393,116,108
394,169,150
395,159,158
396,134,170
397,196,137
398,129,54
399,114,71
400,150,172
401,199,99
402,122,126
403,122,127
404,123,130
405,124,133
406,133,144
407,134,124
408,134,124
409,135,123
410,143,120
411,171,101
412,115,64
413,121,52
414,126,52
415,133,125
416,178,118
417,113,53
418,139,150
419,108,68
420,119,80
421,128,154
422,153,136
423,137,98
424,147,144
425,151,95
426,143,104
427,160,107
428,131,162
429,125,84
430,162,141
431,154,150
432,157,127
433,185,109
434,168,127
435,197,115
436,150,114
437,120,75
438,116,93
439,123,95
440,111,88
441,124,45
442,132,40
443,141,37
444,149,38
445,156,40
446,164,52
447,197,68
448,159,62
449,152,64
450,143,65
451,136,65
452,130,63
453,125,62
454,206,68
455,124,97
456,112,76
457,109,93
458,108,98
459,111,95
460,124,99
461,106,98
462,108,100
463,126,57
464,122,59
465,118,60
466,153,50
467,157,46
468,84,60
469,88,59
470,83,54
471,80,60
472,85,65
473,140,52
474,145,51
475,139,46
476,135,52
477,141,57
