0,99,134
1,96,114
2,96,118
3,90,86
4,96,106
5,97,95
6,98,68
7,48,59
8,98,50
9,98,41
10,99,1
11,99,135
12,99,137
13,99,138
14,98,152
15,99,155
16,98,159
17,98,164
18,96,168
19,96,117
20,88,115
21,19,30
22,67,66
23,60,66
24,53,65
25,44,61
26,73,65
27,57,49
28,65,50
29,50,50
30,46,52
31,37,65
32,66,175
33,45,57
34,14,62
35,29,60
36,56,98
37,86,131
38,87,136
39,74,131
40,66,131
41,77,134
42,69,133
43,56,141
44,89,113
45,89,106
46,35,47
47,74,81
48,69,105
49,69,101
50,33,94
51,89,95
52,54,42
53,43,43
54,26,19
55,85,51
56,72,53
57,49,131
58,18,133
59,74,110
60,81,113
61,55,131
62,57,132
63,39,38
64,68,107
65,68,45
66,67,39
67,56,4
68,31,28
69,60,19
70,31,42
71,24,37
72,86,134
73,75,133
74,67,132
75,76,111
76,56,131
77,61,139
78,58,132
79,80,111
80,70,134
81,78,135
82,87,137
83,84,166
84,85,162
85,85,158
86,86,153
87,87,150
88,71,143
89,69,144
90,67,146
91,65,148
92,58,123
93,13,94
94,96,118
95,65,138
96,63,138
97,84,116
98,70,111
99,83,115
100,66,84
101,53,87
102,67,103
103,38,9
104,43,21
105,52,37
106,63,151
107,83,42
108,78,19
109,76,1
110,48,64
111,29,69
112,77,64
113,38,54
114,80,77
115,75,105
116,19,76
117,34,75
118,43,78
119,57,78
120,67,76
121,75,74
122,90,69
123,17,91
124,32,52
125,92,117
126,73,88
127,13,60
128,81,71
129,66,102
130,42,57
131,75,99
132,13,113
133,77,61
134,82,97
135,33,153
136,35,162
137,11,94
138,23,142
139,19,48
140,65,184
141,93,117
142,66,93
143,22,61
144,55,61
145,61,62
146,59,140
147,16,107
148,80,197
149,57,183
150,47,174
151,99,20
152,96,199
153,67,62
154,72,61
155,75,61
156,26,50
157,71,57
158,65,55
159,59,54
160,53,55
161,49,56
162,15,43
163,51,60
164,97,123
165,67,121
166,75,110
167,83,122
168,98,58
169,44,164
170,54,174
171,79,191
172,25,150
173,75,59
174,85,81
175,96,194
176,67,191
177,12,111
178,78,147
179,76,149
180,75,153
181,74,157
182,71,160
183,62,132
184,61,131
185,60,130
186,52,126
187,25,111
188,86,73
189,83,58
190,78,58
191,64,133
192,24,130
193,89,59
194,69,167
195,97,86
196,90,78
197,97,77
198,78,92
199,96,185
200,96,176
201,82,174
202,51,145
203,60,107
204,59,157
205,42,106
206,52,114
207,35,117
208,80,183
209,72,94
210,46,153
211,56,165
212,44,134
213,17,120
214,34,138
215,15,127
216,45,121
217,79,85
218,77,109
219,71,108
220,81,105
221,78,53
222,66,48
223,56,47
224,48,47
225,41,49
226,36,59
227,12,78
228,41,68
229,49,71
230,58,72
231,68,71
232,74,69
233,79,68
234,13,77
235,71,109
236,84,89
237,83,111
238,87,115
239,83,112
240,73,111
241,89,116
242,90,117
243,79,62
244,83,64
245,85,66
246,47,56
247,42,54
248,104,87
249,149,61
250,105,115
251,181,33
252,130,67
253,136,67
254,143,67
255,153,64
256,124,66
257,140,51
258,132,52
259,147,52
260,152,54
261,160,68
262,127,177
263,152,60
264,185,65
265,169,64
266,139,99
267,112,131
268,111,136
269,123,131
270,131,131
271,121,134
272,128,133
273,140,142
274,103,113
275,104,106
276,163,49
277,121,81
278,124,106
279,125,101
280,162,96
281,104,95
282,144,44
283,155,46
284,174,21
285,113,52
286,125,54
287,147,132
288,180,136
289,119,111
290,112,114
291,142,131
292,139,132
293,159,41
294,126,108
295,130,46
296,132,40
297,143,5
298,168,30
299,138,20
300,168,46
301,175,39
302,112,134
303,122,133
304,130,132
305,117,112
306,141,132
307,136,139
308,138,133
309,113,111
310,127,134
311,120,135
312,110,137
313,110,167
314,111,163
315,111,158
316,110,153
317,109,150
318,126,143
319,128,144
320,130,146
321,131,149
322,137,124
323,186,97
324,131,139
325,134,139
326,109,117
327,123,112
328,110,115
329,129,85
330,142,89
331,127,104
332,162,11
333,156,23
334,147,39
335,132,152
336,115,43
337,120,20
338,123,2
339,149,66
340,168,73
341,120,65
342,160,56
343,115,78
344,118,106
345,178,79
346,163,78
347,153,80
348,139,80
349,129,77
350,121,75
351,105,69
352,179,94
353,166,56
354,100,117
355,121,89
356,187,63
357,116,72
358,128,103
359,155,60
360,119,100
361,185,116
362,120,63
363,111,97
364,163,155
365,161,165
366,186,97
367,174,145
368,180,51
369,128,186
370,100,118
371,129,93
372,176,64
373,142,63
374,136,63
375,137,140
376,180,109
377,113,197
378,137,184
379,148,176
380,131,63
381,125,63
382,122,63
383,172,53
384,127,58
385,133,56
386,139,56
387,144,57
388,148,58
389,185,46
390,146,62
391,127,122
392,118,111
393,110,122
394,150,166
395,139,176
396,113,192
397,172,153
398,122,61
399,110,82
400,126,192
401,185,114
402,119,147
403,120,150
404,122,153
405,123,157
406,122,161
407,135,132
408,136,132
409,138,131
410,144,127
411,171,113
412,110,73
413,115,59
414,119,59
415,133,133
416,172,132
417,108,60
418,125,168
419,104,78
420,116,93
421,111,174
422,144,147
423,134,108
424,135,158
425,153,107
426,142,116
427,160,119
428,112,184
429,122,95
430,149,155
431,138,166
432,152,136
433,179,123
434,161,140
435,182,130
436,150,123
437,115,85
438,116,110
439,122,109
440,111,106
441,120,54
442,131,50
443,141,49
444,150,50
445,156,52
446,161,62
447,186,81
448,155,71
449,148,73
450,138,73
451,129,72
452,122,70
453,118,68
454,186,80
455,122,110
456,110,89
457,109,112
458,105,115
459,110,112
460,121,112
461,103,116
462,103,117
463,118,63
464,114,65
465,111,67
466,150,59
467,155,57
468,60,57
469,67,58
470,60,51
471,52,57
472,59,63
473,136,59
474,143,59
475,136,54
476,129,59
477,136,64
