0,98,130
1,101,115
2,99,119
3,95,87
4,102,107
5,102,96
6,100,67
7,45,56
8,100,45
9,100,35
10,101,-2
11,98,132
12,98,134
13,97,135
14,97,151
15,97,154
16,97,157
17,96,161
18,97,166
19,101,118
20,92,116
21,15,22
22,66,64
23,59,65
24,52,64
25,42,58
26,72,63
27,56,42
28,64,44
29,48,43
30,43,45
31,36,63
32,67,173
33,42,53
34,12,55
35,27,57
36,60,98
37,87,128
38,87,133
39,77,129
40,70,131
41,79,133
42,73,133
43,59,142
44,95,114
45,94,107
46,33,40
47,76,80
48,75,106
49,74,102
50,37,94
51,95,96
52,52,35
53,41,36
54,23,11
55,84,46
56,72,48
57,53,133
58,15,123
59,80,111
60,86,114
61,61,134
62,63,135
63,37,31
64,74,108
65,66,38
66,65,32
67,56,-1
68,30,21
69,61,14
70,28,36
71,21,30
72,87,131
73,78,131
74,71,132
75,81,112
76,62,135
77,66,141
78,64,135
79,85,111
80,74,134
81,80,134
82,88,134
83,85,164
84,85,159
85,86,156
86,87,153
87,88,151
88,74,144
89,72,145
90,70,147
91,68,149
92,63,124
93,8,84
94,100,118
95,69,141
96,68,141
97,89,117
98,75,112
99,87,116
100,68,83
101,55,87
102,73,104
103,36,3
104,42,16
105,50,29
106,65,151
107,82,37
108,80,15
109,77,-2
110,45,62
111,27,68
112,77,62
113,35,48
114,82,76
115,81,106
116,19,72
117,33,74
118,43,78
119,57,78
120,68,75
121,75,72
122,93,68
123,19,88
124,29,47
125,97,117
126,76,88
127,8,50
128,81,69
129,71,103
130,39,53
131,80,100
132,10,102
133,76,59
134,87,97
135,33,148
136,32,156
137,11,87
138,23,136
139,16,41
140,65,181
141,97,118
142,69,92
143,20,58
144,53,60
145,59,61
146,64,141
147,19,103
148,79,193
149,54,178
150,44,168
151,101,16
152,95,195
153,65,60
154,71,60
155,75,59
156,24,45
157,70,52
158,63,49
159,57,48
160,50,49
161,46,51
162,10,35
163,48,58
164,99,123
165,72,122
166,80,111
167,87,123
168,100,55
169,43,160
170,54,170
171,79,188
172,23,141
173,74,56
174,88,81
175,96,190
176,66,187
177,12,104
178,80,148
179,78,150
180,77,152
181,76,155
182,74,159
183,67,134
184,66,133
185,64,132
186,57,128
187,29,109
188,87,72
189,82,55
190,77,55
191,69,134
192,27,126
193,90,56
194,70,165
195,101,86
196,94,78
197,101,77
198,82,92
199,96,183
200,97,173
201,83,172
202,52,145
203,64,108
204,60,156
205,47,106
206,57,115
207,39,116
208,81,180
209,77,95
210,46,152
211,56,163
212,46,134
213,20,116
214,37,136
215,16,120
216,50,122
217,82,84
218,83,110
219,77,110
220,87,106
221,77,48
222,65,42
223,54,40
224,45,40
225,39,43
226,34,55
227,11,71
228,40,67
229,48,70
230,58,71
231,67,69
232,74,67
233,79,65
234,8,66
235,77,110
236,88,89
237,89,112
238,92,115
239,88,113
240,78,112
241,94,117
242,94,117
243,79,60
244,83,62
245,86,64
246,44,52
247,39,49
248,107,87
249,147,59
250,108,116
251,169,25
252,127,66
253,133,66
254,140,66
255,149,61
256,121,65
257,139,45
258,131,46
259,146,46
260,150,49
261,153,65
262,122,172
263,149,56
264,171,57
265,161,59
266,134,98
267,109,128
268,107,133
269,117,129
270,123,130
271,114,132
272,119,132
273,130,141
274,107,114
275,109,107
276,159,43
277,119,80
278,123,106
279,123,102
280,154,94
281,108,96
282,145,38
283,154,39
284,165,14
285,116,47
286,123,49
287,136,132
288,159,123
289,118,111
290,112,114
291,128,133
292,126,134
293,157,34
294,123,108
295,133,40
296,134,34
297,141,0
298,161,24
299,138,16
300,163,38
301,166,32
302,108,131
303,116,131
304,121,131
305,116,112
306,127,133
307,124,140
308,125,134
309,115,111
310,117,133
311,112,133
312,106,134
313,107,164
314,107,159
315,107,156
316,106,153
317,105,150
318,117,143
319,118,144
320,120,146
321,122,147
322,129,124
323,166,85
324,120,139
325,122,139
326,109,117
327,120,112
328,111,116
329,126,83
330,138,87
331,124,104
332,156,6
333,153,18
334,147,32
335,124,150
336,118,38
337,121,16
338,123,-1
339,146,64
340,160,70
341,118,63
342,156,51
343,115,76
344,119,106
345,167,73
346,155,76
347,147,79
348,135,79
349,125,76
350,119,73
351,107,68
352,167,88
353,161,50
354,105,117
355,120,88
356,170,53
357,114,70
358,124,103
359,152,56
360,119,100
361,164,103
362,118,60
363,114,98
364,149,147
365,147,154
366,170,88
367,157,135
368,169,43
369,123,179
370,103,118
371,125,93
372,166,59
373,140,62
374,134,63
375,126,140
376,165,103
377,110,192
378,130,176
379,138,166
380,128,62
381,123,61
382,119,61
383,165,47
384,125,54
385,131,51
386,137,50
387,143,51
388,146,53
389,170,37
390,144,61
391,123,122
392,118,111
393,110,123
394,140,158
395,132,169
396,111,187
397,153,140
398,120,58
399,111,81
400,121,185
401,167,104
402,112,147
403,113,149
404,115,151
405,115,154
406,117,158
407,123,133
408,125,132
409,126,131
410,134,127
411,158,109
412,111,72
413,114,56
414,118,56
415,121,133
416,157,126
417,109,57
418,120,164
419,107,78
420,116,92
421,109,171
422,135,144
423,129,108
424,128,155
425,145,106
426,135,115
427,150,116
428,110,180
429,120,95
430,140,150
431,131,161
432,141,134
433,163,115
434,149,135
435,163,120
436,140,122
437,115,85
438,117,110
439,121,110
440,114,106
441,120,49
442,131,44
443,141,43
444,149,44
445,154,46
446,155,58
447,171,72
448,150,69
449,143,72
450,134,72
451,126,70
452,120,69
453,116,67
454,168,68
455,120,110
456,112,89
457,112,112
458,108,115
459,112,113
460,119,112
461,107,116
462,106,117
463,116,61
464,113,63
465,111,65
466,148,55
467,152,52
468,57,54
469,64,54
470,57,47
471,49,54
472,56,61
473,134,56
474,142,56
475,134,49
476,127,56
477,134,63
