0,96,135
1,88,105
2,92,113
3,85,80
4,87,97
5,89,87
6,94,63
7,55,63
8,95,46
9,95,36
10,96,-1
11,96,137
12,96,139
13,97,141
14,97,141
15,97,143
16,96,146
17,96,150
18,98,161
19,89,110
20,84,110
21,39,39
22,73,67
23,66,68
24,60,69
25,53,66
26,78,66
27,61,49
28,69,50
29,54,51
30,51,54
31,48,71
32,74,176
33,53,62
34,39,71
35,44,66
36,64,100
37,87,133
38,89,139
39,81,135
40,77,137
41,84,139
42,80,140
43,69,147
44,82,105
45,81,98
46,42,47
47,78,80
48,70,103
49,71,99
50,47,100
51,83,88
52,53,40
53,45,42
54,42,25
55,81,47
56,76,52
57,63,139
58,49,142
59,76,108
60,81,110
61,73,141
62,75,140
63,43,37
64,71,107
65,65,41
66,63,35
67,60,5
68,42,31
69,62,19
70,40,44
71,39,43
72,88,137
73,82,137
74,78,138
75,78,109
76,74,141
77,76,142
78,76,140
79,77,106
80,82,140
81,86,140
82,91,141
83,89,160
84,88,149
85,89,146
86,89,143
87,91,141
88,82,141
89,80,142
90,79,143
91,78,145
92,68,127
93,45,105
94,91,112
95,79,141
96,78,141
97,83,113
98,75,111
99,82,112
100,71,85
101,61,90
102,71,103
103,48,14
104,50,24
105,51,34
106,74,152
107,78,37
108,77,17
109,75,1
110,55,68
111,43,76
112,82,64
113,46,57
114,82,75
115,73,101
116,38,83
117,45,81
118,51,83
119,63,82
120,72,78
121,79,74
122,88,65
123,38,99
124,42,56
125,86,110
126,76,88
127,42,71
128,83,70
129,72,103
130,50,62
131,74,96
132,46,123
133,82,61
134,78,91
135,52,159
136,57,169
137,38,102
138,47,149
139,39,56
140,73,185
141,88,111
142,71,94
143,41,67
144,60,64
145,66,64
146,75,143
147,39,114
148,86,197
149,69,186
150,63,179
151,95,16
152,101,199
153,72,63
154,77,62
155,81,61
156,41,54
157,76,57
158,70,56
159,64,56
160,59,57
161,55,59
162,39,53
163,57,63
164,93,119
165,73,122
166,75,107
167,84,120
168,95,54
169,59,169
170,66,177
171,84,190
172,53,158
173,80,59
174,83,77
175,99,192
176,76,193
177,40,119
178,86,141
179,84,142
180,83,145
181,82,148
182,80,157
183,77,140
184,76,139
185,75,139
186,64,133
187,44,117
188,85,70
189,85,56
190,82,57
191,79,140
192,45,136
193,88,56
194,77,166
195,91,79
196,86,73
197,92,71
198,78,89
199,98,183
200,98,171
201,87,170
202,63,151
203,67,110
204,70,160
205,54,109
206,62,118
207,50,122
208,84,181
209,75,93
210,59,159
211,67,168
212,58,142
213,41,128
214,51,144
215,43,135
216,58,127
217,80,82
218,75,104
219,72,106
220,76,99
221,79,50
222,67,47
223,57,46
224,50,48
225,46,51
226,47,64
227,38,86
228,51,74
229,56,75
230,65,75
231,73,72
232,79,70
233,83,67
234,44,88
235,73,108
236,81,84
237,78,105
238,83,109
239,79,106
240,76,110
241,84,109
242,86,111
243,84,61
244,86,63
245,87,65
246,54,61
247,49,57
248,97,80
249,152,59
250,99,110
251,192,30
252,131,65
253,138,66
254,146,66
255,156,61
256,124,63
257,142,44
258,133,45
259,150,46
260,155,49
261,164,66
262,130,177
263,155,57
264,195,64
265,174,60
266,137,98
267,106,133
268,106,139
269,117,134
270,125,136
271,115,139
272,123,139
273,138,146
274,94,105
275,95,97
276,167,43
277,121,79
278,119,102
279,120,98
280,162,97
281,96,88
282,146,35
283,158,37
284,180,16
285,112,41
286,126,48
287,145,139
288,198,142
289,113,107
290,106,110
291,137,139
292,135,139
293,162,32
294,120,106
295,131,35
296,132,29
297,141,0
298,171,24
299,135,14
300,173,39
301,183,35
302,106,136
303,116,137
304,124,137
305,112,109
306,136,139
307,130,140
308,134,139
309,106,105
310,122,139
311,115,140
312,106,140
313,109,161
314,106,149
315,106,146
316,106,143
317,106,140
318,122,140
319,123,141
320,124,142
321,125,144
322,132,126
323,205,101
324,128,139
325,129,140
326,104,113
327,119,110
328,105,111
329,129,83
330,142,88
331,123,101
332,164,5
333,156,16
334,149,28
335,130,152
336,113,31
337,116,15
338,119,-2
339,152,64
340,173,71
341,120,61
342,164,52
343,114,74
344,112,100
345,185,78
346,167,77
347,156,80
348,140,79
349,129,76
350,121,72
351,102,64
352,184,95
353,171,50
354,93,109
355,119,86
356,203,64
357,115,69
358,125,102
359,159,57
360,113,95
361,203,121
362,120,59
363,104,90
364,172,160
365,176,171
366,197,98
367,184,149
368,190,48
369,133,187
370,94,111
371,127,92
372,183,61
373,144,61
374,138,62
375,132,141
376,185,111
377,118,198
378,147,189
379,161,182
380,132,61
381,126,59
382,122,59
383,179,48
384,128,53
385,134,52
386,141,52
387,147,53
388,151,55
389,199,45
390,149,60
391,123,122
392,112,106
393,105,120
394,160,171
395,147,179
396,117,191
397,188,158
398,123,57
399,106,76
400,133,194
401,196,117
402,114,140
403,115,142
404,116,144
405,116,147
406,120,157
407,130,139
408,131,138
409,132,137
410,140,132
411,172,115
412,108,69
413,114,53
414,119,54
415,129,139
416,177,135
417,106,54
418,126,167
419,100,72
420,112,88
421,112,171
422,146,152
423,132,108
424,137,161
425,150,107
426,140,116
427,160,120
428,115,182
429,119,92
430,155,160
431,143,169
432,153,141
433,185,126
434,165,144
435,193,134
436,148,126
437,113,81
438,109,103
439,116,105
440,103,98
441,120,46
442,132,42
443,143,41
444,152,43
445,160,46
446,166,59
447,197,81
448,159,70
449,150,72
450,140,72
451,130,70
452,123,67
453,118,65
454,205,82
455,117,107
456,105,83
457,101,104
458,98,108
459,102,106
460,115,109
461,96,109
462,97,111
463,118,59
464,113,61
465,110,63
466,153,56
467,159,52
468,69,59
469,77,59
470,69,53
471,62,60
472,69,66
473,138,55
474,145,55
475,138,49
476,131,55
477,138,61
