0,98,129
1,94,113
2,96,119
3,88,86
4,93,105
5,94,94
6,95,67
7,48,65
8,95,47
9,95,36
10,96,0
11,99,132
12,99,134
13,99,136
14,100,146
15,100,149
16,100,153
17,100,157
18,100,166
19,95,117
20,87,116
21,25,37
22,68,70
23,61,71
24,54,71
25,45,68
26,74,68
27,56,50
28,64,50
29,49,52
30,44,55
31,39,72
32,72,178
33,45,64
34,22,70
35,32,67
36,58,102
37,86,128
38,88,134
39,75,129
40,68,131
41,79,134
42,72,134
43,62,145
44,87,113
45,86,105
46,34,48
47,75,83
48,70,107
49,70,103
50,37,99
51,87,94
52,49,39
53,40,42
54,30,23
55,80,45
56,71,53
57,55,136
58,33,142
59,75,112
60,82,115
61,61,135
62,63,135
63,36,37
64,69,110
65,62,40
66,61,34
67,55,5
68,33,31
69,58,19
70,30,44
71,28,42
72,87,131
73,77,132
74,70,133
75,77,113
76,62,135
77,66,140
78,65,136
79,79,112
80,74,135
81,81,135
82,89,135
83,88,165
84,88,156
85,88,152
86,89,148
87,90,145
88,75,142
89,73,143
90,71,145
91,70,147
92,62,127
93,25,103
94,95,118
95,70,139
96,68,140
97,85,118
98,72,114
99,83,116
100,67,87
101,55,91
102,69,106
103,39,12
104,43,23
105,47,33
106,69,153
107,78,35
108,75,18
109,73,0
110,48,70
111,32,77
112,77,67
113,38,58
114,80,79
115,74,106
116,25,83
117,36,81
118,45,84
119,58,83
120,68,80
121,76,77
122,88,69
123,24,98
124,33,57
125,90,117
126,74,91
127,22,69
128,81,73
129,68,105
130,42,64
131,75,100
132,28,122
133,77,64
134,81,97
135,43,158
136,47,168
137,21,102
138,34,149
139,24,55
140,72,187
141,92,118
142,67,96
143,26,68
144,55,67
145,61,67
146,65,141
147,25,113
148,86,199
149,66,187
150,58,179
151,95,17
152,101,201
153,66,66
154,72,65
155,76,65
156,28,55
157,71,59
158,64,57
159,58,57
160,52,59
161,49,61
162,22,51
163,51,66
164,97,123
165,69,124
166,75,112
167,84,123
168,96,57
169,54,169
170,63,178
171,85,193
172,40,157
173,75,62
174,83,82
175,100,195
176,75,194
177,24,119
178,81,144
179,80,146
180,78,149
181,78,153
182,77,160
183,67,135
184,65,134
185,64,133
186,56,131
187,31,117
188,84,73
189,82,58
190,78,59
191,69,135
192,33,136
193,87,57
194,75,169
195,94,84
196,88,78
197,95,76
198,78,93
199,100,186
200,100,175
201,87,174
202,58,150
203,63,111
204,66,160
205,46,110
206,56,118
207,40,122
208,85,185
209,73,97
210,54,158
211,63,168
212,50,139
213,27,127
214,42,143
215,28,135
216,50,126
217,79,86
218,77,110
219,72,111
220,80,105
221,76,51
222,63,46
223,53,46
224,45,48
225,40,52
226,38,65
227,21,86
228,43,75
229,50,77
230,59,76
231,68,75
232,75,72
233,80,70
234,24,86
235,72,112
236,83,89
237,82,112
238,86,115
239,82,113
240,74,114
241,88,116
242,89,117
243,80,64
244,83,66
245,85,67
246,47,63
247,42,59
248,101,85
249,150,64
250,104,116
251,183,31
252,130,69
253,137,70
254,144,70
255,154,66
256,124,68
257,140,47
258,132,48
259,148,49
260,153,52
261,161,70
262,131,178
263,153,63
264,188,65
265,170,64
266,139,100
267,112,128
268,111,133
269,125,129
270,134,131
271,122,133
272,131,133
273,142,143
274,101,112
275,101,104
276,165,43
277,121,82
278,123,106
279,124,101
280,163,96
281,101,94
282,145,33
283,156,36
284,174,18
285,112,41
286,125,51
287,149,134
288,186,140
289,118,111
290,111,114
291,145,134
292,142,134
293,161,31
294,125,108
295,131,34
296,132,27
297,141,1
298,167,26
299,135,16
300,170,39
301,176,37
302,112,131
303,124,131
304,132,132
305,116,112
306,144,134
307,139,139
308,141,134
309,112,111
310,129,134
311,121,134
312,111,135
313,112,165
314,113,156
315,112,151
316,112,148
317,111,145
318,129,141
319,130,142
320,132,144
321,134,146
322,138,125
323,193,100
324,134,138
325,137,138
326,108,117
327,123,112
328,110,116
329,129,85
330,143,89
331,126,104
332,161,7
333,154,19
334,148,27
335,134,152
336,114,30
337,116,16
338,120,-1
339,150,69
340,169,74
341,120,66
342,161,55
343,115,78
344,116,105
345,180,79
346,163,79
347,153,81
348,138,80
349,128,78
350,121,75
351,103,69
352,181,94
353,168,53
354,99,116
355,121,90
356,192,64
357,115,71
358,128,104
359,157,62
360,117,99
361,191,119
362,121,64
363,109,96
364,167,158
365,167,168
366,190,98
367,178,147
368,182,50
369,132,187
370,99,118
371,129,94
372,178,65
373,143,66
374,137,66
375,140,140
376,182,110
377,118,199
378,143,188
379,154,179
380,131,66
381,126,65
382,122,64
383,175,51
384,127,59
385,133,57
386,139,57
387,145,58
388,149,60
389,189,46
390,147,65
391,128,122
392,117,111
393,110,123
394,155,169
395,144,178
396,117,193
397,178,156
398,123,62
399,108,81
400,131,195
401,189,116
402,121,143
403,122,145
404,124,148
405,125,152
406,125,160
407,137,134
408,139,133
409,141,132
410,146,128
411,172,114
412,108,73
413,114,57
414,119,58
415,136,134
416,175,134
417,106,56
418,128,168
419,102,77
420,115,92
421,114,174
422,147,149
423,135,109
424,138,160
425,153,108
426,144,116
427,162,119
428,116,185
429,121,96
430,153,157
431,142,168
432,155,137
433,182,124
434,164,141
435,186,132
436,152,124
437,114,85
438,114,109
439,121,109
440,109,105
441,120,48
442,131,43
443,142,42
444,151,44
445,158,48
446,163,63
447,189,82
448,156,73
449,148,74
450,138,75
451,129,73
452,122,71
453,117,69
454,193,82
455,121,110
456,108,88
457,107,111
458,104,115
459,108,112
460,120,112
461,102,116
462,102,117
463,118,63
464,113,65
465,110,66
466,151,61
467,157,57
468,60,62
469,67,62
470,60,56
471,53,62
472,60,68
473,139,61
474,146,61
475,139,55
476,132,61
477,139,67
