0,97,133
1,106,109
2,103,117
3,97,82
4,106,101
5,105,90
6,102,65
7,43,61
8,101,47
9,101,37
10,99,0
11,97,135
12,97,137
13,97,138
14,97,152
15,97,155
16,97,158
17,97,162
18,100,169
19,105,114
20,95,113
21,5,32
22,63,67
23,56,67
24,49,67
25,38,64
26,70,65
27,54,48
28,62,49
29,46,49
30,40,52
31,31,68
32,66,182
33,40,59
34,1,66
35,20,64
36,57,100
37,85,132
38,86,136
39,74,133
40,67,134
41,77,136
42,70,137
43,57,149
44,99,109
45,98,101
46,29,47
47,75,81
48,74,105
49,73,101
50,31,98
51,98,91
52,51,39
53,38,42
54,15,19
55,85,46
56,69,51
57,50,141
58,1,143
59,80,110
60,88,113
61,58,139
62,60,140
63,33,37
64,73,108
65,66,40
66,65,34
67,52,1
68,23,27
69,58,16
70,22,43
71,13,38
72,86,134
73,76,135
74,68,136
75,82,111
76,59,140
77,63,145
78,61,140
79,87,108
80,71,137
81,78,137
82,87,137
83,87,169
84,85,161
85,86,157
86,86,154
87,87,151
88,72,147
89,70,148
90,69,150
91,67,152
92,62,128
93,-5,102
94,104,115
95,67,144
96,65,145
97,91,116
98,75,113
99,89,114
100,66,85
101,52,90
102,71,104
103,30,8
104,38,19
105,48,33
106,65,157
107,83,36
108,78,16
109,74,-1
110,42,66
111,21,74
112,74,64
113,31,55
114,81,76
115,81,103
116,10,80
117,28,79
118,39,82
119,55,80
120,66,77
121,74,74
122,94,66
123,10,96
124,23,54
125,101,113
126,75,89
127,-3,66
128,80,70
129,69,104
130,36,60
131,80,97
132,-3,121
133,74,61
134,89,93
135,24,162
136,22,174
137,-1,100
138,12,151
139,7,51
140,63,192
141,101,115
142,67,94
143,11,65
144,50,63
145,56,63
146,62,146
147,9,113
148,79,205
149,49,193
150,36,185
151,100,17
152,98,206
153,62,63
154,68,62
155,72,61
156,16,53
157,67,56
158,61,55
159,55,54
160,48,55
161,44,57
162,0,47
163,46,62
164,102,123
165,71,124
166,81,109
167,90,123
168,101,56
169,36,174
170,49,183
171,80,198
172,10,161
173,72,59
174,89,79
175,99,199
176,64,200
177,0,118
178,79,150
179,77,152
180,76,154
181,75,158
182,74,164
183,64,138
184,63,137
185,61,137
186,54,134
187,22,116
188,88,71
189,81,56
190,75,57
191,66,138
192,18,137
193,90,56
194,70,172
195,104,81
196,95,75
197,103,73
198,82,91
199,100,190
200,100,179
201,85,178
202,49,154
203,62,110
204,58,164
205,43,109
206,54,118
207,34,122
208,82,188
209,75,95
210,41,162
211,53,173
212,42,143
213,10,127
214,30,146
215,3,135
216,46,128
217,82,83
218,84,107
219,77,108
220,90,102
221,76,50
222,64,46
223,53,45
224,43,46
225,35,50
226,29,62
227,0,83
228,36,71
229,44,74
230,55,73
231,64,72
232,72,69
233,77,67
234,-5,83
235,76,110
236,90,86
237,92,108
238,95,112
239,91,109
240,78,112
241,98,113
242,98,114
243,77,61
244,82,63
245,86,64
246,42,58
247,36,55
248,111,83
249,147,63
250,112,113
251,166,37
252,129,68
253,136,68
254,142,68
255,150,66
256,123,66
257,140,50
258,132,50
259,147,51
260,151,54
261,156,71
262,128,181
263,149,62
264,171,69
265,163,67
266,139,101
267,109,132
268,108,136
269,120,133
270,127,135
271,117,136
272,124,137
273,136,149
274,113,109
275,114,101
276,161,49
277,122,81
278,129,105
279,129,101
280,159,100
281,112,91
282,146,41
283,155,44
284,162,23
285,115,46
286,125,52
287,142,141
288,168,144
289,123,110
290,117,113
291,135,140
292,132,140
293,159,39
294,129,108
295,133,41
296,134,35
297,139,4
298,160,31
299,137,19
300,164,46
301,165,42
302,109,134
303,119,135
304,125,136
305,121,111
306,134,140
307,129,145
308,131,140
309,120,108
310,122,137
311,116,137
312,107,137
313,111,168
314,108,161
315,108,157
316,107,154
317,106,151
318,121,147
319,123,148
320,124,150
321,126,152
322,135,129
323,170,104
324,126,145
325,128,145
326,114,116
327,125,113
328,115,114
329,130,86
330,142,91
331,130,104
332,154,12
333,151,23
334,148,35
335,129,157
336,118,36
337,120,18
338,122,0
339,147,68
340,163,76
341,119,64
342,157,58
343,117,77
344,125,103
345,171,83
346,159,81
347,151,83
348,138,81
349,128,78
350,121,75
351,109,67
352,173,98
353,162,57
354,109,113
355,123,89
356,169,69
357,116,71
358,129,104
359,152,62
360,124,98
361,170,123
362,119,62
363,118,94
364,159,162
365,157,172
366,175,102
367,167,151
368,168,54
369,130,191
370,108,115
371,130,95
372,168,68
373,141,64
374,136,64
375,131,146
376,173,114
377,115,204
378,138,191
379,147,183
380,130,63
381,125,62
382,121,62
383,166,56
384,126,58
385,132,56
386,137,56
387,143,58
388,146,59
389,168,51
390,144,63
391,128,125
392,123,109
393,114,123
394,149,172
395,140,182
396,116,197
397,163,160
398,121,60
399,114,79
400,128,198
401,175,120
402,115,150
403,116,152
404,117,154
405,118,158
406,121,163
407,129,138
408,131,138
409,132,137
410,140,134
411,165,118
412,113,71
413,115,57
414,119,57
415,128,138
416,166,138
417,109,56
418,125,172
419,110,75
420,120,91
421,113,177
422,142,154
423,135,111
424,134,164
425,151,110
426,141,119
427,157,123
428,115,188
429,125,95
430,148,161
431,138,172
432,148,143
433,171,128
434,157,146
435,172,136
436,147,128
437,119,84
438,123,107
439,127,108
440,120,102
441,120,51
442,132,47
443,142,47
444,150,49
445,155,52
446,157,65
447,174,85
448,152,73
449,146,75
450,137,74
451,128,73
452,122,70
453,117,68
454,169,86
455,126,110
456,116,86
457,118,108
458,113,112
459,117,109
460,124,112
461,112,113
462,110,114
463,117,62
464,113,64
465,112,65
466,148,61
467,153,58
468,54,58
469,61,58
470,54,52
471,47,58
472,54,64
473,134,59
474,141,59
475,134,53
476,128,59
477,134,65
