0,106,132
1,114,108
2,107,114
3,107,85
4,116,101
5,115,92
6,110,69
7,55,60
8,109,53
9,110,45
10,112,9
11,106,135
12,104,137
13,103,138
14,103,138
15,103,141
16,103,145
17,102,149
18,96,157
19,112,111
20,102,110
21,19,26
22,76,67
23,69,68
24,62,67
25,51,61
26,82,65
27,66,47
28,73,48
29,59,48
30,53,50
31,44,65
32,67,165
33,52,57
34,12,57
35,34,58
36,68,97
37,98,130
38,97,136
39,88,131
40,80,132
41,88,135
42,81,134
43,62,141
44,109,107
45,109,101
46,44,44
47,84,80
48,85,103
49,84,99
50,46,93
51,108,92
52,65,40
53,53,41
54,32,16
55,95,50
56,80,51
57,57,134
58,5,123
59,89,107
60,95,110
61,69,134
62,70,134
63,48,35
64,83,105
65,79,43
66,78,37
67,70,6
68,41,25
69,76,21
70,37,39
71,28,33
72,97,133
73,88,133
74,80,133
75,90,108
76,70,134
77,74,136
78,71,134
79,96,106
80,81,135
81,88,136
82,96,137
83,87,156
84,93,148
85,95,144
86,96,140
87,96,137
88,81,135
89,80,137
90,79,138
91,78,141
92,71,123
93,0,85
94,110,113
95,76,135
96,75,135
97,97,113
98,84,109
99,96,111
100,76,83
101,64,87
102,81,101
103,49,9
104,56,21
105,62,34
106,69,147
107,94,41
108,93,24
109,91,7
110,55,65
111,35,69
112,85,64
113,45,52
114,90,77
115,92,101
116,23,73
117,43,75
118,54,80
119,68,79
120,77,77
121,84,74
122,103,70
123,23,88
124,38,50
125,108,111
126,85,87
127,3,53
128,90,72
129,79,101
130,48,56
131,91,96
132,0,103
133,84,61
134,100,94
135,29,146
136,24,153
137,8,87
138,19,134
139,20,44
140,63,173
141,107,112
142,77,92
143,25,57
144,64,64
145,70,64
146,72,137
147,22,102
148,74,183
149,49,172
150,37,165
151,111,26
152,90,185
153,75,63
154,80,62
155,83,61
156,30,46
157,78,55
158,72,53
159,66,53
160,60,54
161,56,55
162,10,38
163,59,62
164,105,119
165,79,120
166,91,106
167,95,119
168,108,61
169,40,157
170,50,165
171,77,178
172,13,140
173,82,59
174,98,80
175,92,180
176,61,179
177,8,103
178,88,136
179,87,138
180,87,141
181,85,145
182,77,152
183,75,134
184,74,133
185,73,132
186,63,128
187,35,108
188,96,73
189,91,57
190,85,57
191,75,135
192,28,125
193,99,59
194,71,158
195,113,85
196,105,78
197,111,77
198,92,90
199,94,173
200,95,164
201,83,163
202,54,144
203,72,106
204,61,152
205,56,104
206,65,113
207,46,115
208,80,171
209,85,93
210,46,149
211,55,158
212,50,134
213,21,115
214,38,134
215,11,119
216,56,122
217,91,84
218,95,105
219,87,105
220,100,101
221,86,52
222,76,47
223,66,45
224,57,46
225,50,48
226,42,57
227,9,72
228,50,69
229,58,72
230,68,73
231,76,71
232,83,69
233,87,68
234,1,69
235,86,107
236,99,87
237,102,106
238,104,110
239,100,107
240,87,109
241,106,110
242,104,112
243,87,62
244,91,64
245,94,67
246,54,56
247,49,53
248,117,86
249,139,68
250,116,111
251,151,43
252,124,71
253,129,72
254,134,73
255,140,70
256,121,69
257,136,56
258,130,55
259,141,57
260,144,60
261,143,76
262,113,166
263,141,66
264,148,71
265,147,71
266,130,102
267,112,131
268,109,137
269,116,133
270,118,135
271,113,137
272,115,137
273,120,145
274,119,108
275,121,102
276,151,56
277,121,84
278,126,106
279,126,102
280,142,102
281,120,93
282,144,48
283,149,51
284,151,32
285,122,51
286,124,57
287,124,139
288,131,129
289,122,110
290,117,112
291,118,138
292,117,138
293,152,47
294,125,109
295,136,47
296,138,42
297,140,17
298,151,40
299,138,30
300,153,53
301,152,49
302,111,135
303,114,135
304,117,136
305,120,111
306,118,138
307,117,140
308,117,138
309,122,108
310,113,138
311,111,138
312,107,138
313,103,156
314,108,149
315,109,145
316,108,141
317,107,138
318,113,138
319,114,140
320,115,142
321,116,144
322,124,127
323,137,97
324,115,138
325,116,139
326,115,114
327,121,112
328,116,113
329,125,88
330,133,94
331,125,105
332,148,23
333,147,34
334,146,43
335,115,149
336,126,43
337,126,28
338,129,12
339,138,73
340,146,81
341,118,68
342,146,63
343,118,80
344,126,104
345,150,85
346,144,86
347,139,88
348,131,85
349,124,82
350,120,78
351,114,71
352,149,99
353,149,63
354,115,111
355,122,91
356,143,69
357,117,75
358,124,105
359,143,67
360,125,99
361,135,112
362,119,65
363,123,96
364,130,149
365,125,155
366,147,99
367,135,139
368,150,59
369,113,173
370,112,113
371,125,96
372,148,72
373,135,69
374,130,69
375,117,141
376,146,112
377,102,183
378,116,172
379,120,165
380,126,68
381,122,66
382,120,66
383,151,61
384,124,62
385,128,61
386,133,61
387,138,62
388,140,64
389,148,54
390,137,69
391,121,123
392,123,109
393,113,121
394,125,158
395,119,166
396,104,178
397,128,143
398,120,64
399,118,82
400,110,179
401,144,113
402,111,138
403,112,141
404,113,144
405,112,147
406,110,154
407,116,138
408,118,137
409,119,137
410,125,133
411,142,116
412,116,75
413,117,61
414,119,62
415,115,138
416,138,131
417,115,61
418,112,159
419,116,79
420,122,93
421,104,163
422,124,147
423,127,111
424,118,154
425,136,111
426,129,118
427,137,122
428,105,171
429,123,96
430,126,152
431,120,159
432,129,139
433,142,123
434,133,139
435,140,126
436,130,128
437,120,87
438,124,107
439,125,108
440,124,103
441,123,55
442,132,53
443,140,53
444,145,55
445,147,58
446,144,69
447,148,85
448,141,78
449,136,80
450,130,78
451,124,76
452,120,73
453,117,71
454,139,82
455,123,110
456,120,89
457,122,107
458,117,110
459,121,108
460,121,112
461,117,111
462,114,112
463,117,66
464,115,68
465,115,70
466,141,65
467,144,63
468,67,58
469,74,58
470,67,52
471,61,58
472,67,64
473,125,61
474,129,61
475,125,56
476,120,60
477,124,65
