0,101,130
1,97,107
2,98,115
3,90,82
4,97,99
5,97,89
6,96,65
7,42,64
8,96,48
9,96,37
10,96,-1
11,101,133
12,101,136
13,101,138
14,101,140
15,102,144
16,102,150
17,102,155
18,101,166
19,97,112
20,89,112
21,14,41
22,62,70
23,55,70
24,48,70
25,39,67
26,68,68
27,53,50
28,61,51
29,45,52
30,40,55
31,32,73
32,70,179
33,40,63
34,11,74
35,23,69
36,56,102
37,89,129
38,90,136
39,77,132
40,69,134
41,81,137
42,74,138
43,61,149
44,90,107
45,89,99
46,29,48
47,73,83
48,70,105
49,70,101
50,33,102
51,89,90
52,47,39
53,36,42
54,20,26
55,81,46
56,67,54
57,54,141
58,21,149
59,77,110
60,84,112
61,60,139
62,63,139
63,32,38
64,70,108
65,62,40
66,61,34
67,50,4
68,26,33
69,55,19
70,24,46
71,19,45
72,89,133
73,79,134
74,71,136
75,78,111
76,61,139
77,66,142
78,64,139
79,81,108
80,76,139
81,83,138
82,91,138
83,89,165
84,90,155
85,90,149
86,91,144
87,92,140
88,76,139
89,74,142
90,72,144
91,70,147
92,62,128
93,12,111
94,98,114
95,70,139
96,68,140
97,86,115
98,73,113
99,85,113
100,65,87
101,52,92
102,68,104
103,32,14
104,37,24
105,45,34
106,68,156
107,78,36
108,74,17
109,71,0
110,42,70
111,23,79
112,72,66
113,32,58
114,79,78
115,76,103
116,16,87
117,29,83
118,38,85
119,53,83
120,64,80
121,72,76
122,89,67
123,16,102
124,26,58
125,93,112
126,73,90
127,10,75
128,78,72
129,68,105
130,36,63
131,75,98
132,15,130
133,72,64
134,82,93
135,35,164
136,37,175
137,11,107
138,25,154
139,15,59
140,69,188
141,94,113
142,66,96
143,17,72
144,49,65
145,55,66
146,64,143
147,17,118
148,84,199
149,60,191
150,49,184
151,96,17
152,102,200
153,61,66
154,67,65
155,70,64
156,20,58
157,66,60
158,60,59
159,54,59
160,48,60
161,44,61
162,11,56
163,45,65
164,98,121
165,70,124
166,77,109
167,86,121
168,96,56
169,47,173
170,57,181
171,83,193
172,28,164
173,70,62
174,84,79
175,101,194
176,71,196
177,13,125
178,83,139
179,82,143
180,80,147
181,79,152
182,77,162
183,68,138
184,66,138
185,64,137
186,56,134
187,27,120
188,84,72
189,79,58
190,74,59
191,70,139
192,27,141
193,86,57
194,73,170
195,97,80
196,89,75
197,96,73
198,78,91
199,101,185
200,101,174
201,87,174
202,55,154
203,62,111
204,63,163
205,44,111
206,54,119
207,37,124
208,84,184
209,73,96
210,48,162
211,59,171
212,47,144
213,20,132
214,37,148
215,18,141
216,48,129
217,79,85
218,78,106
219,73,108
220,82,101
221,73,52
222,61,47
223,51,46
224,41,48
225,35,52
226,30,66
227,10,91
228,36,76
229,44,77
230,54,77
231,63,75
232,70,72
233,76,69
234,11,93
235,73,110
236,84,86
237,84,107
238,89,111
239,84,108
240,75,112
241,90,111
242,91,113
243,75,64
244,80,65
245,83,66
246,42,62
247,36,58
248,103,81
249,154,65
250,106,111
251,182,35
252,133,70
253,140,71
254,148,70
255,158,67
256,127,69
257,142,51
258,134,52
259,150,52
260,156,54
261,164,71
262,132,177
263,157,63
264,186,69
265,172,67
266,140,99
267,112,128
268,112,136
269,124,130
270,131,132
271,120,135
272,127,136
273,140,146
274,104,107
275,105,99
276,166,47
277,122,81
278,125,103
279,125,99
280,164,97
281,104,89
282,146,39
283,158,41
284,174,21
285,113,46
286,128,55
287,147,137
288,184,144
289,119,108
290,112,111
291,139,137
292,137,137
293,161,37
294,126,106
295,132,40
296,133,34
297,142,1
298,168,29
299,136,17
300,170,44
301,176,40
302,112,132
303,122,133
304,129,134
305,117,109
306,138,137
307,134,139
308,136,137
309,114,106
310,125,137
311,119,137
312,111,138
313,112,165
314,114,154
315,113,148
316,112,143
317,111,139
318,125,138
319,127,140
320,130,142
321,132,145
322,137,125
323,190,105
324,130,137
325,132,138
326,110,114
327,124,110
328,111,112
329,131,85
330,144,89
331,127,102
332,161,9
333,155,21
334,149,33
335,133,153
336,115,36
337,117,16
338,121,-1
339,154,69
340,172,76
341,123,67
342,164,57
343,116,76
344,119,101
345,181,81
346,167,80
347,158,82
348,143,81
349,132,79
350,123,76
351,104,67
352,181,96
353,170,56
354,102,111
355,122,88
356,189,69
357,117,72
358,128,102
359,160,63
360,119,96
361,188,124
362,123,65
363,112,92
364,168,160
365,168,171
366,189,101
367,177,150
368,182,53
369,133,186
370,101,113
371,130,93
372,179,68
373,146,67
374,140,67
375,136,141
376,182,112
377,119,198
378,144,188
379,155,181
380,134,67
381,129,66
382,125,66
383,175,55
384,130,61
385,136,60
386,141,59
387,148,60
388,152,61
389,186,50
390,151,66
391,128,121
392,119,107
393,111,120
394,156,170
395,145,178
396,118,192
397,177,160
398,125,64
399,110,78
400,132,194
401,188,119
402,119,138
403,121,141
404,123,146
405,124,150
406,124,160
407,132,136
408,134,135
409,136,134
410,144,130
411,172,115
412,110,71
413,116,59
414,122,61
415,130,137
416,174,136
417,108,58
418,128,168
419,104,74
420,117,90
421,115,173
422,147,151
423,135,108
424,138,160
425,154,107
426,144,116
427,162,120
428,117,183
429,122,94
430,153,159
431,143,169
432,154,140
433,181,127
434,164,143
435,185,135
436,151,125
437,116,83
438,117,105
439,123,106
440,112,100
441,121,52
442,133,47
443,144,46
444,153,47
445,160,51
446,165,65
447,188,85
448,160,74
449,152,75
450,142,76
451,132,74
452,125,72
453,120,70
454,189,87
455,123,108
456,110,85
457,110,106
458,106,110
459,111,107
460,121,110
461,105,111
462,104,112
463,120,65
464,115,66
465,112,67
466,155,62
467,160,58
468,56,62
469,63,62
470,56,56
471,48,63
472,55,68
473,143,63
474,151,63
475,143,56
476,136,63
477,143,69
