0,101,133
1,92,108
2,95,116
3,88,83
4,92,100
5,93,90
6,96,67
7,54,65
8,97,49
9,97,39
10,98,3
11,101,135
12,101,136
13,102,137
14,102,154
15,102,156
16,102,160
17,102,164
18,100,169
19,93,112
20,87,112
21,35,42
22,72,72
23,65,73
24,58,72
25,51,68
26,78,71
27,62,52
28,70,52
29,55,53
30,51,56
31,45,73
32,73,180
33,52,64
34,30,74
35,39,69
36,62,102
37,90,131
38,91,136
39,81,132
40,74,134
41,83,136
42,77,137
43,66,149
44,86,108
45,85,100
46,42,52
47,77,84
48,72,106
49,72,102
50,42,102
51,87,91
52,56,44
53,47,46
54,40,28
55,84,50
56,77,55
57,60,140
58,36,148
59,78,110
60,84,112
61,67,140
62,69,140
63,45,42
64,73,109
65,68,45
66,66,39
67,61,9
68,41,35
69,64,22
70,39,48
71,36,46
72,91,134
73,82,134
74,76,135
75,80,111
76,68,140
77,72,146
78,70,140
79,80,108
80,79,137
81,85,137
82,92,137
83,89,168
84,91,163
85,92,159
86,92,156
87,93,153
88,80,149
89,78,150
90,76,151
91,75,153
92,66,127
93,32,109
94,94,114
95,75,145
96,73,146
97,86,115
98,75,113
99,85,114
100,70,88
101,58,93
102,72,105
103,48,17
104,50,26
105,54,38
106,72,156
107,82,40
108,79,21
109,77,5
110,54,71
111,38,79
112,82,69
113,45,60
114,82,79
115,76,103
116,31,86
117,40,84
118,48,86
119,61,85
120,71,82
121,78,79
122,90,69
123,29,101
124,40,59
125,90,112
126,76,91
127,32,75
128,84,75
129,72,105
130,49,64
131,76,98
132,33,128
133,83,67
134,81,94
135,45,163
136,48,174
137,27,106
138,37,153
139,33,59
140,72,189
141,91,114
142,70,96
143,35,71
144,59,68
145,65,69
146,70,147
147,29,117
148,85,200
149,66,190
150,57,183
151,97,20
152,101,202
153,71,69
154,77,68
155,81,67
156,37,58
157,77,61
158,71,58
159,64,57
160,58,59
161,55,61
162,32,57
163,56,67
164,96,121
165,73,123
166,78,109
167,86,121
168,97,58
169,55,172
170,63,180
171,84,194
172,41,163
173,81,64
174,85,81
175,100,196
176,74,196
177,28,123
178,85,151
179,84,153
180,83,156
181,82,159
182,79,163
183,72,138
184,71,137
185,70,137
186,62,133
187,36,120
188,86,74
189,87,61
190,83,62
191,74,138
192,37,140
193,90,60
194,76,171
195,94,82
196,89,77
197,95,75
198,79,92
199,100,187
200,100,177
201,87,176
202,61,153
203,66,112
204,68,163
205,51,111
206,60,119
207,45,124
208,85,186
209,76,96
210,56,161
211,64,171
212,54,143
213,31,131
214,46,147
215,31,139
216,55,128
217,81,86
218,78,107
219,74,108
220,80,101
221,81,54
222,69,50
223,59,49
224,51,51
225,47,54
226,45,67
227,28,90
228,48,76
229,54,78
230,63,78
231,72,77
232,79,75
233,84,72
234,32,92
235,75,110
236,83,87
237,82,107
238,86,111
239,83,109
240,77,112
241,87,112
242,89,113
243,85,67
244,87,68
245,88,69
246,53,62
247,48,60
248,100,83
249,151,65
250,102,112
251,185,37
252,130,71
253,137,72
254,145,72
255,155,68
256,124,70
257,140,51
258,132,52
259,148,52
260,153,55
261,162,72
262,131,181
263,154,63
264,190,71
265,171,67
266,138,101
267,113,131
268,112,136
269,124,133
270,132,134
271,122,136
272,129,136
273,141,148
274,99,108
275,99,100
276,164,49
277,121,83
278,120,105
279,121,101
280,163,100
281,100,91
282,143,42
283,155,44
284,175,23
285,111,50
286,125,55
287,147,139
288,192,147
289,115,110
290,108,112
291,142,139
292,140,139
293,160,39
294,122,108
295,129,43
296,130,37
297,141,5
298,167,31
299,135,20
300,170,46
301,178,42
302,113,134
303,123,134
304,130,135
305,113,111
306,141,139
307,136,145
308,139,139
309,109,108
310,128,137
311,121,136
312,112,137
313,112,168
314,114,162
315,113,159
316,113,155
317,112,153
318,127,148
319,129,149
320,131,150
321,132,152
322,135,126
323,198,107
324,133,145
325,134,145
326,106,115
327,120,112
328,107,114
329,130,87
330,143,91
331,124,104
332,161,12
333,153,23
334,146,36
335,133,156
336,112,40
337,117,19
338,121,3
339,151,70
340,171,77
341,120,68
342,162,59
343,115,78
344,114,102
345,182,84
346,164,82
347,154,84
348,139,83
349,129,80
350,121,77
351,103,69
352,183,99
353,169,58
354,97,112
355,120,90
356,196,71
357,115,74
358,126,104
359,158,64
360,115,97
361,197,127
362,120,66
363,107,93
364,170,164
365,172,175
366,194,104
367,182,154
368,184,55
369,132,190
370,97,114
371,128,95
372,179,68
373,143,68
374,137,68
375,138,146
376,184,115
377,117,201
378,145,192
379,157,185
380,131,68
381,125,67
382,122,66
383,175,56
384,127,60
385,133,58
386,139,58
387,145,59
388,149,61
389,192,52
390,148,67
391,126,122
392,114,109
393,108,121
394,157,174
395,145,182
396,117,195
397,183,164
398,122,63
399,108,80
400,132,197
401,194,122
402,120,151
403,122,152
404,123,155
405,124,158
406,124,163
407,135,137
408,137,137
409,138,136
410,143,131
411,172,118
412,109,73
413,114,60
414,119,61
415,134,137
416,176,139
417,106,60
418,128,171
419,102,76
420,114,91
421,114,176
422,147,153
423,133,110
424,138,164
425,152,110
426,142,118
427,161,123
428,116,186
429,120,95
430,154,162
431,143,172
432,154,142
433,184,130
434,164,146
435,191,139
436,150,127
437,114,85
438,111,106
439,118,108
440,107,101
441,119,54
442,130,49
443,141,48
444,150,49
445,157,53
446,164,65
447,193,87
448,157,75
449,149,77
450,139,77
451,129,75
452,122,73
453,117,71
454,197,89
455,118,109
456,107,87
457,105,107
458,101,111
459,106,108
460,117,112
461,100,111
462,100,113
463,117,66
464,113,67
465,110,68
466,152,62
467,157,59
468,69,63
469,76,64
470,69,57
471,61,63
472,68,70
473,141,63
474,148,63
475,140,56
476,133,63
477,141,70
