0,99,131
1,99,115
2,98,120
3,92,86
4,99,106
5,99,95
6,99,67
7,44,59
8,99,46
9,99,35
10,100,-2
11,99,133
12,99,135
13,99,136
14,99,151
15,100,153
16,100,157
17,100,160
18,99,167
19,98,118
20,90,117
21,15,29
22,65,67
23,57,67
24,49,66
25,40,62
26,71,67
27,54,47
28,63,49
29,46,48
30,41,50
31,32,66
32,67,178
33,41,57
34,9,63
35,24,61
36,54,99
37,85,130
38,86,134
39,72,129
40,63,129
41,74,133
42,65,132
43,54,141
44,92,114
45,91,106
46,30,43
47,74,82
48,70,107
49,70,102
50,29,95
51,91,95
52,49,39
53,38,39
54,23,16
55,83,50
56,70,53
57,46,131
58,12,136
59,76,112
60,83,115
61,50,130
62,52,131
63,34,34
64,69,109
65,64,42
66,64,35
67,54,0
68,29,25
69,59,15
70,26,39
71,20,35
72,85,132
73,73,131
74,64,131
75,78,113
76,51,130
77,57,138
78,53,131
79,81,112
80,67,132
81,76,134
82,86,135
83,86,166
84,86,159
85,86,155
86,86,152
87,87,150
88,68,143
89,66,143
90,65,145
91,63,147
92,57,124
93,6,96
94,98,119
95,61,138
96,59,138
97,86,118
98,71,112
99,85,116
100,65,85
101,51,88
102,68,104
103,35,6
104,41,17
105,47,32
106,63,151
107,81,40
108,78,15
109,75,-2
110,43,65
111,23,71
112,75,66
113,33,52
114,80,78
115,76,106
116,14,77
117,28,76
118,38,79
119,53,80
120,65,78
121,73,75
122,91,69
123,12,92
124,27,51
125,94,118
126,73,90
127,7,61
128,79,72
129,66,104
130,37,57
131,76,100
132,7,116
133,75,63
134,84,97
135,31,155
136,32,165
137,5,96
138,19,145
139,15,48
140,67,187
141,95,119
142,65,94
143,17,61
144,51,62
145,57,63
146,56,139
147,11,108
148,82,199
149,58,185
150,47,177
151,99,16
152,99,201
153,64,63
154,70,63
155,73,63
156,21,49
157,68,57
158,62,55
159,55,53
160,49,54
161,45,55
162,10,43
163,47,61
164,98,124
165,67,122
166,76,112
167,85,123
168,99,56
169,44,167
170,55,176
171,82,194
172,21,153
173,73,61
174,86,81
175,99,196
176,69,194
177,6,113
178,76,147
179,75,148
180,74,151
181,74,154
182,72,160
183,58,131
184,56,130
185,55,129
186,49,126
187,20,112
188,86,73
189,81,59
190,76,59
191,59,132
192,20,132
193,88,60
194,70,168
195,99,85
196,91,78
197,99,77
198,79,93
199,99,187
200,99,177
201,84,175
202,50,146
203,59,109
204,59,158
205,39,107
206,51,115
207,31,118
208,82,186
209,73,96
210,45,155
211,56,167
212,42,135
213,12,122
214,32,139
215,10,130
216,43,122
217,80,86
218,79,111
219,73,110
220,83,106
221,76,53
222,64,47
223,53,44
224,43,45
225,36,47
226,31,59
227,6,79
228,37,69
229,44,72
230,55,73
231,65,72
232,72,71
233,78,69
234,6,78
235,72,111
236,85,89
237,85,113
238,89,116
239,85,113
240,74,113
241,91,117
242,92,118
243,78,64
244,82,66
245,84,68
246,43,56
247,37,53
248,105,86
249,150,61
250,107,117
251,179,32
252,130,69
253,137,69
254,144,68
255,154,63
256,124,68
257,141,49
258,133,50
259,149,49
260,154,52
261,160,67
262,130,178
263,153,58
264,184,65
265,169,62
266,142,99
267,113,129
268,113,134
269,125,129
270,134,129
271,123,132
272,131,131
273,143,141
274,105,114
275,106,106
276,164,46
277,122,82
278,126,107
279,126,102
280,166,96
281,106,95
282,146,42
283,157,42
284,172,19
285,114,51
286,125,53
287,151,131
288,179,137
289,120,112
290,113,115
291,145,130
292,143,131
293,161,37
294,127,109
295,132,44
296,134,38
297,144,1
298,168,27
299,139,16
300,168,42
301,175,37
302,113,132
303,124,131
304,133,130
305,119,113
306,144,130
307,139,138
308,142,131
309,115,112
310,130,132
311,122,133
312,112,135
313,112,166
314,114,159
315,113,155
316,112,152
317,111,150
318,129,143
319,131,143
320,133,145
321,134,147
322,140,123
323,184,98
324,135,138
325,137,138
326,111,118
327,125,112
328,112,116
329,131,85
330,145,89
331,128,104
332,162,8
333,156,20
334,149,35
335,135,151
336,116,42
337,121,16
338,124,-1
339,150,66
340,168,72
341,120,67
342,161,54
343,117,78
344,120,106
345,179,79
346,163,77
347,154,81
348,140,81
349,129,79
350,121,76
351,106,69
352,181,93
353,167,53
354,103,118
355,123,90
356,184,63
357,116,73
358,130,104
359,156,59
360,120,100
361,183,117
362,120,64
363,113,97
364,164,156
365,161,166
366,186,97
367,174,145
368,179,50
369,130,187
370,102,119
371,131,94
372,176,62
373,143,64
374,137,65
375,140,139
376,182,109
377,115,199
378,138,186
379,148,177
380,131,65
381,125,64
382,121,65
383,173,51
384,127,57
385,133,54
386,140,53
387,146,54
388,150,56
389,182,46
390,147,62
391,130,122
392,120,112
393,112,123
394,151,167
395,141,177
396,116,194
397,171,154
398,122,62
399,111,82
400,127,194
401,185,114
402,121,147
403,123,148
404,124,151
405,125,155
406,125,160
407,138,131
408,139,130
409,140,129
410,148,126
411,174,113
412,111,73
413,115,60
414,119,60
415,136,131
416,174,132
417,108,61
418,128,168
419,106,78
420,118,93
421,114,175
422,147,146
423,137,109
424,138,158
425,157,107
426,146,115
427,164,118
428,115,186
429,123,96
430,151,155
431,140,167
432,155,135
433,181,123
434,164,139
435,182,131
436,154,122
437,117,86
438,118,111
439,124,110
440,114,106
441,120,54
442,132,48
443,143,46
444,152,47
445,158,50
446,162,60
447,185,81
448,156,71
449,148,74
450,138,74
451,129,73
452,122,72
453,117,70
454,184,80
455,124,111
456,112,89
457,112,113
458,107,116
459,112,114
460,122,113
461,106,117
462,105,118
463,117,65
464,114,67
465,111,69
466,152,57
467,157,55
468,56,58
469,64,59
470,57,51
471,48,58
472,56,66
473,137,59
474,146,59
475,137,51
476,128,59
477,138,67
