0,101,125
1,104,106
2,102,115
3,95,81
4,104,98
5,103,88
6,101,65
7,42,64
8,100,42
9,101,31
10,100,0
11,101,129
12,101,133
13,101,135
14,100,150
15,100,154
16,101,159
17,101,165
18,100,173
19,103,111
20,94,111
21,10,37
22,62,71
23,55,71
24,48,70
25,38,67
26,69,70
27,54,48
28,62,49
29,46,49
30,40,52
31,31,72
32,66,181
33,39,63
34,6,71
35,22,67
36,56,100
37,86,123
38,87,133
39,70,127
40,60,131
41,74,134
42,65,135
43,55,150
44,96,106
45,96,98
46,30,43
47,74,82
48,73,104
49,72,100
50,30,99
51,95,89
52,50,34
53,39,37
54,19,22
55,83,43
56,69,53
57,48,139
58,10,146
59,79,109
60,87,111
61,48,140
62,50,140
63,34,32
64,72,107
65,65,36
66,64,29
67,53,3
68,26,28
69,58,15
70,24,40
71,17,40
72,86,128
73,72,130
74,62,133
75,81,110
76,49,140
77,55,146
78,52,140
79,85,106
80,67,137
81,76,136
82,88,135
83,86,172
84,86,164
85,86,158
86,87,153
87,88,149
88,67,147
89,65,148
90,63,151
91,61,154
92,59,126
93,1,107
94,102,113
95,60,144
96,58,145
97,89,114
98,74,112
99,88,113
100,65,86
101,51,90
102,70,104
103,33,11
104,39,19
105,48,28
106,63,158
107,82,32
108,78,15
109,75,0
110,42,69
111,22,77
112,73,68
113,32,56
114,81,77
115,80,101
116,12,83
117,27,81
118,38,83
119,53,83
120,64,80
121,72,77
122,93,67
123,12,98
124,25,55
125,99,111
126,75,89
127,1,71
128,79,73
129,68,104
130,36,63
131,79,96
132,4,126
133,73,66
134,87,92
135,30,162
136,30,173
137,4,103
138,18,152
139,11,54
140,66,189
141,99,113
142,66,95
143,14,69
144,49,66
145,55,66
146,53,147
147,11,114
148,81,201
149,55,190
150,43,183
151,100,16
152,99,202
153,61,66
154,67,66
155,71,66
156,19,53
157,66,60
158,60,57
159,54,56
160,48,58
161,44,60
162,4,53
163,45,65
164,101,120
165,69,122
166,80,108
167,88,120
168,100,54
169,42,172
170,53,180
171,81,195
172,19,162
173,71,64
174,88,79
175,100,196
176,67,196
177,5,121
178,77,148
179,75,151
180,73,155
181,72,160
182,73,166
183,56,137
184,54,136
185,52,135
186,52,132
187,23,117
188,87,72
189,80,59
190,75,60
191,59,138
192,21,138
193,88,58
194,69,173
195,102,80
196,94,75
197,102,73
198,81,90
199,100,189
200,100,180
201,84,179
202,50,153
203,61,110
204,58,164
205,42,109
206,53,118
207,34,122
208,82,187
209,74,95
210,44,161
211,55,171
212,43,142
213,13,129
214,32,145
215,9,137
216,45,127
217,81,84
218,83,105
219,76,107
220,88,99
221,75,50
222,64,44
223,53,43
224,44,44
225,36,49
226,30,64
227,4,87
228,35,74
229,43,76
230,53,76
231,63,75
232,71,73
233,76,71
234,1,89
235,75,109
236,88,85
237,90,105
238,94,110
239,89,107
240,77,111
241,96,110
242,96,112
243,76,66
244,80,67
245,84,68
246,42,61
247,36,57
248,109,81
249,153,66
250,110,111
251,175,39
252,132,72
253,140,72
254,147,71
255,156,69
256,125,71
257,142,48
258,134,50
259,150,50
260,156,54
261,162,73
262,130,180
263,155,65
264,179,72
265,169,68
266,142,101
267,114,123
268,113,133
269,127,126
270,135,130
271,123,133
272,130,135
273,141,149
274,110,106
275,111,98
276,165,45
277,124,83
278,129,104
279,129,100
280,164,99
281,110,89
282,149,34
283,159,38
284,170,25
285,116,41
286,126,54
287,147,139
288,170,144
289,122,109
290,115,111
291,143,139
292,140,140
293,162,33
294,129,108
295,135,35
296,136,28
297,144,4
298,167,29
299,141,16
300,169,42
301,173,41
302,114,128
303,125,130
304,133,133
305,120,110
306,141,139
307,137,145
308,138,140
309,118,107
310,128,136
311,121,135
312,112,135
313,113,171
314,114,164
315,114,158
316,112,153
317,111,149
318,127,146
319,129,148
320,132,150
321,134,153
322,139,126
323,177,107
324,132,144
325,135,144
326,113,114
327,126,112
328,114,113
329,133,87
330,146,91
331,130,104
332,161,13
333,157,20
334,151,28
335,134,158
336,119,30
337,122,15
338,124,1
339,153,71
340,170,78
341,121,70
342,162,57
343,118,78
344,124,101
345,177,84
346,167,82
347,158,84
348,143,84
349,132,82
350,124,79
351,108,67
352,178,99
353,168,56
354,107,111
355,125,89
356,178,73
357,118,74
358,131,104
359,159,65
360,124,97
361,175,125
362,121,68
363,117,92
364,160,160
365,156,170
366,181,103
367,169,150
368,176,56
369,130,187
370,105,113
371,132,95
372,175,70
373,146,67
374,139,68
375,139,146
376,178,114
377,116,200
378,137,187
379,146,180
380,133,68
381,127,68
382,123,68
383,172,55
384,127,62
385,134,59
386,140,58
387,147,59
388,151,61
389,178,54
390,150,66
391,131,122
392,122,108
393,114,120
394,149,170
395,140,178
396,117,194
397,164,160
398,123,65
399,114,79
400,128,194
401,179,120
402,120,148
403,122,151
404,124,155
405,126,160
406,126,166
407,136,137
408,138,136
409,140,135
410,145,131
411,170,117
412,113,72
413,116,59
414,120,61
415,133,138
416,169,137
417,110,57
418,128,172
419,109,75
420,121,90
421,115,178
422,145,152
423,137,110
424,137,163
425,155,109
426,145,118
427,161,122
428,117,187
429,126,95
430,149,160
431,140,170
432,152,141
433,175,128
434,160,144
435,175,136
436,151,126
437,119,84
438,121,105
439,126,107
440,118,100
441,122,50
442,134,44
443,145,43
444,154,45
445,160,50
446,163,66
447,181,87
448,159,76
449,152,77
450,142,78
451,132,77
452,124,75
453,119,72
454,177,90
455,126,109
456,115,85
457,115,105
458,111,110
459,115,107
460,124,111
461,109,110
462,108,112
463,118,67
464,115,68
465,113,68
466,154,63
467,159,58
468,55,62
469,62,62
470,54,56
471,47,62
472,55,69
473,138,64
474,145,64
475,137,56
476,130,64
477,138,71
