0,100,133
1,104,116
2,101,120
3,96,87
4,104,108
5,104,96
6,102,67
7,44,59
8,102,45
9,102,34
10,102,-3
11,100,135
12,100,137
13,99,138
14,98,148
15,98,151
16,98,156
17,97,160
18,97,166
19,103,119
20,94,117
21,16,25
22,66,66
23,59,66
24,51,66
25,41,61
26,72,65
27,56,44
28,64,46
29,48,46
30,42,49
31,34,65
32,67,175
33,41,57
34,12,59
35,26,59
36,58,98
37,88,131
38,87,136
39,75,131
40,66,130
41,77,134
42,69,132
43,55,140
44,97,115
45,97,107
46,34,42
47,77,81
48,75,107
49,74,102
50,34,94
51,97,97
52,53,34
53,42,37
54,24,13
55,85,41
56,71,49
57,48,130
58,15,129
59,80,112
60,87,115
61,53,129
62,55,130
63,39,31
64,73,109
65,67,35
66,67,29
67,56,-1
68,31,23
69,61,14
70,29,37
71,22,32
72,87,134
73,76,132
74,67,131
75,81,113
76,54,130
77,60,136
78,56,130
79,86,113
80,70,133
81,78,135
82,87,137
83,85,165
84,84,159
85,85,154
86,86,150
87,87,147
88,69,140
89,68,141
90,66,143
91,65,145
92,60,123
93,8,89
94,102,120
95,64,136
96,62,136
97,89,118
98,75,112
99,88,117
100,68,84
101,55,87
102,72,104
103,37,4
104,43,16
105,52,28
106,63,150
107,85,31
108,80,14
109,77,-3
110,45,64
111,26,69
112,76,64
113,35,51
114,83,77
115,81,107
116,18,74
117,31,75
118,41,78
119,55,78
120,66,76
121,74,74
122,95,69
123,17,89
124,29,49
125,99,119
126,77,89
127,8,55
128,80,71
129,70,103
130,38,57
131,81,101
132,10,108
133,75,61
134,89,98
135,32,151
136,33,160
137,10,90
138,22,140
139,17,44
140,66,184
141,99,119
142,69,93
143,19,59
144,53,62
145,59,62
146,59,137
147,16,105
148,80,196
149,56,182
150,46,173
151,102,15
152,96,198
153,65,62
154,70,61
155,74,61
156,24,47
157,69,55
158,63,52
159,57,51
160,50,52
161,46,54
162,10,38
163,48,61
164,101,124
165,70,121
166,81,112
167,88,123
168,102,56
169,44,163
170,55,174
171,80,191
172,23,146
173,73,59
174,89,82
175,97,193
176,68,190
177,11,108
178,77,144
179,76,146
180,75,149
181,74,153
182,72,159
183,61,131
184,60,130
185,59,129
186,52,125
187,26,110
188,89,73
189,82,55
190,77,56
191,63,132
192,24,128
193,90,56
194,69,166
195,103,86
196,95,79
197,103,77
198,83,93
199,97,185
200,97,175
201,83,173
202,51,145
203,63,108
204,59,156
205,44,106
206,54,114
207,36,117
208,81,183
209,77,95
210,46,153
211,56,165
212,44,133
213,17,118
214,34,137
215,14,124
216,46,121
217,83,85
218,84,111
219,77,110
220,89,107
221,77,47
222,66,42
223,55,41
224,46,42
225,39,46
226,33,58
227,10,74
228,39,69
229,47,71
230,57,72
231,66,70
232,73,69
233,78,67
234,7,71
235,76,111
236,90,90
237,91,113
238,94,117
239,90,114
240,78,113
241,96,118
242,96,119
243,78,62
244,82,64
245,85,65
246,43,56
247,38,52
248,109,87
249,145,56
250,111,117
251,170,27
252,126,62
253,132,63
254,139,63
255,147,59
256,121,61
257,140,46
258,132,46
259,147,47
260,150,49
261,152,64
262,125,174
263,148,55
264,173,59
265,158,58
266,139,99
267,112,131
268,110,135
269,121,130
270,127,129
271,119,133
272,125,132
273,135,140
274,110,115
275,111,107
276,160,44
277,122,81
278,127,107
279,127,102
280,159,94
281,110,97
282,148,40
283,156,41
284,166,15
285,119,47
286,125,49
287,142,130
288,163,128
289,122,112
290,115,115
291,136,128
292,134,129
293,159,36
294,127,109
295,136,41
296,139,35
297,142,0
298,163,23
299,139,15
300,163,40
301,168,33
302,111,133
303,120,132
304,126,130
305,120,113
306,135,129
307,130,135
308,133,130
309,118,113
310,123,133
311,117,135
312,109,137
313,109,165
314,108,158
315,109,154
316,108,149
317,108,146
318,122,139
319,123,140
320,125,142
321,125,144
322,135,123
323,169,89
324,126,135
325,128,135
326,113,118
327,125,112
328,114,117
329,130,84
330,142,88
331,128,104
332,158,5
333,154,17
334,151,33
335,128,150
336,123,37
337,122,15
338,124,-3
339,144,62
340,157,69
341,118,60
342,155,51
343,117,77
344,123,107
345,170,75
346,154,75
347,147,79
348,134,78
349,125,75
350,120,73
351,109,69
352,171,90
353,159,50
354,107,118
355,123,89
356,172,56
357,116,70
358,128,103
359,150,55
360,123,100
361,167,108
362,118,58
363,117,98
364,153,150
365,149,158
366,173,91
367,161,138
368,170,45
369,125,183
370,106,119
371,129,93
372,161,59
373,139,58
374,133,58
375,131,136
376,171,105
377,111,195
378,131,180
379,139,170
380,127,58
381,122,57
382,119,58
383,162,48
384,124,53
385,130,51
386,137,51
387,142,52
388,145,53
389,172,40
390,143,57
391,127,122
392,122,112
393,113,123
394,143,161
395,134,172
396,112,190
397,157,145
398,120,56
399,114,82
400,122,189
401,172,107
402,115,143
403,117,145
404,118,149
405,118,153
406,120,158
407,130,130
408,131,129
409,132,128
410,140,125
411,165,110
412,113,73
413,115,54
414,118,54
415,128,131
416,163,128
417,111,56
418,122,166
419,109,79
420,120,93
421,111,173
422,139,144
423,134,108
424,131,155
425,151,106
426,141,115
427,156,116
428,112,182
429,124,96
430,143,152
431,133,163
432,146,133
433,168,118
434,154,136
435,168,123
436,146,121
437,118,85
438,121,111
439,125,110
440,117,107
441,122,48
442,133,45
443,143,44
444,151,45
445,155,47
446,154,57
447,174,75
448,149,68
449,142,70
450,133,70
451,125,68
452,120,67
453,116,65
454,170,72
455,125,111
456,115,90
457,115,113
458,111,117
459,115,114
460,123,112
461,110,118
462,109,118
463,116,58
464,114,62
465,113,64
466,147,54
467,152,52
468,58,57
469,65,57
470,58,51
471,52,57
472,58,64
473,131,55
474,138,55
475,132,48
476,124,54
477,130,62
