0,99,130
1,100,109
2,99,115
3,94,84
4,101,101
5,100,91
6,100,67
7,42,62
8,100,51
9,101,41
10,102,-1
11,99,133
12,99,135
13,99,136
14,99,150
15,99,152
16,99,155
17,98,159
18,97,166
19,100,113
20,91,112
21,16,32
22,65,68
23,57,69
24,50,68
25,39,64
26,71,67
27,53,48
28,62,49
29,44,49
30,39,52
31,34,68
32,66,178
33,39,60
34,12,66
35,25,62
36,57,99
37,87,129
38,87,134
39,75,130
40,67,131
41,78,133
42,70,133
43,56,143
44,94,109
45,93,101
46,30,47
47,75,82
48,73,104
49,72,100
50,33,96
51,93,92
52,49,41
53,38,42
54,24,18
55,83,48
56,70,52
57,49,134
58,15,140
59,78,109
60,85,111
61,56,133
62,59,134
63,35,38
64,71,107
65,64,42
66,63,36
67,57,1
68,30,27
69,62,17
70,26,43
71,22,38
72,87,132
73,76,132
74,68,132
75,80,110
76,58,134
77,62,140
78,60,134
79,84,108
80,71,134
81,79,134
82,88,135
83,85,165
84,85,158
85,86,154
86,87,151
87,88,149
88,71,143
89,69,144
90,67,145
91,66,147
92,60,124
93,9,100
94,99,115
95,66,139
96,64,139
97,87,114
98,73,110
99,86,113
100,66,85
101,53,89
102,70,103
103,37,8
104,43,20
105,47,35
106,63,152
107,82,39
108,81,17
109,78,-1
110,43,67
111,26,72
112,75,65
113,32,55
114,81,77
115,79,103
116,18,79
117,31,78
118,41,81
119,55,80
120,66,78
121,74,75
122,93,69
123,17,94
124,27,53
125,96,113
126,75,89
127,9,65
128,80,72
129,69,102
130,36,60
131,78,97
132,11,120
133,75,63
134,86,94
135,31,158
136,31,169
137,10,98
138,21,147
139,17,51
140,65,187
141,96,114
142,67,93
143,19,63
144,50,65
145,57,65
146,60,140
147,16,111
148,79,200
149,54,188
150,44,180
151,101,18
152,95,201
153,63,64
154,69,63
155,73,63
156,22,51
157,68,57
158,61,54
159,54,54
160,47,55
161,43,57
162,12,46
163,45,63
164,99,120
165,69,120
166,79,108
167,86,120
168,100,59
169,42,169
170,53,178
171,79,193
172,22,156
173,72,60
174,87,80
175,96,195
176,66,195
177,11,116
178,79,146
179,77,148
180,76,150
181,75,154
182,73,160
183,63,133
184,62,133
185,61,132
186,52,128
187,25,114
188,87,73
189,81,58
190,76,58
191,65,134
192,23,134
193,89,59
194,69,168
195,100,83
196,93,77
197,100,75
198,81,91
199,96,186
200,97,175
201,82,174
202,50,149
203,62,108
204,59,160
205,43,107
206,53,115
207,35,119
208,80,185
209,75,94
210,45,157
211,55,168
212,43,137
213,17,125
214,34,142
215,14,132
216,45,123
217,81,84
218,81,106
219,75,107
220,86,102
221,76,52
222,63,47
223,51,46
224,42,47
225,35,50
226,31,61
227,11,82
228,38,71
229,46,74
230,56,74
231,66,72
232,73,71
233,78,69
234,9,82
235,75,108
236,87,87
237,88,108
238,91,111
239,87,109
240,76,110
241,93,112
242,93,114
243,77,63
244,82,65
245,85,67
246,41,58
247,36,55
248,106,84
249,151,64
250,107,113
251,175,36
252,129,70
253,137,71
254,144,71
255,153,66
256,123,69
257,142,50
258,133,51
259,150,52
260,155,54
261,159,70
262,125,178
263,154,61
264,177,70
265,166,65
266,138,100
267,111,129
268,110,134
269,121,130
270,128,131
271,118,134
272,124,134
273,135,144
274,106,109
275,108,101
276,164,49
277,121,83
278,124,105
279,125,100
280,160,98
281,107,92
282,148,44
283,158,45
284,170,23
285,116,50
286,125,54
287,142,134
288,167,142
289,119,109
290,112,112
291,136,134
292,134,135
293,161,41
294,125,107
295,135,45
296,136,39
297,145,3
298,166,31
299,139,20
300,167,46
301,172,42
302,111,132
303,120,132
304,126,133
305,117,110
306,135,135
307,131,140
308,133,135
309,115,108
310,123,135
311,117,135
312,109,135
313,108,165
314,111,158
315,110,154
316,110,151
317,109,149
318,123,143
319,125,144
320,127,146
321,128,148
322,134,124
323,174,104
324,127,140
325,129,140
326,110,114
327,122,111
328,111,113
329,129,86
330,142,90
331,126,103
332,161,11
333,156,24
334,151,38
335,128,152
336,119,41
337,122,18
338,126,0
339,150,69
340,166,75
341,119,67
342,160,57
343,116,78
344,120,103
345,173,83
346,161,81
347,152,84
348,138,83
349,128,80
350,121,77
351,107,69
352,173,97
353,165,56
354,104,113
355,121,90
356,177,69
357,116,73
358,127,103
359,156,62
360,120,98
361,172,122
362,119,65
363,113,94
364,155,159
365,153,170
366,177,102
367,164,149
368,175,55
369,125,188
370,103,114
371,128,94
372,172,66
373,144,67
374,137,67
375,132,141
376,173,113
377,111,200
378,133,188
379,142,180
380,131,66
381,125,65
382,121,65
383,170,54
384,127,59
385,133,56
386,140,56
387,147,57
388,150,59
389,177,51
390,148,65
391,126,121
392,119,109
393,111,120
394,145,170
395,135,179
396,112,194
397,161,158
398,122,62
399,112,81
400,123,195
401,175,119
402,117,146
403,118,148
404,120,151
405,120,154
406,120,160
407,130,134
408,131,133
409,133,133
410,140,128
411,166,116
412,111,73
413,115,60
414,119,60
415,128,135
416,165,136
417,109,60
418,122,169
419,107,77
420,117,92
421,110,174
422,140,149
423,133,109
424,132,160
425,150,109
426,140,116
427,156,121
428,112,185
429,122,95
430,144,158
431,134,169
432,147,138
433,171,127
434,155,143
435,171,135
436,146,124
437,116,85
438,117,107
439,122,108
440,114,102
441,121,54
442,134,49
443,145,48
444,153,50
445,158,52
446,161,63
447,177,86
448,155,74
449,147,76
450,138,76
451,128,74
452,122,72
453,117,70
454,176,86
455,122,109
456,112,87
457,112,108
458,108,112
459,112,109
460,120,110
461,106,112
462,105,114
463,117,65
464,113,67
465,112,68
466,152,60
467,157,57
468,54,58
469,62,58
470,54,51
471,46,58
472,54,65
473,137,61
474,145,61
475,138,54
476,129,61
477,137,68
