0,99,129
1,95,116
2,97,120
3,90,88
4,94,108
5,95,96
6,97,69
7,49,62
8,97,50
9,97,40
10,98,1
11,99,132
12,100,134
13,100,135
14,100,152
15,100,154
16,100,158
17,101,162
18,100,167
19,95,119
20,88,118
21,33,33
22,69,69
23,62,70
24,55,69
25,47,64
26,74,67
27,58,49
28,67,50
29,51,50
30,47,52
31,42,68
32,73,177
33,47,59
34,28,65
35,36,63
36,60,100
37,86,128
38,87,133
39,75,128
40,67,128
41,78,131
42,70,131
43,61,142
44,88,115
45,87,107
46,40,48
47,77,83
48,71,108
49,71,103
50,39,96
51,88,97
52,55,43
53,46,44
54,37,21
55,83,51
56,73,53
57,54,132
58,35,135
59,76,113
60,83,116
61,57,129
62,59,130
63,44,39
64,70,110
65,67,45
66,66,39
67,60,5
68,40,29
69,63,20
70,38,44
71,35,39
72,86,130
73,76,130
74,68,129
75,78,114
76,58,130
77,63,138
78,60,131
79,80,113
80,72,132
81,79,133
82,88,134
83,88,166
84,87,160
85,87,156
86,88,153
87,89,150
88,72,143
89,71,144
90,69,145
91,68,147
92,62,124
93,30,97
94,96,120
95,67,138
96,65,138
97,85,119
98,73,113
99,84,117
100,69,86
101,57,89
102,70,105
103,46,11
104,49,23
105,53,37
106,68,151
107,81,42
108,79,19
109,77,1
110,50,67
111,36,73
112,78,66
113,42,55
114,82,79
115,76,107
116,29,79
117,39,78
118,46,81
119,59,81
120,68,78
121,75,76
122,90,71
123,27,93
124,38,55
125,91,119
126,76,91
127,29,63
128,81,73
129,69,105
130,45,60
131,76,101
132,31,115
133,78,64
134,82,99
135,45,154
136,49,164
137,25,96
138,36,144
139,31,51
140,73,186
141,93,120
142,69,95
143,32,64
144,56,65
145,62,66
146,62,138
147,27,109
148,86,198
149,67,184
150,59,175
151,97,20
152,101,200
153,68,65
154,73,64
155,77,64
156,35,52
157,72,57
158,66,54
159,60,54
160,54,54
161,50,56
162,30,46
163,52,64
164,98,124
165,70,123
166,76,113
167,85,123
168,97,59
169,55,166
170,64,175
171,85,192
172,41,152
173,76,61
174,85,83
175,101,195
176,75,192
177,27,113
178,80,147
179,78,149
180,77,152
181,76,155
182,77,160
183,64,130
184,62,129
185,61,128
186,56,127
187,33,113
188,86,75
189,83,59
190,79,59
191,65,131
192,35,132
193,88,60
194,75,168
195,95,87
196,90,80
197,96,78
198,79,94
199,100,186
200,100,176
201,87,174
202,58,146
203,64,110
204,66,158
205,47,108
206,57,116
207,42,119
208,85,184
209,75,97
210,55,155
211,64,166
212,51,135
213,29,122
214,44,139
215,30,129
216,51,123
217,81,87
218,78,112
219,73,111
220,81,108
221,78,54
222,67,48
223,57,47
224,49,48
225,44,51
226,41,62
227,26,81
228,45,72
229,52,74
230,60,75
231,69,73
232,75,71
233,80,70
234,30,80
235,73,112
236,84,91
237,83,114
238,87,117
239,83,115
240,75,114
241,89,118
242,90,119
243,80,64
244,83,66
245,85,68
246,48,58
247,44,56
248,102,88
249,150,61
250,105,118
251,178,32
252,129,68
253,136,68
254,143,67
255,153,63
256,123,67
257,139,49
258,131,50
259,147,50
260,152,52
261,159,68
262,130,177
263,153,59
264,184,65
265,168,63
266,140,99
267,113,128
268,113,133
269,127,128
270,136,129
271,124,132
272,133,131
273,144,141
274,101,115
275,102,107
276,161,48
277,121,83
278,124,107
279,124,103
280,163,95
281,102,97
282,142,42
283,153,44
284,170,20
285,111,50
286,124,53
287,151,130
288,184,136
289,119,113
290,112,115
291,148,130
292,146,131
293,157,39
294,126,109
295,129,44
296,129,38
297,140,4
298,164,29
299,134,20
300,166,45
301,173,39
302,113,130
303,125,130
304,135,130
305,117,114
306,147,131
307,142,138
308,145,131
309,113,113
310,132,132
311,123,133
312,113,134
313,113,165
314,115,160
315,114,156
316,113,153
317,113,150
318,131,143
319,133,144
320,135,145
321,137,147
322,139,123
323,190,97
324,138,138
325,140,138
326,109,118
327,124,112
328,110,117
329,130,85
330,143,89
331,127,105
332,158,10
333,151,23
334,145,37
335,136,151
336,113,41
337,117,19
338,121,1
339,149,66
340,168,72
341,119,66
342,159,55
343,115,79
344,117,107
345,178,78
346,162,77
347,152,80
348,138,80
349,128,78
350,120,75
351,104,71
352,180,93
353,165,55
354,100,119
355,122,90
356,188,62
357,114,72
358,129,104
359,156,59
360,118,101
361,188,116
362,120,64
363,110,98
364,165,155
365,165,166
366,188,96
367,176,144
368,179,51
369,131,187
370,99,120
371,130,94
372,176,64
373,142,63
374,136,64
375,143,139
376,182,108
377,116,198
378,140,186
379,151,177
380,130,64
381,125,64
382,121,64
383,171,53
384,127,58
385,133,55
386,139,54
387,145,54
388,149,56
389,184,45
390,146,62
391,129,121
392,118,112
393,111,123
394,153,167
395,142,177
396,117,193
397,175,153
398,122,62
399,109,83
400,129,193
401,187,114
402,123,147
403,124,149
404,126,152
405,127,155
406,126,159
407,141,131
408,142,130
409,143,129
410,148,126
411,173,112
412,109,74
413,114,59
414,118,59
415,139,131
416,174,132
417,106,60
418,128,168
419,103,80
420,116,94
421,115,174
422,147,146
423,136,109
424,139,158
425,154,107
426,145,115
427,162,118
428,116,185
429,122,96
430,152,155
431,141,167
432,155,134
433,181,122
434,164,139
435,184,130
436,153,121
437,115,87
438,115,112
439,122,111
440,110,107
441,119,53
442,130,48
443,140,47
444,149,47
445,156,50
446,161,61
447,187,80
448,155,71
449,147,73
450,137,73
451,128,72
452,121,71
453,117,69
454,189,79
455,122,112
456,109,90
457,108,114
458,105,117
459,109,115
460,121,113
461,103,118
462,102,119
463,117,64
464,113,66
465,110,68
466,151,58
467,155,55
468,61,60
469,68,60
470,61,53
471,54,59
472,60,66
473,140,58
474,148,58
475,140,52
476,133,59
477,141,64
