0,98,131
1,98,118
2,98,121
3,91,89
4,98,109
5,98,98
6,98,69
7,46,59
8,98,50
9,98,39
10,98,-3
11,97,133
12,97,135
13,97,136
14,98,146
15,98,149
16,98,152
17,98,156
18,97,165
19,98,121
20,89,119
21,18,27
22,66,65
23,59,66
24,52,66
25,43,61
26,72,64
27,54,48
28,62,48
29,47,49
30,43,51
31,36,66
32,68,177
33,43,57
34,14,61
35,28,61
36,57,101
37,86,130
38,86,134
39,74,131
40,67,132
41,77,134
42,70,134
43,58,144
44,91,117
45,91,109
46,33,46
47,74,82
48,70,109
49,70,104
50,34,97
51,91,98
52,50,41
53,40,43
54,24,15
55,82,47
56,69,51
57,51,136
58,18,133
59,76,114
60,83,117
61,58,135
62,60,135
63,36,38
64,70,111
65,64,42
66,63,36
67,54,0
68,29,25
69,58,16
70,28,42
71,22,34
72,86,132
73,76,133
74,68,133
75,78,115
76,59,135
77,63,140
78,61,136
79,81,114
80,72,135
81,79,135
82,87,136
83,86,164
84,86,155
85,86,151
86,87,148
87,88,145
88,72,141
89,71,142
90,69,144
91,68,146
92,61,127
93,13,92
94,98,121
95,67,139
96,65,139
97,86,120
98,72,114
99,84,118
100,66,86
101,53,90
102,68,106
103,35,5
104,40,18
105,48,35
106,66,152
107,80,38
108,77,16
109,74,-3
110,46,64
111,29,71
112,75,62
113,35,54
114,80,78
115,76,109
116,19,77
117,34,77
118,43,81
119,57,80
120,67,77
121,75,74
122,90,70
123,18,93
124,30,53
125,94,120
126,74,91
127,13,57
128,80,70
129,68,105
130,40,57
131,76,102
132,14,112
133,74,60
134,84,100
135,33,155
136,34,164
137,13,94
138,23,144
139,18,46
140,66,186
141,94,121
142,66,95
143,21,62
144,53,61
145,59,61
146,62,141
147,18,109
148,81,198
149,57,185
150,46,176
151,98,17
152,97,199
153,65,60
154,70,60
155,73,60
156,24,50
157,68,55
158,62,53
159,56,53
160,50,54
161,47,55
162,15,40
163,49,60
164,98,126
165,69,125
166,76,113
167,85,125
168,98,58
169,44,167
170,55,176
171,80,192
172,25,150
173,72,58
174,85,83
175,97,194
176,68,192
177,14,111
178,79,143
179,78,145
180,77,148
181,76,152
182,74,159
183,64,135
184,63,134
185,61,134
186,54,131
187,26,114
188,85,74
189,81,56
190,76,56
191,66,135
192,25,132
193,88,57
194,71,167
195,98,88
196,91,80
197,98,79
198,79,95
199,97,185
200,97,174
201,84,173
202,52,149
203,61,111
204,61,159
205,44,109
206,54,118
207,36,120
208,82,183
209,73,97
210,46,156
211,57,167
212,45,138
213,19,122
214,35,141
215,17,128
216,47,125
217,80,87
218,79,113
219,73,112
220,83,109
221,75,50
222,63,46
223,53,45
224,44,46
225,38,49
226,34,59
227,13,77
228,41,70
229,48,72
230,58,72
231,67,70
232,73,68
233,78,66
234,13,74
235,73,113
236,85,91
237,85,115
238,89,118
239,85,116
240,74,115
241,91,120
242,91,120
243,77,60
244,82,63
245,84,65
246,44,56
247,40,54
248,105,89
249,151,62
250,107,119
251,174,27
252,129,67
253,136,68
254,143,68
255,153,64
256,123,66
257,142,48
258,133,49
259,150,50
260,154,52
261,158,67
262,126,177
263,154,60
264,178,61
265,167,62
266,137,100
267,110,130
268,109,134
269,121,131
270,128,132
271,118,134
272,125,134
273,136,143
274,105,117
275,106,109
276,164,45
277,120,82
278,125,108
279,125,103
280,159,96
281,105,98
282,148,40
283,158,41
284,169,15
285,115,47
286,126,52
287,143,135
288,174,133
289,119,113
290,113,116
291,137,135
292,135,135
293,162,36
294,125,110
295,134,41
296,135,35
297,141,0
298,164,25
299,137,17
300,168,41
301,170,34
302,109,132
303,119,132
304,127,133
305,118,114
306,136,135
307,132,139
308,134,135
309,115,114
310,123,135
311,116,135
312,108,135
313,109,164
314,110,155
315,109,151
316,109,148
317,108,145
318,123,141
319,125,142
320,126,144
321,128,146
322,134,126
323,179,93
324,128,139
325,130,139
326,110,120
327,123,114
328,111,118
329,128,85
330,141,89
331,126,106
332,158,5
333,154,19
334,150,34
335,129,151
336,117,38
337,119,16
338,122,-3
339,150,66
340,166,72
341,120,64
342,161,54
343,115,78
344,119,108
345,173,77
346,161,77
347,151,81
348,138,80
349,128,77
350,121,75
351,105,70
352,174,92
353,166,53
354,102,120
355,121,90
356,179,57
357,115,71
358,127,105
359,157,59
360,119,102
361,178,112
362,120,62
363,112,99
364,161,155
365,160,164
366,179,94
367,170,143
368,174,46
369,128,186
370,102,121
371,128,95
372,172,62
373,143,64
374,137,64
375,133,140
376,175,108
377,113,198
378,137,185
379,148,176
380,131,63
381,125,62
382,122,62
383,170,50
384,127,57
385,134,55
386,140,55
387,146,56
388,150,57
389,177,40
390,147,63
391,126,124
392,119,113
393,110,125
394,149,167
395,139,176
396,113,192
397,168,151
398,122,60
399,110,83
400,126,193
401,179,111
402,116,143
403,118,145
404,119,148
405,120,151
406,120,159
407,131,134
408,132,134
409,134,133
410,141,130
411,167,113
412,110,74
413,115,57
414,119,58
415,129,135
416,168,132
417,108,58
418,123,167
419,105,80
420,116,94
421,110,173
422,142,148
423,133,110
424,133,159
425,150,108
426,141,117
427,158,119
428,112,183
429,122,97
430,147,156
431,137,167
432,149,137
433,174,122
434,158,140
435,176,128
436,147,124
437,115,87
438,117,112
439,123,112
440,113,109
441,121,51
442,133,47
443,144,45
444,153,47
445,159,49
446,161,61
447,179,77
448,154,71
449,147,73
450,137,73
451,128,72
452,122,70
453,117,68
454,179,75
455,123,112
456,111,91
457,111,115
458,107,118
459,111,115
460,121,114
461,105,119
462,105,120
463,117,62
464,113,64
465,111,66
466,152,59
467,157,55
468,57,57
469,64,57
470,57,50
471,50,57
472,57,63
473,140,59
474,147,59
475,140,52
476,132,58
477,140,65
