0,102,132
1,110,108
2,105,115
3,100,83
4,111,100
5,109,91
6,102,66
7,46,60
8,100,48
9,100,38
10,98,2
11,101,134
12,101,136
13,100,137
14,99,155
15,100,157
16,100,160
17,100,164
18,99,166
19,109,112
20,99,112
21,6,32
22,67,65
23,60,65
24,53,66
25,41,62
26,72,64
27,57,48
28,64,49
29,49,49
30,43,52
31,34,67
32,68,174
33,42,59
34,3,65
35,23,63
36,61,100
37,89,131
38,88,135
39,75,132
40,64,132
41,76,135
42,67,134
43,57,147
44,104,108
45,103,101
46,33,47
47,77,81
48,80,105
49,78,101
50,37,98
51,102,91
52,54,40
53,43,42
54,19,19
55,86,45
56,70,51
57,51,137
58,3,137
59,85,109
60,91,112
61,49,134
62,51,135
63,38,37
64,78,108
65,69,40
66,68,34
67,57,4
68,29,28
69,63,19
70,27,43
71,17,38
72,89,133
73,76,133
74,66,133
75,86,111
76,50,134
77,57,142
78,52,135
79,92,108
80,67,135
81,77,135
82,88,136
83,87,166
84,87,163
85,87,159
86,88,156
87,88,154
88,67,147
89,66,148
90,65,149
91,63,151
92,64,126
93,-6,98
94,107,113
95,60,142
96,58,142
97,93,114
98,78,112
99,92,113
100,69,85
101,56,90
102,75,104
103,35,10
104,44,21
105,52,34
106,65,154
107,85,35
108,81,19
109,77,2
110,46,65
111,24,73
112,75,62
113,34,55
114,83,77
115,87,103
116,14,80
117,31,78
118,42,81
119,58,80
120,68,77
121,76,74
122,95,68
123,15,95
124,27,54
125,105,112
126,78,89
127,-5,63
128,82,70
129,73,104
130,38,59
131,85,97
132,-3,116
133,74,60
134,94,94
135,30,156
136,27,165
137,1,97
138,18,146
139,9,51
140,67,181
141,104,113
142,71,94
143,15,63
144,54,61
145,60,61
146,55,143
147,15,111
148,80,191
149,54,182
150,42,175
151,100,20
152,95,191
153,66,60
154,70,60
155,73,60
156,20,51
157,69,57
158,64,56
159,58,56
160,52,57
161,48,58
162,0,46
163,50,60
164,103,121
165,74,122
166,86,108
167,92,121
168,100,57
169,43,166
170,54,174
171,81,186
172,14,153
173,73,58
174,91,80
175,97,187
176,67,187
177,3,115
178,77,152
179,76,153
180,75,156
181,74,158
182,75,161
183,57,134
184,56,133
185,55,132
186,56,131
187,28,115
188,89,72
189,82,55
190,76,56
191,59,134
192,24,134
193,90,56
194,71,167
195,107,82
196,98,76
197,104,75
198,86,91
199,98,180
200,98,173
201,85,172
202,52,150
203,66,109
204,60,160
205,48,109
206,58,117
207,40,120
208,83,180
209,79,95
210,46,157
211,57,166
212,46,139
213,16,124
214,36,142
215,7,131
216,50,126
217,85,84
218,90,106
219,83,108
220,95,101
221,77,49
222,66,46
223,56,45
224,47,46
225,39,50
226,32,61
227,1,81
228,39,70
229,48,73
230,58,72
231,67,70
232,74,68
233,79,66
234,-6,80
235,81,109
236,93,87
237,97,107
238,100,111
239,96,108
240,82,111
241,102,111
242,101,113
243,77,60
244,82,63
245,86,65
246,45,58
247,39,55
248,111,83
249,135,60
250,113,111
251,146,35
252,119,66
253,125,67
254,131,67
255,136,63
256,115,65
257,130,48
258,123,49
259,135,49
260,138,52
261,140,68
262,119,171
263,136,59
264,148,66
265,144,63
266,131,99
267,111,131
268,109,135
269,119,130
270,123,131
271,116,134
272,120,134
273,126,144
274,115,108
275,116,100
276,145,46
277,117,81
278,125,104
279,124,100
280,146,97
281,114,91
282,136,39
283,142,42
284,145,23
285,113,44
286,116,51
287,131,135
288,138,131
289,120,108
290,115,111
291,128,134
292,126,134
293,144,37
294,124,107
295,127,39
296,128,34
297,130,7
298,144,31
299,128,21
300,147,43
301,147,40
302,111,133
303,117,132
304,122,132
305,118,110
306,127,134
307,125,142
308,125,135
309,119,107
310,119,134
311,114,135
312,108,136
313,108,165
314,110,162
315,110,159
316,109,156
317,108,153
318,118,147
319,120,148
320,122,149
321,123,151
322,128,124
323,141,96
324,122,142
325,123,142
326,113,114
327,121,111
328,114,112
329,123,85
330,133,89
331,124,103
332,140,14
333,138,24
334,138,34
335,122,152
336,115,35
337,116,20
338,117,4
339,134,65
340,145,73
341,112,63
342,142,55
343,113,77
344,123,102
345,151,79
346,144,78
347,139,81
348,128,80
349,120,78
350,115,74
351,107,68
352,153,93
353,145,54
354,112,112
355,119,88
356,143,64
357,111,71
358,124,103
359,138,59
360,122,97
361,141,113
362,111,60
363,118,93
364,136,150
365,132,158
366,151,95
367,142,140
368,148,52
369,119,177
370,110,113
371,124,93
372,146,64
373,130,62
374,125,62
375,126,142
376,153,108
377,108,188
378,121,175
379,126,168
380,120,62
381,116,61
382,113,61
383,146,52
384,116,57
385,122,55
386,127,55
387,132,56
388,134,57
389,146,48
390,133,61
391,123,121
392,120,108
393,113,120
394,130,160
395,124,168
396,110,184
397,135,146
398,113,59
399,113,80
400,116,182
401,150,111
402,114,151
403,116,152
404,117,155
405,118,158
406,117,159
407,124,134
408,125,133
409,127,132
410,130,129
411,148,112
412,110,72
413,109,56
414,111,56
415,122,134
416,145,130
417,106,56
418,118,164
419,110,76
420,118,91
421,109,171
422,129,147
423,128,108
424,124,156
425,139,107
426,132,116
427,142,118
428,110,178
429,120,94
430,132,152
431,125,161
432,135,136
433,150,120
434,139,138
435,147,126
436,135,124
437,116,84
438,121,106
439,123,107
440,120,101
441,114,49
442,124,45
443,133,45
444,139,47
445,142,50
446,141,61
447,150,80
448,138,71
449,134,73
450,127,73
451,120,71
452,114,69
453,111,67
454,141,80
455,122,108
456,115,86
457,119,107
458,114,110
459,118,108
460,120,110
461,114,111
462,112,113
463,110,61
464,108,63
465,108,66
466,136,58
467,140,55
468,59,59
469,65,58
470,58,53
471,52,59
472,59,64
473,124,58
474,130,58
475,124,52
476,118,59
477,125,64
