0,99,130
1,96,99
2,97,109
3,90,76
4,96,91
5,96,82
6,97,60
7,49,65
8,96,42
9,96,31
10,96,0
11,99,133
12,99,137
13,100,139
14,99,139
15,100,142
16,100,146
17,100,150
18,99,157
19,97,104
20,91,105
21,20,43
22,68,71
23,61,71
24,55,71
25,46,68
26,74,68
27,58,48
28,66,48
29,51,50
30,46,54
31,39,74
32,73,172
33,47,63
34,17,76
35,31,69
36,63,100
37,91,129
38,92,137
39,83,133
40,77,137
41,86,138
42,80,140
43,68,149
44,90,99
45,89,92
46,36,48
47,76,81
48,76,101
49,75,98
50,41,102
51,90,83
52,53,37
53,43,41
54,27,27
55,84,43
56,73,51
57,63,143
58,27,150
59,81,105
60,87,107
61,71,145
62,72,144
63,39,36
64,76,105
65,67,37
66,65,30
67,54,6
68,31,32
69,58,17
70,31,45
71,25,45
72,91,133
73,84,136
74,79,139
75,83,107
76,72,144
77,75,145
78,73,144
79,84,101
80,81,141
81,87,140
82,93,139
83,90,157
84,92,150
85,92,146
86,92,142
87,93,139
88,81,141
89,80,143
90,79,145
91,78,147
92,69,127
93,18,113
94,97,106
95,77,143
96,76,144
97,89,110
98,79,110
99,88,108
100,69,86
101,57,92
102,75,102
103,37,15
104,42,22
105,51,31
106,74,152
107,81,32
108,76,16
109,73,1
110,49,70
111,31,80
112,78,66
113,39,58
114,81,75
115,79,97
116,23,87
117,36,84
118,46,86
119,59,84
120,69,80
121,77,76
122,90,63
123,24,103
124,33,58
125,93,104
126,77,87
127,16,78
128,82,71
129,74,103
130,43,64
131,79,92
132,21,132
133,78,63
134,84,87
135,42,162
136,42,173
137,18,108
138,33,153
139,21,59
140,71,181
141,94,106
142,71,94
143,24,72
144,56,67
145,62,67
146,74,146
147,26,119
148,85,192
149,63,186
150,53,181
151,96,15
152,101,193
153,67,66
154,73,65
155,76,64
156,27,57
157,72,58
158,66,56
159,60,57
160,55,58
161,51,60
162,17,59
163,52,66
164,98,116
165,76,122
166,81,103
167,88,117
168,97,52
169,51,170
170,61,176
171,84,185
172,35,164
173,76,61
174,85,74
175,100,185
176,73,189
177,21,125
178,87,140
179,86,142
180,85,145
181,85,149
182,81,155
183,76,142
184,74,142
185,73,141
186,65,135
187,36,120
188,86,68
189,83,56
190,79,57
191,77,143
192,36,140
193,89,55
194,77,164
195,96,74
196,90,70
197,96,68
198,81,87
199,100,176
200,99,166
201,88,166
202,61,153
203,68,110
204,68,159
205,51,110
206,62,118
207,46,124
208,86,176
209,77,92
210,54,160
211,63,167
212,55,144
213,29,132
214,45,147
215,25,141
216,57,129
217,82,81
218,81,100
219,78,103
220,84,94
221,78,49
222,66,44
223,57,44
224,48,46
225,42,51
226,38,66
227,16,92
228,43,76
229,50,78
230,60,77
231,69,75
232,76,72
233,80,69
234,17,96
235,79,106
236,85,80
237,86,99
238,90,103
239,86,101
240,81,108
241,91,103
242,92,106
243,81,63
244,84,64
245,86,64
246,49,62
247,43,58
248,102,75
249,150,62
250,103,104
251,183,37
252,130,68
253,137,69
254,144,69
255,154,65
256,125,65
257,140,45
258,132,46
259,147,47
260,153,50
261,161,70
262,128,171
263,153,60
264,188,70
265,171,64
266,135,98
267,107,129
268,107,137
269,116,132
270,121,136
271,113,138
272,118,139
273,132,147
274,102,99
275,103,91
276,164,43
277,120,79
278,120,100
279,120,96
280,159,99
281,103,82
282,144,34
283,155,37
284,174,22
285,112,41
286,126,49
287,137,140
288,185,146
289,114,104
290,108,106
291,127,143
292,125,143
293,160,32
294,120,104
295,130,35
296,131,29
297,140,3
298,167,27
299,135,15
300,170,40
301,176,40
302,107,133
303,114,135
304,120,138
305,112,106
306,126,143
307,123,143
308,124,142
309,110,100
310,117,140
311,112,139
312,106,139
313,108,157
314,108,150
315,108,145
316,107,142
317,106,139
318,117,140
319,118,142
320,120,144
321,121,146
322,128,126
323,193,108
324,121,141
325,122,142
326,106,109
327,118,109
328,107,108
329,128,84
330,141,89
331,122,100
332,160,10
333,154,18
334,147,28
335,126,151
336,114,31
337,116,14
338,119,0
339,150,67
340,169,76
341,121,63
342,161,54
343,114,74
344,115,96
345,180,82
346,162,81
347,152,83
348,137,81
349,128,78
350,120,74
351,104,62
352,179,99
353,168,53
354,100,103
355,119,86
356,192,73
357,114,70
358,123,101
359,157,60
360,115,91
361,191,127
362,121,61
363,109,86
364,165,159
365,167,170
366,190,103
367,175,149
368,182,54
369,131,180
370,100,106
371,126,92
372,179,66
373,143,64
374,137,65
375,124,144
376,178,114
377,118,191
378,143,184
379,155,178
380,132,64
381,126,62
382,123,61
383,175,52
384,127,56
385,133,54
386,138,54
387,144,55
388,148,57
389,189,53
390,147,63
391,121,120
392,114,102
393,107,116
394,154,168
395,143,174
396,117,184
397,176,160
398,123,59
399,109,74
400,132,188
401,188,120
402,112,139
403,113,142
404,115,144
405,115,148
406,118,154
407,122,141
408,124,141
409,125,140
410,134,133
411,166,116
412,109,67
413,115,54
414,120,55
415,121,141
416,169,136
417,107,54
418,123,162
419,103,69
420,114,86
421,111,165
422,141,151
423,129,108
424,133,158
425,147,107
426,137,116
427,155,121
428,115,175
429,118,91
430,149,157
431,139,165
432,147,142
433,177,128
434,158,144
435,183,136
436,143,127
437,114,80
438,113,99
439,117,102
440,109,93
441,120,47
442,131,42
443,141,41
444,150,43
445,157,47
446,163,62
447,190,86
448,156,73
449,148,75
450,138,75
451,129,72
452,122,69
453,117,67
454,193,90
455,117,104
456,108,80
457,107,98
458,104,103
459,107,100
460,115,107
461,102,103
462,102,105
463,118,61
464,114,62
465,110,63
466,151,58
467,157,54
468,64,61
469,71,61
470,64,55
471,57,62
472,65,68
473,137,59
474,144,59
475,138,52
476,131,58
477,137,66
