0,97,127
1,103,101
2,101,112
3,95,79
4,104,93
5,103,84
6,101,64
7,41,63
8,101,44
9,101,33
10,101,-1
11,97,130
12,97,133
13,97,134
14,97,152
15,97,154
16,97,157
17,97,160
18,98,170
19,102,107
20,94,107
21,8,37
22,63,70
23,55,70
24,47,70
25,37,66
26,70,68
27,53,45
28,62,46
29,44,47
30,38,51
31,30,71
32,66,180
33,38,61
34,2,71
35,20,67
36,56,100
37,84,126
38,86,133
39,72,129
40,64,133
41,76,134
42,69,136
43,56,150
44,97,101
45,96,93
46,27,45
47,74,82
48,75,101
49,73,98
50,30,99
51,96,85
52,49,34
53,36,38
54,18,21
55,84,41
56,70,50
57,50,140
58,9,148
59,81,106
60,88,109
61,56,142
62,58,143
63,32,33
64,73,105
65,64,35
66,63,28
67,54,0
68,25,27
69,59,14
70,22,42
71,15,40
72,85,129
73,74,132
74,66,135
75,82,108
76,57,143
77,62,147
78,59,143
79,86,102
80,71,137
81,78,135
82,87,134
83,86,169
84,85,159
85,85,156
86,86,153
87,87,151
88,71,149
89,70,149
90,67,151
91,66,153
92,61,126
93,-1,109
94,102,109
95,66,147
96,64,147
97,90,112
98,75,110
99,89,110
100,65,86
101,51,90
102,71,102
103,32,9
104,39,18
105,46,28
106,64,157
107,82,30
108,79,14
109,76,-2
110,41,69
111,20,77
112,75,66
113,30,56
114,81,77
115,81,98
116,10,83
117,26,82
118,37,84
119,53,82
120,65,80
121,74,76
122,93,66
123,10,99
124,23,55
125,99,106
126,75,88
127,-1,73
128,81,71
129,70,103
130,34,62
131,80,93
132,1,128
133,75,64
134,88,88
135,30,163
136,29,174
137,1,104
138,19,153
139,8,55
140,65,189
141,99,109
142,67,94
143,12,69
144,49,65
145,55,66
146,60,148
147,11,115
148,80,201
149,54,190
150,43,184
151,101,15
152,97,203
153,62,65
154,68,65
155,73,64
156,16,55
157,68,57
158,61,54
159,55,53
160,48,55
161,43,57
162,1,53
163,44,64
164,100,118
165,70,121
166,81,104
167,88,118
168,100,55
169,42,173
170,53,181
171,80,194
172,19,163
173,73,61
174,88,77
175,98,196
176,66,196
177,3,122
178,78,150
179,77,151
180,75,154
181,74,157
182,73,164
183,63,139
184,60,138
185,58,137
186,54,132
187,23,118
188,87,71
189,82,56
190,76,58
191,65,140
192,22,139
193,90,55
194,69,172
195,102,77
196,94,73
197,102,71
198,81,88
199,98,188
200,98,178
201,84,177
202,50,154
203,62,109
204,59,164
205,43,109
206,54,117
207,35,122
208,81,186
209,75,93
210,44,162
211,55,171
212,44,143
213,13,130
214,33,146
215,9,139
216,47,127
217,82,83
218,84,101
219,77,104
220,88,95
221,76,48
222,63,42
223,52,41
224,41,43
225,34,48
226,28,64
227,0,88
228,34,74
229,43,76
230,54,76
231,64,74
232,72,72
233,78,69
234,-2,91
235,77,106
236,88,83
237,90,101
238,94,105
239,90,103
240,79,109
241,96,106
242,96,108
243,78,64
244,83,65
245,86,65
246,40,59
247,34,56
248,109,79
249,149,68
250,108,108
251,171,44
252,130,73
253,137,73
254,143,73
255,152,72
256,124,71
257,140,51
258,132,51
259,148,53
260,152,57
261,158,77
262,127,181
263,151,68
264,176,77
265,166,74
266,139,102
267,109,126
268,108,133
269,122,130
270,130,135
271,118,135
272,125,138
273,135,152
274,109,102
275,111,94
276,163,52
277,123,84
278,125,103
279,126,100
280,161,104
281,110,86
282,147,40
283,156,44
284,166,28
285,115,45
286,125,55
287,141,143
288,167,152
289,119,108
290,113,110
291,137,144
292,134,144
293,160,40
294,125,107
295,133,40
296,135,33
297,142,5
298,163,33
299,138,18
300,167,50
301,169,46
302,109,130
303,120,133
304,127,136
305,117,109
306,136,144
307,132,149
308,133,144
309,116,104
310,123,138
311,116,136
312,107,135
313,110,170
314,110,160
315,109,157
316,108,154
317,107,152
318,122,150
319,124,151
320,126,153
321,128,155
322,133,128
323,173,114
324,127,148
325,130,148
326,111,112
327,122,112
328,112,111
329,131,88
330,144,94
331,127,104
332,157,15
333,154,24
334,149,34
335,129,159
336,118,35
337,121,16
338,124,0
339,149,73
340,165,83
341,119,70
342,159,62
343,117,78
344,122,99
345,174,89
346,161,87
347,153,87
348,139,85
349,129,82
350,121,78
351,108,66
352,175,104
353,165,63
354,106,107
355,123,90
356,174,79
357,115,73
358,127,105
359,155,68
360,122,95
361,171,133
362,119,67
363,116,89
364,156,166
365,154,177
366,178,110
367,165,157
368,173,61
369,128,189
370,104,109
371,130,96
372,171,78
373,143,68
374,137,68
375,133,150
376,174,120
377,114,201
378,135,191
379,144,185
380,131,68
381,125,68
382,121,68
383,169,63
384,126,62
385,132,59
386,138,58
387,144,60
388,148,63
389,174,60
390,146,68
391,126,123
392,119,106
393,112,119
394,147,175
395,137,182
396,114,195
397,161,167
398,121,65
399,113,78
400,125,197
401,176,127
402,115,151
403,117,153
404,119,155
405,120,158
406,121,165
407,130,141
408,133,140
409,135,139
410,139,135
411,166,122
412,113,72
413,114,59
414,118,61
415,128,141
416,165,143
417,109,57
418,124,173
419,108,73
420,119,90
421,112,178
422,140,156
423,133,112
424,133,165
425,151,112
426,140,120
427,156,126
428,114,187
429,123,95
430,146,164
431,137,173
432,147,146
433,171,134
434,156,150
435,172,143
436,146,130
437,118,84
438,119,102
439,123,105
440,116,96
441,120,52
442,132,47
443,143,46
444,151,49
445,157,55
446,159,71
447,178,93
448,155,79
449,147,80
450,138,79
451,129,77
452,122,75
453,117,72
454,174,97
455,122,108
456,114,83
457,114,102
458,109,106
459,114,104
460,120,110
461,108,106
462,107,109
463,117,67
464,113,67
465,111,67
466,150,65
467,155,62
468,55,59
469,63,59
470,55,52
471,46,59
472,54,67
473,134,63
474,143,64
475,134,56
476,125,63
477,134,71
