0,99,132
1,98,110
2,98,115
3,92,85
4,98,103
5,98,93
6,98,67
7,48,60
8,98,49
9,98,40
10,99,2
11,99,136
12,99,139
13,99,142
14,99,144
15,99,149
16,99,155
17,99,161
18,97,157
19,98,113
20,90,112
21,23,29
22,66,66
23,61,67
24,54,67
25,45,62
26,71,65
27,58,49
28,65,50
29,51,50
30,47,52
31,40,67
32,71,165
33,45,58
34,21,59
35,32,62
36,63,98
37,90,130
38,91,138
39,81,132
40,75,136
41,84,138
42,79,139
43,66,144
44,92,110
45,91,103
46,39,49
47,77,80
48,74,105
49,74,101
50,44,96
51,91,94
52,56,43
53,47,45
54,29,18
55,84,50
56,70,53
57,61,138
58,27,123
59,79,109
60,85,112
61,70,142
62,72,142
63,44,40
64,74,108
65,69,45
66,68,39
67,57,5
68,34,27
69,61,20
70,36,45
71,28,35
72,90,134
73,83,136
74,77,138
75,81,111
76,71,142
77,73,144
78,73,142
79,83,108
80,80,140
81,86,140
82,92,141
83,88,156
84,89,159
85,90,154
86,91,148
87,92,143
88,80,141
89,78,144
90,76,147
91,75,149
92,69,127
93,21,87
94,98,114
95,77,141
96,75,143
97,88,115
98,76,112
99,87,113
100,70,84
101,59,89
102,73,104
103,39,10
104,44,22
105,55,38
106,72,148
107,83,41
108,78,21
109,76,3
110,49,65
111,33,72
112,74,64
113,40,55
114,81,76
115,79,104
116,26,75
117,37,78
118,46,81
119,59,80
120,68,77
121,74,74
122,91,68
123,28,90
124,35,54
125,94,113
126,77,88
127,20,56
128,79,71
129,72,103
130,43,58
131,78,98
132,23,104
133,74,62
134,85,95
135,41,145
136,41,151
137,22,89
138,34,134
139,24,46
140,69,172
141,95,114
142,71,93
143,26,63
144,55,62
145,61,63
146,72,145
147,29,104
148,81,182
149,60,170
150,51,162
151,98,21
152,97,184
153,65,62
154,70,62
155,72,62
156,30,52
157,69,57
158,63,55
159,58,54
160,53,55
161,49,56
162,20,40
163,51,61
164,98,121
165,75,123
166,80,108
167,88,121
168,98,57
169,50,155
170,59,164
171,81,178
172,34,138
173,72,60
174,86,80
175,97,180
176,70,177
177,24,104
178,85,142
179,84,146
180,82,150
181,81,155
182,79,153
183,75,140
184,73,140
185,72,139
186,64,132
187,39,110
188,86,72
189,80,58
190,75,58
191,77,141
192,37,126
193,88,59
194,75,159
195,98,84
196,91,77
197,98,76
198,81,91
199,97,172
200,97,164
201,86,163
202,59,145
203,67,109
204,66,153
205,53,106
206,61,116
207,47,117
208,83,171
209,76,94
210,52,149
211,61,157
212,54,137
213,31,116
214,45,136
215,27,119
216,57,125
217,82,84
218,81,107
219,76,108
220,84,103
221,76,53
222,66,49
223,58,47
224,50,48
225,44,51
226,39,60
227,20,74
228,44,70
229,51,73
230,59,73
231,67,71
232,73,69
233,77,68
234,20,71
235,77,109
236,86,88
237,86,108
238,90,112
239,86,109
240,79,111
241,92,112
242,92,113
243,76,62
244,81,64
245,84,66
246,47,57
247,44,55
248,104,85
249,146,62
250,105,112
251,172,30
252,127,67
253,133,68
254,140,69
255,149,64
256,122,66
257,138,50
258,130,50
259,144,51
260,149,54
261,153,68
262,122,165
263,149,59
264,174,61
265,161,63
266,132,99
267,108,130
268,107,139
269,116,132
270,121,136
271,113,139
272,117,139
273,128,144
274,104,110
275,105,103
276,157,50
277,119,81
278,121,106
279,122,101
280,151,97
281,105,94
282,141,44
283,150,46
284,166,19
285,112,50
286,124,53
287,133,138
288,164,123
289,116,110
290,110,112
291,125,142
292,123,142
293,154,42
294,121,108
295,129,45
296,130,40
297,140,6
298,162,29
299,135,21
300,161,46
301,168,37
302,108,135
303,115,136
304,119,138
305,114,111
306,124,142
307,122,144
308,122,142
309,112,108
310,115,141
311,111,141
312,105,141
313,106,157
314,108,160
315,108,154
316,107,148
317,106,143
318,116,142
319,118,144
320,120,147
321,121,150
322,126,127
323,172,88
324,119,142
325,120,143
326,108,115
327,119,112
328,109,113
329,125,84
330,136,89
331,123,104
332,156,11
333,151,23
334,143,39
335,122,149
336,114,41
337,118,21
338,121,3
339,145,67
340,160,73
341,119,64
342,155,56
343,114,76
344,117,104
345,168,76
346,155,79
347,146,82
348,134,81
349,125,78
350,119,75
351,105,68
352,166,92
353,160,55
354,102,113
355,119,88
356,175,57
357,114,71
358,123,104
359,152,60
360,117,99
361,169,105
362,120,62
363,111,96
364,151,145
365,151,151
366,172,90
367,159,134
368,171,47
369,124,172
370,101,114
371,124,93
372,167,63
373,139,65
374,133,65
375,124,146
376,164,105
377,112,182
378,132,170
379,141,162
380,128,64
381,124,63
382,121,62
383,165,53
384,126,57
385,131,55
386,137,54
387,143,55
388,146,57
389,174,42
390,143,64
391,121,123
392,116,109
393,108,121
394,143,156
395,134,164
396,112,178
397,158,139
398,122,60
399,110,80
400,123,177
401,169,106
402,112,142
403,113,146
404,115,151
405,116,156
406,115,153
407,120,141
408,122,140
409,124,139
410,131,132
411,155,111
412,109,72
413,114,58
414,119,58
415,119,141
416,156,127
417,107,59
418,119,159
419,105,77
420,115,92
421,108,163
422,135,146
423,128,109
424,128,153
425,142,107
426,133,116
427,147,118
428,110,171
429,119,95
430,141,149
431,132,158
432,140,137
433,162,117
434,148,136
435,165,120
436,138,125
437,114,84
438,115,107
439,119,108
440,112,103
441,119,53
442,129,49
443,139,48
444,146,49
445,152,52
446,156,62
447,174,75
448,150,72
449,143,74
450,134,74
451,126,72
452,120,70
453,116,68
454,173,72
455,119,110
456,110,88
457,110,109
458,106,112
459,110,109
460,117,111
461,104,112
462,104,113
463,117,62
464,113,65
465,110,67
466,148,58
467,151,56
468,58,58
469,64,58
470,58,52
471,52,58
472,58,64
473,137,58
474,144,58
475,137,52
476,130,58
477,137,64
