0,101,136
1,97,116
2,97,120
3,91,87
4,97,108
5,97,96
6,97,67
7,51,57
8,97,46
9,96,36
10,96,-3
11,101,138
12,101,140
13,101,142
14,101,142
15,101,145
16,101,148
17,101,152
18,98,160
19,97,119
20,90,117
21,25,24
22,70,64
23,63,65
24,57,65
25,48,59
26,75,63
27,60,43
28,67,44
29,53,45
30,49,48
31,42,64
32,73,170
33,48,54
34,22,58
35,34,58
36,64,100
37,92,135
38,93,140
39,84,136
40,78,137
41,86,139
42,80,139
43,67,143
44,91,115
45,90,108
46,40,43
47,78,81
48,76,108
49,76,103
50,44,96
51,91,97
52,56,37
53,47,39
54,31,13
55,84,45
56,74,47
57,61,136
58,31,127
59,81,113
60,86,116
61,69,138
62,71,138
63,44,34
64,76,110
65,69,39
66,68,33
67,57,0
68,36,23
69,61,15
70,37,39
71,30,32
72,93,138
73,85,138
74,79,138
75,82,114
76,70,138
77,74,140
78,72,138
79,84,113
80,81,140
81,86,140
82,93,141
83,89,160
84,92,151
85,92,148
86,93,144
87,93,141
88,81,140
89,80,141
90,78,143
91,77,145
92,69,127
93,23,88
94,97,120
95,76,139
96,75,140
97,88,119
98,78,114
99,87,117
100,71,84
101,60,89
102,75,106
103,41,4
104,46,17
105,54,31
106,72,150
107,83,35
108,78,15
109,75,-3
110,51,63
111,34,69
112,79,61
113,42,51
114,82,76
115,80,108
116,28,75
117,39,76
118,47,80
119,60,79
120,69,76
121,76,73
122,90,68
123,29,91
124,37,50
125,93,119
126,78,89
127,21,54
128,81,70
129,74,105
130,46,55
131,80,101
132,26,107
133,79,59
134,85,99
135,44,150
136,45,157
137,23,90
138,36,138
139,26,43
140,72,178
141,94,119
142,72,94
143,29,59
144,58,60
145,63,61
146,73,141
147,30,106
148,84,189
149,64,177
150,55,168
151,96,16
152,98,190
153,69,60
154,74,59
155,77,59
156,32,47
157,73,52
158,67,49
159,61,48
160,55,49
161,52,51
162,22,37
163,54,59
164,97,125
165,75,125
166,81,113
167,88,125
168,97,55
169,53,160
170,62,169
171,84,184
172,37,144
173,77,56
174,86,81
175,98,186
176,73,184
177,26,107
178,86,141
179,85,143
180,85,146
181,84,149
182,80,156
183,75,138
184,74,138
185,73,137
186,63,131
187,39,112
188,86,72
189,83,54
190,79,54
191,76,139
192,38,129
193,89,56
194,76,162
195,97,86
196,91,78
197,97,77
198,82,93
199,98,178
200,98,169
201,87,168
202,61,147
203,68,110
204,68,155
205,53,108
206,62,117
207,47,119
208,85,177
209,78,96
210,55,152
211,64,162
212,55,137
213,32,119
214,46,138
215,29,123
216,57,125
217,82,85
218,82,112
219,78,111
220,85,108
221,79,48
222,68,43
223,59,42
224,51,43
225,45,46
226,41,57
227,22,74
228,46,68
229,53,71
230,62,71
231,70,70
232,76,67
233,80,66
234,22,70
235,78,112
236,86,90
237,86,114
238,90,117
239,86,114
240,79,114
241,91,118
242,92,118
243,81,59
244,84,62
245,85,64
246,50,53
247,46,51
248,102,87
249,144,59
250,104,117
251,172,23
252,125,65
253,131,66
254,138,66
255,147,61
256,119,64
257,135,45
258,128,46
259,142,47
260,147,49
261,153,65
262,123,170
263,147,57
264,176,56
265,161,59
266,132,99
267,110,134
268,108,139
269,117,134
270,121,135
271,114,138
272,118,137
273,130,142
274,103,115
275,103,108
276,156,44
277,117,80
278,119,108
279,119,103
280,152,95
281,103,97
282,139,38
283,149,40
284,164,12
285,110,45
286,121,49
287,135,135
288,169,126
289,114,113
290,109,115
291,127,136
292,125,136
293,153,34
294,119,110
295,126,39
296,127,33
297,136,-1
298,159,22
299,132,15
300,160,39
301,167,31
302,109,137
303,115,136
304,120,136
305,113,114
306,126,136
307,123,138
308,124,136
309,111,113
310,117,138
311,113,139
312,108,141
313,107,160
314,109,151
315,108,147
316,108,144
317,107,141
318,117,138
319,118,140
320,120,141
321,121,143
322,127,126
323,177,86
324,120,137
325,122,138
326,107,118
327,118,114
328,108,117
329,124,84
330,136,88
331,121,105
332,153,3
333,148,16
334,142,31
335,124,149
336,111,35
337,115,15
338,118,-3
339,144,64
340,161,70
341,116,62
342,154,52
343,112,76
344,115,107
345,169,73
346,156,76
347,147,79
348,134,79
349,124,76
350,117,73
351,103,68
352,168,90
353,159,50
354,101,118
355,117,89
356,178,52
357,112,70
358,121,105
359,150,57
360,115,101
361,174,106
362,116,59
363,109,98
364,153,149
365,153,156
366,175,89
367,162,137
368,172,42
369,125,178
370,100,119
371,123,94
372,168,59
373,137,62
374,131,62
375,124,139
376,167,105
377,113,189
378,133,176
379,143,168
380,126,61
381,120,60
382,117,60
383,165,47
384,122,54
385,128,52
386,134,51
387,140,52
388,143,54
389,176,36
390,141,60
391,120,124
392,114,112
393,107,124
394,144,160
395,135,169
396,113,184
397,162,143
398,118,57
399,108,81
400,124,184
401,173,106
402,113,140
403,114,142
404,115,144
405,115,148
406,116,155
407,122,137
408,123,136
409,124,135
410,132,130
411,158,111
412,108,72
413,111,55
414,115,55
415,120,137
416,159,128
417,105,56
418,120,162
419,103,78
420,113,93
421,109,167
422,136,146
423,127,110
424,128,155
425,143,107
426,134,116
427,149,118
428,111,177
429,117,96
430,141,152
431,132,161
432,142,136
433,166,118
434,150,137
435,169,122
436,140,124
437,112,85
438,113,111
439,117,111
440,109,107
441,116,49
442,127,44
443,137,43
444,145,44
445,150,47
446,155,58
447,177,72
448,149,69
449,142,72
450,133,72
451,124,70
452,118,68
453,114,66
454,178,69
455,117,112
456,108,89
457,108,113
458,105,116
459,108,114
460,116,114
461,103,118
462,103,118
463,113,60
464,110,62
465,108,65
466,145,56
467,150,52
468,63,53
469,70,53
470,63,46
471,56,54
472,63,61
473,133,56
474,140,56
475,133,48
476,126,56
477,134,63
