0,96,134
1,88,108
2,93,115
3,85,81
4,87,99
5,88,89
6,93,64
7,57,61
8,95,45
9,94,35
10,95,0
11,96,136
12,97,138
13,98,139
14,98,151
15,97,153
16,97,157
17,98,161
18,98,169
19,89,112
20,83,111
21,42,35
22,71,65
23,66,66
24,61,66
25,55,63
26,76,64
27,63,49
28,69,50
29,57,50
30,54,52
31,51,67
32,74,175
33,55,59
34,40,67
35,46,62
36,62,97
37,86,131
38,88,137
39,79,131
40,75,132
41,82,136
42,78,135
43,66,143
44,82,107
45,80,99
46,47,46
47,76,79
48,69,102
49,69,98
50,45,94
51,82,90
52,57,40
53,51,41
54,44,22
55,81,46
56,75,52
57,61,133
58,51,136
59,74,107
60,80,111
61,71,136
62,73,137
63,49,37
64,69,105
65,67,41
66,66,35
67,61,4
68,45,29
69,63,18
70,46,42
71,42,40
72,87,134
73,80,134
74,76,134
75,76,109
76,72,137
77,74,142
78,74,137
79,76,106
80,80,137
81,84,137
82,90,138
83,87,166
84,87,159
85,87,155
86,88,152
87,90,150
88,80,145
89,78,146
90,76,147
91,75,149
92,65,122
93,47,99
94,91,114
95,77,142
96,75,142
97,83,114
98,72,109
99,81,112
100,70,83
101,60,87
102,69,101
103,50,12
104,51,22
105,56,34
106,71,152
107,79,37
108,77,17
109,75,1
110,57,65
111,45,72
112,79,63
113,50,54
114,81,75
115,72,101
116,38,78
117,47,76
118,52,79
119,62,78
120,70,75
121,76,72
122,87,66
123,37,92
124,47,53
125,85,112
126,75,87
127,45,66
128,81,69
129,69,101
130,53,59
131,73,95
132,48,117
133,79,60
134,77,92
135,54,153
136,58,164
137,38,96
138,48,143
139,41,52
140,74,183
141,88,114
142,69,91
143,44,63
144,61,62
145,66,62
146,73,143
147,37,107
148,86,196
149,70,183
150,65,175
151,94,17
152,101,200
153,70,62
154,75,61
155,78,61
156,45,52
157,74,57
158,69,56
159,64,55
160,60,56
161,57,57
162,42,49
163,58,61
164,95,120
165,70,119
166,73,107
167,83,119
168,95,55
169,61,164
170,67,174
171,85,190
172,54,152
173,77,59
174,82,78
175,99,194
176,77,191
177,40,113
178,84,147
179,82,149
180,81,152
181,80,155
182,78,160
183,75,136
184,73,135
185,72,134
186,62,126
187,42,111
188,84,70
189,83,56
190,80,57
191,77,137
192,45,130
193,86,56
194,76,167
195,90,81
196,86,74
197,92,73
198,77,89
199,99,185
200,99,176
201,87,174
202,63,147
203,65,107
204,69,158
205,52,105
206,60,114
207,49,116
208,85,182
209,73,92
210,60,154
211,67,165
212,57,135
213,40,121
214,51,138
215,43,129
216,57,121
217,79,82
218,74,105
219,71,105
220,75,100
221,78,50
222,68,46
223,60,45
224,54,46
225,51,49
226,50,60
227,39,81
228,53,70
229,57,72
230,64,72
231,71,70
232,77,68
233,80,66
234,46,83
235,71,107
236,80,84
237,77,106
238,82,110
239,78,107
240,73,109
241,83,111
242,85,113
243,81,61
244,83,63
245,84,64
246,56,58
247,52,55
248,97,82
249,150,62
250,100,113
251,187,35
252,130,66
253,137,66
254,144,67
255,155,65
256,124,64
257,139,48
258,131,49
259,147,50
260,152,53
261,163,70
262,132,180
263,154,61
264,192,69
265,173,66
266,140,100
267,109,132
268,109,138
269,122,134
270,132,135
271,121,137
272,130,138
273,146,149
274,95,108
275,95,100
276,163,48
277,121,81
278,121,105
279,123,101
280,165,99
281,96,90
282,141,38
283,153,42
284,176,21
285,109,44
286,125,51
287,153,139
288,194,143
289,116,110
290,109,113
291,145,139
292,143,139
293,157,37
294,124,108
295,126,38
296,127,32
297,139,3
298,168,28
299,134,17
300,169,45
301,179,40
302,109,135
303,121,136
304,131,136
305,114,112
306,144,139
307,138,145
308,142,139
309,108,109
310,129,138
311,120,138
312,110,139
313,112,169
314,110,161
315,109,157
316,109,153
317,109,151
318,128,147
319,129,148
320,131,149
321,132,152
322,139,127
323,201,103
324,135,144
325,136,144
326,106,115
327,122,112
328,107,114
329,130,85
330,144,90
331,126,104
332,161,10
333,154,21
334,143,32
335,137,157
336,110,34
337,115,16
338,118,0
339,151,67
340,173,76
341,120,62
342,162,57
343,115,76
344,113,103
345,184,82
346,166,80
347,155,82
348,140,80
349,129,77
350,121,73
351,101,66
352,185,97
353,169,56
354,94,112
355,121,89
356,199,68
357,115,69
358,128,104
359,158,61
360,115,97
361,199,122
362,121,60
363,105,93
364,172,161
365,173,172
366,196,102
367,183,151
368,186,53
369,133,189
370,95,114
371,129,94
372,182,68
373,143,62
374,137,62
375,139,145
376,186,114
377,118,199
378,146,189
379,159,182
380,131,61
381,126,61
382,122,60
383,176,55
384,127,57
385,133,57
386,138,57
387,144,58
388,149,59
389,194,49
390,147,62
391,128,123
392,114,109
393,109,121
394,159,172
395,147,180
396,117,194
397,184,159
398,123,59
399,106,78
400,133,195
401,195,119
402,119,149
403,120,151
404,121,154
405,122,157
406,126,164
407,137,138
408,139,137
409,140,136
410,148,132
411,174,117
412,108,71
413,113,55
414,119,56
415,136,138
416,178,138
417,105,54
418,129,171
419,99,74
420,113,90
421,114,176
422,151,153
423,136,110
424,141,163
425,154,109
426,144,118
427,163,122
428,116,185
429,121,95
430,156,161
431,145,171
432,158,141
433,186,128
434,168,145
435,191,136
436,154,127
437,114,84
438,110,107
439,118,108
440,104,101
441,118,49
442,129,45
443,139,44
444,149,46
445,156,50
446,164,64
447,195,85
448,158,73
449,149,74
450,139,73
451,130,71
452,122,68
453,117,66
454,200,85
455,120,110
456,105,85
457,102,108
458,99,112
459,103,109
460,119,112
461,97,112
462,98,114
463,118,60
464,113,62
465,110,63
466,151,60
467,157,56
468,66,58
469,72,58
470,66,53
471,60,58
472,66,63
473,141,59
474,147,59
475,140,53
476,134,59
477,141,65
