0,99,129
1,98,107
2,98,114
3,92,81
4,98,99
5,98,88
6,99,63
7,45,60
8,100,46
9,100,36
10,102,-5
11,99,132
12,99,135
13,98,137
14,98,138
15,98,141
16,98,146
17,98,150
18,97,157
19,98,111
20,90,111
21,17,29
22,66,66
23,59,67
24,52,67
25,42,62
26,72,64
27,55,45
28,63,46
29,47,47
30,42,50
31,36,67
32,68,173
33,42,58
34,13,64
35,27,61
36,60,97
37,90,127
38,90,135
39,80,129
40,74,132
41,83,134
42,77,135
43,62,143
44,92,107
45,91,99
46,32,44
47,76,79
48,73,103
49,73,98
50,37,96
51,92,89
52,51,36
53,40,38
54,25,15
55,84,43
56,71,49
57,55,136
58,17,139
59,79,108
60,85,110
61,68,136
62,70,136
63,36,33
64,72,105
65,65,37
66,64,31
67,58,-2
68,31,25
69,62,14
70,28,40
71,23,35
72,90,131
73,82,132
74,76,133
75,80,109
76,69,136
77,72,138
78,71,136
79,83,106
80,79,136
81,84,136
82,91,137
83,87,157
84,88,149
85,89,145
86,90,140
87,91,137
88,79,136
89,77,138
90,76,140
91,74,143
92,64,124
93,10,99
94,98,113
95,75,136
96,73,137
97,87,113
98,75,110
99,86,112
100,68,83
101,56,87
102,71,101
103,38,4
104,44,17
105,48,30
106,68,148
107,82,33
108,80,13
109,78,-5
110,46,65
111,29,71
112,76,62
113,35,53
114,82,74
115,78,101
116,19,78
117,34,77
118,44,80
119,58,79
120,68,76
121,76,73
122,92,65
123,19,94
124,29,51
125,94,111
126,76,87
127,10,63
128,82,69
129,71,101
130,39,58
131,78,95
132,12,119
133,76,59
134,85,91
135,32,156
136,33,167
137,12,97
138,23,146
139,17,48
140,65,183
141,95,112
142,69,92
143,21,62
144,53,63
145,59,63
146,70,139
147,19,110
148,80,196
149,55,185
150,45,178
151,101,14
152,96,197
153,65,62
154,71,60
155,74,60
156,24,49
157,69,54
158,63,52
159,56,52
160,50,53
161,46,55
162,12,44
163,49,61
164,98,119
165,72,120
166,79,107
167,87,119
168,99,55
169,43,167
170,54,175
171,80,188
172,24,155
173,73,57
174,87,77
175,96,190
176,67,191
177,13,115
178,84,137
179,83,139
180,81,142
181,80,146
182,77,153
183,73,135
184,72,135
185,70,134
186,58,130
187,29,113
188,87,69
189,82,54
190,77,55
191,75,136
192,26,133
193,90,54
194,72,163
195,99,80
196,92,73
197,99,71
198,81,89
199,97,180
200,97,168
201,84,167
202,54,148
203,64,107
204,62,157
205,46,106
206,57,115
207,39,119
208,81,179
209,76,92
210,47,156
211,57,165
212,47,138
213,20,124
214,37,141
215,16,132
216,50,124
217,82,82
218,81,105
219,75,106
220,84,100
221,76,48
222,64,43
223,54,42
224,45,44
225,38,47
226,34,60
227,11,80
228,41,70
229,49,72
230,58,72
231,67,70
232,74,68
233,79,66
234,10,81
235,75,107
236,86,84
237,86,106
238,90,110
239,86,107
240,77,109
241,91,110
242,92,112
243,78,60
244,83,62
245,86,63
246,44,57
247,39,53
248,105,81
249,151,63
250,106,111
251,184,33
252,130,69
253,137,70
254,145,69
255,154,66
256,124,66
257,142,48
258,133,48
259,149,50
260,154,53
261,161,70
262,125,175
263,154,61
264,186,68
265,170,65
266,137,99
267,109,127
268,107,135
269,118,130
270,123,133
271,114,135
272,119,136
273,133,144
274,105,107
275,106,99
276,165,48
277,121,80
278,123,104
279,123,99
280,160,98
281,105,89
282,147,39
283,158,42
284,177,19
285,114,45
286,125,51
287,140,137
288,177,143
289,117,108
290,111,110
291,128,138
292,126,137
293,162,38
294,124,106
295,132,39
296,134,34
297,146,0
298,170,28
299,140,16
300,170,44
301,178,40
302,108,132
303,116,133
304,121,134
305,116,109
306,127,138
307,124,139
308,125,137
309,113,107
310,117,137
311,112,137
312,106,137
313,107,157
314,107,150
315,107,145
316,106,141
317,106,138
318,117,137
319,119,139
320,120,141
321,121,143
322,132,125
323,186,103
324,121,137
325,122,138
326,108,113
327,121,110
328,110,112
329,129,84
330,142,89
331,125,102
332,165,8
333,158,20
334,150,33
335,126,149
336,116,35
337,122,14
338,126,-4
339,151,68
340,169,75
341,119,64
342,162,57
343,116,75
344,118,102
345,179,81
346,163,80
347,154,82
348,139,81
349,129,77
350,121,74
351,106,65
352,178,97
353,168,56
354,102,111
355,121,88
356,189,67
357,115,70
358,126,102
359,157,62
360,118,96
361,183,123
362,119,62
363,112,92
364,160,159
365,159,170
366,185,101
367,170,149
368,182,52
369,127,185
370,101,112
371,128,93
372,176,67
373,144,66
374,137,66
375,125,140
376,177,113
377,112,197
378,136,187
379,147,180
380,131,65
381,125,64
382,121,63
383,174,54
384,127,57
385,134,55
386,140,55
387,146,56
388,150,58
389,188,48
390,148,65
391,124,121
392,117,107
393,109,119
394,149,169
395,138,177
396,113,189
397,169,158
398,122,60
399,111,77
400,125,193
401,182,119
402,112,137
403,114,140
404,115,143
405,115,147
406,117,154
407,123,137
408,124,136
409,126,135
410,138,131
411,167,116
412,111,70
413,114,56
414,119,57
415,121,137
416,168,136
417,108,55
418,121,164
419,106,73
420,116,89
421,109,168
422,140,150
423,132,109
424,131,158
425,150,108
426,139,116
427,157,121
428,112,180
429,121,93
430,147,158
431,136,167
432,147,140
433,175,127
434,157,143
435,178,135
436,146,126
437,116,82
438,116,105
439,121,106
440,112,100
441,120,49
442,132,45
443,143,45
444,152,47
445,159,51
446,162,63
447,186,84
448,156,73
449,149,75
450,139,75
451,129,73
452,122,70
453,117,67
454,188,85
455,121,108
456,111,84
457,110,106
458,106,110
459,110,107
460,119,110
461,105,110
462,104,112
463,117,62
464,113,63
465,111,64
466,152,60
467,157,57
468,57,56
469,65,56
470,57,50
471,50,56
472,57,63
473,137,59
474,145,59
475,137,53
476,130,59
477,137,66
