0,99,139
1,114,109
2,105,115
3,104,82
4,115,101
5,113,90
6,106,62
7,44,54
8,105,42
9,106,32
10,106,-4
11,99,141
12,98,143
13,96,144
14,96,144
15,97,147
16,97,150
17,96,154
18,93,161
19,111,113
20,100,112
21,2,18
22,66,62
23,59,63
24,51,62
25,40,56
26,73,60
27,58,38
28,66,39
29,49,40
30,43,42
31,32,60
32,61,171
33,41,51
34,-2,52
35,22,53
36,62,96
37,91,136
38,90,142
39,81,137
40,73,137
41,81,141
42,74,140
43,56,145
44,108,109
45,108,101
46,34,36
47,78,76
48,82,104
49,81,99
50,37,93
51,106,91
52,58,30
53,45,32
54,18,5
55,91,39
56,73,43
57,52,137
58,-11,126
59,86,109
60,92,111
61,61,138
62,63,139
63,41,26
64,79,106
65,73,32
66,74,25
67,62,-6
68,30,15
69,69,9
70,27,31
71,15,25
72,91,139
73,81,139
74,74,139
75,87,110
76,62,139
77,67,141
78,64,139
79,94,108
80,74,141
81,81,142
82,89,143
83,82,161
84,88,152
85,89,149
86,89,146
87,89,143
88,74,141
89,73,142
90,72,143
91,71,145
92,67,126
93,-18,84
94,108,114
95,68,140
96,68,140
97,95,114
98,80,111
99,94,113
100,70,80
101,57,85
102,77,102
103,37,-2
104,47,10
105,56,23
106,63,151
107,91,28
108,88,11
109,84,-6
110,44,60
111,22,65
112,78,58
113,34,45
114,85,72
115,90,102
116,10,70
117,29,72
118,41,76
119,57,75
120,67,72
121,75,69
122,99,64
123,11,87
124,27,43
125,107,113
126,80,85
127,-15,49
128,82,66
129,75,101
130,37,51
131,88,96
132,-17,104
133,77,55
134,98,93
135,19,151
136,12,160
137,-6,86
138,7,139
139,5,37
140,56,180
141,105,114
142,72,90
143,12,53
144,53,58
145,60,59
146,65,142
147,9,103
148,68,191
149,40,180
150,27,172
151,107,14
152,84,191
153,66,58
154,72,56
155,76,56
156,18,40
157,71,49
158,64,46
159,57,46
160,51,47
161,46,48
162,-7,31
163,48,56
164,103,121
165,76,122
166,88,108
167,93,121
168,104,52
169,31,163
170,43,172
171,72,185
172,0,145
173,75,53
174,94,76
175,88,186
176,54,187
177,-6,104
178,81,142
179,81,144
180,80,146
181,79,149
182,72,157
183,68,139
184,67,139
185,66,138
186,58,131
187,25,109
188,92,67
189,85,50
190,79,50
191,68,140
192,18,128
193,93,51
194,66,164
195,111,81
196,101,73
197,108,72
198,88,88
199,90,178
200,91,169
201,79,168
202,48,148
203,67,107
204,55,157
205,49,105
206,59,115
207,39,117
208,75,177
209,81,92
210,38,154
211,49,164
212,43,138
213,9,117
214,30,138
215,-2,122
216,50,124
217,87,81
218,93,106
219,85,107
220,99,102
221,80,43
222,69,37
223,59,36
224,48,37
225,40,40
226,31,52
227,-6,69
228,37,64
229,46,68
230,57,68
231,67,66
232,74,64
233,80,62
234,-17,66
235,83,108
236,97,84
237,101,108
238,102,111
239,98,109
240,84,110
241,104,112
242,102,113
243,80,56
244,84,58
245,88,60
246,43,50
247,38,46
248,115,82
249,136,58
250,114,112
251,141,29
252,118,65
253,124,66
254,130,66
255,135,60
256,113,62
257,132,44
258,124,44
259,138,45
260,140,48
261,137,65
262,108,169
263,137,56
264,139,60
265,139,59
266,126,98
267,106,138
268,103,143
269,110,139
270,112,141
271,106,143
272,108,143
273,115,144
274,118,109
275,120,101
276,147,42
277,116,78
278,123,104
279,122,100
280,138,96
281,118,91
282,143,36
283,147,38
284,143,17
285,119,41
286,117,46
287,120,137
288,121,125
289,119,109
290,115,112
291,112,144
292,111,144
293,148,33
294,121,107
295,134,36
296,136,30
297,134,1
298,144,25
299,134,16
300,147,39
301,144,35
302,105,141
303,108,142
304,110,142
305,117,110
306,112,144
307,111,146
308,110,144
309,120,108
310,107,144
311,105,144
312,101,144
313,100,160
314,102,154
315,103,150
316,102,147
317,101,144
318,107,144
319,108,145
320,109,147
321,110,149
322,120,126
323,126,89
324,108,144
325,110,145
326,112,115
327,118,111
328,113,113
329,120,82
330,128,87
331,121,103
332,141,8
333,141,19
334,145,30
335,111,150
336,123,31
337,122,15
338,123,-1
339,133,64
340,139,70
341,110,60
342,141,51
343,114,73
344,123,103
345,142,75
346,139,77
347,136,81
348,126,79
349,119,75
350,114,72
351,110,64
352,143,91
353,143,49
354,114,113
355,117,86
356,131,57
357,111,68
358,120,102
359,138,56
360,122,97
361,124,106
362,110,57
363,120,93
364,122,147
365,116,154
366,138,90
367,127,136
368,141,46
369,107,176
370,111,114
371,120,92
372,138,59
373,131,62
374,125,62
375,111,146
376,140,105
377,96,188
378,108,174
379,112,166
380,119,61
381,114,59
382,111,58
383,143,47
384,115,52
385,121,50
386,128,50
387,133,51
388,136,53
389,138,41
390,134,60
391,118,123
392,120,108
393,111,121
394,117,158
395,112,167
396,100,183
397,118,142
398,111,55
399,115,77
400,104,182
401,135,106
402,104,144
403,106,146
404,107,149
405,107,152
406,106,156
407,110,144
408,111,143
409,112,143
410,121,131
411,137,111
412,112,68
413,110,52
414,111,52
415,108,144
416,131,127
417,109,52
418,106,161
419,113,74
420,118,89
421,100,167
422,118,146
423,123,108
424,112,155
425,132,107
426,125,116
427,133,118
428,100,175
429,119,93
430,120,151
431,113,160
432,124,137
433,136,118
434,127,137
435,131,121
436,126,125
437,116,82
438,122,106
439,122,107
440,122,102
441,117,45
442,128,41
443,137,41
444,142,43
445,144,46
446,138,57
447,139,75
448,136,69
449,132,72
450,125,72
451,118,69
452,113,66
453,110,64
454,127,73
455,120,109
456,117,85
457,121,108
458,116,111
459,119,109
460,118,111
461,115,112
462,112,113
463,109,57
464,108,60
465,109,62
466,137,54
467,140,51
468,56,51
469,64,51
470,56,43
471,48,51
472,55,58
473,123,54
474,130,55
475,123,47
476,115,53
477,122,62
