0,94,136
1,97,112
2,98,118
3,91,85
4,97,104
5,97,93
6,97,66
7,50,58
8,97,48
9,97,38
10,97,-2
11,95,138
12,95,139
13,95,140
14,95,140
15,95,143
16,96,146
17,96,149
18,98,163
19,98,116
20,90,115
21,21,31
22,69,65
23,62,65
24,55,65
25,46,62
26,75,64
27,58,48
28,66,48
29,51,49
30,47,52
31,39,67
32,72,176
33,47,57
34,17,65
35,31,63
36,61,101
37,85,134
38,87,139
39,77,135
40,72,136
41,80,138
42,75,138
43,64,146
44,91,112
45,90,104
46,37,48
47,77,82
48,74,107
49,74,102
50,40,99
51,91,94
52,54,42
53,44,44
54,29,18
55,85,48
56,73,51
57,57,139
58,24,140
59,79,112
60,85,114
61,65,138
62,67,138
63,41,39
64,73,110
65,68,43
66,67,37
67,57,1
68,34,27
69,62,17
70,33,44
71,26,38
72,86,137
73,79,137
74,73,137
75,81,113
76,66,138
77,69,140
78,68,138
79,83,111
80,76,139
81,81,139
82,88,140
83,88,163
84,87,149
85,87,145
86,87,142
87,88,140
88,76,139
89,75,140
90,74,141
91,73,143
92,66,128
93,16,100
94,98,117
95,72,139
96,71,139
97,88,117
98,76,114
99,86,116
100,69,86
101,57,90
102,72,105
103,40,8
104,45,20
105,52,36
106,70,153
107,83,38
108,78,16
109,76,-1
110,49,64
111,31,73
112,78,63
113,39,55
114,82,77
115,79,105
116,23,80
117,36,78
118,45,81
119,59,80
120,69,77
121,76,74
122,91,68
123,24,96
124,34,54
125,94,116
126,77,90
127,15,64
128,82,71
129,72,105
130,44,58
131,79,100
132,19,119
133,78,60
134,85,96
135,40,158
136,41,167
137,17,99
138,30,147
139,22,50
140,70,185
141,94,117
142,70,95
143,25,64
144,57,60
145,63,60
146,69,141
147,24,112
148,84,196
149,62,185
150,52,178
151,97,17
152,99,197
153,68,60
154,73,60
155,77,60
156,28,52
157,72,55
158,66,52
159,60,52
160,54,53
161,50,55
162,17,46
163,53,59
164,98,124
165,73,125
166,79,111
167,87,124
168,97,57
169,50,168
170,60,177
171,83,190
172,31,156
173,76,58
174,86,80
175,99,191
176,72,192
177,19,116
178,81,139
179,80,141
180,79,143
181,79,146
182,78,159
183,71,138
184,69,138
185,68,137
186,60,133
187,33,116
188,86,72
189,84,56
190,79,56
191,72,139
192,32,135
193,89,57
194,75,167
195,97,84
196,91,77
197,97,75
198,81,92
199,99,183
200,99,172
201,86,172
202,58,151
203,66,111
204,66,160
205,49,110
206,59,118
207,43,122
208,84,182
209,76,96
210,52,158
211,62,168
212,51,141
213,26,126
214,42,143
215,23,133
216,53,127
217,82,85
218,81,109
219,76,110
220,84,104
221,78,51
222,67,47
223,57,46
224,48,47
225,42,50
226,38,61
227,16,82
228,43,70
229,51,73
230,60,72
231,69,71
232,76,69
233,80,67
234,15,81
235,76,111
236,86,88
237,86,110
238,90,114
239,86,111
240,78,113
241,91,115
242,92,116
243,80,61
244,84,63
245,86,65
246,48,56
247,44,55
248,103,85
249,146,59
250,105,115
251,173,31
252,127,64
253,134,65
254,140,65
255,150,62
256,121,64
257,138,50
258,130,50
259,145,51
260,149,53
261,156,67
262,125,176
263,149,58
264,178,65
265,165,63
266,134,101
267,104,134
268,104,138
269,114,135
270,122,136
271,113,138
272,120,138
273,134,146
274,104,112
275,104,104
276,159,49
277,119,82
278,121,107
279,122,102
280,156,98
281,104,94
282,141,44
283,152,45
284,166,18
285,111,51
286,124,52
287,140,138
288,175,139
289,116,111
290,110,114
291,132,137
292,130,137
293,155,40
294,122,109
295,128,45
296,129,39
297,137,1
298,160,27
299,133,17
300,163,45
301,168,37
302,104,136
303,114,136
304,121,137
305,115,113
306,131,137
307,127,139
308,129,138
309,112,110
310,119,138
311,112,139
312,104,139
313,109,163
314,106,149
315,105,145
316,105,142
317,104,139
318,119,138
319,120,139
320,121,141
321,122,143
322,131,128
323,181,99
324,124,138
325,125,138
326,108,117
327,120,113
328,109,116
329,126,86
330,138,90
331,123,105
332,154,7
333,149,20
334,144,38
335,127,152
336,113,41
337,116,16
338,119,-1
339,146,64
340,165,73
341,118,63
342,156,56
343,113,77
344,116,105
345,172,79
346,159,78
347,150,81
348,136,80
349,126,77
350,119,74
351,104,68
352,173,95
353,162,55
354,101,116
355,119,90
356,180,63
357,114,71
358,124,105
359,152,58
360,117,99
361,179,119
362,119,60
363,110,96
364,159,158
365,158,168
366,180,98
367,168,147
368,173,50
369,127,185
370,101,117
371,125,95
372,171,64
373,139,60
374,133,60
375,128,140
376,173,112
377,114,196
378,136,185
379,146,178
380,128,60
381,123,59
382,120,60
383,167,53
384,125,56
385,131,54
386,136,54
387,142,55
388,146,56
389,178,45
390,143,59
391,123,124
392,116,111
393,109,124
394,148,168
395,138,177
396,114,190
397,167,156
398,121,58
399,109,80
400,126,192
401,179,116
402,112,139
403,113,141
404,114,143
405,115,146
406,119,158
407,125,137
408,126,137
409,127,136
410,137,132
411,164,116
412,109,72
413,113,57
414,118,57
415,124,138
416,165,135
417,106,59
418,122,167
419,104,76
420,114,92
421,111,172
422,139,151
423,130,111
424,131,160
425,147,109
426,137,118
427,154,121
428,113,182
429,119,96
430,145,158
431,135,168
432,146,140
433,172,126
434,155,143
435,175,133
436,144,127
437,113,85
438,114,109
439,119,110
440,111,104
441,118,52
442,129,49
443,139,48
444,147,49
445,153,51
446,158,61
447,180,81
448,152,70
449,145,73
450,135,72
451,126,71
452,120,69
453,116,67
454,181,81
455,119,111
456,109,88
457,109,110
458,105,114
459,109,111
460,118,113
461,104,115
462,103,116
463,116,61
464,112,64
465,110,66
466,148,57
467,152,55
468,61,56
469,68,56
470,61,49
471,54,56
472,61,63
473,136,56
474,143,56
475,136,50
476,129,56
477,137,63
