0,105,129
1,97,111
2,98,115
3,91,84
4,97,104
5,97,93
6,98,64
7,52,53
8,98,45
9,98,36
10,99,-3
11,104,131
12,104,133
13,104,134
14,104,134
15,105,137
16,105,141
17,104,144
18,100,158
19,97,114
20,89,112
21,25,20
22,71,60
23,65,60
24,58,60
25,49,55
26,76,58
27,60,44
28,67,45
29,53,45
30,50,47
31,43,59
32,73,164
33,50,51
34,22,52
35,35,53
36,63,94
37,94,128
38,95,133
39,85,129
40,79,131
41,87,133
42,81,132
43,66,138
44,91,111
45,90,104
46,40,43
47,77,76
48,73,103
49,73,98
50,43,90
51,90,93
52,56,41
53,46,41
54,31,10
55,85,49
56,73,47
57,60,131
58,28,117
59,78,108
60,84,110
61,70,133
62,72,133
63,43,35
64,73,105
65,69,43
66,68,37
67,57,-1
68,35,20
69,62,14
70,36,38
71,29,28
72,95,131
73,86,131
74,80,132
75,80,109
76,71,133
77,75,135
78,73,133
79,82,108
80,82,133
81,88,133
82,96,134
83,90,156
84,95,144
85,95,140
86,95,137
87,96,134
88,82,133
89,81,135
90,80,136
91,78,138
92,68,122
93,22,79
94,97,115
95,78,133
96,76,134
97,87,113
98,75,108
99,86,112
100,71,79
101,59,83
102,72,100
103,41,2
104,45,15
105,54,34
106,72,145
107,83,41
108,79,15
109,76,-3
110,53,58
111,35,63
112,79,57
113,43,48
114,82,72
115,78,103
116,27,68
117,40,70
118,49,74
119,62,74
120,71,71
121,77,69
122,91,65
123,27,83
124,37,47
125,93,114
126,77,85
127,21,47
128,82,66
129,72,99
130,47,51
131,78,97
132,24,97
133,78,55
134,84,94
135,43,140
136,43,147
137,21,82
138,34,129
139,25,38
140,71,171
141,94,114
142,71,89
143,29,53
144,59,56
145,65,56
146,74,135
147,28,98
148,84,183
149,63,168
150,54,159
151,99,15
152,99,185
153,70,55
154,75,55
155,78,55
156,32,43
157,72,49
158,67,47
159,61,47
160,56,48
161,53,49
162,22,32
163,55,55
164,98,120
165,74,119
166,79,107
167,87,119
168,98,54
169,52,152
170,62,161
171,84,178
172,35,133
173,76,53
174,86,78
175,99,181
176,72,177
177,23,98
178,88,133
179,87,136
180,86,138
181,86,142
182,80,152
183,76,133
184,75,132
185,74,131
186,63,125
187,37,104
188,87,68
189,84,53
190,79,52
191,78,133
192,36,120
193,89,56
194,76,157
195,97,83
196,91,75
197,98,74
198,81,89
199,99,173
200,100,165
201,88,163
202,60,140
203,66,104
204,67,149
205,52,102
206,61,111
207,46,112
208,85,171
209,76,91
210,54,145
211,64,154
212,54,130
213,30,110
214,45,130
215,27,114
216,56,119
217,82,81
218,80,107
219,75,106
220,83,103
221,79,49
222,68,45
223,59,44
224,51,44
225,46,45
226,41,53
227,21,67
228,47,63
229,54,66
230,63,66
231,71,65
232,77,63
233,81,62
234,22,63
235,75,107
236,86,86
237,85,109
238,89,112
239,85,109
240,77,109
241,91,113
242,91,114
243,81,56
244,84,59
245,86,62
246,51,50
247,47,49
248,104,84
249,143,56
250,106,112
251,177,23
252,126,62
253,132,62
254,139,62
255,148,59
256,121,61
257,135,47
258,128,47
259,141,48
260,146,50
261,155,63
262,126,165
263,146,55
264,181,54
265,165,58
266,135,95
267,113,126
268,112,131
269,121,126
270,125,125
271,118,129
272,123,128
273,135,138
274,103,111
275,104,104
276,157,46
277,120,77
278,123,103
279,123,99
280,156,91
281,104,93
282,137,42
283,148,43
284,171,12
285,109,48
286,122,49
287,140,130
288,173,119
289,118,108
290,111,111
291,133,125
292,131,126
293,153,38
294,123,105
295,124,43
296,125,37
297,142,0
298,165,23
299,137,15
300,162,42
301,172,32
302,113,129
303,120,128
304,124,127
305,116,109
306,132,125
307,129,128
308,131,126
309,113,108
310,122,129
311,117,130
312,111,132
313,110,157
314,113,142
315,113,139
316,112,135
317,112,132
318,122,129
319,124,130
320,125,132
321,126,134
322,132,122
323,181,82
324,126,128
325,128,128
326,109,114
327,122,109
328,110,112
329,127,80
330,139,84
331,125,101
332,160,4
333,154,18
334,140,35
335,128,145
336,111,40
337,119,15
338,123,-3
339,144,61
340,164,68
341,118,60
342,154,52
343,115,73
344,118,103
345,174,71
346,158,73
347,148,76
348,135,76
349,126,73
350,119,70
351,105,65
352,173,86
353,161,51
354,101,114
355,120,85
356,183,50
357,114,67
358,125,100
359,150,55
360,118,97
361,178,100
362,118,57
363,111,95
364,157,142
365,156,149
366,180,85
367,166,131
368,177,42
369,127,172
370,101,114
371,127,89
372,173,59
373,137,58
374,132,58
375,130,129
376,172,100
377,114,183
378,136,170
379,145,161
380,127,58
381,122,57
382,119,58
383,168,49
384,123,52
385,128,50
386,134,50
387,139,51
388,142,53
389,181,35
390,140,57
391,124,119
392,117,108
393,110,119
394,147,154
395,137,163
396,114,179
397,165,136
398,120,55
399,110,78
400,126,178
401,178,101
402,118,131
403,119,133
404,120,136
405,121,139
406,120,152
407,127,127
408,128,126
409,129,125
410,137,125
411,163,106
412,110,69
413,113,54
414,117,54
415,126,128
416,164,122
417,106,56
418,123,157
419,104,75
420,115,89
421,111,163
422,140,140
423,131,105
424,132,150
425,147,103
426,138,111
427,153,113
428,113,172
429,120,92
430,145,146
431,136,156
432,146,131
433,170,112
434,155,131
435,174,116
436,144,119
437,115,81
438,115,107
439,120,106
440,111,103
441,116,50
442,126,46
443,135,45
444,143,46
445,150,48
446,157,57
447,181,69
448,150,66
449,143,68
450,134,68
451,126,67
452,120,65
453,116,64
454,182,65
455,121,107
456,110,86
457,109,109
458,106,112
459,110,109
460,119,109
461,104,113
462,104,114
463,116,58
464,112,61
465,110,63
466,144,54
467,149,52
468,63,50
469,70,50
470,63,43
471,56,50
472,63,57
473,133,53
474,140,53
475,133,47
476,127,53
477,133,59
