0,101,134
1,110,109
2,105,116
3,102,82
4,111,102
5,110,91
6,106,64
7,46,56
8,105,42
9,106,31
10,107,-5
11,101,137
12,100,140
13,99,142
14,99,142
15,99,145
16,99,149
17,99,153
18,97,161
19,108,113
20,99,113
21,10,20
22,67,64
23,60,64
24,52,64
25,42,58
26,73,63
27,58,40
28,66,41
29,49,41
30,44,44
31,35,62
32,66,173
33,43,54
34,5,55
35,25,55
36,63,99
37,92,132
38,92,139
39,82,134
40,75,137
41,84,139
42,77,140
43,62,148
44,104,109
45,104,101
46,33,36
47,79,79
48,82,106
49,81,101
50,38,96
51,103,91
52,55,29
53,43,31
54,23,8
55,88,38
56,73,45
57,57,141
58,2,128
59,87,110
60,93,113
61,65,141
62,67,141
63,38,25
64,80,109
65,70,31
66,69,24
67,62,-5
68,32,17
69,67,9
70,28,31
71,20,27
72,92,136
73,83,137
74,76,138
75,88,112
76,66,141
77,70,142
78,68,141
79,93,108
80,78,141
81,84,141
82,92,141
83,87,161
84,90,152
85,91,148
86,91,144
87,92,141
88,78,141
89,77,142
90,75,144
91,74,146
92,69,128
93,-4,87
94,107,115
95,73,141
96,72,142
97,95,116
98,82,113
99,94,114
100,71,83
101,58,88
102,78,104
103,40,-1
104,47,10
105,52,22
106,69,153
107,88,28
108,87,11
109,84,-6
110,46,62
111,25,67
112,77,61
113,36,47
114,85,74
115,88,103
116,15,73
117,31,74
118,42,78
119,57,78
120,68,75
121,76,72
122,98,65
123,16,90
124,29,44
125,105,113
126,81,87
127,-2,52
128,82,69
129,76,104
130,39,53
131,87,98
132,-2,107
133,77,58
134,95,94
135,27,153
136,22,160
137,2,89
138,16,140
139,12,39
140,63,180
141,104,114
142,73,93
143,16,55
144,54,60
145,60,60
146,69,144
147,16,106
148,76,190
149,49,179
150,37,172
151,107,13
152,92,191
153,66,60
154,72,59
155,75,59
156,22,41
157,71,50
158,65,47
159,58,46
160,52,48
161,48,50
162,2,34
163,49,58
164,104,123
165,78,125
166,88,109
167,94,123
168,105,53
169,38,164
170,50,172
171,78,186
172,11,146
173,75,55
174,93,78
175,94,187
176,62,186
177,4,107
178,84,141
179,83,143
180,82,146
181,81,150
182,77,157
183,72,140
184,70,140
185,69,139
186,62,134
187,29,112
188,92,69
189,84,52
190,78,52
191,73,141
192,24,131
193,93,52
194,71,165
195,109,82
196,100,74
197,107,73
198,87,90
199,96,180
200,96,170
201,84,169
202,53,151
203,69,110
204,60,159
205,50,107
206,61,117
207,41,120
208,80,178
209,82,94
210,44,156
211,54,165
212,47,141
213,16,119
214,35,141
215,7,124
216,53,127
217,87,82
218,91,107
219,85,108
220,96,102
221,79,44
222,68,38
223,57,36
224,47,38
225,40,41
226,33,54
227,2,72
228,39,67
229,48,70
230,58,70
231,67,69
232,75,67
233,80,65
234,-4,69
235,84,110
236,95,85
237,98,108
238,100,112
239,96,109
240,85,113
241,102,112
242,101,114
243,80,59
244,84,61
245,88,63
246,45,52
247,40,48
248,114,83
249,143,58
250,113,113
251,156,30
252,124,65
253,130,66
254,136,66
255,143,61
256,119,63
257,138,42
258,130,43
259,144,44
260,147,47
261,146,67
262,118,172
263,145,55
264,156,62
265,150,60
266,132,101
267,108,133
268,106,140
269,115,136
270,118,139
271,111,141
272,115,142
273,123,149
274,115,109
275,117,102
276,154,42
277,120,80
278,125,107
279,124,102
280,148,100
281,116,92
282,146,34
283,152,36
284,155,18
285,120,39
286,123,47
287,128,142
288,141,130
289,119,111
290,115,113
291,121,144
292,120,144
293,154,32
294,123,110
295,136,34
296,138,28
297,140,1
298,155,26
299,138,15
300,155,39
301,157,36
302,108,137
303,113,138
304,117,140
305,118,112
306,120,144
307,118,145
308,119,143
309,119,109
310,113,142
311,109,142
312,105,142
313,105,161
314,106,153
315,106,149
316,106,145
317,105,142
318,113,143
319,114,144
320,116,146
321,117,148
322,125,130
323,147,93
324,115,143
325,117,144
326,112,116
327,120,114
328,114,115
329,126,85
330,136,91
331,124,106
332,150,8
333,149,19
334,148,28
335,119,153
336,124,29
337,124,14
338,126,-2
339,141,65
340,150,73
341,117,62
342,150,51
343,117,75
344,123,104
345,157,78
346,148,79
347,142,83
348,132,81
349,124,77
350,119,73
351,111,66
352,157,95
353,152,50
354,112,113
355,121,89
356,152,60
357,115,70
358,123,106
359,146,55
360,123,99
361,145,111
362,116,59
363,120,94
364,138,152
365,133,159
366,155,94
367,143,141
368,157,48
369,118,179
370,109,115
371,125,95
372,151,62
373,137,62
374,131,62
375,119,146
376,153,110
377,105,189
378,121,177
379,127,170
380,126,61
381,121,60
382,118,59
383,154,49
384,122,53
385,128,50
386,135,49
387,140,50
388,143,52
389,155,43
390,141,60
391,121,125
392,120,110
393,112,123
394,131,162
395,125,170
396,108,185
397,137,146
398,118,57
399,116,79
400,114,184
401,152,110
402,109,142
403,111,144
404,112,147
405,112,151
406,113,157
407,117,143
408,119,142
409,120,141
410,128,135
411,149,115
412,114,70
413,115,53
414,117,53
415,115,143
416,145,132
417,112,53
418,115,164
419,113,75
420,120,91
421,107,169
422,129,151
423,127,112
424,122,159
425,140,110
426,132,119
427,143,122
428,108,178
429,121,95
430,132,155
431,125,164
432,134,142
433,150,122
434,140,142
435,148,126
436,134,129
437,118,84
438,121,108
439,123,109
440,121,103
441,121,45
442,133,40
443,142,39
444,148,41
445,150,45
446,147,58
447,157,78
448,144,71
449,139,73
450,131,73
451,124,70
452,118,68
453,115,66
454,149,76
455,121,111
456,117,86
457,119,108
458,114,112
459,118,109
460,119,113
461,113,113
462,111,114
463,115,59
464,113,61
465,112,64
466,144,54
467,148,51
468,62,54
469,70,54
470,62,46
471,54,54
472,62,61
473,136,55
474,141,56
475,136,49
476,130,55
477,135,62
