0,99,133
1,103,104
2,100,113
3,96,79
4,103,96
5,103,85
6,101,62
7,45,61
8,101,44
9,101,33
10,102,-6
11,99,135
12,99,138
13,99,140
14,99,140
15,99,144
16,99,148
17,99,153
18,96,160
19,102,109
20,94,109
21,16,31
22,64,69
23,57,69
24,50,68
25,41,64
26,70,67
27,56,44
28,65,46
29,48,46
30,43,49
31,34,68
32,66,175
33,42,59
34,10,66
35,25,64
36,59,98
37,89,131
38,90,138
39,78,133
40,71,135
41,81,138
42,74,138
43,58,145
44,97,104
45,96,96
46,33,42
47,76,80
48,76,102
49,75,98
50,35,97
51,96,86
52,53,32
53,42,36
54,25,16
55,85,40
56,71,50
57,52,137
58,10,145
59,81,107
60,88,109
61,62,139
62,64,139
63,38,31
64,74,105
65,67,33
66,67,27
67,59,-3
68,32,23
69,64,11
70,28,39
71,22,35
72,89,135
73,80,136
74,72,137
75,83,108
76,63,139
77,67,141
78,65,139
79,86,104
80,76,139
81,82,139
82,90,139
83,85,160
84,88,152
85,89,147
86,89,143
87,90,140
88,75,139
89,74,141
90,72,143
91,71,145
92,63,125
93,3,104
94,101,111
95,70,139
96,69,140
97,90,112
98,76,110
99,89,111
100,68,84
101,55,88
102,73,101
103,39,4
104,45,15
105,51,27
106,66,151
107,84,29
108,82,11
109,79,-6
110,44,66
111,25,74
112,75,65
113,35,53
114,82,75
115,82,99
116,16,80
117,31,78
118,41,81
119,55,80
120,66,78
121,74,75
122,94,64
123,16,96
124,29,52
125,98,108
126,77,87
127,5,67
128,81,70
129,71,102
130,38,59
131,81,94
132,4,124
133,75,63
134,89,89
135,30,160
136,29,171
137,6,101
138,19,150
139,16,50
140,65,184
141,98,110
142,69,92
143,18,66
144,51,64
145,57,65
146,65,142
147,15,113
148,78,195
149,54,187
150,43,180
151,102,12
152,93,196
153,63,65
154,69,64
155,73,64
156,22,51
157,69,57
158,63,54
159,57,53
160,51,54
161,47,56
162,9,47
163,47,62
164,100,119
165,72,121
166,82,105
167,89,119
168,101,53
169,42,170
170,53,177
171,79,189
172,18,160
173,73,60
174,89,76
175,95,189
176,66,192
177,7,119
178,82,139
179,81,142
180,79,145
181,78,149
182,74,156
183,69,139
184,67,138
185,65,137
186,55,130
187,26,116
188,88,69
189,82,56
190,76,57
191,70,139
192,23,136
193,90,55
194,70,166
195,102,77
196,95,72
197,102,70
198,83,88
199,95,181
200,96,170
201,83,170
202,52,150
203,64,108
204,60,159
205,45,107
206,56,116
207,37,120
208,80,180
209,77,92
210,45,159
211,56,168
212,45,140
213,16,127
214,34,143
215,11,136
216,48,125
217,83,81
218,84,102
219,78,105
220,89,97
221,77,48
222,66,41
223,55,40
224,46,42
225,39,46
226,33,61
227,7,83
228,38,71
229,46,74
230,56,74
231,65,73
232,72,71
233,78,68
234,3,85
235,78,107
236,89,82
237,91,103
238,94,107
239,90,104
240,79,109
241,96,108
242,96,110
243,78,63
244,82,64
245,86,64
246,44,57
247,39,54
248,108,79
249,148,65
250,108,109
251,168,37
252,130,71
253,136,72
254,143,72
255,151,67
256,124,69
257,139,45
258,131,46
259,146,47
260,150,51
261,156,72
262,121,175
263,150,62
264,172,71
265,162,66
266,135,100
267,109,131
268,107,138
269,117,133
270,122,135
271,113,138
272,118,138
273,130,146
274,109,104
275,110,96
276,158,43
277,121,81
278,124,103
279,124,99
280,156,101
281,109,87
282,143,32
283,152,36
284,164,21
285,115,39
286,125,50
287,137,139
288,162,147
289,118,108
290,112,110
291,127,139
292,125,139
293,155,31
294,124,107
295,131,32
296,132,26
297,140,0
298,161,28
299,136,14
300,161,40
301,166,40
302,108,135
303,115,136
304,120,137
305,116,109
306,126,139
307,123,141
308,124,139
309,115,105
310,116,139
311,112,139
312,106,139
313,106,160
314,109,152
315,108,147
316,107,143
317,106,140
318,116,139
319,118,141
320,120,143
321,122,145
322,130,126
323,169,109
324,120,139
325,121,140
326,110,113
327,121,111
328,111,111
329,128,86
330,140,91
331,125,103
332,155,9
333,151,19
334,145,26
335,124,152
336,117,28
337,120,13
338,123,-4
339,148,70
340,163,77
341,121,67
342,156,55
343,116,76
344,120,100
345,170,84
346,159,82
347,151,85
348,138,84
349,129,81
350,122,77
351,108,64
352,170,100
353,160,54
354,105,108
355,121,88
356,171,72
357,117,72
358,125,103
359,153,62
360,120,95
361,166,128
362,120,64
363,115,90
364,150,161
365,147,171
366,173,105
367,159,152
368,169,55
369,121,184
370,104,110
371,127,94
372,168,68
373,142,68
374,137,68
375,125,142
376,169,117
377,108,194
378,127,185
379,136,180
380,131,68
381,126,66
382,122,65
383,164,53
384,126,57
385,132,54
386,138,54
387,143,55
388,147,58
389,170,53
390,146,66
391,124,122
392,118,106
393,110,120
394,140,170
395,131,177
396,109,188
397,155,161
398,122,62
399,112,77
400,118,191
401,171,123
402,112,139
403,114,142
404,115,145
405,117,149
406,116,157
407,121,138
408,123,138
409,125,137
410,136,132
411,162,119
412,112,69
413,115,56
414,119,58
415,120,139
416,160,139
417,109,55
418,119,166
419,108,72
420,118,89
421,108,170
422,135,151
423,131,110
424,127,160
425,147,110
426,137,118
427,153,123
428,110,180
429,121,93
430,140,159
431,130,168
432,142,142
433,166,130
434,150,145
435,166,139
436,143,128
437,116,82
438,118,103
439,122,106
440,115,98
441,120,47
442,131,41
443,141,40
444,148,43
445,153,48
446,157,64
447,173,88
448,153,75
449,146,77
450,138,77
451,129,76
452,123,73
453,118,70
454,170,90
455,121,108
456,113,83
457,113,103
458,109,107
459,113,105
460,119,110
461,108,108
462,106,110
463,118,64
464,115,65
465,112,66
466,149,60
467,153,56
468,56,59
469,63,59
470,56,51
471,48,59
472,55,67
473,136,62
474,143,62
475,135,55
476,129,62
477,136,69
