0,98,125
1,94,110
2,96,118
3,88,83
4,93,101
5,93,90
6,95,64
7,44,62
8,95,43
9,95,32
10,95,-11
11,98,128
12,98,131
13,98,133
14,99,149
15,99,152
16,98,155
17,98,160
18,100,169
19,94,114
20,88,114
21,19,32
22,65,69
23,57,69
24,50,69
25,41,64
26,71,67
27,53,45
28,62,46
29,45,47
30,40,50
31,35,70
32,72,183
33,41,59
34,17,69
35,27,64
36,58,103
37,86,125
38,88,132
39,76,128
40,69,132
41,79,133
42,73,135
43,64,152
44,87,110
45,86,101
46,30,43
47,74,83
48,71,107
49,70,103
50,35,102
51,86,91
52,46,34
53,36,38
54,25,17
55,79,40
56,69,49
57,57,144
58,29,148
59,77,112
60,83,115
61,64,141
62,67,141
63,32,32
64,71,111
65,60,34
66,58,28
67,51,-4
68,28,25
69,55,11
70,26,40
71,22,38
72,87,128
73,77,131
74,71,134
75,79,114
76,65,141
77,68,145
78,68,141
79,80,110
80,75,136
81,81,134
82,89,133
83,89,169
84,87,159
85,87,155
86,88,151
87,89,149
88,76,146
89,74,147
90,72,149
91,71,152
92,63,131
93,20,106
94,95,116
95,72,144
96,70,145
97,86,118
98,74,115
99,85,116
100,66,87
101,53,93
102,69,106
103,35,4
104,39,16
105,43,28
106,70,159
107,76,29
108,73,10
109,71,-9
110,44,68
111,27,76
112,75,65
113,33,54
114,79,77
115,75,105
116,20,84
117,31,82
118,40,85
119,55,83
120,65,80
121,73,76
122,88,66
123,20,101
124,28,53
125,90,114
126,74,91
127,17,68
128,79,72
129,69,107
130,38,60
131,74,99
132,23,127
133,75,62
134,80,94
135,41,165
136,44,176
137,17,104
138,31,155
139,19,52
140,72,191
141,92,116
142,67,97
143,21,66
144,51,64
145,57,65
146,67,147
147,22,118
148,86,202
149,65,192
150,56,186
151,95,9
152,102,204
153,63,65
154,69,63
155,73,63
156,23,51
157,69,56
158,62,53
159,55,53
160,49,54
161,45,56
162,17,48
163,47,63
164,97,124
165,71,126
166,77,111
167,85,124
168,96,54
169,52,175
170,62,183
171,85,197
172,36,164
173,73,59
174,83,79
175,101,198
176,75,198
177,19,123
178,82,148
179,80,150
180,79,152
181,78,156
182,79,165
183,69,138
184,67,137
185,66,137
186,58,137
187,30,121
188,83,71
189,80,55
190,76,56
191,71,138
192,32,142
193,86,55
194,75,173
195,94,81
196,88,75
197,95,73
198,77,92
199,101,189
200,100,179
201,87,178
202,58,157
203,63,113
204,66,166
205,45,113
206,56,122
207,40,126
208,85,188
209,73,97
210,53,165
211,62,174
212,50,147
213,25,132
214,42,150
215,24,140
216,51,132
217,78,85
218,77,109
219,73,110
220,80,103
221,74,47
222,61,42
223,50,41
224,41,43
225,35,47
226,33,62
227,16,87
228,38,73
229,46,76
230,56,76
231,65,74
232,72,71
233,77,68
234,19,87
235,74,112
236,82,87
237,82,109
238,87,113
239,83,110
240,76,114
241,88,114
242,89,116
243,77,62
244,81,64
245,83,65
246,43,58
247,37,54
248,101,82
249,156,61
250,104,114
251,189,27
252,134,68
253,141,68
254,149,68
255,160,64
256,128,66
257,144,46
258,136,47
259,153,48
260,158,50
261,167,69
262,133,182
263,160,60
264,194,64
265,177,63
266,141,101
267,111,124
268,110,131
269,124,127
270,133,131
271,121,132
272,130,134
273,141,151
274,101,110
275,101,101
276,169,44
277,123,82
278,123,106
279,124,102
280,167,100
281,101,91
282,147,37
283,159,39
284,179,11
285,113,45
286,129,51
287,148,143
288,194,146
289,117,112
290,110,114
291,143,140
292,141,139
293,164,33
294,124,110
295,131,39
296,132,32
297,143,-8
298,171,20
299,137,8
300,175,40
301,182,32
302,110,128
303,122,130
304,131,133
305,115,113
306,142,139
307,137,144
308,140,139
309,112,109
310,128,135
311,119,133
312,109,133
313,112,169
314,110,159
315,110,154
316,110,151
317,110,148
318,128,145
319,129,146
320,131,148
321,132,151
322,137,130
323,201,103
324,134,143
325,136,143
326,108,117
327,123,114
328,109,116
329,132,86
330,146,91
331,126,105
332,164,0
333,157,12
334,149,30
335,134,158
336,114,35
337,117,8
338,120,-11
339,156,67
340,176,74
341,124,64
342,167,54
343,116,77
344,117,104
345,187,80
346,169,80
347,158,83
348,143,82
349,132,79
350,124,75
351,103,66
352,188,97
353,174,53
354,99,114
355,122,90
356,199,64
357,117,71
358,128,106
359,164,60
360,118,98
361,199,124
362,125,61
363,109,94
364,172,165
365,173,175
366,197,101
367,184,154
368,188,47
369,135,191
370,99,116
371,130,95
372,185,64
373,148,63
374,141,64
375,139,145
376,188,115
377,119,203
378,146,193
379,159,186
380,135,63
381,130,62
382,126,62
383,181,50
384,131,56
385,137,54
386,144,54
387,150,55
388,154,57
389,195,43
390,152,63
391,127,126
392,117,110
393,109,124
394,160,175
395,148,183
396,119,197
397,185,163
398,127,59
399,109,79
400,133,199
401,197,120
402,120,147
403,121,149
404,121,152
405,122,155
406,124,164
407,137,136
408,138,136
409,140,135
410,144,135
411,177,119
412,110,71
413,117,56
414,123,57
415,135,137
416,179,140
417,108,57
418,129,173
419,102,75
420,116,91
421,115,178
422,149,156
423,136,112
424,140,166
425,156,111
426,145,120
427,165,124
428,118,188
429,122,96
430,156,164
431,145,174
432,156,145
433,187,130
434,167,148
435,193,138
436,153,130
437,116,84
438,114,108
439,120,109
440,109,102
441,122,50
442,134,44
443,145,43
444,155,44
445,163,48
446,169,61
447,197,82
448,162,72
449,153,75
450,142,75
451,133,73
452,126,70
453,120,68
454,200,83
455,121,111
456,109,86
457,107,109
458,104,113
459,108,110
460,119,114
461,102,114
462,102,115
463,121,62
464,116,64
465,112,66
466,157,58
467,163,54
468,61,58
469,69,58
470,60,51
471,52,59
472,61,66
473,145,59
474,153,59
475,145,51
476,137,59
477,145,66
