0,99,139
1,98,107
2,99,114
3,92,81
4,98,99
5,98,88
6,98,63
7,50,60
8,98,47
9,98,37
10,98,-1
11,99,140
12,99,142
13,99,143
14,99,143
15,99,145
16,99,148
17,99,152
18,99,162
19,99,111
20,91,111
21,22,33
22,69,64
23,63,65
24,56,66
25,46,64
26,75,63
27,58,50
28,66,50
29,51,52
30,47,54
31,40,69
32,71,176
33,47,60
34,19,67
35,32,65
36,63,100
37,91,137
38,91,141
39,83,138
40,78,140
41,85,141
42,80,141
43,67,149
44,92,107
45,91,99
46,36,52
47,78,80
48,76,104
49,75,100
50,43,99
51,92,89
52,54,45
53,44,47
54,29,20
55,85,49
56,73,52
57,62,142
58,25,141
59,81,109
60,87,111
61,70,142
62,72,142
63,40,43
64,76,108
65,68,45
66,66,39
67,58,2
68,34,28
69,62,17
70,32,48
71,27,39
72,91,139
73,84,140
74,79,140
75,83,110
76,71,142
77,74,143
78,73,142
79,85,106
80,81,142
81,86,142
82,92,142
83,90,161
84,90,151
85,91,148
86,91,145
87,92,142
88,81,142
89,80,143
90,78,145
91,77,147
92,69,128
93,19,102
94,99,113
95,77,142
96,76,142
97,89,114
98,78,112
99,88,112
100,71,84
101,59,90
102,74,103
103,40,9
104,45,21
105,51,39
106,73,154
107,82,40
108,79,16
109,76,0
110,50,65
111,32,74
112,79,61
113,39,57
114,83,75
115,80,101
116,25,81
117,37,79
118,46,82
119,60,80
120,70,76
121,77,73
122,92,65
123,26,97
124,34,57
125,95,111
126,78,88
127,17,66
128,83,69
129,74,104
130,44,60
131,80,96
132,21,121
133,78,59
134,86,92
135,40,159
136,40,169
137,19,100
138,31,149
139,23,51
140,69,184
141,96,112
142,72,94
143,26,67
144,57,60
145,63,60
146,73,144
147,27,113
148,83,196
149,60,186
150,51,179
151,98,17
152,99,197
153,68,59
154,73,59
155,77,59
156,29,56
157,72,56
158,66,56
159,60,57
160,55,58
161,51,59
162,18,48
163,53,60
164,99,121
165,76,124
166,81,107
167,89,121
168,98,55
169,49,169
170,59,177
171,82,189
172,32,157
173,76,58
174,87,77
175,99,190
176,71,192
177,21,118
178,86,142
179,85,144
180,84,146
181,83,149
182,80,158
183,76,141
184,75,141
185,74,141
186,64,135
187,37,117
188,87,69
189,84,55
190,79,55
191,77,142
192,35,137
193,90,56
194,76,167
195,98,79
196,92,73
197,98,71
198,82,89
199,99,182
200,99,171
201,87,171
202,59,153
203,68,110
204,67,161
205,52,109
206,62,118
207,46,122
208,84,181
209,78,94
210,52,160
211,62,168
212,54,143
213,29,127
214,44,145
215,25,134
216,56,129
217,83,82
218,82,105
219,78,107
220,85,100
221,78,51
222,67,48
223,56,48
224,48,50
225,42,53
226,38,63
227,18,83
228,44,71
229,52,73
230,61,72
231,70,70
232,77,68
233,81,65
234,18,84
235,78,109
236,87,84
237,87,106
238,91,109
239,87,107
240,80,111
241,92,110
242,93,112
243,81,59
244,85,62
245,87,64
246,49,59
247,44,57
248,105,80
249,146,58
250,106,110
251,176,32
252,127,62
253,133,63
254,140,64
255,149,61
256,121,61
257,138,48
258,131,47
259,145,49
260,150,52
261,156,67
262,126,175
263,149,57
264,180,66
265,165,63
266,134,99
267,107,137
268,106,141
269,115,138
270,120,139
271,113,141
272,118,141
273,132,149
274,105,107
275,105,99
276,160,49
277,119,79
278,122,104
279,122,99
280,155,99
281,105,89
282,143,43
283,153,45
284,169,19
285,112,47
286,124,49
287,138,142
288,175,141
289,116,108
290,111,111
291,128,141
292,126,141
293,157,41
294,122,107
295,129,43
296,131,37
297,139,2
298,163,28
299,135,17
300,165,46
301,171,38
302,107,139
303,114,139
304,119,140
305,115,110
306,127,141
307,123,143
308,125,141
309,113,106
310,117,141
311,112,142
312,106,142
313,108,161
314,107,151
315,107,147
316,106,145
317,106,142
318,117,141
319,118,143
320,119,144
321,120,146
322,129,128
323,181,101
324,121,141
325,122,142
326,108,114
327,120,112
328,109,112
329,127,84
330,138,89
331,123,103
332,157,9
333,152,20
334,146,37
335,126,154
336,115,38
337,117,16
338,121,0
339,146,63
340,164,73
341,118,59
342,157,55
343,114,74
344,117,101
345,173,80
346,158,78
347,149,81
348,135,79
349,125,75
350,119,72
351,105,64
352,172,96
353,163,55
354,102,111
355,119,87
356,182,65
357,113,68
358,124,103
359,152,58
360,117,96
361,179,120
362,118,57
363,111,92
364,160,158
365,160,168
366,180,99
367,168,148
368,176,50
369,128,184
370,102,112
371,126,93
372,171,65
373,139,58
374,133,58
375,124,144
376,171,112
377,115,195
378,138,185
379,149,179
380,128,58
381,123,57
382,120,57
383,168,54
384,125,53
385,130,52
386,136,52
387,142,53
388,145,55
389,180,47
390,143,58
391,122,123
392,116,107
393,109,121
394,150,169
395,140,177
396,115,189
397,168,157
398,120,55
399,110,77
400,128,191
401,178,117
402,112,142
403,113,144
404,114,146
405,114,149
406,118,158
407,122,141
408,123,141
409,124,140
410,135,134
411,161,116
412,110,69
413,113,54
414,117,53
415,121,141
416,164,136
417,107,55
418,122,167
419,105,73
420,115,89
421,111,170
422,140,153
423,130,110
424,132,161
425,145,109
426,136,118
427,152,122
428,113,181
429,119,93
430,146,159
431,137,168
432,145,143
433,170,126
434,155,144
435,175,133
436,142,128
437,114,82
438,115,105
439,119,106
440,112,100
441,118,49
442,130,46
443,140,46
444,148,48
445,154,51
446,158,61
447,181,82
448,152,70
449,144,71
450,135,71
451,126,68
452,119,66
453,115,64
454,182,83
455,119,108
456,110,84
457,110,105
458,106,109
459,110,107
460,117,111
461,105,110
462,104,112
463,116,58
464,112,60
465,109,63
466,147,56
467,152,55
468,60,58
469,67,58
470,59,52
471,53,59
472,61,64
473,134,55
474,141,55
475,135,49
476,127,54
477,134,61
