0,103,139
1,110,112
2,104,118
3,99,84
4,110,104
5,109,93
6,103,65
7,43,57
8,101,42
9,101,32
10,99,0
11,103,142
12,102,144
13,101,147
14,101,147
15,101,150
16,101,154
17,100,157
18,98,166
19,108,116
20,97,115
21,-2,25
22,64,63
23,57,64
24,49,64
25,38,59
26,70,62
27,54,41
28,63,42
29,46,43
30,40,46
31,29,64
32,62,175
33,39,54
34,-5,58
35,17,58
36,56,98
37,93,137
38,93,144
39,83,138
40,75,140
41,85,143
42,79,143
43,53,148
44,102,112
45,101,104
46,27,40
47,74,79
48,75,106
49,74,101
50,29,95
51,101,93
52,52,33
53,39,35
54,8,13
55,86,42
56,69,46
57,47,140
58,-4,129
59,81,111
60,88,114
61,67,143
62,69,143
63,33,29
64,73,109
65,68,35
66,67,28
67,49,0
68,17,21
69,55,13
70,19,35
71,6,30
72,93,141
73,84,141
74,77,142
75,83,112
76,68,143
77,72,145
78,70,143
79,89,110
80,80,144
81,86,145
82,93,146
83,85,165
84,90,156
85,91,153
86,92,149
87,93,146
88,79,144
89,78,145
90,76,147
91,74,149
92,61,127
93,-12,89
94,106,117
95,75,143
96,73,144
97,92,117
98,75,113
99,90,115
100,64,83
101,50,87
102,71,104
103,25,4
104,33,14
105,49,26
106,61,155
107,85,32
108,77,15
109,73,0
110,42,62
111,19,69
112,74,60
113,30,49
114,80,75
115,83,105
116,5,74
117,27,75
118,39,79
119,55,78
120,66,75
121,74,72
122,94,66
123,6,90
124,21,48
125,103,115
126,75,88
127,-13,55
128,80,68
129,69,104
130,35,54
131,82,99
132,-10,108
133,73,57
134,91,95
135,19,153
136,16,161
137,-6,90
138,8,140
139,0,43
140,59,183
141,103,117
142,66,93
143,6,58
144,52,59
145,58,60
146,70,146
147,6,105
148,75,195
149,44,182
150,31,173
151,100,17
152,95,196
153,63,59
154,68,58
155,72,58
156,11,45
157,67,51
158,61,48
159,55,48
160,48,49
161,44,51
162,-9,38
163,47,58
164,103,123
165,71,124
166,82,110
167,90,123
168,101,53
169,32,164
170,45,174
171,77,190
172,4,147
173,71,55
174,89,79
175,97,191
176,59,189
177,-4,107
178,86,145
179,84,147
180,83,150
181,81,153
182,72,161
183,73,143
184,72,142
185,70,141
186,52,133
187,20,111
188,88,70
189,81,53
190,75,52
191,75,143
192,15,130
193,90,54
194,66,167
195,107,83
196,97,75
197,105,74
198,83,91
199,98,183
200,98,174
201,82,173
202,45,150
203,61,109
204,54,160
205,42,107
206,53,117
207,33,119
208,79,182
209,76,94
210,36,156
211,48,166
212,38,140
213,7,119
214,26,140
215,0,124
216,44,126
217,82,83
218,86,109
219,78,109
220,92,104
221,76,45
222,65,40
223,54,39
224,44,40
225,35,44
226,27,56
227,-6,73
228,35,68
229,44,70
230,55,70
231,65,69
232,72,66
233,77,64
234,-13,72
235,77,111
236,91,87
237,94,110
238,98,114
239,93,111
240,79,113
241,100,115
242,99,116
243,76,58
244,81,60
245,85,63
246,42,53
247,36,50
248,113,84
249,144,61
250,115,115
251,161,32
252,124,67
253,131,68
254,137,68
255,145,63
256,119,64
257,138,44
258,130,45
259,144,46
260,148,49
261,149,67
262,125,174
263,146,58
264,161,63
265,155,60
266,136,100
267,111,137
268,108,144
269,117,138
270,120,140
271,113,143
272,116,143
273,131,148
274,116,112
275,118,104
276,157,41
277,121,80
278,129,107
279,129,102
280,153,98
281,116,94
282,147,34
283,154,36
284,158,21
285,118,41
286,123,48
287,136,140
288,151,129
289,124,112
290,118,114
291,121,144
292,119,144
293,157,30
294,128,110
295,135,35
296,137,29
297,139,5
298,158,28
299,138,18
300,160,37
301,161,37
302,110,141
303,115,141
304,118,142
305,122,113
306,120,144
307,119,145
308,119,144
309,122,111
310,114,144
311,111,145
312,107,146
313,109,165
314,108,156
315,109,153
316,108,149
317,107,146
318,114,144
319,116,146
320,117,148
321,119,150
322,132,128
323,155,92
324,116,144
325,118,145
326,115,117
327,125,114
328,117,116
329,128,84
330,139,89
331,129,105
332,152,11
333,151,21
334,149,28
335,125,155
336,122,32
337,121,17
338,122,2
339,142,66
340,154,73
341,116,62
342,152,52
343,117,76
344,126,105
345,163,78
346,151,79
347,144,82
348,132,81
349,124,77
350,118,73
351,109,66
352,163,93
353,156,50
354,112,115
355,122,89
356,157,61
357,114,69
358,128,105
359,148,58
360,125,99
361,154,110
362,116,59
363,121,96
364,147,151
365,143,158
366,162,94
367,153,140
368,161,49
369,125,181
370,110,117
371,128,94
372,158,61
373,138,64
374,132,65
375,120,146
376,162,108
377,112,193
378,130,179
379,136,170
380,126,63
381,121,61
382,118,60
383,159,48
384,122,53
385,128,50
386,135,50
387,141,52
388,143,54
389,160,45
390,142,63
391,127,124
392,124,111
393,115,123
394,140,162
395,133,172
396,113,189
397,147,146
398,118,57
399,115,79
400,122,187
401,161,109
402,111,145
403,113,148
404,114,150
405,115,154
406,118,161
407,117,143
408,119,143
409,121,142
410,135,133
411,156,113
412,113,71
413,114,54
414,117,54
415,116,144
416,154,130
417,110,54
418,121,167
419,111,76
420,121,92
421,111,172
422,136,150
423,133,111
424,130,159
425,145,109
426,137,118
427,149,120
428,113,181
429,124,95
430,141,155
431,133,164
432,142,140
433,159,120
434,148,140
435,158,125
436,141,127
437,119,84
438,125,109
439,127,110
440,123,105
441,120,46
442,132,42
443,142,41
444,148,42
445,152,46
446,151,59
447,162,78
448,146,71
449,140,74
450,132,74
451,124,71
452,118,68
453,114,66
454,155,76
455,126,111
456,118,87
457,121,111
458,116,114
459,120,112
460,124,113
461,115,115
462,113,116
463,114,60
464,112,62
465,111,64
466,145,56
467,149,53
468,56,53
469,64,53
470,56,46
471,48,53
472,56,60
473,129,56
474,136,56
475,130,49
476,122,55
477,128,63
