0,100,135
1,100,109
2,99,116
3,94,82
4,100,100
5,100,90
6,99,64
7,49,56
8,99,47
9,99,38
10,99,-1
11,100,137
12,99,139
13,99,140
14,99,140
15,99,143
16,98,146
17,98,149
18,97,160
19,100,113
20,92,112
21,20,30
22,68,63
23,61,63
24,55,63
25,45,60
26,74,62
27,59,44
28,67,45
29,51,46
30,47,49
31,38,66
32,68,175
33,46,55
34,15,64
35,30,61
36,61,99
37,90,133
38,90,138
39,80,135
40,73,137
41,82,139
42,76,139
43,61,147
44,94,108
45,93,100
46,37,46
47,76,80
48,75,105
49,74,100
50,39,98
51,93,90
52,56,38
53,45,41
54,28,17
55,86,45
56,73,48
57,55,139
58,18,139
59,80,109
60,86,112
61,64,141
62,66,141
63,41,37
64,74,108
65,69,39
66,68,34
67,59,1
68,34,26
69,64,16
70,33,42
71,25,36
72,90,136
73,81,137
74,74,138
75,81,111
76,65,141
77,69,142
78,67,141
79,84,108
80,77,140
81,83,140
82,91,140
83,87,160
84,89,149
85,89,145
86,90,142
87,91,140
88,77,140
89,75,141
90,74,143
91,73,145
92,65,127
93,11,99
94,99,114
95,72,140
96,71,141
97,89,115
98,76,112
99,87,113
100,69,84
101,57,89
102,72,103
103,41,7
104,46,19
105,54,33
106,68,152
107,84,35
108,81,16
109,78,-1
110,49,62
111,30,72
112,78,60
113,39,53
114,82,75
115,80,102
116,21,79
117,35,77
118,45,80
119,59,78
120,69,75
121,76,72
122,92,65
123,22,95
124,33,53
125,96,112
126,77,88
127,12,63
128,82,68
129,71,104
130,43,56
131,79,97
132,13,118
133,78,58
134,86,93
135,34,158
136,34,168
137,14,97
138,25,147
139,20,49
140,66,184
141,96,114
142,70,93
143,23,63
144,56,58
145,62,58
146,68,143
147,22,111
148,81,195
149,57,185
150,46,178
151,99,17
152,97,196
153,67,58
154,73,58
155,76,58
156,27,51
157,72,52
158,66,50
159,60,49
160,54,50
161,50,52
162,15,45
163,52,57
164,99,122
165,73,123
166,80,108
167,88,122
168,99,55
169,45,168
170,55,176
171,80,189
172,25,155
173,76,56
174,87,78
175,97,190
176,68,191
177,15,115
178,83,140
179,82,142
180,81,144
181,80,147
182,77,157
183,70,140
184,69,140
185,68,139
186,58,133
187,32,115
188,87,70
189,84,53
190,79,54
191,72,140
192,29,135
193,90,54
194,72,166
195,100,81
196,93,74
197,100,72
198,82,90
199,97,181
200,97,170
201,84,170
202,54,151
203,65,110
204,62,160
205,49,108
206,58,117
207,41,121
208,82,181
209,76,94
210,48,158
211,58,168
212,48,141
213,23,125
214,39,143
215,18,132
216,51,127
217,82,83
218,82,106
219,77,107
220,86,101
221,79,48
222,68,43
223,58,42
224,49,44
225,43,47
226,37,59
227,13,80
228,42,69
229,50,71
230,60,70
231,69,68
232,76,66
233,80,64
234,11,81
235,77,109
236,88,85
237,88,107
238,92,111
239,88,108
240,78,111
241,93,112
242,94,113
243,80,58
244,84,61
245,86,63
246,48,54
247,43,52
248,106,82
249,142,60
250,107,112
251,166,33
252,126,65
253,131,66
254,137,66
255,145,63
256,121,63
257,135,49
258,129,49
259,142,50
260,146,53
261,151,69
262,124,175
263,145,59
264,171,66
265,159,65
266,134,100
267,109,133
268,107,138
269,117,135
270,122,137
271,114,138
272,119,139
273,131,147
274,106,108
275,107,100
276,155,49
277,119,80
278,123,105
279,123,100
280,154,99
281,107,90
282,140,42
283,149,44
284,161,20
285,112,47
286,122,51
287,137,140
288,166,140
289,117,110
290,111,112
291,127,140
292,126,140
293,153,40
294,123,108
295,128,42
296,129,37
297,137,3
298,157,29
299,133,18
300,159,47
301,163,39
302,108,136
303,115,137
304,120,138
305,116,111
306,127,140
307,123,141
308,125,140
309,114,108
310,117,140
311,112,139
312,106,140
313,107,160
314,107,148
315,107,145
316,107,142
317,106,140
318,117,140
319,118,141
320,119,142
321,120,144
322,129,128
323,171,101
324,121,140
325,122,140
326,109,115
327,120,112
328,110,114
329,126,85
330,138,90
331,124,104
332,151,10
333,147,22
334,142,36
335,124,152
336,115,38
337,118,17
338,120,0
339,142,65
340,159,75
341,117,62
342,152,56
343,114,75
344,119,103
345,168,80
346,154,79
347,145,82
348,133,80
349,124,76
350,118,73
351,106,66
352,168,96
353,158,56
354,104,112
355,119,88
356,170,66
357,113,69
358,124,104
359,148,60
360,119,97
361,170,120
362,118,59
363,113,93
364,154,157
365,153,167
366,172,99
367,163,147
368,167,51
369,125,183
370,103,114
371,125,94
372,165,67
373,136,61
374,132,61
375,124,142
376,168,112
377,112,194
378,133,184
379,142,177
380,127,61
381,122,60
382,119,60
383,163,55
384,123,55
385,128,54
386,134,54
387,138,55
388,142,57
389,169,48
390,140,61
391,122,123
392,117,109
393,109,122
394,145,168
395,136,176
396,112,189
397,160,156
398,120,58
399,111,78
400,123,190
401,171,117
402,112,140
403,113,141
404,114,144
405,114,147
406,116,157
407,122,139
408,124,139
409,125,138
410,135,133
411,160,116
412,110,70
413,113,55
414,117,56
415,121,140
416,161,135
417,107,56
418,121,166
419,106,74
420,116,90
421,109,170
422,137,151
423,130,110
424,130,160
425,145,109
426,136,118
427,151,122
428,112,180
429,120,94
430,143,158
431,134,167
432,144,141
433,166,126
434,152,143
435,169,133
436,142,128
437,115,83
438,116,106
439,121,108
440,113,101
441,118,50
442,128,47
443,137,46
444,145,48
445,150,51
446,153,63
447,172,83
448,148,72
449,141,73
450,133,72
451,125,70
452,119,68
453,115,66
454,171,83
455,120,109
456,111,85
457,111,107
458,107,111
459,111,108
460,118,112
461,106,112
462,105,113
463,115,60
464,112,62
465,110,64
466,143,58
467,148,56
468,60,54
469,67,54
470,60,48
471,52,54
472,59,60
473,132,58
474,138,58
475,132,52
476,126,57
477,132,63
