0,100,132
1,101,109
2,100,117
3,94,83
4,101,101
5,101,90
6,101,65
7,46,61
8,101,45
9,102,35
10,102,-3
11,99,134
12,99,137
13,99,138
14,99,138
15,99,141
16,99,145
17,98,149
18,99,160
19,100,113
20,92,113
21,23,33
22,67,67
23,59,68
24,52,68
25,42,64
26,73,65
27,57,47
28,65,48
29,49,48
30,44,51
31,37,69
32,71,173
33,43,59
34,19,66
35,30,64
36,62,101
37,90,130
38,91,136
39,80,132
40,74,134
41,83,136
42,77,137
43,63,147
44,94,109
45,93,101
46,36,44
47,77,82
48,74,106
49,74,102
50,40,100
51,94,91
52,54,37
53,43,39
54,30,19
55,85,44
56,72,51
57,57,141
58,24,139
59,80,111
60,86,113
61,67,138
62,69,138
63,40,34
64,74,109
65,68,38
66,67,32
67,59,1
68,34,26
69,63,15
70,32,41
71,27,37
72,90,134
73,82,134
74,76,135
75,82,112
76,68,138
77,72,139
78,70,138
79,85,108
80,79,137
81,84,137
82,91,138
83,89,160
84,89,148
85,90,144
86,91,140
87,91,138
88,79,138
89,77,139
90,76,141
91,75,143
92,66,129
93,18,100
94,100,115
95,74,138
96,73,138
97,89,116
98,76,114
99,88,115
100,69,86
101,57,91
102,72,105
103,41,8
104,45,18
105,52,30
106,70,152
107,84,34
108,81,15
109,79,-2
110,46,67
111,29,75
112,77,63
113,37,54
114,83,77
115,80,103
116,24,81
117,34,80
118,43,83
119,57,82
120,67,78
121,75,75
122,94,67
123,24,97
124,32,53
125,96,113
126,77,90
127,18,65
128,81,71
129,72,105
130,40,59
131,79,98
132,19,119
133,76,60
134,87,94
135,38,157
136,39,165
137,18,99
138,29,146
139,23,51
140,69,181
141,97,115
142,70,95
143,24,66
144,53,63
145,59,63
146,70,140
147,24,113
148,83,191
149,61,182
150,51,175
151,102,15
152,99,192
153,65,63
154,71,61
155,75,61
156,28,52
157,70,57
158,64,56
159,58,55
160,52,56
161,47,57
162,20,47
163,49,62
164,100,123
165,73,125
166,80,109
167,88,123
168,101,55
169,49,166
170,59,174
171,83,186
172,31,154
173,74,59
174,88,79
175,98,187
176,71,187
177,19,116
178,84,137
179,83,140
180,82,142
181,81,146
182,78,156
183,73,137
184,71,137
185,70,136
186,60,134
187,33,117
188,88,71
189,83,55
190,78,56
191,74,137
192,32,135
193,90,55
194,75,165
195,101,81
196,94,75
197,101,73
198,82,91
199,98,179
200,98,169
201,86,168
202,57,151
203,66,111
204,65,159
205,49,110
206,59,119
207,42,122
208,84,178
209,77,96
210,51,157
211,61,166
212,50,142
213,26,126
214,41,143
215,22,132
216,53,129
217,83,84
218,82,107
219,77,109
220,86,102
221,78,49
222,66,44
223,56,43
224,47,44
225,40,48
226,35,62
227,17,83
228,41,73
229,48,75
230,58,75
231,67,72
232,74,70
233,80,67
234,18,83
235,77,111
236,88,86
237,88,108
238,92,112
239,88,109
240,79,113
241,94,112
242,94,114
243,79,61
244,84,63
245,86,65
246,45,58
247,40,54
248,107,83
249,150,60
250,108,113
251,175,33
252,129,68
253,136,68
254,143,68
255,152,63
256,123,65
257,142,44
258,133,45
259,149,46
260,153,49
261,157,68
262,126,173
263,153,57
264,179,67
265,165,62
266,138,101
267,109,131
268,108,137
269,118,133
270,124,136
271,115,137
272,121,138
273,133,148
274,107,109
275,108,101
276,163,43
277,123,82
278,125,106
279,126,102
280,158,100
281,108,91
282,148,34
283,158,37
284,170,19
285,117,41
286,126,48
287,140,141
288,172,139
289,120,110
290,113,113
291,131,140
292,129,140
293,161,32
294,126,109
295,135,35
296,137,29
297,144,1
298,166,26
299,140,15
300,167,39
301,172,37
302,109,134
303,117,135
304,123,137
305,118,112
306,130,140
307,126,141
308,128,139
309,116,108
310,119,139
311,114,138
312,107,138
313,108,160
314,107,148
315,107,144
316,107,141
317,107,138
318,119,139
319,121,140
320,122,142
321,123,144
322,132,129
323,178,101
324,124,139
325,125,140
326,111,116
327,123,114
328,112,115
329,130,86
330,142,91
331,127,105
332,160,8
333,156,19
334,151,28
335,126,152
336,120,31
337,122,15
338,125,-2
339,149,66
340,164,74
341,119,63
342,159,52
343,118,77
344,121,103
345,174,81
346,160,80
347,151,84
348,138,82
349,128,78
350,121,74
351,108,67
352,174,97
353,165,51
354,104,113
355,123,90
356,179,66
357,116,70
358,128,105
359,155,57
360,121,98
361,176,119
362,120,60
363,115,94
364,158,157
365,157,166
366,179,100
367,167,147
368,175,51
369,127,181
370,103,115
371,129,95
372,170,63
373,143,64
374,136,65
375,127,142
376,173,113
377,114,191
378,136,182
379,146,175
380,130,64
381,125,62
382,121,61
383,169,49
384,126,54
385,133,52
386,140,52
387,146,53
388,149,55
389,178,48
390,147,62
391,125,125
392,120,109
393,111,123
394,148,167
395,138,174
396,114,186
397,165,154
398,122,58
399,113,79
400,126,187
401,177,117
402,114,138
403,115,140
404,115,143
405,116,147
406,118,157
407,125,139
408,127,138
409,128,138
410,137,135
411,164,117
412,113,71
413,115,54
414,119,55
415,124,139
416,165,135
417,110,54
418,122,165
419,108,75
420,119,91
421,110,169
422,140,151
423,133,111
424,132,159
425,149,110
426,139,119
427,155,122
428,113,178
429,123,96
430,146,158
431,136,166
432,147,142
433,171,126
434,156,144
435,174,132
436,145,129
437,118,84
438,118,107
439,123,109
440,115,102
441,122,46
442,134,41
443,144,41
444,152,43
445,157,47
446,159,60
447,180,83
448,154,72
449,147,75
450,137,74
451,128,72
452,122,69
453,117,67
454,179,83
455,123,111
456,113,86
457,113,108
458,108,112
459,113,109
460,121,113
461,107,112
462,106,114
463,117,60
464,114,62
465,112,64
466,151,56
467,156,53
468,50,58
469,57,58
470,51,52
471,44,59
472,49,64
473,136,57
474,143,57
475,136,50
476,128,57
477,135,64
