0,101,129
1,99,108
2,99,116
3,92,82
4,99,100
5,99,90
6,99,65
7,44,63
8,99,43
9,100,32
10,101,-2
11,100,131
12,100,134
13,100,136
14,100,151
15,100,154
16,99,158
17,99,162
18,99,173
19,99,112
20,90,112
21,18,35
22,64,69
23,57,70
24,50,70
25,40,66
26,70,67
27,54,46
28,62,47
29,46,47
30,41,51
31,34,71
32,67,181
33,41,61
34,13,68
35,25,65
36,56,101
37,88,127
38,88,134
39,75,130
40,67,132
41,78,134
42,70,135
43,59,151
44,92,108
45,91,100
46,31,43
47,74,82
48,71,105
49,70,101
50,32,99
51,91,90
52,48,33
53,38,36
54,25,20
55,81,41
56,69,50
57,52,141
58,18,142
59,77,110
60,84,112
61,57,139
62,59,139
63,34,31
64,70,108
65,62,34
66,61,27
67,55,1
68,29,26
69,59,14
70,26,40
71,22,38
72,88,131
73,77,132
74,68,134
75,79,111
76,58,139
77,62,145
78,60,139
79,82,108
80,72,136
81,80,135
82,89,135
83,86,172
84,86,161
85,87,157
86,88,153
87,89,151
88,72,147
89,70,148
90,68,150
91,66,152
92,61,128
93,11,103
94,99,114
95,67,144
96,64,144
97,87,115
98,73,113
99,85,114
100,65,86
101,52,91
102,68,104
103,37,9
104,41,18
105,46,26
106,65,159
107,79,29
108,78,14
109,76,-1
110,44,68
111,26,76
112,74,65
113,33,55
114,80,78
115,76,102
116,16,82
117,31,81
118,40,84
119,55,83
120,65,80
121,74,76
122,91,67
123,16,97
124,27,54
125,94,112
126,74,90
127,11,68
128,80,72
129,67,105
130,38,61
131,76,97
132,13,122
133,74,63
134,84,93
135,33,160
136,34,170
137,10,101
138,23,150
139,17,52
140,66,189
141,95,114
142,66,95
143,19,67
144,51,65
145,57,65
146,60,146
147,16,113
148,81,202
149,56,189
150,46,181
151,100,15
152,98,204
153,63,65
154,68,64
155,72,63
156,22,52
157,68,57
158,62,55
159,56,55
160,49,56
161,45,58
162,14,50
163,47,64
164,99,121
165,69,123
166,77,108
167,86,121
168,99,55
169,44,171
170,55,180
171,81,196
172,25,159
173,72,60
174,86,79
175,98,198
176,68,196
177,11,118
178,80,149
179,78,151
180,76,154
181,75,158
182,74,166
183,64,137
184,62,136
185,60,135
186,55,133
187,26,117
188,86,72
189,80,56
190,75,57
191,66,137
192,25,137
193,88,55
194,70,173
195,99,81
196,92,75
197,99,74
198,79,91
199,98,190
200,99,181
201,84,179
202,52,154
203,61,111
204,60,164
205,43,110
206,54,118
207,37,122
208,82,188
209,73,95
210,46,161
211,57,171
212,46,142
213,18,127
214,36,145
215,15,135
216,48,127
217,80,84
218,79,106
219,73,108
220,83,101
221,74,48
222,62,42
223,52,41
224,43,43
225,37,47
226,32,63
227,10,84
228,38,74
229,46,76
230,55,76
231,65,74
232,72,72
233,77,69
234,11,86
235,73,110
236,85,86
237,86,107
238,90,111
239,85,108
240,75,112
241,92,112
242,92,113
243,77,63
244,81,64
245,84,65
246,43,59
247,38,55
248,106,83
249,153,66
250,107,112
251,180,37
252,132,71
253,140,72
254,147,72
255,156,69
256,126,69
257,144,49
258,135,50
259,151,51
260,156,54
261,163,73
262,129,182
263,156,64
264,184,71
265,171,68
266,141,101
267,113,127
268,111,134
269,125,130
270,132,133
271,121,134
272,128,136
273,140,151
274,106,108
275,107,100
276,167,47
277,124,83
278,126,105
279,127,101
280,164,101
281,106,90
282,150,37
283,160,41
284,174,23
285,117,45
286,128,53
287,147,141
288,178,145
289,120,110
290,113,112
291,140,140
292,138,140
293,164,36
294,127,108
295,136,38
296,137,32
297,145,3
298,169,29
299,141,16
300,172,44
301,176,41
302,113,131
303,123,132
304,130,134
305,118,111
306,139,140
307,135,145
308,137,140
309,116,108
310,126,137
311,119,136
312,110,135
313,112,172
314,112,161
315,112,157
316,111,153
317,110,151
318,126,147
319,128,148
320,130,150
321,131,153
322,137,128
323,184,106
324,131,144
325,133,145
326,111,115
327,125,113
328,112,114
329,132,87
330,145,92
331,129,104
332,163,11
333,158,21
334,153,31
335,133,159
336,119,34
337,122,15
338,125,-1
339,153,71
340,171,79
341,122,67
342,164,58
343,118,78
344,121,103
345,180,84
346,166,83
347,156,85
348,142,84
349,131,80
350,123,77
351,107,68
352,180,100
353,169,57
354,103,112
355,124,90
356,185,71
357,117,72
358,130,105
359,159,64
360,121,98
361,183,125
362,121,64
363,114,93
364,163,163
365,161,173
366,186,104
367,173,152
368,180,55
369,130,191
370,102,114
371,131,95
372,177,71
373,146,68
374,140,68
375,137,146
376,180,116
377,115,203
378,139,191
379,149,183
380,134,67
381,128,66
382,124,65
383,175,56
384,129,60
385,135,58
386,142,58
387,148,59
388,152,61
389,183,52
390,150,67
391,129,124
392,120,109
393,112,122
394,152,173
395,141,182
396,115,197
397,170,161
398,124,62
399,112,80
400,128,198
401,184,121
402,119,149
403,120,151
404,122,154
405,123,158
406,124,167
407,134,138
408,136,137
409,138,136
410,144,134
411,171,119
412,112,72
413,116,58
414,121,59
415,132,138
416,171,139
417,110,56
418,127,174
419,106,76
420,119,91
421,113,180
422,145,155
423,136,111
424,137,165
425,154,111
426,143,119
427,160,124
428,115,188
429,124,95
430,150,162
431,140,173
432,152,143
433,178,130
434,161,147
435,180,138
436,150,128
437,118,85
438,118,106
439,124,108
440,114,101
441,123,51
442,135,45
443,146,45
444,155,47
445,161,51
446,164,66
447,186,87
448,159,76
449,151,78
450,141,77
451,132,76
452,124,73
453,119,70
454,185,88
455,124,110
456,112,86
457,112,107
458,107,111
459,112,108
460,122,112
461,106,112
462,105,113
463,119,64
464,115,65
465,113,66
466,154,63
467,159,59
468,57,60
469,64,60
470,57,53
471,49,60
472,57,66
473,140,62
474,148,62
475,140,55
476,132,62
477,140,69
