0,101,134
1,101,108
2,99,115
3,95,82
4,102,99
5,101,89
6,100,64
7,49,58
8,100,43
9,100,32
10,100,-4
11,101,137
12,101,140
13,100,142
14,100,142
15,100,145
16,100,149
17,100,153
18,96,164
19,101,112
20,93,111
21,19,27
22,67,65
23,60,66
24,53,65
25,45,61
26,73,64
27,58,42
28,66,43
29,51,44
30,46,47
31,37,66
32,68,176
33,46,57
34,12,62
35,29,60
36,61,99
37,92,133
38,92,140
39,82,135
40,75,138
41,84,140
42,77,141
43,62,149
44,95,107
45,95,99
46,36,40
47,77,80
48,77,105
49,76,100
50,38,98
51,95,90
52,54,31
53,44,34
54,28,13
55,84,39
56,73,47
57,57,142
58,14,138
59,82,109
60,88,112
61,66,142
62,67,142
63,40,29
64,76,108
65,67,32
66,67,26
67,60,-2
68,34,21
69,64,12
70,31,36
71,25,32
72,92,137
73,83,138
74,76,140
75,84,111
76,67,142
77,71,144
78,68,142
79,86,107
80,78,142
81,85,142
82,92,142
83,86,164
84,91,153
85,91,148
86,92,145
87,92,142
88,78,142
89,77,143
90,76,145
91,75,148
92,67,128
93,7,97
94,100,113
95,73,142
96,72,143
97,90,115
98,78,113
99,89,113
100,69,84
101,57,89
102,74,104
103,41,3
104,47,14
105,52,25
106,68,155
107,83,29
108,81,13
109,79,-4
110,48,64
111,29,71
112,77,62
113,38,50
114,82,75
115,82,102
116,19,78
117,34,77
118,43,81
119,57,80
120,68,77
121,75,73
122,93,66
123,19,94
124,32,49
125,97,111
126,77,88
127,8,61
128,81,69
129,73,104
130,42,57
131,81,97
132,9,116
133,77,59
134,88,92
135,34,158
136,32,167
137,10,96
138,23,147
139,18,46
140,66,184
141,97,113
142,71,94
143,22,61
144,55,60
145,60,61
146,69,145
147,20,111
148,79,194
149,55,184
150,45,177
151,100,14
152,94,196
153,66,61
154,71,60
155,75,60
156,26,47
157,71,53
158,65,50
159,60,50
160,54,51
161,50,53
162,12,42
163,51,60
164,99,121
165,74,124
166,82,108
167,89,121
168,100,54
169,44,168
170,54,176
171,79,189
172,22,155
173,75,57
174,88,78
175,95,190
176,67,190
177,11,114
178,85,142
179,84,144
180,83,147
181,82,151
182,76,160
183,72,142
184,70,141
185,69,140
186,61,134
187,31,115
188,88,70
189,83,53
190,78,54
191,73,142
192,29,135
193,90,54
194,72,168
195,101,81
196,94,74
197,100,73
198,83,90
199,96,182
200,96,173
201,84,172
202,55,153
203,66,110
204,62,161
205,49,109
206,59,118
207,42,121
208,81,181
209,78,94
210,48,159
211,57,168
212,49,143
213,21,125
214,39,144
215,15,131
216,53,128
217,83,83
218,84,106
219,79,107
220,88,100
221,78,45
222,67,39
223,57,38
224,48,40
225,42,44
226,36,58
227,10,79
228,41,70
229,49,72
230,58,72
231,67,70
232,74,68
233,79,66
234,7,78
235,79,109
236,89,85
237,90,106
238,93,110
239,89,108
240,80,112
241,95,111
242,95,113
243,79,60
244,83,62
245,86,63
246,48,55
247,43,51
248,107,82
249,144,60
250,106,112
251,167,33
252,127,66
253,133,67
254,139,67
255,147,63
256,122,65
257,136,44
258,129,45
259,143,46
260,147,49
261,153,69
262,121,176
263,146,58
264,170,67
265,160,63
266,132,101
267,109,133
268,107,140
269,116,135
270,120,138
271,113,140
272,117,141
273,127,150
274,107,108
275,108,100
276,156,43
277,119,81
278,120,106
279,121,101
280,152,101
281,108,90
282,141,33
283,150,36
284,162,19
285,113,40
286,123,49
287,132,143
288,160,140
289,115,110
290,110,112
291,124,142
292,122,142
293,153,31
294,120,109
295,129,34
296,130,27
297,138,0
298,159,26
299,135,15
300,159,39
301,164,37
302,109,137
303,114,138
304,118,139
305,113,111
306,123,142
307,120,144
308,121,142
309,113,108
310,115,142
311,111,142
312,106,142
313,105,164
314,107,152
315,107,148
316,107,145
317,106,142
318,115,142
319,116,143
320,118,145
321,119,147
322,126,129
323,167,101
324,118,142
325,119,143
326,108,115
327,117,113
328,109,114
329,125,86
330,137,91
331,122,105
332,153,8
333,149,18
334,143,27
335,121,156
336,115,30
337,119,14
338,121,-2
339,144,66
340,160,75
341,119,64
342,153,53
343,114,76
344,117,103
345,167,82
346,156,80
347,148,83
348,135,82
349,126,78
350,120,75
351,106,66
352,166,98
353,158,52
354,104,111
355,118,89
356,169,66
357,115,71
358,122,105
359,149,59
360,118,98
361,165,120
362,119,61
363,113,93
364,149,159
365,147,168
366,170,100
367,157,149
368,167,51
369,122,184
370,103,113
371,124,95
372,166,65
373,138,61
374,133,62
375,121,145
376,164,114
377,109,194
378,129,184
379,137,178
380,128,62
381,124,61
382,120,61
383,163,51
384,124,55
385,129,53
386,135,53
387,140,54
388,143,56
389,169,48
390,141,61
391,120,125
392,115,109
393,108,122
394,140,169
395,131,176
396,110,189
397,154,156
398,120,59
399,111,78
400,120,190
401,168,117
402,111,142
403,112,144
404,113,147
405,114,150
406,114,160
407,119,141
408,121,141
409,122,140
410,130,135
411,156,118
412,110,71
413,114,55
414,118,56
415,118,142
416,155,137
417,108,54
418,118,168
419,106,74
420,115,91
421,107,172
422,133,154
423,127,112
424,126,162
425,142,111
426,133,120
427,147,124
428,109,181
429,119,95
430,138,160
431,130,168
432,139,144
433,162,128
434,147,146
435,164,134
436,137,130
437,114,84
438,115,106
439,118,108
440,113,101
441,119,47
442,129,41
443,138,40
444,146,42
445,151,46
446,154,61
447,171,83
448,149,72
449,143,74
450,134,74
451,127,72
452,121,70
453,116,67
454,168,83
455,118,110
456,111,86
457,111,107
458,107,110
459,111,108
460,116,112
461,106,111
462,105,113
463,117,61
464,113,63
465,111,65
466,145,57
467,150,53
468,62,55
469,69,55
470,62,48
471,55,55
472,62,62
473,131,57
474,138,57
475,131,50
476,125,57
477,132,63
