0,96,134
1,102,112
2,99,118
3,95,84
4,102,104
5,102,92
6,100,65
7,45,58
8,100,45
9,100,35
10,101,-3
11,95,136
12,95,137
13,95,138
14,94,152
15,94,155
16,94,159
17,94,162
18,94,165
19,101,116
20,92,115
21,13,26
22,65,65
23,58,66
24,51,65
25,41,60
26,71,64
27,57,44
28,65,45
29,49,44
30,43,47
31,34,64
32,63,176
33,42,56
34,8,61
35,26,58
36,56,98
37,83,132
38,83,135
39,71,132
40,63,131
41,73,134
42,65,133
43,51,141
44,95,112
45,95,103
46,34,40
47,75,80
48,72,105
49,72,100
50,32,94
51,95,93
52,54,32
53,43,34
54,22,13
55,85,41
56,71,49
57,44,132
58,7,136
59,77,110
60,84,113
61,51,131
62,53,132
63,38,29
64,70,107
65,68,34
66,67,28
67,57,-2
68,29,22
69,62,12
70,28,36
71,20,32
72,83,134
73,72,133
74,64,132
75,79,111
76,52,132
77,57,139
78,54,133
79,84,110
80,66,134
81,74,135
82,83,136
83,81,164
84,80,161
85,81,157
86,82,153
87,83,150
88,66,143
89,64,144
90,62,145
91,61,147
92,57,124
93,1,95
94,100,117
95,60,139
96,58,139
97,87,116
98,72,111
99,86,115
100,66,83
101,52,87
102,69,103
103,37,3
104,43,15
105,52,26
106,59,151
107,84,31
108,80,13
109,78,-4
110,45,63
111,26,69
112,75,62
113,35,50
114,81,76
115,79,104
116,15,75
117,32,74
118,42,78
119,56,77
120,66,75
121,74,72
122,93,67
123,13,91
124,29,48
125,97,116
126,75,88
127,3,59
128,80,69
129,67,102
130,38,55
131,79,98
132,3,115
133,75,60
134,87,95
135,27,155
136,26,166
137,5,94
138,16,144
139,14,45
140,62,185
141,97,117
142,66,92
143,18,59
144,52,61
145,58,62
146,55,139
147,12,107
148,76,196
149,51,185
150,40,177
151,101,15
152,92,197
153,64,61
154,69,61
155,73,60
156,22,46
157,69,55
158,63,53
159,57,52
160,51,53
161,47,54
162,7,41
163,48,59
164,98,123
165,67,122
166,78,110
167,85,122
168,100,55
169,39,166
170,50,176
171,76,191
172,16,153
173,73,58
174,88,79
175,92,192
176,63,192
177,5,112
178,74,147
179,72,149
180,70,152
181,69,155
182,69,158
183,58,133
184,57,132
185,56,131
186,48,127
187,22,112
188,87,71
189,82,54
190,76,55
191,59,133
192,19,131
193,89,54
194,66,167
195,101,83
196,94,76
197,101,75
198,81,91
199,93,184
200,94,174
201,79,173
202,47,147
203,60,108
204,55,158
205,41,106
206,51,115
207,32,117
208,77,183
209,74,94
210,41,155
211,52,166
212,39,135
213,12,122
214,30,139
215,8,129
216,42,122
217,81,84
218,82,108
219,75,108
220,87,104
221,77,46
222,66,41
223,56,39
224,47,40
225,39,44
226,33,57
227,6,77
228,39,68
229,47,70
230,57,71
231,66,70
232,73,68
233,78,66
234,2,77
235,74,109
236,88,87
237,89,110
238,92,114
239,88,111
240,75,111
241,94,115
242,94,116
243,78,60
244,82,62
245,85,63
246,44,55
247,39,50
248,107,84
249,145,62
250,108,115
251,164,33
252,128,67
253,134,68
254,140,68
255,148,65
256,122,66
257,138,48
258,130,48
259,145,49
260,149,52
261,153,69
262,120,176
263,148,61
264,167,67
265,159,64
266,135,100
267,107,133
268,106,136
269,117,133
270,123,134
271,114,136
272,120,135
273,131,142
274,108,112
275,109,104
276,158,44
277,119,82
278,124,106
279,124,101
280,155,98
281,108,93
282,144,36
283,152,39
284,160,20
285,115,43
286,124,51
287,138,133
288,157,139
289,119,111
290,113,114
291,132,135
292,129,135
293,155,34
294,124,108
295,132,36
296,133,30
297,139,2
298,158,28
299,135,16
300,160,41
301,162,39
302,107,135
303,115,134
304,122,134
305,117,112
306,131,135
307,127,141
308,128,136
309,115,111
310,119,136
311,113,136
312,105,137
313,105,164
314,106,161
315,106,157
316,105,154
317,104,151
318,118,145
319,120,146
320,122,147
321,123,149
322,131,125
323,163,101
324,123,141
325,125,141
326,110,117
327,122,112
328,111,115
329,126,85
330,138,90
331,125,104
332,153,9
333,149,20
334,146,29
335,124,151
336,117,33
337,120,15
338,122,-1
339,145,67
340,159,74
341,119,64
342,154,55
343,114,77
344,120,105
345,165,81
346,156,79
347,149,81
348,137,81
349,127,78
350,120,74
351,106,67
352,167,96
353,158,54
354,105,116
355,120,89
356,165,66
357,115,70
358,125,104
359,150,61
360,120,99
361,162,120
362,119,61
363,114,95
364,148,156
365,144,166
366,168,99
367,157,146
368,165,52
369,119,185
370,103,117
371,126,94
372,163,66
373,139,63
374,134,63
375,128,142
376,167,111
377,106,196
378,125,184
379,133,177
380,129,63
381,124,62
382,120,62
383,162,52
384,125,58
385,130,56
386,136,56
387,141,57
388,144,59
389,166,48
390,143,63
391,124,122
392,119,110
393,110,123
394,137,167
395,128,176
396,107,191
397,151,155
398,121,60
399,111,80
400,117,191
401,167,117
402,112,148
403,114,150
404,115,153
405,116,156
406,116,159
407,125,135
408,127,135
409,128,134
410,137,128
411,160,115
412,110,72
413,114,56
414,118,57
415,124,136
416,158,134
417,109,55
418,118,167
419,107,76
420,117,92
421,106,173
422,134,148
423,130,109
424,126,158
425,147,109
426,137,117
427,152,120
428,108,183
429,121,95
430,138,156
431,128,166
432,142,137
433,164,125
434,149,141
435,163,133
436,142,124
437,115,85
438,118,109
439,122,109
440,115,104
441,120,49
442,131,44
443,140,43
444,148,45
445,153,49
446,154,63
447,168,83
448,150,72
449,144,74
450,135,74
451,127,72
452,121,70
453,116,67
454,164,83
455,122,110
456,112,88
457,113,110
458,108,114
459,113,112
460,120,112
461,107,115
462,106,116
463,116,62
464,113,63
465,111,65
466,146,60
467,151,56
468,57,57
469,64,58
470,57,51
471,49,57
472,57,63
473,134,59
474,141,59
475,134,53
476,127,59
477,134,65
