0,97,135
1,92,107
2,94,115
3,87,82
4,92,99
5,92,89
6,94,64
7,50,64
8,95,47
9,94,38
10,95,0
11,97,138
12,97,140
13,97,142
14,97,142
15,97,144
16,97,148
17,97,151
18,97,162
19,93,111
20,87,111
21,30,39
22,69,69
23,62,70
24,56,70
25,48,67
26,74,67
27,58,50
28,66,51
29,51,52
30,47,55
31,43,72
32,72,176
33,48,62
34,27,71
35,36,67
36,62,102
37,88,133
38,89,140
39,79,135
40,74,137
41,82,140
42,77,140
43,66,150
44,86,107
45,85,99
46,38,51
47,76,82
48,72,106
49,72,101
50,44,102
51,86,90
52,52,44
53,44,46
54,34,25
55,81,49
56,72,53
57,61,143
58,38,142
59,78,110
60,83,112
61,67,141
62,69,141
63,41,41
64,73,109
65,64,45
66,63,39
67,57,6
68,37,32
69,60,20
70,36,47
71,32,43
72,88,137
73,81,138
74,75,139
75,80,111
76,68,141
77,71,142
78,70,141
79,80,107
80,78,141
81,84,141
82,90,141
83,88,162
84,89,151
85,89,147
86,89,144
87,90,141
88,78,141
89,77,142
90,75,144
91,74,146
92,67,130
93,31,104
94,94,113
95,74,141
96,73,141
97,85,115
98,76,114
99,84,114
100,69,87
101,58,92
102,72,105
103,43,14
104,46,24
105,50,38
106,72,154
107,78,40
108,76,19
109,74,2
110,51,69
111,36,78
112,78,65
113,41,58
114,80,77
115,76,102
116,30,84
117,40,83
118,47,85
119,60,83
120,69,80
121,76,76
122,88,66
123,31,100
124,37,58
125,89,111
126,76,90
127,29,71
128,81,72
129,72,105
130,45,63
131,76,98
132,34,123
133,78,62
134,81,93
135,47,159
136,49,168
137,28,102
138,40,149
139,30,56
140,71,184
141,91,113
142,70,96
143,32,69
144,56,65
145,62,65
146,70,143
147,33,115
148,84,195
149,65,185
150,58,178
151,94,18
152,98,196
153,67,64
154,73,63
155,76,63
156,34,57
157,72,58
158,66,56
159,60,56
160,54,57
161,51,59
162,28,53
163,53,65
164,95,122
165,73,125
166,77,108
167,85,122
168,95,56
169,54,169
170,62,177
171,82,189
172,43,157
173,76,60
174,83,79
175,98,190
176,73,191
177,31,119
178,84,141
179,82,143
180,81,146
181,81,149
182,79,159
183,73,140
184,71,140
185,70,139
186,63,136
187,40,119
188,84,71
189,82,58
190,79,58
191,74,141
192,40,137
193,87,58
194,75,167
195,93,80
196,88,74
197,94,72
198,79,91
199,97,182
200,97,171
201,85,171
202,60,153
203,67,112
204,67,161
205,52,111
206,61,120
207,47,124
208,83,181
209,75,95
210,55,160
211,64,168
212,55,144
213,35,128
214,48,145
215,34,135
216,56,130
217,80,84
218,78,106
219,74,108
220,80,101
221,77,52
222,65,49
223,55,48
224,48,50
225,43,53
226,42,65
227,27,87
228,46,75
229,52,77
230,61,76
231,69,74
232,76,71
233,80,69
234,30,87
235,75,110
236,83,86
237,82,106
238,86,110
239,83,107
240,77,112
241,87,110
242,89,112
243,80,63
244,83,65
245,85,66
246,49,61
247,45,58
248,100,81
249,149,60
250,101,111
251,179,32
252,129,66
253,136,67
254,143,67
255,153,63
256,123,65
257,138,46
258,130,47
259,146,47
260,151,50
261,159,69
262,127,176
263,152,58
264,184,66
265,168,64
266,134,100
267,107,133
268,106,140
269,117,135
270,124,138
271,114,140
272,121,140
273,133,149
274,99,107
275,99,99
276,160,45
277,118,81
278,119,104
279,120,100
280,157,99
281,99,89
282,140,37
283,152,40
284,170,19
285,109,46
286,123,50
287,139,142
288,183,139
289,113,109
290,107,112
291,133,141
292,131,141
293,155,35
294,120,108
295,126,39
296,127,33
297,137,2
298,163,26
299,132,17
300,165,42
301,173,37
302,106,137
303,115,138
304,122,139
305,112,111
306,132,141
307,128,143
308,130,141
309,108,106
310,120,141
311,113,141
312,106,141
313,107,162
314,107,151
315,107,147
316,106,144
317,106,141
318,120,141
319,121,143
320,123,144
321,124,147
322,128,129
323,189,100
324,125,141
325,126,142
326,105,115
327,117,113
328,106,113
329,126,85
330,139,90
331,121,104
332,156,8
333,150,19
334,142,32
335,126,154
336,110,36
337,114,17
338,117,0
339,149,66
340,168,74
341,119,64
342,159,54
343,113,76
344,113,102
345,176,80
346,162,79
347,152,82
348,137,81
349,127,78
350,119,75
351,102,66
352,176,96
353,165,54
354,97,111
355,118,88
356,188,65
357,113,71
358,123,104
359,156,59
360,114,97
361,188,119
362,119,62
363,107,92
364,163,158
365,164,167
366,185,99
367,173,147
368,178,50
369,129,184
370,97,113
371,125,94
372,176,66
373,141,62
374,136,62
375,129,144
376,176,112
377,115,195
378,140,185
379,151,178
380,130,62
381,124,61
382,121,62
383,171,52
384,126,56
385,132,53
386,137,52
387,144,53
388,148,55
389,184,47
390,146,61
391,121,124
392,113,108
393,105,122
394,152,168
395,141,177
396,114,189
397,174,155
398,121,59
399,107,78
400,128,191
401,184,116
402,113,141
403,114,143
404,115,146
405,116,149
406,117,158
407,127,141
408,128,140
409,129,140
410,135,135
411,164,116
412,107,70
413,112,56
414,117,57
415,125,141
416,167,135
417,104,57
418,122,167
419,101,74
420,112,90
421,110,171
422,141,153
423,129,111
424,133,161
425,146,109
426,136,118
427,154,122
428,113,181
429,118,94
430,148,159
431,138,168
432,147,143
433,175,126
434,157,144
435,181,132
436,143,129
437,112,83
438,110,105
439,116,107
440,106,100
441,117,50
442,128,44
443,138,43
444,148,44
445,155,48
446,161,61
447,185,82
448,155,72
449,147,74
450,137,73
451,128,72
452,121,70
453,116,68
454,189,83
455,117,109
456,106,85
457,104,106
458,101,110
459,105,107
460,115,112
461,99,110
462,99,112
463,116,62
464,112,64
465,109,65
466,150,57
467,155,54
468,62,60
469,69,59
470,62,53
471,55,60
472,63,66
473,138,56
474,145,55
475,137,49
476,131,56
477,138,62
