0,98,132
1,99,108
2,99,116
3,93,83
4,99,100
5,99,90
6,98,66
7,47,62
8,98,50
9,98,41
10,98,2
11,98,134
12,98,135
13,98,136
14,98,147
15,98,150
16,98,152
17,98,155
18,99,163
19,99,112
20,92,112
21,15,40
22,66,68
23,59,68
24,52,68
25,43,66
26,73,67
27,57,51
28,65,52
29,50,52
30,44,55
31,35,71
32,69,179
33,44,62
34,10,74
35,26,68
36,58,101
37,86,131
38,86,135
39,74,132
40,65,133
41,76,135
42,68,135
43,59,146
44,93,108
45,92,100
46,34,51
47,76,83
48,73,105
49,73,101
50,34,100
51,92,91
52,54,43
53,42,46
54,24,26
55,85,49
56,72,54
57,52,137
58,14,152
59,79,110
60,86,112
61,54,135
62,56,136
63,39,41
64,72,108
65,68,44
66,67,38
67,56,6
68,31,33
69,61,21
70,29,48
71,22,45
72,86,133
73,75,134
74,66,134
75,81,111
76,55,135
77,60,141
78,57,136
79,84,108
80,69,135
81,77,136
82,87,136
83,87,162
84,85,155
85,85,152
86,86,149
87,87,147
88,69,144
89,68,144
90,66,145
91,65,147
92,62,127
93,6,112
94,99,114
95,63,141
96,62,141
97,88,115
98,74,112
99,87,114
100,67,87
101,54,91
102,71,104
103,37,14
104,43,25
105,52,37
106,66,153
107,84,39
108,79,19
109,75,3
110,46,68
111,26,77
112,77,66
113,36,59
114,82,78
115,79,103
116,17,86
117,31,81
118,41,83
119,56,82
120,67,79
121,75,76
122,92,68
123,16,101
124,30,59
125,95,112
126,76,90
127,7,75
128,81,72
129,70,105
130,40,63
131,79,98
132,8,132
133,76,63
134,86,93
135,32,164
136,33,177
137,8,107
138,21,155
139,16,58
140,68,189
141,96,114
142,68,95
143,19,70
144,54,63
145,60,63
146,59,141
147,15,118
148,83,200
149,58,192
150,47,186
151,98,20
152,99,201
153,65,63
154,71,63
155,75,63
156,24,58
157,70,59
158,65,58
159,59,57
160,53,58
161,49,60
162,10,56
163,50,63
164,99,121
165,71,123
166,79,109
167,87,122
168,98,58
169,45,174
170,56,181
171,82,193
172,22,167
173,75,62
174,87,80
175,99,193
176,70,197
177,9,126
178,77,146
179,75,147
180,74,149
181,74,152
182,76,159
183,61,135
184,59,134
185,58,134
186,54,131
187,25,119
188,87,72
189,83,59
190,78,59
191,62,135
192,24,140
193,90,59
194,72,169
195,99,81
196,92,76
197,99,74
198,81,91
199,99,184
200,99,173
201,85,173
202,53,152
203,63,111
204,62,162
205,44,110
206,55,119
207,36,123
208,83,184
209,76,96
210,47,161
211,58,171
212,45,141
213,16,132
214,35,146
215,13,142
216,47,127
217,82,85
218,82,106
219,76,108
220,86,101
221,78,53
222,66,49
223,56,48
224,47,49
225,40,53
226,34,65
227,8,90
228,39,74
229,47,75
230,57,75
231,67,74
232,74,72
233,79,69
234,6,93
235,75,110
236,87,86
237,87,107
238,91,111
239,87,108
240,77,112
241,93,112
242,93,113
243,79,64
244,83,66
245,86,67
246,46,61
247,41,58
248,105,83
249,147,61
250,107,112
251,176,39
252,128,67
253,135,67
254,142,67
255,151,65
256,123,66
257,138,51
258,130,51
259,145,52
260,150,54
261,158,70
262,129,177
263,150,61
264,183,72
265,167,66
266,138,100
267,111,131
268,111,135
269,123,132
270,132,132
271,121,134
272,129,134
273,139,144
274,106,108
275,106,100
276,160,50
277,120,82
278,124,104
279,125,100
280,162,98
281,106,90
282,141,43
283,152,46
284,168,25
285,111,49
286,123,53
287,146,135
288,182,149
289,119,109
290,112,112
291,143,135
292,141,135
293,156,42
294,125,107
295,128,43
296,129,38
297,138,6
298,162,33
299,134,21
300,165,48
301,171,45
302,111,133
303,122,133
304,130,133
305,117,110
306,142,135
307,136,140
308,139,135
309,114,108
310,128,135
311,120,135
312,110,135
313,111,162
314,111,154
315,110,151
316,110,149
317,109,147
318,127,143
319,128,143
320,130,144
321,131,146
322,136,125
323,187,110
324,133,140
325,135,140
326,110,115
327,123,111
328,111,113
329,129,86
330,142,90
331,127,103
332,156,14
333,150,25
334,144,38
335,132,151
336,112,40
337,117,20
338,120,3
339,147,66
340,167,75
341,119,64
342,158,58
343,115,78
344,119,102
345,178,84
346,161,79
347,151,82
348,137,80
349,127,78
350,120,75
351,105,68
352,180,99
353,164,57
354,103,112
355,121,89
356,185,73
357,114,71
358,127,103
359,153,61
360,119,97
361,187,129
362,119,62
363,112,93
364,165,161
365,164,174
366,187,105
367,176,152
368,177,57
369,130,187
370,102,114
371,128,94
372,175,68
373,140,62
374,135,62
375,138,141
376,181,115
377,115,199
378,139,190
379,151,183
380,129,62
381,124,62
382,121,62
383,170,56
384,125,58
385,130,57
386,136,57
387,142,58
388,145,59
389,182,54
390,144,62
391,128,122
392,118,108
393,111,121
394,153,171
395,142,179
396,116,192
397,174,164
398,121,60
399,110,79
400,128,195
401,187,123
402,119,145
403,120,146
404,121,148
405,122,151
406,122,157
407,136,134
408,137,134
409,138,133
410,144,129
411,172,117
412,110,72
413,113,58
414,118,58
415,134,135
416,173,138
417,106,58
418,126,167
419,105,75
420,116,91
421,113,172
422,144,150
423,134,109
424,136,160
425,153,109
426,142,117
427,161,121
428,115,183
429,122,95
430,150,159
431,140,169
432,152,139
433,180,129
434,162,144
435,184,139
436,150,125
437,115,84
438,117,106
439,122,107
440,113,101
441,118,52
442,129,48
443,139,48
444,148,49
445,154,53
446,160,64
447,186,88
448,154,72
449,146,74
450,136,73
451,128,72
452,121,70
453,116,68
454,186,91
455,122,109
456,111,86
457,111,107
458,107,111
459,111,108
460,121,111
461,106,111
462,105,113
463,116,62
464,112,64
465,110,66
466,148,60
467,153,57
468,60,60
469,67,60
470,60,54
471,52,60
472,59,66
473,135,59
474,142,59
475,135,53
476,128,59
477,136,65
