0,99,133
1,104,103
2,102,112
3,96,79
4,104,96
5,103,86
6,101,62
7,45,61
8,100,47
9,100,38
10,99,0
11,99,135
12,99,137
13,99,138
14,99,138
15,99,140
16,99,142
17,99,145
18,100,157
19,103,108
20,95,108
21,13,36
22,66,66
23,59,67
24,51,67
25,42,64
26,72,64
27,55,49
28,64,49
29,47,50
30,42,53
31,35,69
32,71,172
33,42,59
34,10,68
35,26,65
36,63,100
37,91,132
38,91,137
39,82,135
40,76,137
41,85,138
42,79,139
43,66,148
44,97,103
45,96,96
46,33,49
47,77,80
48,77,103
49,77,99
50,40,100
51,96,87
52,52,43
53,41,45
54,22,22
55,85,48
56,71,51
57,60,142
58,15,142
59,83,107
60,89,109
61,69,142
62,71,141
63,37,41
64,77,106
65,67,43
66,66,38
67,55,4
68,29,30
69,61,19
70,28,46
71,20,41
72,91,135
73,84,136
74,78,138
75,85,108
76,70,142
77,74,141
78,72,141
79,88,104
80,80,139
81,85,138
82,92,138
83,91,157
84,91,145
85,91,142
86,91,139
87,92,138
88,80,139
89,79,140
90,78,141
91,77,143
92,69,128
93,6,103
94,102,110
95,76,140
96,75,141
97,92,112
98,79,111
99,90,111
100,69,85
101,57,90
102,75,102
103,36,11
104,43,22
105,50,37
106,73,152
107,83,39
108,79,18
109,75,0
110,45,66
111,26,75
112,77,63
113,35,56
114,83,75
115,83,99
116,18,82
117,31,80
118,42,83
119,56,81
120,67,77
121,75,74
122,93,64
123,20,98
124,29,56
125,99,108
126,78,87
127,6,69
128,81,70
129,74,103
130,39,60
131,82,95
132,9,122
133,76,60
134,89,90
135,35,158
136,34,168
137,10,101
138,25,148
139,15,53
140,68,181
141,99,109
142,71,93
143,19,66
144,53,62
145,59,62
146,73,143
147,21,114
148,83,191
149,57,183
150,46,177
151,99,18
152,99,192
153,65,61
154,71,61
155,75,60
156,23,54
157,69,55
158,63,54
159,56,54
160,50,55
161,46,57
162,8,50
163,48,62
164,102,119
165,77,123
166,83,106
167,91,119
168,100,55
169,46,167
170,56,174
171,83,185
172,24,157
173,74,58
174,89,76
175,100,186
176,69,188
177,13,118
178,85,138
179,85,140
180,84,141
181,84,144
182,81,155
183,74,140
184,73,140
185,72,140
186,63,135
187,33,117
188,88,69
189,83,56
190,77,56
191,76,140
192,30,136
193,90,57
194,76,164
195,102,78
196,95,72
197,102,70
198,84,88
199,100,177
200,100,167
201,88,167
202,57,152
203,68,110
204,65,159
205,51,109
206,61,118
207,44,122
208,85,177
209,78,93
210,49,158
211,60,166
212,51,143
213,23,127
214,41,144
215,17,134
216,55,129
217,84,82
218,85,103
219,80,105
220,89,97
221,77,51
222,65,47
223,54,47
224,45,48
225,38,51
226,33,62
227,9,84
228,39,72
229,47,74
230,57,73
231,67,71
232,74,69
233,79,67
234,6,86
235,80,107
236,90,83
237,91,103
238,95,107
239,91,104
240,82,110
241,96,107
242,97,109
243,79,61
244,83,63
245,86,65
246,44,58
247,39,56
248,108,79
249,147,61
250,109,108
251,170,36
252,128,67
253,135,68
254,141,68
255,150,64
256,123,65
257,139,49
258,131,49
259,146,50
260,150,52
261,155,70
262,127,171
263,150,59
264,173,69
265,162,65
266,135,99
267,108,132
268,107,137
269,116,134
270,122,137
271,114,138
272,120,139
273,132,148
274,110,103
275,111,96
276,159,48
277,120,80
278,124,103
279,125,99
280,154,100
281,110,87
282,143,41
283,152,43
284,164,23
285,114,48
286,125,52
287,138,141
288,167,141
289,119,107
290,113,109
291,130,142
292,129,141
293,156,39
294,124,106
295,130,42
296,132,37
297,138,5
298,160,31
299,134,19
300,163,46
301,167,42
302,107,135
303,115,136
304,121,138
305,117,108
306,130,141
307,125,142
308,128,141
309,116,104
310,119,139
311,113,138
312,106,138
313,109,157
314,107,145
315,107,142
316,106,140
317,106,138
318,119,139
319,120,140
320,120,141
321,121,143
322,131,127
323,172,103
324,124,140
325,124,141
326,111,112
327,121,111
328,112,111
329,127,85
330,139,90
331,125,102
332,154,12
333,150,23
334,145,36
335,126,151
336,116,39
337,118,18
338,120,1
339,146,67
340,162,75
341,120,63
342,156,56
343,116,75
344,121,99
345,170,82
346,157,80
347,148,83
348,135,81
349,126,77
350,120,74
351,108,64
352,169,98
353,161,56
354,107,108
355,121,87
356,173,69
357,115,70
358,125,103
359,152,60
360,121,95
361,170,122
362,120,61
363,115,90
364,156,157
365,154,166
366,174,101
367,164,147
368,170,54
369,129,179
370,105,109
371,126,93
372,168,67
373,141,63
374,135,63
375,126,143
376,168,113
377,115,190
378,136,181
379,145,175
380,130,63
381,125,62
382,122,61
383,166,55
384,126,57
385,132,55
386,137,55
387,143,55
388,146,57
389,173,51
390,144,62
391,124,122
392,119,106
393,112,119
394,147,166
395,139,173
396,116,184
397,161,155
398,122,59
399,113,76
400,127,186
401,172,118
402,113,138
403,114,140
404,114,141
405,114,144
406,119,154
407,125,140
408,126,140
409,127,140
410,135,134
411,159,116
412,112,69
413,115,57
414,119,57
415,124,140
416,161,135
417,108,57
418,123,163
419,108,72
420,118,88
421,112,166
422,139,151
423,131,109
424,132,158
425,146,109
426,137,117
427,151,122
428,115,176
429,121,93
430,145,157
431,136,165
432,145,142
433,166,126
434,153,143
435,169,133
436,143,128
437,116,81
438,118,103
439,122,105
440,116,97
441,120,51
442,131,47
443,140,46
444,148,47
445,154,51
446,157,63
447,174,85
448,151,73
449,144,75
450,135,74
451,127,72
452,121,69
453,117,67
454,172,86
455,122,107
456,113,83
457,114,103
458,110,107
459,114,104
460,119,110
461,109,107
462,108,109
463,118,61
464,114,63
465,111,65
466,148,58
467,153,56
468,56,57
469,64,57
470,56,51
471,48,58
472,56,64
473,136,58
474,143,58
475,137,52
476,129,58
477,136,64
