0,99,132
1,101,105
2,100,113
3,94,80
4,102,97
5,101,87
6,100,63
7,43,63
8,100,46
9,100,37
10,99,1
11,98,135
12,98,137
13,98,138
14,98,138
15,98,141
16,98,145
17,98,149
18,99,162
19,101,109
20,93,109
21,13,37
22,66,69
23,58,70
24,50,70
25,40,66
26,73,67
27,55,46
28,64,47
29,46,48
30,40,52
31,34,70
32,69,177
33,40,61
34,8,70
35,25,65
36,60,100
37,88,130
38,89,136
39,78,132
40,71,134
41,81,136
42,74,136
43,61,147
44,95,105
45,94,97
46,31,46
47,76,81
48,75,103
49,75,99
50,36,99
51,94,88
52,51,38
53,40,41
54,22,23
55,84,45
56,72,51
57,54,140
58,13,145
59,81,108
60,87,110
61,62,136
62,64,136
63,36,37
64,75,107
65,66,39
66,65,34
67,56,5
68,29,30
69,61,19
70,26,43
71,20,42
72,89,134
73,80,134
74,73,135
75,83,109
76,63,136
77,67,138
78,65,136
79,86,105
80,75,137
81,82,137
82,90,138
83,88,161
84,88,148
85,88,144
86,89,141
87,89,138
88,75,137
89,74,138
90,72,140
91,71,142
92,64,127
93,4,106
94,101,111
95,70,137
96,69,137
97,90,113
98,77,111
99,89,111
100,68,85
101,55,90
102,73,103
103,36,12
104,42,22
105,49,33
106,68,153
107,83,36
108,79,18
109,76,2
110,44,69
111,26,76
112,77,65
113,33,56
114,82,76
115,81,100
116,16,83
117,31,81
118,41,84
119,56,82
120,67,79
121,75,75
122,93,65
123,16,98
124,27,55
125,97,109
126,77,88
127,4,71
128,81,72
129,72,104
130,37,61
131,80,95
132,7,125
133,77,62
134,87,91
135,32,160
136,32,171
137,7,103
138,22,150
139,14,55
140,67,187
141,98,111
142,69,94
143,18,66
144,51,67
145,58,67
146,66,139
147,17,114
148,83,199
149,57,188
150,45,181
151,100,18
152,100,200
153,65,66
154,71,64
155,75,63
156,21,53
157,70,56
158,62,53
159,55,53
160,48,55
161,44,57
162,7,52
163,46,65
164,100,119
165,73,122
166,82,106
167,89,120
168,100,55
169,44,171
170,55,179
171,82,192
172,22,160
173,75,60
174,88,77
175,100,193
176,69,194
177,9,120
178,82,137
179,80,139
180,79,142
181,79,146
182,77,158
183,69,136
184,67,136
185,66,135
186,58,133
187,28,117
188,88,70
189,83,57
190,78,57
191,70,137
192,26,137
193,90,57
194,73,167
195,101,78
196,93,73
197,100,71
198,82,89
199,100,183
200,100,172
201,86,171
202,54,152
203,65,110
204,62,161
205,47,109
206,57,118
207,39,122
208,84,182
209,77,94
210,47,160
211,58,169
212,47,142
213,19,128
214,37,145
215,14,136
216,50,127
217,83,82
218,84,104
219,78,106
220,87,98
221,77,50
222,65,45
223,53,44
224,44,46
225,37,50
226,32,63
227,6,86
228,38,74
229,46,76
230,57,76
231,67,74
232,74,71
233,80,69
234,3,88
235,78,108
236,88,84
237,89,104
238,93,108
239,89,105
240,80,110
241,95,108
242,95,110
243,80,63
244,84,64
245,86,66
246,42,59
247,37,56
248,107,80
249,151,62
250,108,109
251,176,37
252,130,69
253,138,70
254,145,69
255,153,64
256,124,67
257,141,45
258,133,46
259,149,47
260,154,50
261,159,69
262,129,176
263,153,59
264,181,69
265,167,64
266,138,100
267,109,130
268,107,137
269,118,133
270,124,135
271,115,137
272,120,137
273,135,147
274,108,105
275,109,97
276,163,45
277,122,81
278,124,103
279,125,99
280,160,99
281,108,88
282,148,36
283,157,39
284,169,24
285,116,43
286,125,49
287,141,139
288,175,143
289,118,108
290,112,110
291,131,138
292,130,138
293,161,34
294,124,107
295,134,37
296,135,31
297,141,6
298,165,30
299,137,19
300,167,42
301,172,41
302,108,134
303,116,135
304,122,136
305,117,109
306,130,138
307,127,139
308,128,138
309,115,105
310,119,138
311,113,138
312,106,138
313,110,161
314,108,148
315,107,144
316,107,141
317,106,138
318,119,138
319,121,139
320,122,141
321,123,143
322,133,126
323,182,105
324,123,138
325,125,139
326,110,113
327,122,111
328,111,111
329,129,85
330,142,90
331,126,103
332,158,13
333,154,22
334,150,30
335,128,153
336,118,33
337,120,18
338,122,2
339,150,68
340,167,75
341,119,65
342,160,54
343,116,75
344,120,100
345,177,82
346,162,80
347,153,83
348,139,82
349,129,79
350,121,75
351,107,65
352,176,98
353,166,53
354,105,109
355,121,88
356,182,70
357,116,71
358,126,103
359,156,59
360,120,95
361,180,124
362,119,62
363,114,91
364,162,159
365,161,170
366,183,102
367,171,149
368,177,54
369,131,186
370,104,111
371,128,94
372,173,65
373,144,65
374,138,66
375,128,140
376,176,114
377,117,198
378,140,187
379,150,180
380,131,65
381,125,64
382,121,63
383,171,52
384,126,55
385,133,52
386,140,52
387,146,53
388,150,56
389,180,52
390,148,64
391,125,122
392,118,106
393,111,120
394,152,170
395,142,178
396,117,191
397,169,159
398,121,59
399,112,77
400,130,193
401,181,119
402,113,138
403,115,140
404,116,143
405,116,146
406,120,158
407,125,137
408,127,137
409,128,136
410,138,132
411,166,117
412,112,70
413,114,56
414,118,56
415,123,138
416,167,136
417,109,56
418,125,167
419,107,73
420,117,89
421,113,171
422,142,151
423,132,110
424,134,160
425,150,109
426,140,117
427,157,122
428,116,182
429,122,94
430,149,159
431,139,168
432,148,141
433,174,127
434,158,144
435,177,135
436,146,127
437,117,82
438,117,104
439,122,106
440,115,98
441,120,48
442,133,43
443,144,42
444,152,44
445,158,48
446,161,62
447,183,85
448,155,73
449,148,75
450,139,75
451,129,73
452,122,71
453,117,68
454,182,87
455,122,108
456,113,84
457,113,104
458,108,108
459,112,105
460,119,110
461,107,108
462,106,110
463,117,62
464,113,64
465,111,65
466,152,57
467,156,54
468,57,59
469,65,59
470,57,52
471,49,59
472,57,66
473,137,58
474,145,59
475,137,51
476,129,58
477,137,66
