0,99,131
1,96,105
2,96,114
3,90,80
4,96,97
5,96,87
6,97,64
7,48,61
8,97,47
9,98,37
10,99,0
11,99,134
12,99,138
13,99,141
14,99,141
15,99,145
16,99,149
17,99,154
18,97,163
19,96,109
20,89,110
21,27,37
22,68,68
23,61,68
24,54,68
25,46,64
26,74,66
27,57,46
28,65,47
29,49,48
30,45,51
31,40,70
32,68,177
33,46,59
34,21,70
35,34,65
36,61,101
37,89,130
38,90,138
39,79,133
40,72,137
41,82,139
42,76,140
43,63,151
44,90,105
45,89,97
46,36,47
47,76,82
48,73,104
49,73,100
50,40,101
51,89,88
52,50,39
53,41,42
54,34,23
55,81,44
56,73,50
57,58,143
58,25,145
59,79,109
60,85,111
61,65,143
62,67,142
63,39,38
64,73,108
65,63,39
66,62,34
67,60,4
68,37,29
69,63,18
70,33,45
71,31,41
72,89,134
73,80,136
74,74,138
75,81,110
76,66,142
77,70,144
78,68,142
79,82,105
80,78,141
81,84,140
82,91,140
83,87,163
84,89,154
85,89,149
86,90,144
87,91,141
88,78,141
89,76,143
90,74,145
91,73,148
92,66,129
93,20,106
94,96,112
95,73,142
96,71,143
97,87,114
98,76,113
99,86,112
100,68,86
101,57,92
102,72,104
103,44,12
104,48,22
105,48,34
106,69,156
107,78,35
108,79,17
109,77,0
110,49,67
111,33,76
112,78,64
113,39,55
114,81,76
115,77,101
116,24,83
117,36,81
118,45,84
119,58,82
120,69,79
121,76,75
122,90,66
123,24,100
124,34,55
125,92,109
126,76,89
127,21,71
128,81,71
129,71,105
130,43,60
131,77,96
132,21,125
133,79,61
134,83,91
135,38,161
136,39,172
137,19,103
138,30,151
139,26,54
140,67,185
141,93,111
142,70,95
143,29,67
144,54,63
145,61,64
146,68,145
147,25,116
148,80,196
149,58,187
150,49,181
151,98,17
152,96,197
153,67,63
154,73,62
155,77,62
156,31,54
157,72,55
158,66,53
159,59,52
160,53,54
161,49,56
162,23,52
163,51,62
164,97,121
165,73,124
166,79,107
167,87,121
168,97,55
169,47,171
170,56,178
171,80,190
172,31,161
173,77,59
174,85,78
175,96,191
176,68,192
177,20,120
178,84,141
179,82,143
180,81,147
181,80,151
182,77,160
183,71,141
184,69,141
185,67,140
186,61,136
187,34,119
188,86,71
189,83,56
190,79,56
191,73,142
192,33,139
193,88,56
194,72,168
195,96,79
196,90,73
197,97,72
198,80,90
199,96,183
200,96,172
201,84,172
202,56,155
203,66,111
204,64,163
205,50,111
206,59,119
207,43,124
208,81,182
209,76,95
210,50,161
211,59,170
212,51,145
213,27,129
214,42,147
215,23,137
216,53,130
217,81,83
218,80,104
219,76,107
220,83,99
221,77,49
222,65,44
223,54,44
224,46,46
225,41,49
226,39,62
227,19,86
228,43,73
229,50,75
230,59,75
231,69,73
232,76,70
233,80,68
234,20,88
235,76,109
236,85,84
237,85,104
238,89,108
239,85,106
240,78,112
241,90,109
242,91,111
243,81,61
244,84,63
245,85,65
246,47,58
247,42,55
248,103,80
249,150,62
250,103,110
251,177,37
252,130,68
253,137,69
254,144,69
255,154,65
256,124,66
257,140,47
258,132,48
259,148,48
260,153,51
261,160,71
262,125,177
263,153,60
264,182,71
265,168,66
266,135,101
267,108,130
268,108,138
269,119,133
270,125,137
271,115,139
272,122,140
273,133,151
274,102,105
275,103,97
276,163,47
277,120,82
278,120,104
279,121,100
280,158,101
281,103,88
282,144,39
283,155,42
284,169,23
285,112,45
286,124,51
287,139,143
288,178,146
289,115,109
290,109,111
291,133,143
292,131,143
293,159,37
294,121,108
295,130,40
296,131,34
297,140,4
298,164,30
299,135,18
300,167,44
301,172,41
302,108,134
303,117,136
304,124,139
305,113,110
306,132,143
307,128,144
308,130,142
309,111,105
310,120,141
311,114,141
312,107,140
313,107,163
314,109,154
315,108,149
316,108,144
317,107,141
318,120,141
319,121,143
320,123,145
321,125,148
322,130,129
323,185,106
324,124,142
325,126,143
326,106,114
327,118,113
328,107,112
329,128,86
330,140,92
331,123,104
332,158,12
333,152,22
334,147,33
335,126,156
336,114,36
337,117,17
338,121,0
339,150,68
340,168,76
341,120,65
342,160,56
343,115,76
344,115,101
345,176,84
346,162,82
347,152,85
348,138,83
349,128,79
350,120,75
351,104,66
352,176,100
353,166,56
354,100,109
355,119,89
356,184,71
357,114,71
358,124,105
359,156,60
360,116,96
361,183,126
362,120,62
363,110,91
364,160,162
365,160,172
366,183,104
367,170,152
368,177,55
369,126,185
370,99,111
371,126,95
372,175,68
373,143,64
374,137,65
375,129,145
376,175,116
377,112,196
378,137,187
379,148,181
380,131,64
381,126,63
382,122,63
383,172,54
384,126,57
385,132,54
386,139,54
387,145,55
388,149,57
389,181,52
390,147,63
391,122,124
392,115,107
393,107,121
394,149,172
395,138,179
396,112,190
397,170,161
398,122,60
399,109,78
400,125,192
401,182,121
402,114,141
403,115,143
404,117,147
405,118,151
406,117,160
407,127,141
408,128,141
409,130,140
410,136,135
411,164,119
412,109,71
413,113,56
414,118,57
415,125,142
416,166,139
417,106,56
418,122,169
419,103,73
420,114,90
421,109,172
422,140,155
423,130,111
424,131,163
425,147,111
426,137,119
427,154,124
428,111,182
429,119,95
430,146,162
431,136,170
432,146,145
433,173,130
434,156,147
435,178,137
436,143,130
437,114,83
438,113,104
439,118,107
440,109,99
441,119,50
442,131,45
443,141,44
444,150,46
445,157,50
446,161,63
447,183,87
448,155,74
449,148,76
450,138,75
451,129,73
452,122,71
453,117,68
454,185,89
455,118,109
456,109,84
457,107,104
458,104,108
459,108,106
460,116,111
461,102,109
462,101,111
463,117,62
464,113,64
465,110,65
466,151,58
467,156,55
468,62,58
469,70,58
470,62,51
471,54,58
472,61,64
473,137,59
474,145,59
475,137,52
476,130,59
477,138,66
