0,98,131
1,95,114
2,96,119
3,88,87
4,94,106
5,95,95
6,96,69
7,45,67
8,96,52
9,96,42
10,96,5
11,98,133
12,98,135
13,99,136
14,98,137
15,98,140
16,98,144
17,99,149
18,100,160
19,95,118
20,87,117
21,17,41
22,66,72
23,59,73
24,52,73
25,42,70
26,73,70
27,53,54
28,62,54
29,45,56
30,41,59
31,36,74
32,70,175
33,42,66
34,15,72
35,27,70
36,57,103
37,86,129
38,88,134
39,77,130
40,70,130
41,80,133
42,74,133
43,62,145
44,88,114
45,86,106
46,30,55
47,74,85
48,69,109
49,69,104
50,35,101
51,87,96
52,47,47
53,37,50
54,23,29
55,81,51
56,70,57
57,54,138
58,25,141
59,75,113
60,82,116
61,62,131
62,64,131
63,33,46
64,69,111
65,61,47
66,60,41
67,51,11
68,28,37
69,56,25
70,26,52
71,21,47
72,87,132
73,78,132
74,72,131
75,77,114
76,63,131
77,67,134
78,65,132
79,79,113
80,76,134
81,82,135
82,89,136
83,89,160
84,88,147
85,88,143
86,88,139
87,89,136
88,75,134
89,74,135
90,72,137
91,71,139
92,62,128
93,18,104
94,96,119
95,71,133
96,69,133
97,85,118
98,72,114
99,83,117
100,66,88
101,54,93
102,68,107
103,33,18
104,39,30
105,44,42
106,69,151
107,77,42
108,74,24
109,71,6
110,45,72
111,28,79
112,77,69
113,34,62
114,80,80
115,74,107
116,20,85
117,33,84
118,43,86
119,57,85
120,68,82
121,75,78
122,89,71
123,20,99
124,28,62
125,91,117
126,74,92
127,15,72
128,81,75
129,68,106
130,39,66
131,74,102
132,21,122
133,77,66
134,81,98
135,37,157
136,40,167
137,16,103
138,28,148
139,18,59
140,69,185
141,92,118
142,67,97
143,21,71
144,52,69
145,59,69
146,66,135
147,21,114
148,85,197
149,62,185
150,52,177
151,96,23
152,102,198
153,65,68
154,71,67
155,75,67
156,23,60
157,69,62
158,62,60
159,55,60
160,49,62
161,45,64
162,15,55
163,48,68
164,97,124
165,69,125
166,75,113
167,85,124
168,96,60
169,48,168
170,58,176
171,83,190
172,32,156
173,74,65
174,84,83
175,101,192
176,72,192
177,18,119
178,82,135
179,80,137
180,79,140
181,78,144
182,77,156
183,69,132
184,67,131
185,66,130
186,56,133
187,29,118
188,85,75
189,81,61
190,77,62
191,71,133
192,29,136
193,87,61
194,74,165
195,95,86
196,89,79
197,96,78
198,78,95
199,100,182
200,100,171
201,86,170
202,55,150
203,62,112
204,64,159
205,45,111
206,55,119
207,38,123
208,84,181
209,73,98
210,49,157
211,60,167
212,48,140
213,23,127
214,38,143
215,21,134
216,49,128
217,79,88
218,77,111
219,72,112
220,80,107
221,75,56
222,62,52
223,51,52
224,42,54
225,36,57
226,34,68
227,14,87
228,40,77
229,48,79
230,58,78
231,67,76
232,74,74
233,79,72
234,17,88
235,72,113
236,83,90
237,82,113
238,87,116
239,82,114
240,74,114
241,88,117
242,89,118
243,79,67
244,83,68
245,85,70
246,43,65
247,38,62
248,102,87
249,154,64
250,105,116
251,189,35
252,132,70
253,140,70
254,148,70
255,158,67
256,125,69
257,144,51
258,134,52
259,152,52
260,158,55
261,166,71
262,133,175
263,158,62
264,194,67
265,176,66
266,141,101
267,110,129
268,110,134
269,123,130
270,131,130
271,120,134
272,128,133
273,142,144
274,102,113
275,103,106
276,168,51
277,122,83
278,125,107
279,125,103
280,167,98
281,102,95
282,148,43
283,160,46
284,180,23
285,113,50
286,127,55
287,149,136
288,194,138
289,119,112
290,112,115
291,144,132
292,141,132
293,164,41
294,126,109
295,132,44
296,134,38
297,144,7
298,173,32
299,138,22
300,174,47
301,182,42
302,110,132
303,121,132
304,130,132
305,118,113
306,142,132
307,137,134
308,140,132
309,113,112
310,127,134
311,119,135
312,109,136
313,111,160
314,111,148
315,110,143
316,109,139
317,109,136
318,127,134
319,128,135
320,130,137
321,132,140
322,138,127
323,199,100
324,133,133
325,135,134
326,109,118
327,124,113
328,111,116
329,131,87
330,145,91
331,128,105
332,166,13
333,159,25
334,150,38
335,134,150
336,115,41
337,118,22
338,122,4
339,154,69
340,176,75
341,121,68
342,166,59
343,116,79
344,118,106
345,186,81
346,170,80
347,159,82
348,143,82
349,131,80
350,122,77
351,104,70
352,187,96
353,173,58
354,100,117
355,122,91
356,198,66
357,116,74
358,129,105
359,161,63
360,119,101
361,198,119
362,121,65
363,110,97
364,174,156
365,174,166
366,196,99
367,185,145
368,188,53
369,136,184
370,100,118
371,130,95
372,184,68
373,146,65
374,139,66
375,138,135
376,188,111
377,120,197
378,148,185
379,160,177
380,133,66
381,127,65
382,123,66
383,180,56
384,129,60
385,136,58
386,143,57
387,149,58
388,153,60
389,195,49
390,151,65
391,128,124
392,119,111
393,110,123
394,161,167
395,149,176
396,120,190
397,185,154
398,123,63
399,110,82
400,134,192
401,195,116
402,118,135
403,120,137
404,121,141
405,122,144
406,124,156
407,135,133
408,137,132
409,138,131
410,145,131
411,176,114
412,110,74
413,114,60
414,120,61
415,133,133
416,180,133
417,107,61
418,129,165
419,103,79
420,116,94
421,114,170
422,149,149
423,136,110
424,140,158
425,156,109
426,145,117
427,165,120
428,118,181
429,123,97
430,157,156
431,145,166
432,157,139
433,187,124
434,168,141
435,193,131
436,154,125
437,116,86
438,116,110
439,123,110
440,111,106
441,120,54
442,133,49
443,145,48
444,155,50
445,162,53
446,168,65
447,196,83
448,161,74
449,152,75
450,141,76
451,131,74
452,123,73
453,118,71
454,199,83
455,123,111
456,109,90
457,109,112
458,105,115
459,110,113
460,121,113
461,103,116
462,103,117
463,118,66
464,113,67
465,111,69
466,156,61
467,161,59
468,57,65
469,65,64
470,57,58
471,49,65
472,57,71
473,142,61
474,151,61
475,142,54
476,134,61
477,142,68
