0,99,133
1,98,111
2,98,117
3,92,83
4,98,103
5,98,91
6,98,65
7,46,60
8,98,48
9,98,38
10,99,-5
11,99,135
12,99,137
13,99,138
14,100,146
15,101,149
16,101,153
17,101,158
18,97,163
19,98,114
20,90,113
21,13,27
22,67,67
23,60,67
24,52,67
25,42,62
26,73,65
27,56,48
28,64,49
29,48,49
30,43,51
31,35,66
32,67,176
33,43,57
34,9,62
35,26,61
36,58,99
37,88,131
38,89,136
39,78,133
40,71,136
41,81,137
42,74,138
43,60,146
44,91,110
45,91,102
46,33,47
47,75,80
48,72,105
49,72,100
50,34,97
51,91,92
52,53,43
53,41,44
54,22,14
55,84,50
56,71,51
57,54,138
58,13,139
59,78,110
60,84,112
61,63,141
62,65,141
63,37,39
64,72,108
65,67,45
66,66,39
67,54,-2
68,29,24
69,60,15
70,28,42
71,20,35
72,89,134
73,79,135
74,73,137
75,80,111
76,64,141
77,68,144
78,66,141
79,82,109
80,76,138
81,82,138
82,90,138
83,87,162
84,89,157
85,90,153
86,90,148
87,91,145
88,76,143
89,75,144
90,73,147
91,72,149
92,63,126
93,6,97
94,98,116
95,72,142
96,70,143
97,87,116
98,74,112
99,86,114
100,67,84
101,54,88
102,70,103
103,35,4
104,41,17
105,50,37
106,67,152
107,82,41
108,78,14
109,75,-5
110,46,65
111,26,71
112,76,64
113,35,54
114,81,76
115,78,103
116,16,77
117,32,77
118,43,80
119,57,80
120,68,77
121,75,74
122,91,66
123,16,94
124,29,53
125,94,114
126,75,88
127,6,60
128,81,71
129,70,103
130,39,57
131,78,98
132,8,118
133,76,61
134,84,94
135,31,157
136,31,168
137,8,96
138,20,147
139,14,47
140,65,185
141,94,115
142,68,93
143,18,61
144,54,63
145,60,63
146,67,145
147,16,110
148,80,197
149,55,186
150,44,178
151,98,15
152,97,198
153,66,63
154,71,62
155,74,62
156,22,50
157,69,55
158,63,52
159,57,51
160,50,52
161,47,54
162,9,42
163,49,61
164,98,122
165,71,123
166,78,109
167,86,122
168,98,56
169,43,168
170,53,177
171,80,191
172,21,155
173,74,59
174,86,79
175,97,192
176,67,192
177,9,115
178,83,144
179,82,146
180,80,150
181,80,154
182,76,158
183,69,139
184,68,139
185,66,138
186,57,131
187,26,114
188,86,70
189,82,58
190,77,57
191,71,139
192,24,134
193,89,59
194,71,167
195,98,82
196,91,75
197,98,74
198,80,91
199,97,183
200,97,173
201,84,172
202,53,150
203,63,109
204,61,160
205,45,108
206,55,117
207,37,120
208,81,182
209,75,94
210,46,158
211,56,168
212,46,140
213,17,124
214,35,142
215,12,131
216,48,126
217,80,83
218,80,107
219,75,108
220,84,103
221,77,52
222,65,48
223,55,46
224,46,47
225,39,50
226,34,59
227,8,79
228,40,70
229,48,73
230,58,73
231,67,71
232,74,69
233,79,68
234,6,79
235,75,109
236,86,86
237,86,109
238,90,112
239,86,110
240,76,111
241,91,113
242,92,115
243,78,62
244,83,65
245,85,67
246,44,56
247,40,54
248,104,83
249,148,63
250,105,113
251,181,31
252,127,68
253,134,69
254,142,69
255,151,66
256,121,66
257,139,52
258,131,52
259,146,53
260,151,56
261,159,70
262,126,177
263,151,62
264,184,66
265,169,65
266,136,100
267,110,130
268,109,136
269,120,131
270,126,133
271,117,135
272,123,135
273,134,146
274,104,110
275,105,103
276,161,52
277,120,81
278,122,106
279,123,101
280,159,99
281,105,92
282,142,47
283,153,48
284,173,17
285,111,52
286,124,54
287,141,138
288,178,142
289,117,110
290,111,113
291,133,137
292,131,137
293,158,43
294,123,108
295,128,47
296,130,42
297,143,0
298,167,28
299,137,16
300,167,48
301,175,38
302,110,133
303,118,133
304,125,134
305,115,112
306,132,137
307,129,141
308,130,137
309,113,109
310,121,136
311,115,136
312,108,137
313,108,163
314,111,157
315,111,152
316,110,148
317,109,144
318,122,141
319,123,143
320,125,145
321,127,147
322,132,127
323,185,101
324,126,139
325,128,140
326,108,116
327,121,112
328,109,114
329,128,85
330,141,90
331,124,104
332,161,7
333,155,20
334,145,40
335,127,153
336,113,43
337,119,15
338,123,-4
339,148,68
340,168,75
341,118,65
342,159,59
343,115,76
344,117,104
345,178,81
346,161,80
347,151,83
348,137,82
349,127,78
350,119,75
351,105,67
352,177,97
353,166,58
354,102,114
355,120,89
356,187,64
357,114,72
358,125,104
359,154,62
360,118,98
361,183,121
362,118,62
363,111,95
364,161,160
365,160,169
366,184,100
367,171,149
368,180,51
369,127,186
370,101,115
371,127,94
372,176,66
373,140,65
374,134,65
375,131,142
376,177,113
377,113,197
378,137,187
379,147,180
380,128,64
381,123,63
382,120,62
383,173,55
384,125,57
385,132,55
386,138,56
387,143,57
388,147,59
389,185,45
390,144,64
391,124,123
392,117,110
393,109,122
394,149,170
395,139,178
396,114,191
397,169,158
398,120,60
399,110,79
400,126,193
401,182,118
402,116,143
403,118,145
404,119,149
405,120,153
406,119,159
407,128,136
408,129,135
409,131,135
410,138,132
411,167,117
412,110,71
413,113,59
414,118,58
415,126,136
416,168,137
417,106,60
418,123,168
419,105,75
420,115,91
421,110,172
422,141,151
423,131,110
424,132,161
425,149,110
426,139,118
427,156,122
428,113,183
429,120,95
430,147,159
431,137,169
432,148,141
433,175,127
434,158,144
435,179,135
436,146,127
437,115,84
438,115,108
439,120,109
440,112,103
441,118,54
442,130,51
443,140,50
444,149,52
445,155,54
446,161,64
447,185,83
448,154,73
449,146,75
450,136,75
451,127,73
452,120,70
453,116,68
454,186,82
455,120,110
456,110,87
457,110,109
458,106,113
459,110,110
460,118,112
461,104,114
462,103,115
463,116,63
464,112,65
465,109,67
466,149,61
467,154,59
468,60,57
469,67,56
470,59,49
471,53,57
472,60,64
473,134,59
474,141,59
475,134,52
476,127,58
477,134,66
