0,97,135
1,90,104
2,94,113
3,87,79
4,90,96
5,91,86
6,95,62
7,54,64
8,96,46
9,96,36
10,97,0
11,98,137
12,98,139
13,99,140
14,99,140
15,99,143
16,99,146
17,99,149
18,98,160
19,91,109
20,86,109
21,41,40
22,71,69
23,65,69
24,59,70
25,52,67
26,77,67
27,61,50
28,69,50
29,55,51
30,51,54
31,48,72
32,73,175
33,52,63
34,37,72
35,43,67
36,64,101
37,89,133
38,90,139
39,81,135
40,77,137
41,84,139
42,79,140
43,68,148
44,85,104
45,83,97
46,44,49
47,78,81
48,72,104
49,72,100
50,47,101
51,85,87
52,56,41
53,48,43
54,44,26
55,83,46
56,75,53
57,63,142
58,44,143
59,77,108
60,83,110
61,71,141
62,73,141
63,46,39
64,72,107
65,67,41
66,66,35
67,63,7
68,45,32
69,64,20
70,42,46
71,41,44
72,89,137
73,83,137
74,78,139
75,79,109
76,72,141
77,75,142
78,73,141
79,79,105
80,81,140
81,86,140
82,92,140
83,89,160
84,91,149
85,91,145
86,91,143
87,92,140
88,81,140
89,80,142
90,79,143
91,78,145
92,68,128
93,41,106
94,93,111
95,77,141
96,76,141
97,85,113
98,76,112
99,84,112
100,71,86
101,61,91
102,72,103
103,51,15
104,52,24
105,54,35
106,74,153
107,80,36
108,79,18
109,78,3
110,54,69
111,42,77
112,80,65
113,46,58
114,82,76
115,75,100
116,37,84
117,44,82
118,51,84
119,62,83
120,71,79
121,78,75
122,89,65
123,36,100
124,43,57
125,88,109
126,77,88
127,40,73
128,83,71
129,72,104
130,50,63
131,75,95
132,41,124
133,81,62
134,80,91
135,49,159
136,52,169
137,35,103
138,43,149
139,39,57
140,72,184
141,90,111
142,72,94
143,40,69
144,59,65
145,65,65
146,74,143
147,37,115
148,85,195
149,66,185
150,60,178
151,96,17
152,99,197
153,70,64
154,76,63
155,79,63
156,41,56
157,75,58
158,69,57
159,63,57
160,58,58
161,55,60
162,40,55
163,56,64
164,95,120
165,74,123
166,77,107
167,85,120
168,96,54
169,56,169
170,64,176
171,83,189
172,48,158
173,79,61
174,84,77
175,98,190
176,74,191
177,37,120
178,86,140
179,85,142
180,84,144
181,83,148
182,80,157
183,76,140
184,74,140
185,73,139
186,64,134
187,43,118
188,86,70
189,85,57
190,81,58
191,77,141
192,44,137
193,89,56
194,77,166
195,92,78
196,88,72
197,94,70
198,79,89
199,97,181
200,97,170
201,86,169
202,62,152
203,68,110
204,69,160
205,55,110
206,63,118
207,50,123
208,84,180
209,76,94
210,57,159
211,65,167
212,57,143
213,39,128
214,50,145
215,39,136
216,58,129
217,81,82
218,77,104
219,74,106
220,78,98
221,79,51
222,68,47
223,59,46
224,51,48
225,47,52
226,47,65
227,35,87
228,50,75
229,56,76
230,64,76
231,72,74
232,78,71
233,82,68
234,41,89
235,74,108
236,82,83
237,80,104
238,85,108
239,81,105
240,77,111
241,86,108
242,88,110
243,83,63
244,85,64
245,86,65
246,53,61
247,49,58
248,99,79
249,151,58
250,100,109
251,185,33
252,131,65
253,138,65
254,145,65
255,155,61
256,125,64
257,140,44
258,132,45
259,148,45
260,153,48
261,161,67
262,128,175
263,154,56
264,189,66
265,171,62
266,135,98
267,107,133
268,107,138
269,117,134
270,124,136
271,115,138
272,122,138
273,136,147
274,97,104
275,97,96
276,164,42
277,120,79
278,119,102
279,120,98
280,158,98
281,98,87
282,144,34
283,155,36
284,175,19
285,111,43
286,125,49
287,142,140
288,189,141
289,114,107
290,107,109
291,135,138
292,133,138
293,159,31
294,120,106
295,129,36
296,130,30
297,140,2
298,167,26
299,134,16
300,169,39
301,177,37
302,107,136
303,116,136
304,123,137
305,112,108
306,134,138
307,129,140
308,132,138
309,108,104
310,121,139
311,115,139
312,107,140
313,108,160
314,108,148
315,108,145
316,107,142
317,107,140
318,121,139
319,122,140
320,124,142
321,125,144
322,130,127
323,196,102
324,127,139
325,128,139
326,105,113
327,118,111
328,106,111
329,128,84
330,140,89
331,122,102
332,160,8
333,154,18
334,146,28
335,128,152
336,113,33
337,116,16
338,120,0
339,151,64
340,170,72
341,121,62
342,162,52
343,114,74
344,113,99
345,180,80
346,164,78
347,153,81
348,139,79
349,129,76
350,121,73
351,102,64
352,179,96
353,168,51
354,95,109
355,119,87
356,195,66
357,115,69
358,124,102
359,158,57
360,114,94
361,194,121
362,121,60
363,106,90
364,166,159
365,169,169
366,190,99
367,177,148
368,183,50
369,130,185
370,96,111
371,126,92
372,178,63
373,143,60
374,137,61
375,130,141
376,179,112
377,116,196
378,143,187
379,155,180
380,132,61
381,127,60
382,123,60
383,174,50
384,128,54
385,133,52
386,139,51
387,146,52
388,150,54
389,191,48
390,148,60
391,122,122
392,113,105
393,106,120
394,155,169
395,143,178
396,115,189
397,180,157
398,123,58
399,107,76
400,130,193
401,189,117
402,114,139
403,115,141
404,116,143
405,117,147
406,119,157
407,128,138
408,129,138
409,130,137
410,137,133
411,166,115
412,108,69
413,114,55
414,120,55
415,127,139
416,171,135
417,106,55
418,123,166
419,101,72
420,112,88
421,110,170
422,143,152
423,130,109
424,134,160
425,147,107
426,138,117
427,156,121
428,113,180
429,118,92
430,151,159
431,139,168
432,149,142
433,178,126
434,160,144
435,185,133
436,145,127
437,113,81
438,110,103
439,116,105
440,105,97
441,119,48
442,131,42
443,141,40
444,150,41
445,157,45
446,163,59
447,190,82
448,157,70
449,149,72
450,139,72
451,130,70
452,123,68
453,118,66
454,196,84
455,117,107
456,106,83
457,103,103
458,100,107
459,104,105
460,115,110
461,98,108
462,98,110
463,119,60
464,114,62
465,110,64
466,152,55
467,157,52
468,64,61
469,71,60
470,64,55
471,57,61
472,64,67
473,138,55
474,145,55
475,138,49
476,131,55
477,138,62
