0,86,136
1,111,112
2,104,117
3,103,86
4,112,106
5,111,95
6,106,67
7,49,58
8,106,48
9,107,39
10,108,0
11,86,138
12,87,141
13,88,142
14,88,143
15,88,146
16,88,150
17,89,154
18,98,154
19,109,115
20,99,114
21,15,18
22,70,65
23,64,65
24,57,65
25,45,60
26,76,63
27,60,45
28,68,46
29,53,46
30,47,49
31,39,64
32,70,164
33,45,56
34,10,51
35,29,58
36,67,97
37,79,134
38,81,140
39,74,134
40,72,135
41,77,139
42,75,138
43,67,143
44,105,112
45,104,105
46,38,44
47,81,79
48,83,106
49,82,102
50,45,94
51,104,96
52,60,40
53,48,41
54,27,9
55,91,49
56,74,50
57,62,137
58,8,117
59,87,111
60,93,113
61,70,138
62,72,138
63,44,35
64,81,108
65,74,43
66,74,37
67,64,0
68,34,20
69,68,16
70,33,39
71,23,27
72,80,137
73,76,137
74,73,137
75,89,112
76,71,138
77,72,140
78,72,138
79,93,110
80,76,139
81,79,140
82,83,141
83,89,153
84,81,152
85,81,149
86,82,145
87,83,142
88,76,140
89,75,141
90,73,142
91,72,144
92,73,126
93,1,78
94,107,116
95,74,139
96,73,139
97,95,116
98,83,112
99,94,114
100,74,82
101,63,87
102,80,104
103,42,2
104,49,16
105,58,34
106,73,147
107,90,40
108,87,18
109,85,0
110,50,64
111,30,69
112,79,62
113,39,51
114,87,75
115,89,105
116,21,70
117,37,75
118,48,79
119,63,78
120,72,75
121,79,72
122,99,68
123,22,86
124,33,50
125,105,115
126,82,88
127,2,45
128,85,70
129,78,103
130,42,55
131,88,100
132,3,97
133,78,60
134,96,97
135,32,145
136,27,150
137,9,83
138,22,132
139,16,38
140,66,172
141,104,116
142,75,92
143,20,58
144,58,61
145,64,62
146,71,140
147,23,101
148,78,182
149,52,171
150,40,163
151,107,19
152,94,183
153,70,61
154,74,60
155,77,60
156,25,47
157,72,53
158,66,50
159,60,50
160,54,51
161,50,53
162,7,29
163,53,60
164,104,121
165,80,123
166,88,110
167,94,122
168,105,56
169,42,156
170,53,164
171,80,177
172,16,136
173,76,57
174,95,80
175,96,178
176,65,178
177,10,100
178,79,141
179,78,143
180,76,146
181,76,149
182,80,150
183,73,138
184,71,137
185,70,136
186,67,131
187,36,108
188,93,71
189,85,56
190,79,56
191,74,139
192,30,124
193,94,58
194,74,157
195,109,86
196,101,78
197,108,77
198,89,92
199,97,170
200,97,161
201,86,160
202,57,145
203,71,108
204,65,152
205,56,105
206,65,115
207,47,116
208,83,169
209,83,94
210,48,149
211,58,157
212,53,136
213,23,113
214,41,135
215,13,116
216,59,124
217,88,84
218,92,109
219,85,109
220,97,105
221,81,51
222,71,46
223,61,44
224,52,45
225,44,47
226,37,57
227,8,67
228,44,68
229,53,71
230,63,71
231,71,69
232,77,67
233,82,66
234,1,61
235,84,110
236,96,88
237,98,111
238,100,114
239,97,111
240,86,112
241,102,114
242,101,115
243,81,60
244,86,63
245,89,65
246,47,54
247,43,52
248,114,86
249,140,58
250,113,114
251,153,24
252,123,64
253,129,65
254,135,65
255,141,61
256,118,63
257,135,48
258,128,48
259,141,49
260,143,51
261,145,65
262,116,161
263,141,56
264,151,54
265,148,60
266,129,98
267,94,135
268,95,140
269,104,136
270,111,138
271,102,140
272,109,140
273,121,142
274,115,112
275,117,105
276,151,47
277,119,79
278,124,106
279,124,101
280,142,94
281,116,95
282,143,42
283,149,44
284,153,15
285,118,49
286,121,50
287,126,137
288,135,114
289,120,110
290,115,113
291,121,140
292,119,141
293,151,39
294,123,108
295,133,44
296,135,38
297,140,3
298,152,25
299,137,19
300,152,43
301,153,32
302,94,138
303,103,138
304,110,139
305,118,111
306,120,141
307,116,143
308,118,141
309,119,110
310,108,141
311,102,141
312,95,142
313,104,153
314,98,153
315,97,150
316,96,146
317,96,142
318,109,141
319,110,143
320,112,145
321,114,147
322,123,126
323,140,78
324,114,141
325,115,142
326,112,116
327,120,112
328,114,114
329,124,83
330,132,87
331,123,104
332,149,8
333,148,20
334,144,37
335,116,146
336,121,41
337,124,19
338,127,1
339,139,63
340,149,70
341,115,62
342,147,54
343,116,75
344,123,105
345,151,71
346,148,75
347,143,78
348,133,77
349,125,75
350,119,72
351,111,68
352,150,87
353,150,53
354,112,115
355,120,88
356,146,48
357,116,69
358,122,103
359,143,57
360,122,99
361,138,95
362,115,59
363,120,97
364,135,140
365,131,144
366,149,84
367,139,128
368,152,42
369,117,168
370,109,115
371,123,92
372,149,61
373,135,60
374,129,61
375,118,143
376,147,101
377,107,180
378,122,165
379,127,157
380,124,60
381,119,59
382,116,59
383,151,51
384,120,54
385,126,52
386,132,51
387,137,52
388,140,54
389,150,34
390,138,59
391,120,123
392,121,110
393,112,122
394,130,151
395,124,160
396,108,175
397,133,131
398,117,57
399,116,80
400,116,174
401,146,99
402,103,142
403,104,144
404,105,147
405,107,150
406,111,150
407,114,140
408,116,140
409,117,139
410,125,132
411,143,107
412,114,71
413,113,56
414,115,55
415,113,141
416,140,122
417,111,57
418,113,155
419,113,78
420,119,92
421,105,160
422,126,143
423,126,108
424,120,149
425,136,105
426,129,115
427,138,115
428,107,168
429,121,94
430,130,145
431,123,154
432,131,135
433,144,112
434,136,133
435,143,113
436,131,124
437,118,84
438,121,109
439,123,109
440,121,105
441,119,51
442,130,47
443,138,46
444,145,47
445,147,50
446,145,59
447,150,69
448,143,68
449,138,71
450,131,70
451,123,69
452,118,67
453,115,65
454,142,63
455,121,110
456,117,88
457,119,110
458,114,113
459,118,111
460,119,112
461,114,114
462,112,115
463,114,60
464,112,62
465,113,64
466,141,55
467,144,54
468,58,55
469,65,55
470,58,49
471,51,55
472,58,62
473,126,56
474,134,55
475,126,50
476,119,56
477,127,62
