0,96,128
1,99,108
2,97,115
3,92,82
4,99,100
5,99,89
6,99,65
7,45,62
8,99,47
9,99,37
10,100,0
11,96,131
12,96,134
13,96,136
14,96,151
15,96,154
16,96,158
17,96,162
18,96,171
19,98,112
20,89,111
21,15,35
22,65,68
23,58,68
24,51,68
25,41,65
26,71,67
27,55,48
28,63,49
29,47,50
30,42,52
31,34,69
32,63,180
33,42,60
34,10,67
35,24,64
36,55,99
37,83,127
38,84,133
39,70,129
40,61,131
41,73,134
42,65,134
43,53,147
44,92,107
45,91,99
46,31,46
47,73,81
48,70,103
49,69,99
50,31,97
51,92,90
52,51,39
53,39,41
54,24,22
55,83,48
56,70,53
57,46,136
58,12,141
59,76,108
60,83,111
61,51,136
62,54,136
63,35,37
64,69,106
65,65,41
66,64,35
67,55,4
68,29,29
69,60,18
70,26,43
71,21,40
72,83,131
73,71,131
74,63,133
75,77,110
76,53,136
77,58,142
78,55,136
79,81,107
80,67,135
81,75,135
82,84,135
83,83,169
84,83,160
85,83,156
86,84,153
87,85,150
88,68,145
89,66,146
90,64,147
91,63,149
92,57,125
93,5,102
94,98,114
95,62,142
96,60,142
97,85,114
98,71,110
99,84,112
100,64,84
101,51,88
102,67,102
103,36,11
104,42,21
105,48,34
106,60,156
107,82,39
108,79,17
109,76,1
110,44,67
111,25,74
112,75,66
113,34,56
114,80,76
115,76,101
116,15,80
117,31,78
118,41,81
119,55,80
120,66,78
121,74,75
122,91,66
123,13,95
124,27,55
125,94,112
126,73,88
127,7,67
128,80,72
129,66,102
130,38,61
131,76,96
132,7,121
133,75,64
134,84,92
135,29,159
136,29,170
137,6,99
138,18,148
139,15,52
140,62,189
141,94,113
142,65,93
143,17,66
144,52,64
145,58,64
146,56,143
147,13,111
148,78,202
149,52,189
150,42,181
151,100,18
152,95,204
153,64,64
154,69,64
155,73,64
156,21,53
157,68,58
158,62,55
159,56,55
160,50,56
161,46,58
162,10,49
163,48,63
164,97,121
165,66,121
166,76,107
167,84,120
168,99,56
169,40,170
170,51,180
171,77,196
172,20,158
173,73,61
174,86,78
175,95,198
176,64,197
177,7,117
178,75,148
179,74,150
180,73,152
181,72,156
182,70,164
183,59,135
184,57,134
185,55,133
186,50,129
187,22,114
188,86,71
189,81,58
190,76,59
191,60,136
192,21,135
193,89,58
194,66,171
195,99,81
196,92,74
197,99,73
198,79,90
199,96,190
200,96,179
201,80,178
202,47,151
203,59,108
204,56,162
205,41,107
206,51,116
207,33,119
208,78,188
209,72,94
210,42,159
211,52,170
212,41,139
213,14,125
214,31,143
215,11,133
216,43,124
217,80,83
218,79,105
219,72,106
220,83,100
221,76,52
222,64,47
223,54,45
224,44,46
225,38,50
226,32,62
227,7,83
228,38,72
229,46,74
230,56,74
231,66,73
232,73,71
233,78,69
234,6,84
235,72,108
236,85,85
237,85,106
238,89,110
239,85,108
240,74,110
241,91,111
242,91,113
243,78,64
244,82,65
245,85,66
246,44,59
247,38,56
248,106,82
249,148,63
250,106,112
251,175,38
252,130,68
253,137,69
254,144,69
255,152,66
256,124,67
257,140,50
258,132,50
259,148,51
260,152,54
261,159,70
262,127,181
263,151,62
264,180,71
265,167,66
266,139,100
267,109,128
268,108,134
269,121,130
270,130,133
271,118,135
272,126,136
273,137,148
274,105,108
275,107,100
276,164,48
277,122,81
278,125,104
279,126,100
280,162,99
281,106,90
282,147,40
283,157,42
284,169,25
285,115,46
286,125,53
287,144,138
288,174,144
289,119,109
290,112,111
291,138,139
292,136,139
293,161,37
294,126,107
295,133,40
296,134,34
297,142,6
298,165,31
299,138,19
300,168,44
301,172,42
302,109,131
303,120,133
304,128,135
305,117,110
306,137,139
307,132,145
308,135,139
309,114,107
310,124,137
311,116,136
312,107,136
313,109,170
314,109,161
315,109,157
316,108,154
317,107,151
318,123,147
319,125,148
320,127,150
321,128,152
322,135,126
323,180,105
324,128,144
325,130,144
326,109,114
327,123,111
328,111,113
329,130,85
330,143,90
331,127,103
332,159,13
333,155,23
334,149,34
335,130,157
336,117,36
337,120,18
338,123,2
339,149,68
340,167,76
341,120,66
342,160,57
343,116,77
344,120,102
345,177,83
346,163,80
347,154,83
348,140,82
349,129,79
350,122,75
351,106,67
352,178,98
353,166,56
354,102,112
355,122,89
356,180,71
357,116,72
358,128,103
359,155,62
360,120,97
361,178,124
362,120,63
363,113,93
364,160,161
365,158,172
366,182,102
367,170,151
368,176,55
369,128,190
370,101,113
371,129,94
372,173,67
373,142,64
374,137,64
375,134,146
376,178,114
377,112,203
378,136,190
379,146,182
380,131,64
381,125,64
382,122,63
383,171,54
384,126,58
385,132,56
386,138,56
387,144,58
388,147,59
389,178,53
390,146,63
391,127,122
392,119,108
393,110,121
394,149,172
395,139,181
396,113,196
397,167,160
398,122,61
399,111,79
400,126,197
401,181,120
402,116,150
403,117,151
404,119,154
405,120,158
406,121,164
407,132,137
408,134,137
409,135,136
410,141,131
411,169,117
412,111,71
413,115,58
414,119,58
415,130,138
416,169,137
417,109,57
418,124,172
419,106,75
420,118,90
421,111,178
422,143,152
423,134,110
424,134,163
425,152,109
426,142,117
427,159,122
428,113,188
429,123,94
430,148,160
431,138,171
432,150,141
433,176,128
434,159,145
435,177,136
436,148,126
437,117,84
438,117,106
439,123,107
440,114,101
441,120,51
442,132,47
443,143,46
444,151,48
445,157,51
446,160,64
447,182,86
448,155,73
449,148,75
450,139,75
451,129,73
452,122,71
453,118,69
454,180,88
455,122,109
456,112,86
457,111,107
458,107,111
459,111,108
460,120,111
461,105,111
462,104,113
463,118,63
464,114,65
465,112,66
466,150,61
467,155,57
468,58,60
469,65,60
470,58,53
471,50,60
472,58,66
473,134,60
474,141,60
475,134,54
476,127,60
477,134,66
