0,98,132
1,102,114
2,100,119
3,95,87
4,103,106
5,102,95
6,100,68
7,41,62
8,100,45
9,100,34
10,100,-5
11,98,134
12,97,135
13,97,136
14,97,144
15,97,147
16,97,150
17,97,154
18,97,162
19,102,117
20,93,116
21,3,28
22,63,70
23,55,70
24,47,70
25,37,64
26,70,68
27,52,46
28,61,47
29,43,47
30,37,50
31,29,68
32,65,171
33,38,60
34,1,62
35,19,62
36,54,101
37,86,130
38,86,134
39,75,131
40,68,131
41,77,133
42,70,133
43,54,141
44,95,114
45,95,106
46,26,43
47,73,83
48,73,108
49,72,103
50,27,98
51,95,95
52,47,35
53,35,37
54,13,14
55,82,44
56,69,50
57,46,132
58,6,133
59,79,113
60,86,115
61,57,132
62,60,132
63,30,32
64,71,110
65,63,37
66,62,30
67,50,-2
68,21,23
69,56,13
70,20,38
71,11,34
72,86,133
73,76,132
74,69,132
75,80,114
76,59,132
77,63,137
78,61,133
79,85,112
80,72,134
81,78,134
82,87,135
83,84,161
84,85,153
85,86,149
86,87,146
87,87,143
88,72,138
89,71,139
90,69,141
91,68,143
92,58,124
93,-2,95
94,101,118
95,67,136
96,65,136
97,88,118
98,73,113
99,87,116
100,63,86
101,49,90
102,70,105
103,28,4
104,35,15
105,44,29
106,61,149
107,81,33
108,77,13
109,74,-5
110,40,68
111,19,73
112,75,66
113,29,53
114,80,79
115,80,107
116,8,78
117,25,79
118,36,83
119,52,82
120,64,80
121,72,77
122,92,69
123,8,94
124,22,51
125,97,117
126,74,91
127,-3,60
128,79,73
129,68,105
130,34,60
131,79,101
132,0,113
133,75,63
134,87,98
135,27,152
136,27,160
137,0,95
138,15,142
139,6,47
140,65,178
141,97,118
142,65,95
143,11,62
144,49,66
145,55,66
146,62,137
147,8,109
148,79,187
149,55,176
150,43,170
151,100,14
152,95,188
153,62,66
154,69,65
155,73,64
156,15,48
157,67,56
158,60,53
159,54,53
160,47,55
161,42,57
162,-1,42
163,44,64
164,99,123
165,69,122
166,79,112
167,87,123
168,100,56
169,41,162
170,53,170
171,79,183
172,15,149
173,73,61
174,87,82
175,96,184
176,67,182
177,1,112
178,79,141
179,78,143
180,76,146
181,76,149
182,71,156
183,65,133
184,63,132
185,62,132
186,50,127
187,18,114
188,86,74
189,81,57
190,76,58
191,66,133
192,17,132
193,88,57
194,68,164
195,102,86
196,93,79
197,101,77
198,80,94
199,96,178
200,97,170
201,82,169
202,48,145
203,60,110
204,57,155
205,39,109
206,51,116
207,30,119
208,80,178
209,74,97
210,42,153
211,54,162
212,40,135
213,9,122
214,30,139
215,6,128
216,42,123
217,80,86
218,82,111
219,76,111
220,87,106
221,75,49
222,62,43
223,50,42
224,40,44
225,33,47
226,27,61
227,0,79
228,34,72
229,42,75
230,53,76
231,63,74
232,71,72
233,77,70
234,-3,77
235,75,112
236,87,90
237,89,112
238,93,116
239,88,113
240,76,113
241,95,117
242,95,117
243,78,64
244,81,65
245,84,67
246,40,58
247,34,54
248,108,87
249,151,63
250,108,116
251,176,29
252,132,71
253,139,71
254,145,70
255,153,65
256,126,69
257,142,46
258,134,48
259,149,48
260,154,51
261,160,68
262,123,169
263,153,60
264,177,62
265,167,62
266,139,100
267,109,130
268,108,133
269,118,130
270,124,130
271,115,132
272,121,131
273,134,138
274,109,113
275,110,106
276,164,43
277,122,83
278,125,107
279,125,102
280,161,96
281,109,95
282,148,35
283,158,37
284,172,16
285,116,44
286,127,52
287,141,129
288,161,130
289,119,112
290,113,115
291,132,129
292,130,130
293,162,32
294,125,109
295,135,37
296,135,30
297,146,-1
298,168,24
299,142,14
300,169,38
301,173,35
302,108,132
303,117,131
304,123,131
305,117,113
306,131,130
307,127,134
308,129,130
309,116,112
310,120,132
311,114,133
312,107,134
313,108,160
314,108,153
315,108,149
316,107,145
317,106,142
318,119,137
319,121,138
320,123,139
321,124,141
322,134,123
323,170,93
324,123,134
325,125,134
326,110,117
327,122,112
328,111,116
329,130,86
330,143,90
331,126,105
332,162,6
333,158,17
334,150,29
335,128,147
336,118,33
337,123,14
338,126,-4
339,151,68
340,167,73
341,123,67
342,161,54
343,116,78
344,121,106
345,174,77
346,163,79
347,154,82
348,141,82
349,131,80
350,123,77
351,107,69
352,174,92
353,166,51
354,105,117
355,122,90
356,176,60
357,118,73
358,126,104
359,156,60
360,121,100
361,167,111
362,122,65
363,115,97
364,151,148
365,146,156
366,175,94
367,160,139
368,175,48
369,122,176
370,104,118
371,128,95
372,173,62
373,144,66
374,139,67
375,128,135
376,172,107
377,109,185
378,127,173
379,135,166
380,133,67
381,128,66
382,124,65
383,171,48
384,128,57
385,134,54
386,140,53
387,146,55
388,149,57
389,177,43
390,148,64
391,126,121
392,119,112
393,111,122
394,140,158
395,131,167
396,111,182
397,154,145
398,124,62
399,113,82
400,119,180
401,172,110
402,114,140
403,115,142
404,117,144
405,117,148
406,119,155
407,126,131
408,127,130
409,128,129
410,139,125
411,166,112
412,112,74
413,117,58
414,121,59
415,124,131
416,163,128
417,110,58
418,122,162
419,108,79
420,118,93
421,110,168
422,138,143
423,133,109
424,130,153
425,152,107
426,140,115
427,157,117
428,111,176
429,122,96
430,141,150
431,132,159
432,145,132
433,169,119
434,153,136
435,167,125
436,146,121
437,117,86
438,118,110
439,122,110
440,116,106
441,122,50
442,134,44
443,144,43
444,153,44
445,158,48
446,161,61
447,177,78
448,156,72
449,149,75
450,140,76
451,131,75
452,125,73
453,120,70
454,173,76
455,122,111
456,113,89
457,114,112
458,109,115
459,113,113
460,120,113
461,108,116
462,106,117
463,120,65
464,116,66
465,114,68
466,151,59
467,157,55
468,54,60
469,63,59
470,54,51
471,45,59
472,54,68
473,134,60
474,143,60
475,134,52
476,126,61
477,135,69
