0,99,130
1,99,114
2,98,118
3,92,87
4,99,107
5,99,96
6,99,68
7,40,61
8,98,46
9,99,36
10,99,-4
11,99,132
12,99,134
13,98,135
14,97,146
15,97,149
16,97,152
17,97,156
18,96,161
19,99,117
20,90,116
21,7,25
22,64,68
23,56,68
24,48,67
25,36,62
26,70,68
27,51,47
28,60,49
29,42,48
30,36,50
31,29,66
32,65,169
33,37,58
34,3,58
35,19,60
36,53,99
37,86,129
38,87,133
39,74,130
40,65,130
41,76,132
42,68,132
43,52,138
44,92,114
45,91,106
46,23,42
47,72,81
48,69,107
49,69,102
50,27,95
51,91,96
52,44,37
53,32,38
54,14,13
55,80,48
56,68,53
57,45,129
58,10,125
59,75,111
60,83,114
61,53,132
62,55,132
63,27,32
64,68,108
65,59,40
66,58,34
67,48,-1
68,21,23
69,54,15
70,18,37
71,13,32
72,86,131
73,75,131
74,67,131
75,77,112
76,54,132
77,59,137
78,56,132
79,81,111
80,69,133
81,77,133
82,87,134
83,83,160
84,84,155
85,84,152
86,85,148
87,86,145
88,69,140
89,67,141
90,65,143
91,64,145
92,57,123
93,2,87
94,98,118
95,63,137
96,61,137
97,86,117
98,70,111
99,84,115
100,63,84
101,48,88
102,67,104
103,27,4
104,34,17
105,41,30
106,61,147
107,77,39
108,75,15
109,71,-3
110,40,66
111,19,71
112,75,67
113,28,52
114,78,77
115,76,106
116,9,75
117,26,76
118,37,80
119,53,80
120,65,78
121,73,76
122,90,70
123,9,90
124,21,50
125,94,117
126,72,89
127,1,54
128,79,73
129,65,103
130,33,58
131,75,100
132,4,106
133,74,64
134,83,98
135,29,147
136,30,153
137,2,90
138,17,136
139,8,44
140,64,175
141,95,118
142,63,93
143,11,61
144,49,63
145,56,64
146,58,138
147,9,105
148,79,185
149,55,172
150,44,164
151,99,15
152,95,187
153,62,64
154,69,64
155,72,64
156,14,48
157,67,58
158,60,56
159,53,55
160,46,55
161,41,56
162,3,38
163,44,62
164,98,122
165,66,121
166,76,111
167,84,122
168,98,57
169,41,157
170,53,166
171,79,182
172,19,141
173,72,62
174,84,82
175,96,184
176,67,180
177,4,106
178,77,143
179,75,145
180,74,148
181,73,151
182,71,155
183,61,132
184,59,131
185,58,131
186,49,125
187,19,110
188,84,73
189,80,59
190,75,60
191,62,132
192,18,127
193,87,60
194,67,162
195,99,86
196,91,79
197,99,78
198,77,93
199,96,178
200,96,169
201,81,168
202,47,142
203,58,108
204,56,153
205,38,106
206,49,114
207,30,116
208,79,176
209,71,95
210,42,149
211,53,159
212,39,132
213,11,117
214,30,135
215,8,122
216,41,121
217,78,85
218,78,110
219,72,110
220,83,106
221,73,52
222,60,46
223,48,44
224,38,44
225,31,47
226,27,59
227,2,74
228,34,70
229,43,73
230,54,74
231,64,73
232,72,71
233,77,70
234,1,70
235,72,110
236,84,90
237,85,112
238,89,115
239,85,113
240,73,112
241,91,116
242,92,117
243,77,65
244,81,67
245,84,68
246,39,57
247,33,53
248,106,87
249,152,59
250,107,115
251,181,25
252,131,67
253,139,67
254,146,66
255,155,61
256,125,66
257,143,47
258,135,48
259,151,48
260,156,50
261,162,65
262,126,167
263,155,58
264,184,57
265,171,59
266,141,98
267,111,128
268,110,132
269,121,128
270,128,129
271,118,131
272,125,130
273,138,137
274,106,114
275,107,106
276,168,43
277,122,81
278,126,106
279,126,101
280,165,93
281,107,96
282,150,38
283,161,39
284,176,13
285,116,48
286,127,52
287,145,127
288,170,122
289,119,111
290,113,114
291,136,129
292,134,130
293,165,33
294,126,108
295,135,41
296,137,34
297,147,-1
298,172,22
299,143,14
300,172,38
301,178,32
302,111,131
303,120,130
304,126,129
305,118,112
306,135,130
307,131,135
308,133,130
309,115,111
310,123,131
311,117,132
312,109,133
313,109,160
314,109,154
315,109,151
316,108,147
317,107,144
318,122,138
319,124,139
320,126,141
321,127,143
322,136,121
323,179,85
324,127,135
325,129,135
326,110,117
327,124,111
328,111,115
329,131,83
330,145,87
331,127,103
332,166,4
333,161,16
334,153,31
335,130,146
336,118,38
337,122,15
338,126,-3
339,152,64
340,171,69
341,121,65
342,164,52
343,117,77
344,121,106
345,180,73
346,166,75
347,157,78
348,142,79
349,131,77
350,123,75
351,106,69
352,179,88
353,170,50
354,103,117
355,123,89
356,183,53
357,117,72
358,128,102
359,159,57
360,121,100
361,176,103
362,121,62
363,114,97
364,156,143
365,152,149
366,183,87
367,167,133
368,181,43
369,125,174
370,102,118
371,130,93
372,178,59
373,145,62
374,138,63
375,132,136
376,178,102
377,111,184
378,131,169
379,141,161
380,132,63
381,127,62
382,123,62
383,175,47
384,128,57
385,135,54
386,141,54
387,148,54
388,151,56
389,184,37
390,149,61
391,127,120
392,119,110
393,111,122
394,145,154
395,135,163
396,112,181
397,162,137
398,123,60
399,112,82
400,122,178
401,180,103
402,116,141
403,117,143
404,119,146
405,119,150
406,121,154
407,130,130
408,131,129
409,133,129
410,142,123
411,170,108
412,111,73
413,116,58
414,121,58
415,128,131
416,168,124
417,110,59
418,124,160
419,106,79
420,118,92
421,111,167
422,142,140
423,135,107
424,133,151
425,155,105
426,143,113
427,161,114
428,113,175
429,123,95
430,146,146
431,135,157
432,150,130
433,175,114
434,158,132
435,175,118
436,150,119
437,117,85
438,118,110
439,123,109
440,114,106
441,122,51
442,135,46
443,146,44
444,155,45
445,161,47
446,164,58
447,184,72
448,158,69
449,151,71
450,140,72
451,131,71
452,124,70
453,119,68
454,182,68
455,123,110
456,112,89
457,112,112
458,107,115
459,112,112
460,121,111
461,106,116
462,105,117
463,119,63
464,115,65
465,113,67
466,153,57
467,159,53
468,53,59
469,62,59
470,53,51
471,44,59
472,53,67
473,138,58
474,148,58
475,138,50
476,129,58
477,139,66
