0,99,130
1,98,112
2,97,117
3,91,86
4,98,105
5,98,94
6,98,67
7,39,61
8,98,45
9,98,34
10,99,-6
11,99,133
12,99,135
13,98,137
14,98,137
15,98,140
16,98,144
17,98,148
18,95,157
19,97,115
20,90,114
21,7,27
22,62,69
23,54,70
24,46,69
25,36,63
26,69,67
27,50,44
28,60,45
29,42,46
30,36,49
31,29,68
32,68,165
33,36,58
34,6,61
35,20,62
36,57,101
37,89,128
38,89,135
39,79,130
40,72,131
41,81,134
42,75,134
43,61,142
44,91,112
45,90,105
46,26,44
47,73,82
48,73,107
49,72,103
50,33,98
51,91,95
52,46,37
53,34,39
54,15,14
55,81,45
56,68,50
57,55,135
58,18,127
59,78,112
60,84,114
61,63,133
62,65,133
63,30,34
64,72,110
65,61,39
66,60,32
67,50,-2
68,22,23
69,55,13
70,21,40
71,14,33
72,89,132
73,80,132
74,73,133
75,80,113
76,64,133
77,68,135
78,66,133
79,82,110
80,76,135
81,82,136
82,90,136
83,85,156
84,88,147
85,89,143
86,89,140
87,90,137
88,76,135
89,75,136
90,73,138
91,72,140
92,63,126
93,7,91
94,97,116
95,71,134
96,70,135
97,87,116
98,74,113
99,86,115
100,65,86
101,51,91
102,71,105
103,28,3
104,35,16
105,43,31
106,67,148
107,79,35
108,75,13
109,72,-5
110,39,67
111,21,73
112,73,65
113,28,53
114,79,78
115,78,105
116,13,77
117,26,79
118,36,83
119,51,82
120,63,79
121,71,76
122,90,68
123,15,93
124,22,52
125,93,115
126,74,90
127,3,58
128,78,72
129,70,105
130,33,58
131,77,100
132,11,109
133,74,62
134,84,97
135,36,147
136,37,152
137,8,93
138,25,137
139,9,46
140,67,170
141,94,116
142,67,95
143,14,62
144,47,65
145,54,66
146,67,136
147,17,108
148,80,178
149,59,168
150,49,161
151,99,14
152,94,179
153,61,65
154,67,64
155,72,63
156,17,49
157,66,54
158,59,51
159,52,50
160,45,52
161,40,54
162,4,41
163,42,63
164,97,123
165,71,123
166,78,111
167,86,123
168,98,55
169,47,156
170,57,162
171,79,175
172,26,142
173,71,59
174,85,81
175,94,176
176,69,174
177,12,109
178,82,136
179,81,138
180,80,141
181,80,144
182,75,153
183,70,133
184,68,133
185,67,132
186,57,130
187,27,113
188,85,72
189,80,57
190,75,57
191,71,134
192,27,129
193,87,57
194,71,159
195,98,85
196,91,78
197,98,76
198,79,93
199,95,171
200,95,164
201,83,163
202,54,145
203,63,110
204,62,152
205,44,109
206,55,117
207,38,119
208,80,170
209,74,96
210,48,149
211,58,157
212,47,136
213,20,120
214,38,137
215,16,123
216,49,125
217,80,85
218,80,109
219,75,110
220,84,105
221,74,49
222,61,43
223,48,42
224,39,43
225,32,47
226,28,60
227,6,77
228,33,72
229,42,75
230,52,75
231,63,74
232,71,71
233,76,69
234,5,74
235,75,111
236,85,89
237,86,110
238,89,114
239,85,111
240,77,113
241,91,115
242,91,116
243,76,63
244,80,65
245,83,66
246,38,56
247,33,53
248,104,86
249,152,63
250,104,114
251,182,27
252,130,71
253,138,71
254,145,70
255,155,65
256,124,70
257,143,48
258,134,49
259,151,49
260,156,52
261,160,69
262,121,164
263,155,60
264,181,60
265,169,63
266,135,100
267,109,128
268,107,135
269,117,129
270,122,131
271,114,134
272,119,133
273,130,142
274,104,112
275,105,105
276,166,46
277,120,82
278,121,107
279,121,103
280,158,98
281,105,95
282,149,39
283,160,42
284,176,14
285,115,46
286,126,53
287,136,135
288,167,126
289,115,112
290,109,114
291,130,132
292,128,132
293,164,36
294,121,109
295,135,40
296,136,34
297,147,-2
298,171,23
299,141,14
300,171,42
301,177,34
302,108,132
303,116,132
304,121,132
305,113,113
306,129,132
307,125,135
308,127,133
309,112,110
310,118,134
311,113,135
312,106,136
313,105,156
314,107,147
315,107,143
316,106,139
317,106,136
318,118,134
319,119,136
320,120,137
321,121,139
322,128,126
323,177,90
324,122,134
325,123,134
326,106,117
327,118,113
328,108,115
329,128,86
330,141,90
331,122,105
332,165,4
333,159,16
334,152,33
335,123,147
336,118,36
337,122,13
338,125,-5
339,151,68
340,168,74
341,120,68
342,162,55
343,115,78
344,117,105
345,175,77
346,163,80
347,154,83
348,139,83
349,129,81
350,121,78
351,105,68
352,173,93
353,168,54
354,101,115
355,119,90
356,183,57
357,115,74
358,123,105
359,158,61
360,117,100
361,173,108
362,120,65
363,111,97
364,152,146
365,150,152
366,178,92
367,162,136
368,179,46
369,121,169
370,100,116
371,126,95
372,175,64
373,145,66
374,138,67
375,126,135
376,171,107
377,108,178
378,128,167
379,138,161
380,132,67
381,126,66
382,122,66
383,173,51
384,127,58
385,133,54
386,140,54
387,147,55
388,151,57
389,184,40
390,149,65
391,121,123
392,115,111
393,107,123
394,141,155
395,131,162
396,109,175
397,159,141
398,123,62
399,110,81
400,119,173
401,174,108
402,112,135
403,114,137
404,114,140
405,114,144
406,115,152
407,124,133
408,125,132
409,126,131
410,133,130
411,162,112
412,110,72
413,115,59
414,120,60
415,122,134
416,161,128
417,108,59
418,119,158
419,105,78
420,115,93
421,107,163
422,136,144
423,129,110
424,128,152
425,147,108
426,136,117
427,153,119
428,109,170
429,119,96
430,141,149
431,131,156
432,143,136
433,168,119
434,151,136
435,170,123
436,142,125
437,114,85
438,114,109
439,118,110
440,111,105
441,121,51
442,134,46
443,145,45
444,154,47
445,160,50
446,163,62
447,180,76
448,156,73
449,149,76
450,139,77
451,129,75
452,122,73
453,117,71
454,180,73
455,118,111
456,110,89
457,109,110
458,105,114
459,109,111
460,116,113
461,104,114
462,103,116
463,118,66
464,114,67
465,111,69
466,153,59
467,158,56
468,54,57
469,64,57
470,55,48
471,44,57
472,54,67
473,135,60
474,144,60
475,135,52
476,125,60
477,135,68
