0,97,134
1,95,107
2,96,113
3,89,83
4,95,100
5,95,91
6,96,65
7,44,60
8,96,44
9,95,33
10,95,-5
11,97,136
12,97,139
13,98,140
14,98,140
15,98,144
16,98,149
17,98,153
18,98,155
19,95,110
20,90,110
21,17,26
22,65,67
23,58,68
24,51,68
25,41,62
26,71,65
27,53,45
28,62,46
29,45,46
30,41,49
31,36,67
32,74,161
33,41,57
34,17,59
35,27,61
36,62,100
37,90,132
38,91,138
39,84,134
40,80,137
41,86,138
42,82,139
43,70,146
44,90,107
45,88,101
46,31,43
47,75,81
48,76,105
49,75,101
50,42,99
51,88,91
52,48,37
53,38,39
54,22,14
55,80,44
56,69,49
57,66,140
58,32,123
59,81,109
60,86,111
61,75,141
62,76,141
63,34,34
64,76,108
65,61,38
66,60,32
67,51,-1
68,27,23
69,55,14
70,27,39
71,21,32
72,90,135
73,85,136
74,81,138
75,83,110
76,76,141
77,78,142
78,77,141
79,83,107
80,84,140
81,87,140
82,92,140
83,90,155
84,91,153
85,91,148
86,91,143
87,92,140
88,84,140
89,82,142
90,81,144
91,80,147
92,71,128
93,22,87
94,96,112
95,81,140
96,79,141
97,88,113
98,79,112
99,87,112
100,68,85
101,57,90
102,74,104
103,33,5
104,38,17
105,45,31
106,75,149
107,77,34
108,74,14
109,71,-4
110,45,66
111,28,73
112,75,64
113,34,52
114,80,76
115,79,103
116,23,76
117,33,79
118,42,83
119,56,82
120,66,79
121,73,75
122,89,67
123,26,93
124,29,51
125,92,110
126,76,89
127,17,55
128,79,72
129,74,104
130,38,57
131,78,98
132,26,104
133,75,61
134,83,94
135,47,144
136,48,148
137,22,90
138,38,134
139,19,44
140,73,165
141,93,111
142,71,94
143,22,62
144,51,63
145,57,63
146,77,144
147,30,106
148,85,174
149,66,163
150,58,157
151,95,14
152,99,175
153,64,63
154,69,62
155,73,61
156,24,49
157,68,55
158,62,52
159,55,52
160,49,53
161,45,54
162,15,39
163,47,61
164,96,119
165,77,123
166,81,108
167,88,120
168,96,54
169,56,152
170,64,159
171,84,171
172,39,137
173,73,58
174,84,79
175,98,173
176,75,169
177,26,105
178,87,140
179,86,143
180,85,146
181,85,150
182,82,152
183,79,140
184,78,140
185,77,139
186,68,134
187,40,113
188,84,71
189,80,56
190,76,56
191,81,140
192,41,127
193,86,57
194,77,157
195,95,82
196,89,76
197,95,74
198,80,91
199,98,168
200,98,161
201,87,160
202,63,146
203,68,110
204,69,152
205,53,108
206,63,117
207,49,119
208,85,167
209,77,95
210,57,148
211,65,155
212,57,139
213,34,118
214,49,137
215,30,120
216,59,127
217,80,84
218,81,106
219,78,108
220,83,101
221,74,49
222,62,43
223,51,42
224,42,43
225,36,47
226,34,59
227,18,74
228,39,71
229,47,74
230,57,74
231,66,72
232,73,70
233,77,68
234,19,71
235,78,110
236,84,86
237,85,106
238,89,109
239,86,107
240,81,112
241,90,110
242,91,111
243,77,61
244,81,64
245,83,66
246,43,56
247,38,52
248,102,83
249,155,59
250,102,110
251,183,23
252,131,68
253,139,68
254,146,68
255,157,61
256,124,66
257,143,44
258,134,45
259,152,45
260,158,47
261,162,65
262,123,161
263,158,56
264,184,56
265,171,58
266,133,99
267,104,132
268,104,138
269,112,134
270,117,137
271,110,138
272,115,139
273,127,145
274,101,107
275,102,100
276,167,41
277,119,80
278,117,105
279,118,101
280,155,97
281,102,91
282,148,36
283,160,37
284,175,11
285,114,45
286,126,49
287,131,140
288,173,121
289,112,109
290,106,111
291,124,141
292,122,141
293,163,32
294,117,108
295,134,38
296,135,32
297,142,-3
298,169,21
299,137,13
300,171,36
301,177,30
302,104,135
303,111,136
304,116,138
305,110,110
306,123,141
307,120,142
308,122,141
309,109,106
310,114,140
311,109,139
312,104,140
313,106,155
314,106,153
315,105,148
316,104,143
317,104,140
318,114,140
319,115,141
320,117,144
321,118,146
322,124,127
323,183,85
324,117,140
325,119,141
326,104,113
327,115,112
328,105,112
329,126,84
330,138,89
331,119,104
332,162,2
333,156,14
334,151,30
335,121,149
336,116,35
337,118,13
338,121,-5
339,153,65
340,170,70
341,120,64
342,164,50
343,114,75
344,113,102
345,176,74
346,165,77
347,155,82
348,140,81
349,129,78
350,121,75
351,103,67
352,173,91
353,170,48
354,99,110
355,117,88
356,187,53
357,115,72
358,120,104
359,161,55
360,114,97
361,179,103
362,120,61
363,108,93
364,154,144
365,155,148
366,181,88
367,164,133
368,181,42
369,125,166
370,98,111
371,124,93
372,177,58
373,146,64
374,139,64
375,122,143
376,170,105
377,113,174
378,134,163
379,143,157
380,132,64
381,126,62
382,122,62
383,174,45
384,127,54
385,134,50
386,142,50
387,149,51
388,154,52
389,186,36
390,151,62
391,118,123
392,112,108
393,105,120
394,144,152
395,135,159
396,113,171
397,165,137
398,122,58
399,108,79
400,124,169
401,177,104
402,109,140
403,110,142
404,112,146
405,113,150
406,114,152
407,119,140
408,120,139
409,121,139
410,128,133
411,159,111
412,108,70
413,114,56
414,119,56
415,117,140
416,159,126
417,107,57
418,120,157
419,103,75
420,113,90
421,109,160
422,135,146
423,126,109
424,128,152
425,143,107
426,133,117
427,148,118
428,112,167
429,117,94
430,142,148
431,133,155
432,140,138
433,167,117
434,150,136
435,172,119
436,137,127
437,113,83
438,111,105
439,115,107
440,108,101
441,120,49
442,134,43
443,145,41
444,155,42
445,161,45
446,165,57
447,183,72
448,158,70
449,150,73
450,139,74
451,130,72
452,122,70
453,117,68
454,185,69
455,115,109
456,108,86
457,106,106
458,102,109
459,106,107
460,113,111
461,101,110
462,100,111
463,118,62
464,113,64
465,111,67
466,156,54
467,161,51
468,57,56
469,67,56
470,57,48
471,48,56
472,57,65
473,140,55
474,151,55
475,139,45
476,129,55
477,140,65
