0,100,131
1,98,112
2,98,117
3,92,86
4,98,104
5,98,94
6,99,67
7,44,60
8,99,45
9,99,35
10,101,-1
11,100,133
12,100,136
13,100,137
14,98,154
15,98,158
16,98,163
17,98,168
18,100,168
19,98,115
20,91,114
21,15,29
22,64,68
23,57,68
24,50,67
25,40,63
26,70,68
27,55,46
28,63,48
29,47,47
30,41,49
31,33,67
32,68,175
33,41,58
34,9,62
35,24,61
36,56,100
37,88,129
38,89,135
39,78,130
40,70,131
41,80,134
42,74,134
43,58,143
44,91,111
45,90,104
46,31,41
47,75,82
48,72,106
49,72,102
50,31,97
51,91,94
52,51,35
53,40,36
54,22,17
55,83,45
56,70,52
57,52,134
58,14,133
59,79,111
60,85,114
61,61,134
62,63,134
63,36,31
64,72,109
65,65,37
66,65,31
67,53,1
68,27,25
69,58,15
70,26,37
71,20,35
72,88,132
73,79,132
74,72,132
75,80,112
76,62,134
77,65,142
78,64,135
79,83,110
80,75,135
81,82,135
82,90,136
83,87,167
84,85,166
85,86,162
86,87,157
87,88,153
88,74,145
89,72,147
90,70,149
91,68,152
92,61,125
93,7,93
94,98,116
95,70,141
96,67,141
97,88,116
98,74,113
99,86,115
100,66,85
101,51,89
102,70,105
103,34,7
104,39,18
105,49,28
106,65,153
107,82,35
108,77,16
109,75,-1
110,44,66
111,24,72
112,74,67
113,33,52
114,80,78
115,78,105
116,14,77
117,29,77
118,40,81
119,54,81
120,65,79
121,73,76
122,91,69
123,13,93
124,27,50
125,94,115
126,75,90
127,8,59
128,79,73
129,69,104
130,37,58
131,77,99
132,9,112
133,73,64
134,84,96
135,32,153
136,33,161
137,6,94
138,21,142
139,14,47
140,67,183
141,95,116
142,67,94
143,16,61
144,52,63
145,58,64
146,64,142
147,13,108
148,83,195
149,58,180
150,47,172
151,100,16
152,100,197
153,63,64
154,68,64
155,72,64
156,21,48
157,68,58
158,62,56
159,56,55
160,50,55
161,46,56
162,10,42
163,48,62
164,99,122
165,70,122
166,79,110
167,87,122
168,99,56
169,45,163
170,56,172
171,82,190
172,22,149
173,72,62
174,86,81
175,100,193
176,69,188
177,8,111
178,80,150
179,78,152
180,76,156
181,75,161
182,75,161
183,68,134
184,66,133
185,65,132
186,55,128
187,23,113
188,86,73
189,80,58
190,75,59
191,69,135
192,23,131
193,88,58
194,71,167
195,98,85
196,91,78
197,99,77
198,80,92
199,100,185
200,100,176
201,85,174
202,52,147
203,62,110
204,61,158
205,42,108
206,54,116
207,35,119
208,82,183
209,74,96
210,46,154
211,57,165
212,45,136
213,15,121
214,35,139
215,12,128
216,47,123
217,80,85
218,80,109
219,75,109
220,84,104
221,75,50
222,64,44
223,54,42
224,44,43
225,37,46
226,31,59
227,7,78
228,37,70
229,45,73
230,55,74
231,65,73
232,71,72
233,76,70
234,7,76
235,75,110
236,85,89
237,86,110
238,90,113
239,86,111
240,77,112
241,92,114
242,93,115
243,76,65
244,81,66
245,84,68
246,43,57
247,38,53
248,105,86
249,154,61
250,106,114
251,187,31
252,134,68
253,141,68
254,148,67
255,158,64
256,127,66
257,145,48
258,136,49
259,153,49
260,158,52
261,166,68
262,131,175
263,157,60
264,192,63
265,175,62
266,142,100
267,112,129
268,111,135
269,122,130
270,129,131
271,120,134
272,126,134
273,141,143
274,105,111
275,106,104
276,170,44
277,124,82
278,125,106
279,126,102
280,168,97
281,106,94
282,151,37
283,162,39
284,180,18
285,116,45
286,128,52
287,148,133
288,186,133
289,118,111
290,112,113
291,137,134
292,135,135
293,166,34
294,126,109
295,136,39
296,137,33
297,148,2
298,174,27
299,143,17
300,175,40
301,181,37
302,111,132
303,121,132
304,128,133
305,117,112
306,136,134
307,132,141
308,134,135
309,114,110
310,124,135
311,118,135
312,110,136
313,113,166
314,111,166
315,110,161
316,109,156
317,108,152
318,123,145
319,125,146
320,127,148
321,129,150
322,137,124
323,194,94
324,128,141
325,130,141
326,109,116
327,123,112
328,110,115
329,133,85
330,147,89
331,127,104
332,168,8
333,161,20
334,154,31
335,134,152
336,118,36
337,123,16
338,127,0
339,154,66
340,175,72
341,123,65
342,166,54
343,118,78
344,119,105
345,186,78
346,169,78
347,159,81
348,144,80
349,132,78
350,124,75
351,107,69
352,186,93
353,173,52
354,102,115
355,124,90
356,194,60
357,118,71
358,129,104
359,161,60
360,120,99
361,192,113
362,123,62
363,113,96
364,167,153
365,166,161
366,194,95
367,179,143
368,187,49
369,132,183
370,101,116
371,131,94
372,182,63
373,147,63
374,141,64
375,134,142
376,186,108
377,117,195
378,141,181
379,152,172
380,135,63
381,129,63
382,125,63
383,179,50
384,130,57
385,136,56
386,143,56
387,149,57
388,153,58
389,191,44
390,151,62
391,128,122
392,118,110
393,111,122
394,154,164
395,143,173
396,117,190
397,177,149
398,125,60
399,112,81
400,130,189
401,192,112
402,117,149
403,118,151
404,120,155
405,121,159
406,125,161
407,131,134
408,133,133
409,134,132
410,144,128
411,176,113
412,112,73
413,117,57
414,122,58
415,130,135
416,176,131
417,110,57
418,128,167
419,106,78
420,118,93
421,115,174
422,147,147
423,136,109
424,138,158
425,157,108
426,145,116
427,164,119
428,117,183
429,123,96
430,153,154
431,142,165
432,154,136
433,184,122
434,164,139
435,188,128
436,152,123
437,118,85
438,117,109
439,122,109
440,113,104
441,123,50
442,136,45
443,147,44
444,156,45
445,163,48
446,167,61
447,194,79
448,161,71
449,153,73
450,143,74
451,133,72
452,125,70
453,120,68
454,194,77
455,122,110
456,112,89
457,110,110
458,106,113
459,111,111
460,120,112
461,105,114
462,104,115
463,120,63
464,116,65
465,113,66
466,155,59
467,161,55
468,60,59
469,68,59
470,61,51
471,52,58
472,59,66
473,137,59
474,146,59
475,137,52
476,128,60
477,138,67
