0,99,133
1,99,116
2,99,121
3,92,89
4,99,109
5,99,98
6,99,70
7,44,62
8,98,49
9,98,39
10,98,-4
11,99,135
12,99,137
13,99,138
14,98,140
15,98,142
16,98,145
17,98,148
18,100,156
19,99,119
20,91,118
21,13,28
22,66,70
23,58,71
24,51,70
25,41,65
26,72,69
27,54,49
28,63,50
29,46,50
30,41,53
31,35,70
32,73,169
33,41,60
34,12,62
35,26,65
36,60,103
37,89,132
38,90,137
39,80,133
40,74,133
41,82,136
42,76,136
43,66,143
44,92,116
45,91,109
46,30,48
47,76,84
48,75,110
49,74,105
50,37,100
51,92,99
52,49,41
53,38,43
54,19,15
55,83,49
56,70,53
57,59,137
58,25,129
59,80,114
60,86,117
61,65,134
62,67,135
63,34,39
64,75,112
65,64,43
66,62,37
67,50,0
68,25,26
69,56,17
70,26,44
71,18,35
72,89,135
73,81,135
74,75,134
75,82,115
76,66,134
77,70,137
78,68,135
79,84,114
80,77,136
81,83,137
82,91,138
83,90,156
84,89,147
85,89,144
86,90,142
87,90,140
88,77,138
89,76,139
90,75,140
91,74,142
92,67,128
93,15,92
94,99,120
95,73,136
96,71,137
97,89,120
98,77,115
99,88,118
100,68,88
101,55,93
102,73,108
103,31,6
104,37,19
105,46,35
106,72,148
107,80,39
108,75,17
109,72,-3
110,45,68
111,27,75
112,76,67
113,34,56
114,81,80
115,79,109
116,19,79
117,32,81
118,42,84
119,57,83
120,67,81
121,75,77
122,91,71
123,21,95
124,27,55
125,95,119
126,77,92
127,11,58
128,81,74
129,73,107
130,38,60
131,79,103
132,19,110
133,76,64
134,85,100
135,40,151
136,42,157
137,15,94
138,30,140
139,15,47
140,72,176
141,96,120
142,70,97
143,19,66
144,52,66
145,58,66
146,69,138
147,23,110
148,86,185
149,64,175
150,54,167
151,98,16
152,101,187
153,64,66
154,70,65
155,74,65
156,22,53
157,69,58
158,62,55
159,56,54
160,49,55
161,45,57
162,10,41
163,47,64
164,99,125
165,74,126
166,80,114
167,89,125
168,99,59
169,51,160
170,61,168
171,85,181
172,33,145
173,73,62
174,86,84
175,101,183
176,74,181
177,19,111
178,83,139
179,82,140
180,81,143
181,81,145
182,80,153
183,71,135
184,70,134
185,69,134
186,61,132
187,31,115
188,86,75
189,82,59
190,77,59
191,73,136
192,32,132
193,89,60
194,76,161
195,99,88
196,91,81
197,99,79
198,81,96
199,100,175
200,100,165
201,88,165
202,59,147
203,66,112
204,67,155
205,47,111
206,58,119
207,41,122
208,86,174
209,77,99
210,53,153
211,63,161
212,51,138
213,25,122
214,42,140
215,23,126
216,53,127
217,81,88
218,82,113
219,77,113
220,85,109
221,76,52
222,63,47
223,52,46
224,43,48
225,37,51
226,33,63
227,13,78
228,39,73
229,47,76
230,57,76
231,67,75
232,74,73
233,79,71
234,13,74
235,77,114
236,86,92
237,87,115
238,91,117
239,87,115
240,79,115
241,92,118
242,93,119
243,78,65
244,83,67
245,85,68
246,43,58
247,38,56
248,105,89
249,153,60
250,107,117
251,186,23
252,132,68
253,139,69
254,147,68
255,157,62
256,126,66
257,144,47
258,135,48
259,152,48
260,157,50
261,163,67
262,128,168
263,156,58
264,187,57
265,173,60
266,139,101
267,109,132
268,108,137
269,119,133
270,125,133
271,117,136
272,123,136
273,135,141
274,105,116
275,106,108
276,168,44
277,122,83
278,123,109
279,124,104
280,163,97
281,106,98
282,149,39
283,160,40
284,179,11
285,115,48
286,128,51
287,142,134
288,178,125
289,118,113
290,112,116
291,134,134
292,132,135
293,165,35
294,124,111
295,134,41
296,135,35
297,147,-3
298,173,22
299,141,15
300,173,39
301,181,31
302,109,135
303,118,134
304,124,135
305,116,114
306,133,135
307,129,137
308,131,135
309,114,113
310,122,136
311,115,137
312,108,138
313,110,155
314,108,147
315,108,144
316,107,142
317,107,140
318,121,138
319,122,138
320,124,140
321,124,141
322,133,126
323,186,87
324,126,136
325,127,137
326,109,119
327,121,114
328,110,118
329,131,86
330,144,90
331,125,106
332,167,2
333,160,16
334,151,33
335,128,147
336,117,38
337,121,15
338,125,-5
339,153,66
340,172,71
341,122,65
342,164,53
343,117,79
344,119,108
345,181,75
346,166,78
347,156,82
348,141,82
349,131,79
350,123,76
351,106,71
352,179,91
353,171,51
354,103,119
355,122,91
356,190,53
357,117,73
358,126,106
359,160,57
360,119,102
361,183,106
362,122,62
363,113,99
364,162,148
365,162,154
366,185,90
367,172,137
368,184,43
369,130,175
370,102,120
371,129,95
372,181,60
373,146,64
374,139,65
375,130,138
376,178,106
377,116,185
378,139,173
379,149,166
380,133,64
381,127,63
382,124,62
383,178,48
384,129,55
385,136,53
386,142,52
387,149,54
388,152,55
389,189,36
390,150,62
391,125,124
392,118,113
393,110,125
394,151,158
395,141,167
396,116,181
397,171,142
398,124,59
399,111,83
400,128,180
401,183,106
402,115,139
403,116,140
404,116,142
405,117,145
406,120,152
407,128,135
408,129,135
409,130,134
410,139,130
411,169,112
412,112,74
413,116,57
414,121,57
415,127,136
416,170,128
417,109,59
418,125,160
419,106,80
420,117,95
421,112,164
422,142,145
423,133,110
424,134,153
425,152,108
426,141,117
427,159,118
428,115,174
429,121,98
430,149,151
431,139,160
432,149,136
433,176,118
434,159,137
435,179,122
436,148,125
437,117,87
438,117,112
439,121,112
440,113,108
441,122,51
442,134,46
443,145,44
444,155,45
445,161,48
446,166,59
447,187,73
448,159,71
449,151,74
450,141,74
451,131,73
452,124,71
453,119,69
454,188,69
455,121,113
456,111,91
457,111,114
458,107,117
459,111,114
460,119,114
461,106,118
462,105,119
463,120,63
464,116,65
465,113,67
466,155,57
467,160,53
468,57,60
469,66,60
470,57,52
471,48,60
472,57,68
473,139,58
474,147,58
475,139,50
476,131,58
477,139,66
