0,98,133
1,109,110
2,104,116
3,100,84
4,110,102
5,109,92
6,104,66
7,40,60
8,103,46
9,104,36
10,105,-1
11,98,136
12,97,138
13,96,140
14,96,141
15,96,144
16,96,148
17,95,152
18,96,163
19,107,114
20,98,113
21,6,26
22,63,67
23,55,68
24,48,67
25,36,62
26,69,66
27,54,44
28,63,46
29,45,45
30,39,48
31,29,66
32,62,174
33,37,57
34,1,60
35,20,61
36,58,99
37,87,131
38,86,138
39,75,133
40,65,134
41,76,137
42,68,137
43,53,144
44,102,110
45,102,102
46,30,42
47,76,81
48,78,105
49,77,101
50,31,96
51,101,92
52,53,36
53,40,37
54,19,13
55,86,46
56,70,50
57,47,135
58,-2,133
59,83,110
60,90,113
61,53,135
62,55,135
63,36,32
64,76,108
65,68,39
66,68,33
67,59,-1
68,28,22
69,64,14
70,24,38
71,15,32
72,87,135
73,75,135
74,67,135
75,85,111
76,54,135
77,59,138
78,56,136
79,90,109
80,69,138
81,77,139
82,86,140
83,83,163
84,84,151
85,85,147
86,85,144
87,86,141
88,69,139
89,67,140
90,66,142
91,64,144
92,61,125
93,-9,93
94,106,115
95,63,137
96,61,138
97,92,116
98,77,112
99,91,114
100,66,84
101,52,88
102,74,104
103,36,4
104,43,15
105,51,30
106,61,152
107,85,36
108,84,15
109,81,-2
110,40,65
111,20,72
112,73,65
113,30,51
114,82,77
115,85,103
116,10,76
117,26,77
118,38,80
119,54,80
120,65,77
121,73,74
122,96,68
123,9,92
124,24,50
125,103,114
126,77,89
127,-6,58
128,80,71
129,71,104
130,33,57
131,84,98
132,-7,112
133,73,62
134,93,94
135,22,154
136,19,163
137,-2,93
138,10,143
139,8,45
140,60,182
141,102,115
142,68,93
143,11,62
144,49,63
145,56,64
146,58,139
147,7,108
148,75,192
149,47,181
150,34,174
151,105,17
152,91,193
153,62,63
154,67,63
155,71,63
156,16,48
157,67,55
158,61,52
159,54,51
160,47,51
161,42,53
162,-1,40
163,44,61
164,102,122
165,72,122
166,84,109
167,90,122
168,103,56
169,35,165
170,47,174
171,76,188
172,7,150
173,71,60
174,91,80
175,93,189
176,61,188
177,-2,110
178,77,140
179,75,142
180,74,145
181,73,148
182,71,158
183,61,136
184,59,135
185,58,134
186,52,129
187,20,113
188,89,72
189,81,57
190,75,57
191,62,137
192,16,131
193,90,57
194,66,166
195,107,83
196,98,76
197,106,75
198,84,91
199,94,181
200,95,172
201,80,171
202,46,148
203,63,109
204,55,158
205,42,107
206,53,116
207,33,119
208,78,180
209,78,95
210,39,155
211,50,165
212,40,137
213,8,121
214,28,140
215,1,127
216,44,124
217,84,84
218,88,107
219,81,108
220,94,103
221,76,50
222,65,44
223,54,41
224,44,42
225,36,45
226,28,59
227,-1,76
228,34,70
229,43,73
230,54,73
231,64,72
232,71,70
233,76,68
234,-8,75
235,80,110
236,92,87
237,96,109
238,98,112
239,94,110
240,81,112
241,100,113
242,100,114
243,76,63
244,81,64
245,85,66
246,40,55
247,35,52
248,113,84
249,144,63
250,112,113
251,158,35
252,125,70
253,132,70
254,138,70
255,145,65
256,120,68
257,138,48
258,130,49
259,145,50
260,148,53
261,149,70
262,118,173
263,146,60
264,158,67
265,153,64
266,134,101
267,108,131
268,106,138
269,116,132
270,121,133
271,113,137
272,118,136
273,127,143
274,115,110
275,116,102
276,156,47
277,120,82
278,126,106
279,125,102
280,152,99
281,115,93
282,146,40
283,153,42
284,156,22
285,119,46
286,122,52
287,133,135
288,144,133
289,120,110
290,115,113
291,127,135
292,125,135
293,155,38
294,125,108
295,136,41
296,137,35
297,140,5
298,155,30
299,137,19
300,157,44
301,158,40
302,107,135
303,114,135
304,119,135
305,118,112
306,126,135
307,123,138
308,124,135
309,119,109
310,116,138
311,111,139
312,105,140
313,106,162
314,105,151
315,105,147
316,105,143
317,104,141
318,116,138
319,117,139
320,119,141
321,120,143
322,129,125
323,150,97
324,119,137
325,121,137
326,112,116
327,122,112
328,114,114
329,127,86
330,138,91
331,125,104
332,151,12
333,149,23
334,148,35
335,122,151
336,122,37
337,123,18
338,125,0
339,143,68
340,154,75
341,116,66
342,152,56
343,116,78
344,124,104
345,160,81
346,152,81
347,146,84
348,135,82
349,126,79
350,120,76
351,110,68
352,161,96
353,155,55
354,111,114
355,121,90
356,154,65
357,115,72
358,125,104
359,148,60
360,123,99
361,148,115
362,116,63
363,119,95
364,140,153
365,134,161
366,159,97
367,147,142
368,158,52
369,117,180
370,109,115
371,126,95
372,155,65
373,139,66
374,133,67
375,124,139
376,159,110
377,104,191
378,120,178
379,127,171
380,127,66
381,121,65
382,117,64
383,156,53
384,122,58
385,128,55
386,135,54
387,141,55
388,144,57
389,158,48
390,142,65
391,124,122
392,121,109
393,112,122
394,131,163
395,125,171
396,107,186
397,139,149
398,118,61
399,115,81
400,114,185
401,156,113
402,111,140
403,112,142
404,113,144
405,113,148
406,115,158
407,122,136
408,123,135
409,125,134
410,133,129
411,155,115
412,113,73
413,114,58
414,116,58
415,120,137
416,150,132
417,111,58
418,117,165
419,111,77
420,119,92
421,107,170
422,131,147
423,130,110
424,124,157
425,144,109
426,135,117
427,148,120
428,108,179
429,122,96
430,133,154
431,126,164
432,137,137
433,155,123
434,143,140
435,152,128
436,139,125
437,118,85
438,122,108
439,124,109
440,120,103
441,120,51
442,132,46
443,142,45
444,149,47
445,152,50
446,150,62
447,159,82
448,147,73
449,142,76
450,133,76
451,125,74
452,119,72
453,115,69
454,152,81
455,123,110
456,117,88
457,118,109
458,114,112
459,117,110
460,120,112
461,113,113
462,111,114
463,114,64
464,112,65
465,112,67
466,145,59
467,149,56
468,51,57
469,60,57
470,52,49
471,43,57
472,51,64
473,130,60
474,139,61
475,131,53
476,121,60
477,129,67
