0,99,136
1,104,116
2,102,119
3,97,90
4,105,109
5,104,99
6,101,71
7,41,61
8,100,45
9,101,35
10,100,0
11,98,138
12,98,139
13,98,140
14,98,140
15,98,142
16,98,145
17,97,147
18,99,146
19,104,118
20,95,116
21,13,24
22,66,70
23,57,71
24,49,70
25,39,63
26,73,68
27,52,43
28,62,45
29,43,45
30,38,48
31,33,67
32,73,153
33,39,58
34,11,56
35,25,60
36,63,101
37,91,135
38,92,139
39,84,136
40,79,137
41,86,139
42,81,138
43,69,138
44,98,115
45,97,109
46,28,41
47,77,83
48,79,109
49,78,105
50,40,98
51,97,99
52,45,34
53,34,36
54,20,14
55,82,43
56,71,49
57,63,135
58,19,113
59,85,113
60,90,115
61,72,138
62,73,138
63,31,30
64,79,111
65,60,36
66,59,30
67,52,1
68,26,23
69,57,17
70,23,36
71,19,31
72,91,137
73,85,137
74,80,137
75,86,114
76,73,138
77,75,139
78,74,138
79,89,113
80,82,139
81,86,139
82,92,140
83,91,146
84,90,147
85,90,145
86,91,142
87,92,140
88,81,139
89,80,140
90,79,141
91,78,142
92,72,126
93,10,79
94,103,118
95,78,138
96,77,139
97,93,118
98,81,114
99,92,117
100,69,86
101,57,91
102,77,107
103,32,6
104,38,18
105,43,28
106,75,141
107,79,33
108,77,18
109,74,0
110,43,67
111,25,72
112,77,66
113,31,51
114,82,79
115,84,109
116,19,74
117,31,79
118,41,83
119,56,83
120,67,80
121,75,77
122,94,72
123,21,90
124,26,49
125,100,118
126,79,91
127,8,49
128,82,73
129,76,106
130,36,57
131,83,103
132,13,95
133,77,63
134,90,100
135,39,137
136,37,140
137,12,85
138,28,127
139,14,42
140,71,157
141,100,118
142,72,95
143,19,60
144,50,66
145,57,67
146,74,140
147,23,103
148,84,163
149,61,154
150,50,149
151,100,19
152,98,163
153,64,66
154,71,64
155,75,63
156,21,46
157,69,54
158,62,51
159,54,50
160,47,51
161,42,54
162,9,35
163,45,64
164,101,123
165,79,124
166,85,113
167,92,123
168,100,58
169,50,145
170,60,151
171,84,161
172,27,128
173,75,59
174,89,84
175,98,162
176,72,159
177,15,99
178,86,140
179,85,141
180,84,143
181,83,145
182,82,144
183,77,138
184,76,138
185,75,137
186,67,130
187,34,110
188,88,75
189,83,57
190,78,57
191,78,138
192,33,122
193,90,57
194,77,148
195,103,89
196,95,82
197,102,81
198,84,95
199,99,157
200,99,152
201,88,151
202,60,140
203,69,110
204,68,145
205,51,108
206,63,116
207,45,117
208,86,157
209,80,98
210,53,142
211,63,148
212,54,133
213,25,113
214,43,131
215,20,113
216,57,124
217,84,88
218,86,112
219,82,112
220,90,109
221,76,48
222,62,42
223,49,41
224,40,42
225,34,45
226,31,58
227,11,70
228,37,72
229,46,75
230,57,76
231,67,74
232,74,72
233,80,69
234,9,64
235,82,113
236,90,92
237,92,114
238,95,116
239,92,114
240,83,114
241,97,117
242,97,117
243,80,63
244,84,65
245,86,68
246,40,56
247,35,52
248,109,90
249,150,60
250,110,116
251,167,21
252,129,69
253,136,69
254,143,68
255,152,62
256,124,68
257,141,44
258,133,46
259,149,45
260,154,48
261,156,65
262,120,150
263,153,57
264,168,52
265,163,57
266,133,98
267,106,134
268,104,138
269,111,135
270,115,135
271,109,138
272,112,137
273,125,136
274,110,115
275,111,109
276,162,40
277,120,82
278,123,108
279,122,103
280,152,94
281,110,99
282,148,35
283,157,36
284,165,12
285,117,44
286,125,50
287,130,132
288,155,108
289,118,112
290,113,115
291,119,136
292,118,136
293,160,30
294,122,110
295,136,37
296,137,31
297,143,1
298,163,21
299,140,16
300,165,35
301,166,28
302,105,137
303,110,136
304,114,136
305,116,113
306,119,136
307,116,138
308,117,136
309,116,112
310,111,138
311,108,139
312,103,139
313,107,145
314,104,146
315,104,144
316,104,142
317,103,140
318,111,138
319,112,139
320,114,140
321,115,141
322,125,124
323,161,75
324,114,137
325,115,137
326,110,117
327,119,113
328,111,116
329,127,85
330,138,89
331,123,105
332,157,5
333,155,16
334,151,29
335,120,139
336,120,34
337,122,18
338,124,0
339,149,66
340,162,69
341,120,66
342,159,50
343,116,78
344,120,107
345,166,70
346,158,76
347,150,81
348,138,81
349,128,79
350,121,76
351,108,72
352,164,86
353,163,48
354,107,117
355,120,90
356,165,46
357,116,74
358,122,104
359,155,56
360,120,102
361,159,90
362,120,63
363,115,100
364,146,132
365,144,135
366,166,80
367,153,122
368,167,39
369,121,154
370,106,118
371,125,94
372,167,57
373,143,65
374,137,66
375,117,138
376,161,98
377,110,161
378,127,151
379,135,144
380,131,65
381,125,64
382,122,64
383,167,44
384,126,55
385,132,52
386,139,51
387,146,52
388,149,54
389,168,32
390,147,63
391,120,122
392,118,111
393,110,122
394,137,141
395,130,147
396,111,160
397,150,123
398,122,60
399,113,84
400,120,157
401,163,94
402,108,139
403,109,140
404,110,142
405,110,144
406,114,143
407,115,137
408,116,136
409,117,135
410,128,128
411,154,105
412,112,75
413,116,58
414,120,58
415,114,137
416,153,117
417,110,59
418,118,146
419,109,81
420,117,94
421,109,150
422,132,136
423,128,108
424,125,142
425,143,105
426,133,114
427,147,113
428,111,156
429,120,97
430,137,138
431,129,144
432,137,130
433,158,108
434,145,127
435,159,108
436,136,121
437,116,87
438,118,111
439,121,111
440,116,108
441,122,49
442,134,43
443,144,41
444,152,42
445,157,45
446,158,57
447,167,66
448,153,70
449,146,73
450,137,74
451,128,73
452,122,72
453,118,70
454,163,60
455,120,111
456,114,91
457,114,113
458,110,115
459,114,113
460,118,113
461,109,117
462,108,117
463,118,64
464,115,66
465,113,68
466,151,55
467,156,51
468,57,57
469,68,57
470,57,47
471,46,57
472,57,67
473,132,57
474,143,57
475,132,48
476,122,57
477,132,67
