0,98,131
1,94,105
2,95,114
3,88,79
4,94,97
5,94,86
6,95,62
7,48,64
8,95,43
9,95,32
10,96,-2
11,98,134
12,98,136
13,98,138
14,98,138
15,98,141
16,98,146
17,98,150
18,96,158
19,94,110
20,88,110
21,23,39
22,66,69
23,59,70
24,53,70
25,45,67
26,72,67
27,58,47
28,66,48
29,51,49
30,46,53
31,39,73
32,71,172
33,46,63
34,20,72
35,31,70
36,60,101
37,89,129
38,90,136
39,80,132
40,74,135
41,82,137
42,77,138
43,64,148
44,88,105
45,87,97
46,37,48
47,75,81
48,71,104
49,71,100
50,40,101
51,87,88
52,53,36
53,44,40
54,29,24
55,83,41
56,72,51
57,58,141
58,29,144
59,77,109
60,83,111
61,66,141
62,68,140
63,41,36
64,71,108
65,66,35
66,65,29
67,56,3
68,34,30
69,60,16
70,33,46
71,27,42
72,89,133
73,81,135
74,75,137
75,79,110
76,67,140
77,71,141
78,69,140
79,80,106
80,78,138
81,84,138
82,90,138
83,87,158
84,89,150
85,89,145
86,90,141
87,90,138
88,78,138
89,77,140
90,75,142
91,74,145
92,65,128
93,21,107
94,95,112
95,74,139
96,72,140
97,85,114
98,74,112
99,84,113
100,67,86
101,56,91
102,70,104
103,40,12
104,44,21
105,51,30
106,70,151
107,81,30
108,76,15
109,74,-1
110,48,69
111,31,79
112,77,65
113,39,58
114,80,76
115,76,101
116,24,84
117,35,83
118,44,84
119,57,83
120,67,79
121,74,75
122,88,64
123,25,100
124,34,58
125,91,110
126,75,88
127,19,73
128,80,70
129,70,105
130,43,63
131,76,96
132,24,126
133,77,62
134,81,91
135,42,158
136,44,168
137,20,104
138,33,149
139,23,56
140,70,180
141,92,112
142,68,95
143,26,72
144,54,65
145,60,66
146,70,143
147,26,116
148,83,191
149,63,183
150,54,177
151,95,14
152,98,192
153,65,65
154,71,64
155,75,63
156,29,58
157,71,58
158,65,57
159,59,56
160,54,58
161,50,60
162,20,54
163,51,64
164,95,120
165,71,124
166,77,108
167,85,121
168,95,53
169,51,167
170,60,174
171,82,185
172,36,159
173,75,60
174,84,77
175,97,185
176,72,188
177,22,121
178,84,138
179,82,140
180,81,144
181,81,148
182,78,155
183,72,139
184,70,139
185,69,138
186,60,135
187,34,118
188,84,69
189,82,55
190,78,57
191,74,139
192,35,137
193,88,53
194,74,164
195,94,78
196,88,72
197,95,70
198,78,89
199,97,177
200,96,167
201,85,167
202,58,152
203,64,111
204,65,159
205,49,110
206,58,119
207,43,123
208,83,177
209,74,94
210,52,158
211,62,166
212,51,143
213,28,129
214,43,145
215,26,136
216,53,129
217,79,83
218,78,105
219,74,107
220,81,99
221,77,48
222,66,43
223,56,43
224,48,45
225,42,50
226,38,66
227,19,88
228,42,75
229,49,76
230,58,76
231,67,74
232,74,71
233,79,68
234,20,90
235,74,109
236,83,84
237,83,105
238,87,109
239,83,106
240,76,111
241,88,109
242,89,111
243,79,62
244,83,63
245,85,63
246,48,61
247,43,58
248,101,79
249,147,59
250,102,110
251,177,34
252,128,65
253,134,65
254,141,66
255,150,62
256,123,63
257,137,44
258,130,44
259,144,45
260,149,49
261,157,68
262,124,172
263,150,57
264,181,67
265,166,64
266,133,99
267,107,129
268,106,136
269,116,132
270,122,136
271,113,137
272,119,138
273,131,147
274,100,105
275,101,97
276,159,43
277,118,80
278,119,103
279,120,99
280,156,98
281,101,87
282,141,32
283,151,36
284,168,19
285,111,39
286,124,47
287,137,140
288,177,141
289,114,108
290,108,110
291,129,141
292,127,141
293,155,32
294,120,107
295,127,33
296,128,26
297,138,0
298,162,26
299,133,14
300,164,41
301,171,38
302,107,133
303,115,135
304,121,137
305,112,110
306,128,141
307,125,142
308,126,141
309,110,105
310,118,139
311,112,138
312,105,138
313,106,157
314,107,150
315,106,145
316,106,141
317,105,138
318,117,139
319,119,140
320,120,142
321,121,145
322,128,127
323,184,103
324,122,140
325,123,140
326,105,114
327,118,112
328,106,112
329,126,84
330,138,89
331,122,103
332,156,7
333,150,18
334,143,26
335,124,151
336,112,28
337,115,13
338,118,-2
339,147,65
340,165,75
341,120,61
342,157,53
343,113,75
344,114,100
345,174,80
346,159,79
347,149,82
348,135,80
349,126,76
350,119,72
351,102,64
352,174,97
353,163,53
354,98,109
355,117,87
356,184,68
357,113,68
358,122,103
359,153,58
360,115,95
361,182,122
362,120,58
363,108,90
364,159,157
365,159,167
366,182,100
367,169,147
368,176,51
369,127,180
370,98,111
371,124,93
372,174,66
373,140,60
374,134,60
375,126,143
376,173,112
377,113,191
378,137,182
379,147,176
380,129,60
381,125,59
382,122,59
383,170,52
384,126,54
385,131,52
386,136,52
387,142,53
388,145,55
389,182,49
390,144,60
391,121,123
392,114,107
393,106,120
394,148,166
395,138,173
396,113,185
397,169,156
398,122,56
399,107,76
400,126,187
401,180,118
402,112,138
403,113,141
404,114,144
405,115,148
406,116,155
407,123,139
408,125,139
409,126,138
410,134,133
411,163,116
412,107,69
413,113,52
414,118,53
415,122,140
416,165,135
417,106,52
418,120,163
419,102,72
420,113,89
421,108,167
422,138,151
423,129,110
424,130,158
425,145,108
426,136,117
427,153,121
428,111,176
429,118,93
430,145,157
431,135,165
432,145,141
433,172,126
434,155,143
435,177,133
436,142,127
437,112,82
438,112,104
439,117,106
440,108,98
441,118,45
442,129,40
443,138,39
444,147,42
445,153,46
446,159,61
447,182,83
448,152,71
449,145,73
450,135,72
451,127,70
452,121,67
453,116,65
454,184,85
455,117,108
456,107,83
457,106,104
458,102,108
459,106,106
460,115,111
461,101,109
462,100,111
463,117,58
464,113,60
465,109,61
466,148,56
467,153,53
468,60,62
469,67,61
470,60,55
471,53,62
472,60,68
473,137,56
474,143,56
475,137,49
476,131,56
477,136,62
