0,103,134
1,101,110
2,98,116
3,94,84
4,102,102
5,101,92
6,100,66
7,45,57
8,100,49
9,100,39
10,100,-2
11,102,136
12,101,138
13,100,140
14,100,139
15,100,142
16,100,145
17,99,149
18,94,160
19,100,113
20,91,112
21,12,26
22,66,64
23,59,65
24,51,65
25,41,60
26,72,63
27,55,46
28,63,46
29,47,47
30,42,49
31,34,65
32,65,173
33,41,55
34,8,61
35,24,60
36,58,98
37,93,132
38,92,138
39,82,133
40,73,134
41,83,137
42,75,136
43,56,143
44,95,109
45,94,102
46,31,44
47,74,80
48,73,104
49,73,100
50,34,96
51,94,92
52,51,38
53,40,40
54,21,14
55,84,46
56,70,49
57,50,136
58,10,133
59,78,109
60,85,112
61,61,136
62,63,136
63,35,35
64,72,107
65,65,39
66,64,34
67,55,0
68,28,24
69,60,16
70,26,40
71,18,34
72,93,135
73,82,135
74,74,135
75,80,110
76,62,136
77,67,138
78,64,136
79,84,108
80,76,137
81,83,138
82,92,139
83,83,160
84,89,148
85,90,145
86,91,142
87,92,139
88,76,137
89,74,139
90,73,140
91,71,142
92,61,125
93,3,93
94,99,115
95,70,137
96,68,137
97,87,115
98,74,111
99,86,113
100,66,84
101,54,88
102,70,103
103,35,4
104,41,18
105,48,32
106,64,150
107,82,36
108,79,16
109,76,-3
110,45,63
111,25,70
112,76,62
113,34,52
114,80,76
115,79,103
116,16,76
117,31,76
118,41,79
119,56,78
120,67,75
121,74,73
122,92,67
123,16,92
124,27,51
125,96,113
126,75,88
127,4,58
128,81,69
129,69,102
130,38,56
131,79,97
132,5,113
133,75,59
134,87,94
135,29,154
136,28,163
137,7,94
138,19,143
139,13,46
140,63,182
141,96,114
142,67,93
143,17,60
144,52,60
145,59,60
146,65,139
147,16,108
148,77,193
149,52,182
150,41,175
151,100,17
152,93,195
153,65,60
154,70,59
155,74,59
156,21,48
157,68,54
158,62,51
159,56,51
160,49,52
161,45,53
162,7,40
163,48,59
164,97,121
165,70,122
166,79,108
167,86,121
168,99,57
169,40,165
170,51,174
171,77,188
172,18,150
173,73,57
174,87,79
175,93,189
176,64,189
177,8,111
178,83,138
179,82,140
180,81,143
181,79,146
182,72,156
183,68,136
184,67,135
185,66,135
186,54,130
187,26,113
188,86,71
189,82,55
190,76,55
191,70,137
192,23,132
193,89,56
194,68,164
195,101,83
196,93,76
197,100,74
198,81,90
199,94,181
200,94,170
201,81,169
202,50,148
203,62,108
204,58,157
205,45,107
206,54,116
207,36,119
208,78,179
209,75,94
210,43,155
211,54,165
212,43,138
213,16,122
214,33,140
215,11,127
216,47,124
217,81,83
218,82,107
219,76,107
220,87,102
221,76,49
222,64,44
223,53,43
224,44,44
225,38,47
226,32,58
227,7,77
228,38,68
229,47,71
230,57,71
231,66,69
232,73,67
233,79,66
234,3,75
235,75,109
236,87,86
237,88,108
238,91,112
239,88,109
240,77,111
241,93,112
242,93,114
243,78,60
244,83,62
245,85,64
246,43,55
247,38,52
248,107,84
249,144,61
250,106,112
251,165,30
252,125,66
253,131,67
254,138,67
255,146,64
256,119,65
257,138,49
258,130,49
259,145,50
260,149,52
261,150,68
262,120,173
263,146,59
264,166,64
265,157,63
266,132,99
267,111,133
268,108,138
269,117,134
270,121,135
271,113,138
272,117,138
273,126,144
274,107,109
275,108,102
276,158,47
277,118,81
278,122,105
279,122,100
280,151,98
281,108,92
282,147,42
283,154,43
284,161,18
285,116,48
286,123,51
287,132,137
288,157,134
289,116,109
290,110,112
291,124,139
292,122,139
293,158,39
294,121,108
295,134,43
296,136,37
297,139,2
298,158,27
299,135,18
300,161,44
301,163,37
302,110,136
303,115,136
304,119,137
305,114,111
306,123,139
307,121,140
308,122,139
309,114,108
310,115,139
311,111,139
312,106,140
313,103,160
314,107,148
315,108,145
316,108,142
317,107,139
318,115,139
319,117,140
320,118,142
321,119,143
322,126,126
323,162,96
324,118,139
325,120,139
326,108,115
327,118,112
328,109,113
329,125,85
330,136,90
331,123,103
332,153,8
333,150,21
334,149,36
335,120,150
336,120,39
337,119,17
338,122,-1
339,143,66
340,155,73
341,116,63
342,153,55
343,114,76
344,118,103
345,164,79
346,152,79
347,145,82
348,133,81
349,124,77
350,117,74
351,106,68
352,164,95
353,158,54
354,104,113
355,118,88
356,164,62
357,113,71
358,122,103
359,149,59
360,118,98
361,160,114
362,116,61
363,113,94
364,148,154
365,145,162
366,166,96
367,155,143
368,165,49
369,121,181
370,102,114
371,124,94
372,160,64
373,138,63
374,132,63
375,122,141
376,163,110
377,108,193
378,128,181
379,136,173
380,126,62
381,121,61
382,118,61
383,161,52
384,123,55
385,129,53
386,135,53
387,141,54
388,144,56
389,166,44
390,142,62
391,120,122
392,117,109
393,108,121
394,139,164
395,130,173
396,108,187
397,152,150
398,118,58
399,111,79
400,119,188
401,164,113
402,112,139
403,113,141
404,114,143
405,114,146
406,113,156
407,120,138
408,122,138
409,123,137
410,131,131
411,156,114
412,110,71
413,113,57
414,117,57
415,118,139
416,155,132
417,109,57
418,116,164
419,106,76
420,115,91
421,105,169
422,132,148
423,127,109
424,125,157
425,143,108
426,133,117
427,148,120
428,108,179
429,119,94
430,137,155
431,129,165
432,139,139
433,160,123
434,147,141
435,161,128
436,138,126
437,114,84
438,116,107
439,120,108
440,114,102
441,120,51
442,132,47
443,142,46
444,149,48
445,153,51
446,152,61
447,167,80
448,147,72
449,141,74
450,132,73
451,124,71
452,118,69
453,114,67
454,163,79
455,119,109
456,111,87
457,112,108
458,107,112
459,111,109
460,117,111
461,106,112
462,105,114
463,114,61
464,111,64
465,110,66
466,145,58
467,150,55
468,56,55
469,62,55
470,56,49
471,49,55
472,56,61
473,129,58
474,136,58
475,130,52
476,122,58
477,129,64
