0,103,131
1,101,106
2,99,114
3,94,81
4,102,98
5,101,88
6,100,65
7,44,60
8,100,48
9,101,38
10,101,0
11,102,134
12,102,137
13,101,139
14,101,139
15,101,142
16,101,146
17,100,150
18,98,159
19,101,110
20,92,110
21,17,32
22,64,67
23,57,67
24,50,67
25,40,63
26,71,66
27,55,47
28,64,48
29,47,48
30,42,51
31,34,68
32,67,173
33,41,58
34,12,65
35,26,64
36,59,99
37,92,130
38,92,137
39,81,133
40,73,135
41,84,137
42,77,138
43,60,144
44,95,106
45,94,98
46,33,47
47,76,81
48,75,103
49,74,99
50,36,97
51,94,89
52,53,39
53,41,42
54,25,19
55,85,47
56,71,51
57,54,137
58,14,138
59,80,108
60,87,110
61,64,140
62,66,140
63,38,38
64,74,106
65,67,41
66,66,35
67,58,2
68,32,27
69,63,17
70,29,44
71,23,37
72,92,134
73,82,135
74,75,137
75,82,109
76,65,140
77,70,141
78,68,140
79,85,105
80,78,139
81,85,139
82,93,139
83,87,159
84,90,150
85,91,145
86,92,142
87,92,139
88,78,139
89,76,140
90,74,142
91,73,145
92,64,125
93,7,100
94,100,112
95,73,139
96,71,140
97,89,113
98,76,111
99,88,112
100,67,85
101,54,89
102,72,102
103,39,8
104,45,19
105,51,34
106,67,150
107,83,38
108,81,17
109,78,0
110,44,66
111,25,74
112,75,64
113,34,55
114,82,76
115,80,100
116,17,79
117,30,78
118,40,81
119,55,80
120,65,77
121,74,74
122,93,66
123,17,95
124,29,55
125,97,110
126,76,88
127,8,65
128,80,70
129,71,103
130,38,59
131,80,95
132,9,118
133,75,62
134,87,91
135,32,156
136,31,165
137,9,98
138,22,146
139,17,50
140,66,181
141,97,112
142,69,93
143,19,66
144,51,62
145,57,63
146,68,142
147,17,111
148,80,192
149,55,182
150,44,175
151,101,18
152,97,193
153,63,63
154,69,62
155,73,62
156,23,54
157,69,56
158,63,53
159,56,52
160,50,53
161,45,55
162,12,47
163,47,61
164,99,120
165,73,121
166,81,106
167,88,120
168,100,56
169,43,166
170,54,174
171,80,186
172,21,154
173,73,59
174,88,78
175,97,188
176,67,188
177,11,115
178,85,139
179,83,141
180,82,144
181,80,148
182,76,155
183,71,139
184,69,138
185,68,138
186,57,130
187,28,114
188,87,70
189,82,57
190,77,57
191,73,139
192,26,134
193,89,57
194,71,164
195,101,80
196,94,74
197,101,73
198,82,89
199,97,179
200,98,169
201,84,168
202,53,149
203,64,109
204,61,158
205,46,107
206,56,116
207,38,120
208,81,178
209,76,93
210,46,156
211,57,165
212,47,139
213,18,124
214,36,141
215,14,131
216,49,125
217,82,83
218,83,104
219,77,105
220,87,99
221,77,51
222,65,45
223,54,44
224,45,45
225,38,49
226,33,62
227,10,81
228,38,71
229,45,73
230,55,73
231,65,72
232,73,70
233,78,68
234,7,82
235,77,107
236,88,84
237,89,105
238,92,109
239,88,106
240,79,110
241,94,109
242,94,111
243,78,62
244,82,64
245,85,65
246,43,57
247,38,54
248,107,81
249,148,65
250,107,110
251,171,39
252,129,69
253,136,70
254,142,70
255,151,68
256,123,67
257,140,52
258,132,52
259,147,54
260,152,57
261,157,73
262,125,174
263,151,64
264,174,71
265,165,69
266,136,101
267,112,130
268,110,137
269,121,132
270,126,134
271,117,137
272,122,137
273,132,146
274,107,106
275,109,98
276,161,53
277,121,82
278,123,104
279,124,100
280,157,101
281,108,89
282,145,46
283,155,48
284,165,25
285,115,50
286,125,54
287,138,139
288,166,142
289,117,109
290,111,111
291,131,139
292,129,139
293,158,44
294,123,107
295,132,46
296,133,40
297,141,6
298,162,32
299,137,20
300,164,50
301,168,43
302,112,134
303,119,134
304,124,136
305,115,110
306,130,139
307,127,140
308,128,138
309,115,106
310,120,138
311,115,138
312,109,138
313,108,159
314,110,149
315,110,145
316,109,141
317,109,138
318,120,138
319,122,140
320,123,142
321,124,144
322,130,126
323,172,105
324,124,138
325,125,139
326,109,114
327,120,112
328,110,112
329,128,86
330,141,92
331,125,104
332,156,14
333,152,25
334,147,40
335,125,151
336,117,41
337,120,18
338,123,1
339,148,70
340,164,79
341,119,66
342,158,61
343,116,77
344,119,102
345,171,84
346,160,83
347,151,85
348,138,83
349,128,80
350,121,76
351,107,67
352,171,100
353,163,60
354,104,110
355,121,89
356,174,71
357,115,72
358,125,104
359,154,65
360,120,97
361,170,123
362,119,63
363,114,92
364,155,158
365,153,168
366,175,103
367,164,149
368,171,56
369,126,182
370,103,112
371,127,95
372,170,71
373,142,65
374,136,65
375,128,141
376,170,115
377,112,192
378,133,183
379,142,177
380,130,64
381,125,64
382,121,63
383,167,59
384,126,59
385,132,57
386,138,57
387,144,59
388,147,61
389,173,53
390,145,65
391,123,122
392,118,107
393,110,120
394,145,168
395,136,175
396,113,187
397,160,157
398,122,61
399,112,78
400,124,188
401,173,120
402,115,138
403,116,140
404,117,143
405,118,147
406,118,156
407,126,138
408,128,137
409,130,136
410,136,132
411,163,118
412,111,71
413,115,59
414,119,59
415,124,138
416,162,137
417,109,59
418,122,165
419,107,74
420,117,90
421,110,169
422,138,151
423,131,110
424,130,159
425,148,110
426,138,118
427,154,123
428,112,179
429,121,95
430,144,158
431,134,166
432,145,141
433,168,128
434,153,144
435,170,135
436,143,127
437,116,84
438,117,105
439,121,107
440,114,100
441,120,54
442,132,50
443,142,50
444,150,52
445,156,55
446,158,67
447,175,87
448,153,76
449,146,77
450,137,76
451,128,74
452,121,72
453,117,69
454,173,88
455,120,109
456,112,85
457,112,105
458,108,109
459,112,107
460,118,111
461,107,110
462,105,111
463,117,63
464,113,65
465,112,67
466,149,63
467,154,60
468,57,57
469,64,58
470,57,51
471,49,57
472,56,64
473,136,61
474,143,61
475,137,55
476,129,60
477,136,67
