0,99,135
1,102,105
2,100,112
3,95,79
4,102,97
5,102,87
6,101,63
7,44,60
8,101,46
9,102,37
10,103,0
11,99,138
12,98,140
13,98,141
14,98,141
15,98,143
16,99,146
17,99,149
18,96,163
19,101,109
20,92,108
21,15,32
22,65,64
23,58,65
24,51,65
25,40,63
26,71,63
27,55,48
28,63,49
29,47,49
30,42,51
31,34,67
32,64,175
33,41,59
34,11,64
35,25,63
36,59,96
37,89,134
38,90,139
39,80,135
40,74,137
41,83,139
42,77,139
43,58,145
44,95,105
45,94,97
46,31,46
47,76,78
48,74,101
49,73,97
50,36,94
51,95,87
52,52,39
53,40,41
54,25,18
55,86,47
56,70,51
57,52,136
58,12,137
59,79,105
60,86,108
61,66,141
62,68,141
63,36,36
64,72,104
65,67,41
66,66,34
67,59,2
68,31,26
69,64,16
70,27,42
71,22,37
72,90,137
73,82,137
74,75,138
75,81,107
76,67,141
77,70,142
78,69,141
79,84,104
80,78,140
81,84,140
82,91,140
83,85,162
84,90,148
85,90,145
86,90,142
87,90,140
88,77,140
89,76,141
90,75,143
91,74,145
92,62,123
93,6,98
94,100,110
95,73,141
96,72,141
97,88,111
98,75,108
99,87,109
100,68,82
101,55,86
102,71,100
103,39,8
104,45,19
105,50,33
106,65,152
107,84,37
108,82,16
109,80,0
110,44,65
111,26,72
112,75,62
113,34,54
114,82,73
115,80,99
116,18,77
117,32,76
118,42,79
119,56,78
120,67,75
121,75,72
122,93,64
123,18,92
124,28,53
125,97,109
126,76,85
127,7,64
128,81,68
129,70,100
130,37,59
131,79,94
132,8,117
133,74,59
134,87,90
135,29,156
136,28,166
137,9,96
138,20,145
139,16,49
140,62,185
141,97,110
142,69,90
143,19,64
144,52,61
145,58,60
146,69,143
147,17,108
148,76,197
149,51,186
150,40,178
151,103,17
152,94,199
153,64,60
154,69,59
155,72,59
156,22,52
157,67,56
158,61,55
159,56,55
160,50,56
161,46,57
162,10,46
163,48,61
164,99,117
165,71,119
166,80,104
167,87,117
168,101,54
169,39,167
170,50,176
171,77,190
172,19,154
173,72,58
174,88,76
175,95,192
176,62,192
177,10,113
178,83,140
179,82,142
180,82,144
181,81,147
182,73,158
183,72,140
184,70,140
185,69,139
186,56,129
187,28,112
188,88,68
189,82,55
190,76,56
191,73,141
192,24,132
193,90,56
194,69,166
195,101,78
196,94,72
197,101,71
198,82,87
199,95,183
200,96,172
201,82,171
202,51,149
203,63,106
204,58,158
205,46,105
206,56,114
207,38,117
208,79,181
209,76,91
210,43,156
211,53,166
212,45,138
213,18,122
214,34,140
215,13,130
216,48,123
217,82,80
218,82,102
219,76,104
220,87,98
221,77,50
222,65,46
223,54,44
224,44,46
225,37,49
226,32,61
227,9,80
228,39,70
229,47,71
230,57,71
231,66,69
232,73,67
233,78,65
234,6,81
235,76,105
236,88,82
237,89,103
238,92,107
239,88,105
240,77,107
241,94,108
242,94,109
243,77,60
244,83,62
245,86,63
246,43,58
247,38,55
248,108,80
249,146,62
250,108,108
251,172,37
252,128,66
253,135,67
254,141,67
255,149,65
256,123,64
257,139,50
258,132,50
259,146,51
260,150,54
261,155,70
262,124,175
263,148,61
264,174,69
265,163,66
266,136,98
267,107,134
268,106,140
269,115,137
270,121,139
271,113,140
272,117,141
273,132,145
274,108,105
275,109,97
276,161,49
277,121,79
278,125,101
279,125,97
280,156,97
281,108,88
282,146,41
283,155,43
284,167,24
285,115,46
286,125,52
287,138,137
288,165,140
289,119,106
290,113,108
291,126,143
292,124,143
293,159,39
294,125,104
295,133,41
296,135,36
297,143,5
298,163,32
299,139,20
300,165,46
301,169,42
302,107,137
303,114,138
304,119,140
305,117,107
306,125,143
307,122,144
308,123,142
309,116,104
310,116,141
311,111,141
312,105,141
313,107,162
314,107,149
315,107,146
316,106,143
317,105,141
318,116,141
319,118,143
320,119,144
321,120,146
322,131,124
323,171,103
324,119,142
325,121,143
326,110,111
327,122,109
328,112,110
329,128,83
330,140,88
331,126,101
332,158,13
333,154,24
334,149,35
335,125,152
336,118,38
337,122,18
338,125,1
339,146,67
340,162,75
341,119,63
342,157,57
343,116,74
344,121,99
345,170,81
346,158,79
347,150,81
348,137,79
349,127,76
350,120,72
351,108,65
352,170,96
353,162,57
354,105,109
355,121,86
356,174,69
357,115,68
358,126,101
359,152,62
360,121,94
361,169,121
362,119,60
363,115,90
364,154,157
365,152,167
366,174,100
367,162,146
368,172,54
369,125,185
370,104,110
371,127,92
372,168,68
373,140,63
374,135,63
375,124,145
376,169,111
377,110,197
378,133,185
379,142,178
380,130,62
381,124,61
382,121,61
383,166,56
384,125,57
385,131,56
386,137,56
387,142,58
388,145,59
389,174,51
390,144,62
391,124,119
392,119,105
393,110,117
394,144,167
395,135,176
396,111,190
397,159,155
398,121,59
399,112,76
400,123,192
401,172,117
402,111,141
403,113,143
404,114,145
405,115,148
406,117,158
407,121,142
408,123,141
409,124,141
410,136,130
411,161,114
412,112,69
413,114,56
414,118,56
415,119,142
416,161,134
417,109,55
418,120,166
419,108,72
420,118,88
421,109,171
422,137,149
423,131,107
424,130,159
425,147,107
426,137,115
427,152,119
428,111,181
429,122,92
430,143,157
431,134,167
432,144,139
433,167,125
434,152,142
435,168,132
436,142,125
437,116,81
438,118,103
439,123,104
440,115,98
441,120,50
442,132,47
443,142,46
444,150,48
445,155,52
446,157,64
447,175,84
448,152,72
449,145,73
450,136,73
451,128,71
452,121,68
453,116,66
454,172,86
455,122,106
456,113,83
457,113,104
458,109,107
459,113,105
460,120,108
461,107,108
462,106,110
463,116,60
464,113,62
465,111,63
466,147,61
467,153,58
468,52,58
469,59,58
470,52,52
471,46,59
472,53,64
473,133,59
474,140,59
475,133,53
476,127,58
477,133,64
