0,100,134
1,99,108
2,98,114
3,92,83
4,99,100
5,98,90
6,98,66
7,48,64
8,98,50
9,97,41
10,97,9
11,100,137
12,100,140
13,100,142
14,100,144
15,100,148
16,100,154
17,99,159
18,99,165
19,99,112
20,90,111
21,22,40
22,68,68
23,61,69
24,54,69
25,45,66
26,74,66
27,57,52
28,65,52
29,49,53
30,45,56
31,39,71
32,68,173
33,46,63
34,19,69
35,30,67
36,59,98
37,88,132
38,89,140
39,77,133
40,70,134
41,80,139
42,73,138
43,59,143
44,92,108
45,91,100
46,35,51
47,75,81
48,72,103
49,72,99
50,38,97
51,91,91
52,51,43
53,42,46
54,28,29
55,83,46
56,72,54
57,53,134
58,24,135
59,77,108
60,84,110
61,60,136
62,62,137
63,38,43
64,71,106
65,65,42
66,63,37
67,55,13
68,33,36
69,60,25
70,31,49
71,26,45
72,89,136
73,79,136
74,71,136
75,79,109
76,61,137
77,65,140
78,63,137
79,82,106
80,75,139
81,81,141
82,90,142
83,87,164
84,87,158
85,88,152
86,89,147
87,90,143
88,75,140
89,73,142
90,71,144
91,69,147
92,63,124
93,18,99
94,99,113
95,69,139
96,67,140
97,87,113
98,74,110
99,86,112
100,67,85
101,55,89
102,70,102
103,38,19
104,44,29
105,49,38
106,66,151
107,80,38
108,77,24
109,74,9
110,48,68
111,31,75
112,78,65
113,38,59
114,81,77
115,77,102
116,23,81
117,35,79
118,44,81
119,58,80
120,68,77
121,76,74
122,91,68
123,23,94
124,32,59
125,94,111
126,75,88
127,17,68
128,82,71
129,69,102
130,42,63
131,77,96
132,20,116
133,78,63
134,84,93
135,38,152
136,39,162
137,18,97
138,29,142
139,22,56
140,67,182
141,95,113
142,68,93
143,24,68
144,55,65
145,61,65
146,64,141
147,24,109
148,82,194
149,58,181
150,49,173
151,97,25
152,99,195
153,67,64
154,72,63
155,76,63
156,27,57
157,71,59
158,65,58
159,59,58
160,53,59
161,49,61
162,18,53
163,51,64
164,99,120
165,71,120
166,78,107
167,86,120
168,98,58
169,47,163
170,56,173
171,81,188
172,31,150
173,76,61
174,86,79
175,99,190
176,69,188
177,20,113
178,82,142
179,80,145
180,78,149
181,77,153
182,75,158
183,68,137
184,66,136
185,64,135
186,56,128
187,32,112
188,86,72
189,83,57
190,78,58
191,69,138
192,31,130
193,89,57
194,71,165
195,98,82
196,91,76
197,98,74
198,80,90
199,99,182
200,99,173
201,84,171
202,54,147
203,63,108
204,62,157
205,47,106
206,56,115
207,41,118
208,82,180
209,75,94
210,48,154
211,58,164
212,48,136
213,25,121
214,40,138
215,23,128
216,50,123
217,81,84
218,80,105
219,74,106
220,84,101
221,77,52
222,65,48
223,55,48
224,46,51
225,41,54
226,37,65
227,17,83
228,43,73
229,50,74
230,59,74
231,68,72
232,75,70
233,80,68
234,17,84
235,74,107
236,86,86
237,86,106
238,90,110
239,86,107
240,76,109
241,92,111
242,92,112
243,80,63
244,84,64
245,86,65
246,47,62
247,42,59
248,105,83
249,148,63
250,107,111
251,171,40
252,128,67
253,135,68
254,142,68
255,151,65
256,123,66
257,140,50
258,132,50
259,147,52
260,152,55
261,157,70
262,129,174
263,151,61
264,175,69
265,164,66
266,137,99
267,112,131
268,110,139
269,122,132
270,129,133
271,119,138
272,126,137
273,137,144
274,105,108
275,106,100
276,160,50
277,120,81
278,124,103
279,125,99
280,157,97
281,106,91
282,144,43
283,153,46
284,165,29
285,113,46
286,124,53
287,143,135
288,170,134
289,119,108
290,113,110
291,138,135
292,136,136
293,157,42
294,125,106
295,131,42
296,132,37
297,138,13
298,161,36
299,134,25
300,164,48
301,167,45
302,111,136
303,121,135
304,128,135
305,117,109
306,137,136
307,133,140
308,135,136
309,115,107
310,124,139
311,117,140
312,109,142
313,111,164
314,111,157
315,111,152
316,110,147
317,109,143
318,124,140
319,126,142
320,128,144
321,129,146
322,134,124
323,175,99
324,129,138
325,131,139
326,110,113
327,123,110
328,111,112
329,128,85
330,140,89
331,126,102
332,154,19
333,150,29
334,146,38
335,131,152
336,116,38
337,116,24
338,119,10
339,148,67
340,164,75
341,119,64
342,158,58
343,115,77
344,119,102
345,171,81
346,159,79
347,150,81
348,137,80
349,127,77
350,120,74
351,105,68
352,172,94
353,163,58
354,103,111
355,121,88
356,176,69
357,114,70
358,127,102
359,154,62
360,119,97
361,174,116
362,119,62
363,112,93
364,158,152
365,157,161
366,176,97
367,166,141
368,171,56
369,130,182
370,102,113
371,128,93
372,170,68
373,141,64
374,135,64
375,134,141
376,171,109
377,116,194
378,139,180
379,147,172
380,130,63
381,124,63
382,121,63
383,167,56
384,126,58
385,132,56
386,138,56
387,144,57
388,148,59
389,175,53
390,145,64
391,126,121
392,119,107
393,111,120
394,149,163
395,140,172
396,116,188
397,164,149
398,121,61
399,110,79
400,129,188
401,175,113
402,117,142
403,119,145
404,121,148
405,121,153
406,122,159
407,131,136
408,133,135
409,134,134
410,140,129
411,163,112
412,110,72
413,114,57
414,118,58
415,129,138
416,164,130
417,107,57
418,126,165
419,105,76
420,117,90
421,113,171
422,143,147
423,133,108
424,135,157
425,149,107
426,140,115
427,155,118
428,115,180
429,122,94
430,148,154
431,139,164
432,149,136
433,170,121
434,156,138
435,172,128
436,146,123
437,115,84
438,117,105
439,122,106
440,113,101
441,119,51
442,131,48
443,141,48
444,149,49
445,155,53
446,158,64
447,176,83
448,153,73
449,145,74
450,136,73
451,127,71
452,121,69
453,116,68
454,176,84
455,122,108
456,111,86
457,111,106
458,107,110
459,111,107
460,120,110
461,105,111
462,105,112
463,117,62
464,113,64
465,110,65
466,150,60
467,154,58
468,59,61
469,66,61
470,59,55
471,52,61
472,60,67
473,136,60
474,143,60
475,136,54
476,129,59
477,136,65
