0,93,128
1,99,99
2,99,110
3,92,76
4,99,91
5,99,82
6,98,62
7,40,66
8,97,45
9,97,34
10,97,2
11,93,131
12,94,134
13,94,136
14,94,150
15,94,152
16,93,155
17,93,159
18,100,167
19,99,104
20,91,105
21,9,46
22,63,70
23,55,71
24,47,72
25,36,69
26,70,68
27,48,51
28,58,51
29,40,53
30,34,56
31,30,74
32,68,181
33,36,65
34,6,78
35,20,69
36,57,101
37,82,127
38,84,134
39,72,131
40,66,136
41,76,136
42,71,139
43,61,153
44,93,99
45,91,92
46,21,49
47,73,81
48,72,101
49,71,97
50,33,102
51,91,83
52,40,40
53,28,43
54,18,30
55,78,43
56,67,53
57,55,145
58,14,155
59,78,105
60,85,107
61,62,146
62,64,146
63,23,38
64,71,105
65,56,39
66,53,33
67,51,8
68,24,34
69,55,19
70,17,46
71,15,47
72,83,131
73,74,134
74,68,137
75,80,107
76,63,146
77,66,149
78,65,145
79,83,101
80,73,139
81,78,137
82,85,136
83,89,166
84,83,158
85,83,155
86,84,152
87,85,150
88,73,149
89,71,150
90,69,152
91,68,154
92,64,128
93,5,116
94,99,107
95,69,148
96,67,148
97,88,110
98,74,110
99,87,109
100,65,86
101,52,92
102,70,102
103,31,17
104,36,24
105,36,34
106,68,158
107,74,33
108,75,18
109,72,3
110,40,71
111,22,80
112,74,65
113,27,60
114,79,76
115,77,97
116,13,88
117,27,84
118,38,86
119,53,84
120,65,80
121,74,76
122,90,64
123,14,104
124,20,59
125,95,104
126,74,88
127,3,81
128,80,71
129,69,103
130,32,65
131,77,92
132,8,135
133,74,63
134,84,87
135,31,167
136,31,179
137,6,110
138,22,157
139,10,62
140,65,191
141,96,107
142,67,94
143,14,71
144,47,67
145,54,67
146,64,150
147,15,120
148,81,204
149,54,195
150,43,189
151,97,18
152,100,205
153,61,66
154,68,64
155,72,63
156,15,57
157,66,59
158,59,58
159,51,58
160,45,60
161,40,62
162,5,62
163,43,67
164,100,116
165,71,122
166,78,103
167,87,117
168,98,54
169,42,177
170,53,184
171,81,196
172,22,169
173,71,61
174,85,75
175,100,197
176,66,201
177,9,128
178,78,149
179,77,151
180,75,153
181,74,157
182,77,163
183,66,142
184,64,142
185,63,141
186,58,136
187,27,121
188,85,69
189,80,56
190,75,58
191,68,142
192,26,143
193,87,55
194,72,171
195,99,75
196,91,70
197,98,68
198,79,87
199,100,186
200,100,176
201,86,175
202,53,157
203,63,110
204,61,165
205,45,111
206,56,119
207,38,125
208,83,186
209,74,93
210,45,165
211,56,174
212,47,147
213,18,134
214,36,150
215,13,144
216,50,131
217,80,81
218,80,99
219,75,103
220,84,94
221,72,50
222,57,46
223,45,47
224,35,49
225,29,53
226,27,67
227,5,94
228,34,77
229,43,78
230,54,77
231,64,75
232,72,71
233,78,69
234,4,99
235,75,106
236,85,81
237,87,99
238,91,103
239,87,101
240,77,109
241,93,104
242,93,106
243,77,63
244,82,64
245,84,65
246,38,64
247,31,60
248,105,76
249,152,67
250,107,105
251,181,43
252,131,71
253,138,72
254,146,72
255,155,70
256,125,69
257,143,51
258,135,51
259,151,53
260,156,56
261,162,74
262,132,179
263,155,65
264,186,76
265,171,70
266,139,99
267,105,127
268,105,134
269,119,130
270,128,135
271,116,136
272,124,138
273,139,151
274,106,99
275,107,91
276,168,50
277,122,81
278,126,100
279,126,96
280,162,100
281,106,83
282,150,40
283,161,43
284,174,28
285,115,44
286,127,54
287,145,143
288,181,152
289,120,104
290,113,107
291,139,145
292,136,145
293,166,39
294,126,104
295,135,40
296,137,33
297,142,7
298,168,33
299,138,19
300,173,47
301,176,46
302,105,131
303,117,133
304,126,137
305,118,106
306,137,145
307,132,148
308,135,145
309,115,100
310,123,139
311,115,137
312,105,136
313,112,166
314,105,158
315,105,154
316,105,151
317,105,150
318,123,149
319,124,149
320,125,151
321,126,153
322,135,127
323,187,114
324,129,148
325,131,148
326,111,110
327,123,109
328,112,108
329,131,85
330,144,90
331,128,100
332,161,16
333,156,24
334,153,34
335,132,157
336,118,34
337,119,18
338,122,3
339,152,71
340,170,79
341,121,67
342,164,60
343,116,75
344,120,96
345,180,86
346,164,83
347,154,85
348,140,83
349,129,80
350,121,76
351,105,64
352,180,101
353,170,59
354,104,104
355,122,87
356,187,79
357,115,72
358,128,102
359,159,66
360,121,92
361,186,132
362,121,65
363,113,86
364,167,164
365,167,177
366,187,108
367,175,155
368,181,60
369,134,189
370,103,107
371,130,93
372,177,72
373,145,68
374,139,68
375,134,149
376,180,117
377,119,203
378,145,193
379,155,186
380,133,67
381,127,66
382,123,66
383,175,58
384,128,61
385,135,59
386,141,59
387,147,60
388,151,62
389,186,59
390,149,67
391,128,121
392,120,103
393,112,117
394,157,174
395,146,182
396,119,195
397,174,166
398,123,63
399,111,75
400,133,199
401,186,125
402,114,149
403,115,151
404,116,153
405,116,156
406,123,162
407,132,141
408,133,141
409,135,140
410,142,134
411,169,119
412,111,69
413,115,58
414,120,60
415,130,141
416,171,140
417,108,56
418,127,170
419,106,70
420,118,87
421,114,175
422,146,155
423,135,109
424,138,164
425,152,109
426,142,117
427,159,123
428,117,185
429,123,92
430,153,163
431,143,172
432,152,145
433,178,132
434,162,148
435,183,141
436,149,129
437,117,81
438,118,99
439,123,102
440,114,93
441,122,51
442,135,47
443,146,47
444,155,49
445,161,53
446,164,68
447,187,91
448,157,77
449,149,78
450,139,77
451,130,75
452,122,73
453,117,70
454,187,96
455,123,105
456,112,80
457,112,98
458,107,103
459,112,101
460,121,108
461,106,104
462,105,106
463,118,65
464,113,65
465,111,66
466,153,64
467,159,60
468,54,62
469,62,62
470,53,56
471,45,63
472,55,69
473,139,63
474,147,64
475,140,57
476,131,63
477,138,70
