0,104,132
1,110,105
2,104,113
3,101,80
4,111,97
5,109,87
6,104,64
7,45,59
8,103,45
9,103,36
10,103,1
11,104,135
12,103,137
13,101,138
14,101,150
15,101,154
16,101,158
17,100,163
18,97,168
19,108,109
20,99,109
21,7,31
22,67,65
23,60,66
24,52,66
25,41,62
26,73,64
27,58,44
28,66,45
29,50,46
30,44,49
31,33,67
32,65,177
33,42,57
34,1,64
35,23,62
36,61,98
37,93,131
38,92,136
39,80,132
40,70,134
41,82,136
42,73,137
43,56,147
44,103,105
45,103,97
46,34,45
47,77,79
48,79,102
49,78,98
50,35,97
51,102,88
52,58,37
53,45,40
54,20,18
55,89,43
56,73,48
57,50,138
58,0,139
59,85,107
60,91,110
61,58,138
62,60,139
63,40,35
64,78,106
65,72,37
66,72,31
67,58,1
68,28,25
69,64,15
70,28,42
71,16,36
72,92,134
73,81,134
74,72,135
75,86,109
76,59,139
77,64,144
78,61,139
79,92,105
80,74,138
81,82,137
82,91,138
83,85,167
84,88,162
85,90,157
86,91,152
87,91,149
88,74,145
89,72,146
90,70,148
91,68,151
92,64,126
93,-8,99
94,106,111
95,67,142
96,66,143
97,93,113
98,79,110
99,92,111
100,69,83
101,55,88
102,75,102
103,36,7
104,44,18
105,55,31
106,64,155
107,88,33
108,83,16
109,80,0
110,45,64
111,23,73
112,77,62
113,35,53
114,84,75
115,86,100
116,12,78
117,31,78
118,43,80
119,59,79
120,69,76
121,77,72
122,96,65
123,12,94
124,27,53
125,104,109
126,78,87
127,-6,64
128,83,69
129,73,102
130,38,57
131,85,95
132,-6,118
133,76,60
134,94,90
135,25,159
136,21,169
137,-1,98
138,13,148
139,8,49
140,62,186
141,103,111
142,70,92
143,13,64
144,54,61
145,60,62
146,62,145
147,12,111
148,77,197
149,48,187
150,36,179
151,103,18
152,94,198
153,66,61
154,71,61
155,74,60
156,19,51
157,70,54
158,64,51
159,58,51
160,52,52
161,47,54
162,-1,45
163,49,60
164,103,120
165,74,121
166,86,106
167,91,120
168,102,55
169,37,169
170,49,178
171,78,191
172,9,156
173,74,58
174,92,77
175,95,192
176,62,193
177,0,116
178,82,147
179,81,150
180,79,153
181,77,157
182,73,162
183,65,137
184,64,137
185,63,136
186,55,131
187,25,114
188,90,69
189,84,54
190,78,55
191,67,138
192,21,135
193,92,54
194,68,169
195,107,79
196,98,73
197,106,72
198,86,88
199,96,184
200,97,175
201,82,174
202,49,151
203,66,108
204,57,161
205,47,107
206,57,116
207,38,120
208,80,183
209,79,93
210,42,159
211,52,169
212,43,140
213,12,125
214,32,143
215,3,132
216,48,126
217,85,82
218,89,103
219,82,105
220,95,98
221,80,47
222,69,43
223,58,42
224,49,43
225,40,47
226,31,60
227,-1,81
228,39,70
229,48,72
230,59,72
231,68,70
232,75,68
233,80,66
234,-8,81
235,81,107
236,93,83
237,97,104
238,99,108
239,96,105
240,82,109
241,101,108
242,101,110
243,79,60
244,84,62
245,88,63
246,44,55
247,39,53
248,113,80
249,141,63
250,113,110
251,155,39
252,123,68
253,130,69
254,136,69
255,142,66
256,118,66
257,136,49
258,128,49
259,142,51
260,145,55
261,146,72
262,120,176
263,142,62
264,155,70
265,149,67
266,133,100
267,113,132
268,110,137
269,121,133
270,125,136
271,116,138
272,121,139
273,126,149
274,115,105
275,117,97
276,153,51
277,120,81
278,126,103
279,125,99
280,149,100
281,115,88
282,144,41
283,150,45
284,152,26
285,118,43
286,120,51
287,131,140
288,146,139
289,120,108
290,115,110
291,128,142
292,126,142
293,152,41
294,125,107
295,134,40
296,136,34
297,136,8
298,151,33
299,134,21
300,154,48
301,155,43
302,112,135
303,119,136
304,123,137
305,118,109
306,127,142
307,125,146
308,125,142
309,119,105
310,118,139
311,114,139
312,109,138
313,107,167
314,110,162
315,110,158
316,110,153
317,108,149
318,118,147
319,120,148
320,122,150
321,123,153
322,128,127
323,149,103
324,121,145
325,123,145
326,113,113
327,121,111
328,114,112
329,126,86
330,136,91
331,125,103
332,147,15
333,145,25
334,146,36
335,122,156
336,122,34
337,120,19
338,122,3
339,140,69
340,150,77
341,114,64
342,148,59
343,116,76
344,124,101
345,157,83
346,150,82
347,145,84
348,134,82
349,125,79
350,118,75
351,110,66
352,159,98
353,151,58
354,111,109
355,121,88
356,151,70
357,114,71
358,125,103
359,144,63
360,123,96
361,149,120
362,113,62
363,119,91
364,142,157
365,139,166
366,158,101
367,148,147
368,155,56
369,120,183
370,109,111
371,126,94
372,149,69
373,136,65
374,130,65
375,126,147
376,158,113
377,108,195
378,125,183
379,132,176
380,124,64
381,119,63
382,115,62
383,152,57
384,120,57
385,126,55
386,132,55
387,138,56
388,141,59
389,154,53
390,139,64
391,123,123
392,121,107
393,112,120
394,135,167
395,128,175
396,110,190
397,143,155
398,115,60
399,115,78
400,118,190
401,157,118
402,114,148
403,116,151
404,117,155
405,118,159
406,116,162
407,124,140
408,126,139
409,127,139
410,130,133
411,152,117
412,113,70
413,112,55
414,114,57
415,122,140
416,150,136
417,110,55
418,118,168
419,111,73
420,119,89
421,108,174
422,131,152
423,129,110
424,125,161
425,142,110
426,133,118
427,145,122
428,110,182
429,122,94
430,135,158
431,128,167
432,137,142
433,155,126
434,143,144
435,154,133
436,137,128
437,118,83
438,122,104
439,124,106
440,121,99
441,118,49
442,130,46
443,140,46
444,146,49
445,149,53
446,146,65
447,157,86
448,144,74
449,139,76
450,132,75
451,123,73
452,117,70
453,113,68
454,149,86
455,123,108
456,117,84
457,119,104
458,114,108
459,118,106
460,120,110
461,113,109
462,111,111
463,112,62
464,111,63
465,111,65
466,142,61
467,146,58
468,54,56
469,61,56
470,54,50
471,46,57
472,54,63
473,127,59
474,135,59
475,127,53
476,120,59
477,128,65
