0,99,134
1,100,107
2,99,114
3,93,81
4,100,99
5,100,89
6,99,64
7,47,61
8,99,47
9,99,37
10,99,-1
11,99,136
12,99,138
13,99,139
14,99,140
15,99,143
16,99,147
17,98,151
18,98,162
19,99,111
20,92,111
21,15,33
22,68,67
23,60,68
24,53,68
25,43,64
26,74,66
27,56,48
28,64,48
29,48,50
30,43,53
31,37,70
32,69,177
33,44,60
34,11,67
35,27,66
36,61,100
37,90,132
38,90,138
39,81,134
40,74,136
41,83,138
42,77,138
43,64,147
44,93,107
45,93,99
46,32,49
47,76,80
48,75,104
49,75,100
50,38,99
51,93,90
52,51,41
53,40,44
54,23,20
55,84,46
56,72,51
57,58,140
58,17,141
59,81,108
60,87,111
61,65,139
62,67,139
63,35,39
64,75,107
65,65,41
66,64,35
67,56,2
68,30,28
69,60,17
70,27,46
71,21,39
72,90,136
73,82,136
74,75,137
75,82,110
76,66,139
77,70,140
78,68,139
79,85,106
80,78,139
81,84,139
82,91,139
83,88,161
84,89,150
85,90,146
86,90,142
87,91,139
88,78,139
89,76,140
90,75,142
91,73,145
92,67,127
93,9,101
94,99,113
95,73,139
96,72,140
97,89,114
98,77,112
99,88,112
100,68,85
101,56,90
102,73,103
103,36,9
104,42,21
105,48,35
106,70,153
107,81,36
108,79,17
109,76,0
110,47,67
111,28,75
112,78,64
113,36,57
114,82,76
115,80,101
116,19,81
117,34,80
118,44,83
119,59,81
120,69,78
121,77,74
122,92,66
123,20,97
124,29,56
125,96,111
126,77,88
127,8,66
128,83,70
129,72,103
130,41,61
131,80,96
132,12,120
133,78,61
134,86,92
135,34,159
136,34,169
137,12,100
138,25,148
139,16,52
140,67,186
141,96,112
142,70,94
143,20,67
144,54,64
145,60,64
146,69,142
147,21,113
148,81,198
149,56,187
150,46,180
151,99,17
152,98,199
153,66,63
154,72,62
155,76,62
156,23,55
157,71,56
158,64,54
159,58,54
160,52,56
161,48,57
162,10,48
163,50,63
164,99,120
165,74,123
166,81,107
167,89,121
168,98,55
169,45,170
170,55,178
171,81,192
172,25,157
173,76,59
174,87,78
175,98,193
176,68,194
177,14,117
178,84,139
179,82,141
180,81,144
181,81,148
182,78,158
183,72,138
184,70,138
185,69,137
186,61,133
187,31,116
188,87,70
189,83,56
190,79,57
191,73,139
192,29,136
193,90,56
194,73,167
195,99,80
196,92,74
197,99,72
198,82,90
199,98,183
200,98,172
201,85,171
202,56,152
203,66,110
204,64,161
205,49,109
206,59,118
207,42,122
208,82,182
209,77,94
210,48,159
211,58,169
212,50,142
213,22,127
214,39,144
215,17,133
216,53,128
217,82,83
218,83,105
219,78,106
220,86,100
221,77,50
222,65,46
223,54,46
224,45,48
225,39,51
226,35,63
227,10,83
228,41,73
229,49,75
230,59,74
231,68,72
232,76,70
233,81,67
234,8,83
235,78,108
236,87,85
237,88,106
238,92,109
239,88,107
240,80,111
241,93,110
242,94,112
243,81,61
244,85,63
245,87,64
246,46,59
247,40,56
248,105,81
249,147,60
250,106,110
251,175,33
252,128,65
253,134,66
254,141,66
255,150,64
256,122,63
257,139,48
258,131,48
259,146,50
260,151,53
261,157,69
262,126,176
263,150,60
264,178,66
265,165,65
266,134,100
267,108,132
268,107,138
269,117,134
270,123,136
271,114,138
272,120,138
273,131,146
274,106,107
275,107,99
276,161,49
277,119,80
278,122,104
279,122,99
280,155,99
281,106,89
282,144,41
283,154,44
284,168,20
285,113,45
286,124,50
287,137,139
288,170,139
289,116,108
290,110,111
291,130,139
292,129,139
293,158,39
294,122,107
295,131,41
296,132,35
297,140,3
298,163,29
299,136,18
300,165,45
301,170,39
302,108,136
303,116,136
304,121,137
305,114,109
306,130,139
307,126,140
308,128,139
309,113,106
310,119,139
311,113,139
312,106,139
313,108,161
314,108,150
315,108,146
316,107,142
317,106,139
318,119,139
319,120,140
320,122,142
321,123,145
322,129,127
323,177,101
324,123,139
325,124,140
326,108,114
327,119,111
328,109,112
329,127,85
330,139,90
331,123,103
332,157,10
333,152,21
334,147,35
335,125,152
336,115,36
337,118,17
338,122,0
339,147,65
340,165,74
341,118,62
342,158,56
343,114,75
344,117,101
345,172,80
346,160,79
347,151,81
348,137,80
349,127,76
350,119,73
351,105,66
352,171,96
353,164,56
354,103,111
355,119,88
356,179,66
357,114,69
358,123,103
359,153,60
360,117,96
361,174,120
362,118,59
363,112,92
364,157,158
365,156,167
366,177,99
367,165,147
368,174,52
369,128,186
370,102,112
371,125,93
372,171,66
373,140,61
374,135,61
375,127,142
376,170,112
377,114,198
378,136,186
379,146,178
380,129,60
381,123,60
382,120,60
383,168,54
384,125,56
385,131,54
386,137,54
387,143,56
388,146,57
389,178,48
390,144,61
391,122,122
392,116,107
393,109,120
394,147,168
395,138,177
396,114,191
397,163,155
398,120,58
399,110,78
400,126,193
401,175,116
402,113,139
403,114,141
404,115,144
405,116,148
406,117,157
407,124,138
408,126,138
409,127,137
410,135,132
411,161,116
412,110,70
413,113,55
414,117,55
415,123,139
416,162,135
417,107,55
418,122,166
419,105,74
420,115,90
421,110,171
422,138,151
423,129,109
424,131,160
425,146,109
426,136,117
427,152,121
428,113,182
429,119,94
430,145,158
431,135,168
432,144,141
433,168,125
434,153,143
435,171,132
436,142,127
437,114,83
438,115,105
439,119,106
440,112,100
441,118,49
442,131,46
443,141,45
444,150,47
445,155,51
446,158,62
447,178,82
448,153,71
449,146,73
450,136,72
451,127,70
452,120,68
453,115,66
454,178,83
455,119,108
456,110,85
457,111,105
458,107,109
459,110,107
460,117,110
461,105,110
462,104,112
463,115,60
464,112,62
465,110,63
466,148,59
467,154,56
468,59,59
469,66,58
470,59,52
471,51,59
472,59,65
473,137,57
474,144,58
475,137,51
476,130,57
477,136,63
