0,99,128
1,95,103
2,96,112
3,89,78
4,95,95
5,96,85
6,97,63
7,43,61
8,97,46
9,98,37
10,99,0
11,100,131
12,99,134
13,99,136
14,99,137
15,100,139
16,100,141
17,100,145
18,96,158
19,95,107
20,88,108
21,17,37
22,63,68
23,56,68
24,49,68
25,39,64
26,70,67
27,53,48
28,62,49
29,45,50
30,40,53
31,33,69
32,64,173
33,40,60
34,12,69
35,25,65
36,56,99
37,90,127
38,91,134
39,79,130
40,72,134
41,83,135
42,76,137
43,59,147
44,89,103
45,88,95
46,30,48
47,73,80
48,70,102
49,69,98
50,33,98
51,88,86
52,48,40
53,37,43
54,24,22
55,81,46
56,69,52
57,53,140
58,15,144
59,76,106
60,82,108
61,66,141
62,68,140
63,33,38
64,69,105
65,63,41
66,61,35
67,54,4
68,29,29
69,58,17
70,26,45
71,21,40
72,90,131
73,81,133
74,74,136
75,78,108
76,67,140
77,71,140
78,69,140
79,80,103
80,78,138
81,84,137
82,91,136
83,85,157
84,91,145
85,91,141
86,91,138
87,92,137
88,78,138
89,77,139
90,76,141
91,75,143
92,62,126
93,9,106
94,96,109
95,73,139
96,72,140
97,85,111
98,72,110
99,84,110
100,64,84
101,52,89
102,68,101
103,36,11
104,40,21
105,46,34
106,66,151
107,79,37
108,77,17
109,74,0
110,43,67
111,25,75
112,74,65
113,32,56
114,79,75
115,75,98
116,16,82
117,30,79
118,39,82
119,54,81
120,64,78
121,73,75
122,89,64
123,16,97
124,27,56
125,91,107
126,73,87
127,11,71
128,79,71
129,67,102
130,37,61
131,75,94
132,11,125
133,74,63
134,81,89
135,29,159
136,30,170
137,10,102
138,20,149
139,17,54
140,62,183
141,92,109
142,66,93
143,18,67
144,50,63
145,56,64
146,70,142
147,16,113
148,77,194
149,52,186
150,41,179
151,98,17
152,95,196
153,62,64
154,68,63
155,72,63
156,22,55
157,67,58
158,61,55
159,55,55
160,48,56
161,44,57
162,13,52
163,46,62
164,96,118
165,69,121
166,76,105
167,85,118
168,97,55
169,40,169
170,50,176
171,77,187
172,21,159
173,72,61
174,84,76
175,95,189
176,63,191
177,11,119
178,84,137
179,83,139
180,83,141
181,83,144
182,75,155
183,71,139
184,70,138
185,68,138
186,56,133
187,26,116
188,84,69
189,80,57
190,75,58
191,73,139
192,24,136
193,87,57
194,69,164
195,96,77
196,89,72
197,97,70
198,77,88
199,95,179
200,95,168
201,82,167
202,51,151
203,61,109
204,59,159
205,43,108
206,54,116
207,36,121
208,78,178
209,72,92
210,43,158
211,53,167
212,44,142
213,17,127
214,34,144
215,13,135
216,47,127
217,79,81
218,77,102
219,72,104
220,81,96
221,74,51
222,62,46
223,51,45
224,42,47
225,35,50
226,32,63
227,10,85
228,37,72
229,45,74
230,55,74
231,64,73
232,72,71
233,77,69
234,10,88
235,72,106
236,83,82
237,83,102
238,87,106
239,83,103
240,75,109
241,89,107
242,90,109
243,77,63
244,81,65
245,83,66
246,42,59
247,37,56
248,103,79
249,155,64
250,103,108
251,182,40
252,132,69
253,139,69
254,147,70
255,158,68
256,125,67
257,145,50
258,136,50
259,153,51
260,159,55
261,164,73
262,126,175
263,158,63
264,186,73
265,173,69
266,138,100
267,109,127
268,108,134
269,119,131
270,125,134
271,115,135
272,121,137
273,135,149
274,102,103
275,103,95
276,169,51
277,121,81
278,123,103
279,124,99
280,161,101
281,103,86
282,150,42
283,161,45
284,175,26
285,115,47
286,128,53
287,141,142
288,182,148
289,116,107
290,110,109
291,130,140
292,128,140
293,165,41
294,123,106
295,135,42
296,137,37
297,144,5
298,169,32
299,139,19
300,173,48
301,177,44
302,109,131
303,117,133
304,123,136
305,114,108
306,129,140
307,125,140
308,127,140
309,112,104
310,119,138
311,114,137
312,107,137
313,106,158
314,108,145
315,108,141
316,107,139
317,107,137
318,119,138
319,120,139
320,121,141
321,122,143
322,132,128
323,188,110
324,123,139
325,124,139
326,107,112
327,120,111
328,108,110
329,130,86
330,143,91
331,125,102
332,163,14
333,157,23
334,153,37
335,127,152
336,118,38
337,120,18
338,123,1
339,154,70
340,172,78
341,121,66
342,166,59
343,116,75
344,117,99
345,181,85
346,166,83
347,156,85
348,140,83
349,129,79
350,121,76
351,105,65
352,180,101
353,172,59
354,100,107
355,121,88
356,188,75
357,115,72
358,126,103
359,162,64
360,118,95
361,187,129
362,122,64
363,111,89
364,165,162
365,164,173
366,188,106
367,175,153
368,182,57
369,128,184
370,99,109
371,128,94
372,179,71
373,147,65
374,140,65
375,126,142
376,179,117
377,113,195
378,139,187
379,151,182
380,134,64
381,128,64
382,124,64
383,177,58
384,129,59
385,136,56
386,143,56
387,150,57
388,154,60
389,186,56
390,151,65
391,124,122
392,116,105
393,108,119
394,153,171
395,141,178
396,113,188
397,174,163
398,124,62
399,110,76
400,127,192
401,186,123
402,113,137
403,114,139
404,115,141
405,116,144
406,117,155
407,125,138
408,127,138
409,128,138
410,138,134
411,169,119
412,110,69
413,116,58
414,121,59
415,123,139
416,171,139
417,108,57
418,122,165
419,104,72
420,116,88
421,109,168
422,142,153
423,132,110
424,133,160
425,151,110
426,140,118
427,158,124
428,112,179
429,121,93
430,150,161
431,138,168
432,150,144
433,178,131
434,160,147
435,183,139
436,147,129
437,115,82
438,114,102
439,120,105
440,111,97
441,122,52
442,135,48
443,147,47
444,157,49
445,163,53
446,166,66
447,188,89
448,159,75
449,151,77
450,140,76
451,130,74
452,123,71
453,118,69
454,188,92
455,120,107
456,110,83
457,108,102
458,104,106
459,108,104
460,118,110
461,102,107
462,102,109
463,119,64
464,114,65
465,111,66
466,157,62
467,162,59
468,56,58
469,63,58
470,55,52
471,48,58
472,56,64
473,141,61
474,149,61
475,141,54
476,132,60
477,140,67
