0,98,129
1,97,103
2,97,112
3,90,78
4,97,94
5,97,84
6,97,61
7,41,60
8,97,43
9,97,33
10,97,-3
11,98,131
12,98,133
13,98,135
14,99,148
15,99,151
16,99,155
17,98,160
18,97,168
19,97,107
20,90,108
21,13,35
22,64,65
23,56,66
24,49,66
25,38,63
26,70,63
27,52,46
28,60,46
29,44,47
30,39,50
31,32,69
32,67,180
33,38,59
34,8,69
35,22,65
36,58,100
37,88,128
38,89,133
39,78,131
40,72,135
41,82,135
42,77,138
43,62,154
44,90,103
45,89,95
46,27,44
47,74,80
48,73,102
49,72,98
50,35,100
51,90,86
52,46,35
53,35,38
54,21,20
55,80,42
56,67,49
57,57,146
58,14,148
59,79,107
60,85,109
61,68,146
62,70,145
63,30,33
64,72,106
65,61,36
66,60,29
67,53,0
68,27,26
69,57,14
70,22,41
71,19,38
72,88,131
73,80,133
74,74,137
75,81,108
76,69,145
77,71,148
78,71,145
79,82,103
80,78,138
81,84,136
82,90,135
83,86,168
84,88,159
85,89,155
86,90,150
87,91,147
88,79,146
89,77,148
90,75,150
91,74,153
92,65,129
93,6,107
94,97,109
95,75,146
96,73,147
97,87,112
98,75,111
99,86,111
100,66,85
101,53,90
102,71,102
103,33,8
104,39,18
105,43,29
106,68,159
107,77,31
108,76,13
109,73,-2
110,42,65
111,23,75
112,74,60
113,30,54
114,79,74
115,77,99
116,15,82
117,30,80
118,40,82
119,55,81
120,66,77
121,74,73
122,90,63
123,16,99
124,24,54
125,93,107
126,74,87
127,6,70
128,80,68
129,70,103
130,34,59
131,77,94
132,8,127
133,73,58
134,83,89
135,31,164
136,30,175
137,7,103
138,21,154
139,13,53
140,64,190
141,94,109
142,68,93
143,15,67
144,49,61
145,56,60
146,70,149
147,17,116
148,79,202
149,53,192
150,42,185
151,97,14
152,97,204
153,62,60
154,68,59
155,71,58
156,18,53
157,66,56
158,60,56
159,54,57
160,48,57
161,43,58
162,8,51
163,45,60
164,97,118
165,72,123
166,79,105
167,86,119
168,97,53
169,41,174
170,52,182
171,79,195
172,21,164
173,71,57
174,84,75
175,97,197
176,65,198
177,9,122
178,84,147
179,83,149
180,81,152
181,80,157
182,76,164
183,73,141
184,70,141
185,69,140
186,60,137
187,29,119
188,85,68
189,79,53
190,74,54
191,75,141
192,27,140
193,87,53
194,71,172
195,97,76
196,90,71
197,97,69
198,79,88
199,97,187
200,97,177
201,84,176
202,54,157
203,64,110
204,61,166
205,47,110
206,57,119
207,40,124
208,81,186
209,74,93
210,46,164
211,56,173
212,48,147
213,19,131
214,37,149
215,13,139
216,52,131
217,80,81
218,80,102
219,75,105
220,83,96
221,73,47
222,61,42
223,50,41
224,40,43
225,33,47
226,29,62
227,7,86
228,36,72
229,45,74
230,55,73
231,65,70
232,72,68
233,77,65
234,6,89
235,75,107
236,84,82
237,85,102
238,89,106
239,85,104
240,78,110
241,91,107
242,91,109
243,76,58
244,81,60
245,84,62
246,41,59
247,35,54
248,103,78
249,150,63
250,104,108
251,182,37
252,129,65
253,136,67
254,143,68
255,154,66
256,123,63
257,140,48
258,132,48
259,148,50
260,153,54
261,161,71
262,127,181
263,153,62
264,186,71
265,171,67
266,135,100
267,108,128
268,107,133
269,118,131
270,124,135
271,114,135
272,119,138
273,132,154
274,103,103
275,104,95
276,166,48
277,120,80
278,121,102
279,122,98
280,159,101
281,104,86
282,146,38
283,157,42
284,173,21
285,112,43
286,125,50
287,137,146
288,181,150
289,115,107
290,109,109
291,129,146
292,127,145
293,162,36
294,121,106
295,131,38
296,133,32
297,141,1
298,167,28
299,136,15
300,171,44
301,176,40
302,108,131
303,116,133
304,122,137
305,113,108
306,128,146
307,126,148
308,126,145
309,112,103
310,117,138
311,112,136
312,106,135
313,107,168
314,109,159
315,108,155
316,108,150
317,107,148
318,118,146
319,120,148
320,122,150
321,124,153
322,129,129
323,189,109
324,122,146
325,124,147
326,107,112
327,119,111
328,108,111
329,128,85
330,140,91
331,123,103
332,161,9
333,155,19
334,149,32
335,126,159
336,115,33
337,118,14
338,121,-2
339,150,68
340,170,77
341,119,62
342,162,57
343,114,75
344,116,99
345,179,84
346,163,82
347,153,84
348,138,81
349,127,77
350,120,73
351,104,63
352,178,101
353,169,57
354,101,107
355,119,87
356,189,72
357,114,69
358,124,104
359,157,63
360,117,94
361,187,129
362,120,59
363,110,89
364,163,165
365,164,177
366,187,105
367,173,155
368,181,54
369,129,190
370,100,109
371,126,94
372,178,69
373,142,62
374,136,62
375,127,149
376,177,117
377,115,203
378,140,193
379,151,186
380,130,61
381,125,60
382,122,59
383,175,55
384,126,57
385,132,57
386,138,58
387,144,60
388,148,61
389,187,52
390,146,63
391,122,123
392,115,105
393,108,119
394,152,175
395,141,183
396,115,195
397,173,165
398,122,58
399,109,75
400,129,198
401,185,123
402,113,147
403,115,149
404,116,153
405,117,157
406,118,164
407,124,141
408,126,141
409,128,140
410,134,137
411,165,120
412,109,68
413,114,53
414,119,55
415,122,141
416,167,141
417,107,53
418,123,172
419,104,71
420,114,88
421,110,176
422,140,157
423,130,111
424,133,166
425,147,110
426,137,119
427,154,125
428,113,186
429,119,93
430,148,165
431,138,173
432,146,147
433,175,132
434,157,149
435,181,140
436,143,131
437,114,81
438,114,102
439,119,105
440,111,96
441,120,48
442,132,44
443,142,44
444,152,47
445,158,51
446,163,65
447,188,88
448,156,74
449,148,75
450,138,74
451,128,71
452,121,68
453,116,65
454,189,90
455,118,107
456,109,82
457,109,102
458,105,106
459,109,104
460,116,110
461,103,107
462,102,109
463,117,59
464,113,61
465,110,62
466,151,62
467,157,58
468,54,58
469,61,58
470,53,53
471,46,59
472,54,64
473,135,59
474,143,59
475,135,53
476,127,59
477,135,65
