0,97,133
1,92,105
2,94,113
3,87,80
4,91,97
5,92,87
6,94,63
7,51,62
8,94,44
9,94,34
10,94,0
11,97,136
12,97,138
13,97,139
14,98,143
15,97,146
16,97,149
17,98,152
18,99,162
19,93,109
20,87,109
21,28,37
22,69,67
23,62,68
24,56,68
25,48,65
26,74,65
27,57,49
28,64,49
29,50,51
30,46,54
31,42,71
32,73,174
33,48,61
34,25,69
35,34,66
36,61,101
37,88,132
38,90,137
39,81,134
40,76,136
41,83,138
42,79,138
43,68,149
44,86,105
45,85,97
46,35,48
47,75,81
48,72,104
49,72,100
50,42,102
51,85,88
52,49,39
53,40,42
54,32,24
55,79,43
56,71,51
57,62,142
58,35,140
59,78,108
60,84,110
61,70,141
62,72,140
63,36,37
64,73,107
65,61,39
66,59,32
67,55,5
68,34,30
69,58,19
70,31,44
71,30,41
72,89,135
73,82,136
74,77,137
75,80,109
76,71,140
77,74,142
78,73,140
79,80,105
80,80,139
81,85,139
82,91,139
83,89,162
84,89,151
85,89,148
86,90,145
87,91,143
88,80,141
89,79,142
90,78,144
91,77,146
92,68,128
93,29,102
94,94,111
95,77,141
96,75,141
97,86,113
98,76,112
99,85,112
100,68,86
101,57,92
102,72,104
103,40,13
104,43,22
105,46,33
106,73,154
107,76,33
108,74,17
109,72,1
110,51,67
111,35,77
112,77,63
113,40,57
114,80,76
115,75,101
116,27,83
117,40,82
118,48,84
119,61,82
120,70,78
121,77,75
122,88,65
123,28,99
124,34,56
125,89,109
126,75,88
127,27,69
128,81,70
129,72,104
130,45,62
131,75,96
132,31,120
133,77,61
134,80,91
135,45,158
136,48,166
137,25,101
138,37,148
139,27,54
140,72,182
141,91,111
142,70,94
143,30,68
144,56,63
145,62,63
146,73,143
147,30,114
148,86,194
149,66,182
150,57,176
151,94,16
152,102,195
153,67,63
154,72,62
155,75,61
156,30,54
157,71,57
158,65,55
159,60,56
160,54,57
161,51,59
162,26,51
163,53,63
164,95,119
165,74,123
166,78,107
167,86,120
168,95,54
169,54,167
170,63,175
171,84,188
172,41,155
173,75,59
174,83,77
175,101,190
176,75,189
177,27,118
178,85,142
179,84,144
180,83,146
181,82,149
182,80,159
183,75,139
184,73,139
185,72,138
186,64,134
187,38,118
188,84,70
189,81,55
190,77,56
191,76,140
192,39,137
193,86,54
194,76,166
195,93,79
196,87,73
197,94,71
198,78,90
199,100,181
200,99,171
201,87,170
202,61,152
203,66,111
204,68,160
205,51,111
206,61,119
207,46,123
208,85,180
209,75,94
210,55,159
211,64,167
212,55,143
213,32,127
214,47,145
215,31,133
216,57,129
217,79,83
218,78,104
219,75,106
220,79,99
221,75,49
222,63,45
223,53,45
224,46,47
225,41,51
226,40,64
227,24,85
228,46,74
229,52,75
230,61,75
231,69,72
232,76,70
233,80,67
234,28,85
235,75,108
236,82,84
237,82,104
238,86,108
239,82,105
240,78,111
241,87,108
242,89,110
243,79,61
244,83,63
245,85,64
246,50,60
247,44,57
248,100,80
249,150,57
250,101,109
251,186,28
252,130,63
253,137,64
254,144,64
255,155,60
256,123,61
257,140,43
258,132,43
259,148,44
260,153,47
261,163,65
262,131,174
263,153,55
264,191,62
265,173,59
266,136,98
267,106,132
268,106,137
269,116,134
270,123,136
271,114,138
272,120,139
273,135,148
274,98,104
275,99,97
276,165,41
277,120,79
278,119,103
279,120,98
280,161,97
281,99,88
282,144,33
283,156,35
284,175,15
285,110,40
286,124,46
287,141,140
288,191,135
289,113,107
290,107,109
291,132,141
292,130,141
293,160,30
294,120,106
295,129,34
296,130,28
297,139,0
298,168,22
299,134,14
300,171,37
301,179,33
302,106,135
303,115,136
304,121,138
305,111,109
306,131,141
307,127,143
308,129,141
309,108,104
310,119,140
311,113,139
312,106,139
313,109,162
314,107,152
315,106,148
316,106,145
317,106,143
318,119,142
319,120,143
320,122,144
321,123,147
322,130,126
323,198,95
324,124,141
325,125,142
326,104,113
327,117,111
328,105,111
329,129,83
330,142,88
331,122,102
332,161,5
333,154,16
334,147,27
335,129,153
336,112,30
337,115,15
338,118,-1
339,151,63
340,172,70
341,119,60
342,162,50
343,114,74
344,113,99
345,183,77
346,166,77
347,155,80
348,139,79
349,129,75
350,120,72
351,102,65
352,182,93
353,170,49
354,97,108
355,119,87
356,196,61
357,114,68
358,123,103
359,158,55
360,114,95
361,196,115
362,119,57
363,107,90
364,169,156
365,172,165
366,193,95
367,180,144
368,185,46
369,134,182
370,96,110
371,126,92
372,181,60
373,143,59
374,136,59
375,128,144
376,182,109
377,119,194
378,146,183
379,158,175
380,130,59
381,125,58
382,121,57
383,176,47
384,126,52
385,132,51
386,139,51
387,145,52
388,149,53
389,192,43
390,147,58
391,122,122
392,113,106
393,106,119
394,158,166
395,146,175
396,118,188
397,183,152
398,121,55
399,107,76
400,133,189
401,192,112
402,113,142
403,114,144
404,115,146
405,115,150
406,120,158
407,126,140
408,127,139
409,128,139
410,137,133
411,169,114
412,108,69
413,113,52
414,118,52
415,124,140
416,173,133
417,105,53
418,126,166
419,101,72
420,113,88
421,113,170
422,144,151
423,130,109
424,136,160
425,149,107
426,138,116
427,157,120
428,116,180
429,118,93
430,153,157
431,142,166
432,150,141
433,181,123
434,162,142
435,189,129
436,145,127
437,113,81
438,110,103
439,116,105
440,106,98
441,118,45
442,130,40
443,141,39
444,151,41
445,158,44
446,164,57
447,193,78
448,158,68
449,149,71
450,139,71
451,129,69
452,122,66
453,116,64
454,197,78
455,116,107
456,106,83
457,104,103
458,101,107
459,105,105
460,115,110
461,99,108
462,99,110
463,116,57
464,112,60
465,109,62
466,151,54
467,157,50
468,64,59
469,71,58
470,63,53
471,57,59
472,65,65
473,139,53
474,147,53
475,139,46
476,132,53
477,139,59
