0,100,132
1,91,114
2,94,118
3,87,85
4,90,106
5,91,94
6,95,65
7,49,57
8,96,46
9,97,36
10,99,-4
11,100,135
12,100,138
13,100,140
14,100,141
15,100,146
16,100,151
17,100,156
18,98,166
19,92,117
20,85,115
21,32,24
22,69,63
23,62,63
24,55,63
25,47,59
26,75,63
27,57,44
28,66,46
29,49,45
30,45,48
31,42,63
32,72,173
33,47,55
34,28,57
35,37,57
36,60,98
37,89,130
38,90,137
39,79,130
40,73,131
41,82,135
42,76,134
43,64,143
44,85,113
45,84,105
46,37,41
47,76,79
48,71,106
49,71,101
50,41,94
51,85,95
52,50,36
53,41,37
54,37,12
55,80,44
56,73,49
57,57,134
58,37,127
59,76,111
60,81,114
61,65,132
62,67,132
63,39,31
64,71,108
65,62,38
66,61,32
67,60,-1
68,39,21
69,63,14
70,35,36
71,34,31
72,89,134
73,81,133
74,74,132
75,77,112
76,66,132
77,70,136
78,68,133
79,78,111
80,78,136
81,84,137
82,91,139
83,87,164
84,89,154
85,90,149
86,90,144
87,91,140
88,78,137
89,76,138
90,75,141
91,73,144
92,64,125
93,31,88
94,92,118
95,73,135
96,72,136
97,84,117
98,73,112
99,83,116
100,69,82
101,57,87
102,70,104
103,46,3
104,48,15
105,48,30
106,70,151
107,77,35
108,79,14
109,77,-4
110,50,62
111,36,67
112,78,62
113,40,50
114,81,75
115,74,105
116,30,73
117,38,73
118,45,77
119,59,77
120,69,75
121,76,72
122,88,67
123,29,89
124,37,48
125,88,116
126,75,88
127,30,54
128,81,69
129,70,103
130,44,55
131,75,99
132,33,107
133,79,59
134,79,96
135,46,150
136,49,158
137,27,89
138,39,138
139,31,43
140,72,181
141,89,117
142,69,92
143,34,58
144,56,59
145,62,59
146,68,137
147,30,104
148,85,193
149,66,178
150,59,170
151,98,15
152,99,196
153,68,59
154,74,59
155,77,59
156,35,46
157,73,54
158,67,51
159,60,50
160,53,51
161,50,53
162,30,37
163,52,58
164,94,123
165,71,122
166,76,110
167,84,123
168,96,55
169,55,161
170,63,171
171,83,188
172,43,145
173,77,57
174,83,80
175,98,191
176,74,187
177,29,106
178,84,139
179,82,142
180,81,145
181,80,150
182,77,159
183,71,133
184,70,132
185,68,131
186,59,128
187,36,110
188,84,71
189,83,55
190,79,55
191,73,134
192,38,128
193,87,56
194,75,165
195,92,84
196,87,76
197,93,75
198,78,91
199,98,183
200,98,174
201,85,172
202,59,146
203,65,108
204,66,157
205,49,106
206,58,115
207,44,117
208,83,181
209,74,94
210,55,152
211,64,163
212,52,135
213,32,117
214,46,137
215,33,123
216,53,123
217,79,84
218,76,109
219,73,109
220,78,105
221,77,48
222,64,43
223,54,41
224,46,42
225,41,45
226,41,56
227,27,73
228,45,66
229,51,69
230,61,69
231,70,69
232,76,67
233,80,66
234,31,70
235,73,110
236,82,88
237,80,111
238,84,115
239,81,112
240,75,112
241,86,116
242,87,117
243,81,60
244,84,63
245,85,65
246,48,54
247,43,51
248,99,85
249,150,58
250,101,116
251,187,26
252,129,63
253,137,64
254,144,64
255,154,61
256,123,62
257,141,47
258,132,47
259,149,48
260,154,51
261,162,66
262,128,176
263,153,57
264,190,60
265,172,61
266,137,99
267,111,130
268,110,137
269,122,131
270,128,132
271,119,137
272,125,136
273,138,144
274,97,113
275,98,105
276,164,47
277,120,80
278,119,107
279,120,102
280,161,96
281,98,95
282,144,41
283,156,43
284,177,14
285,111,47
286,125,49
287,144,135
288,185,133
289,114,112
290,107,114
291,137,134
292,135,134
293,160,38
294,120,109
295,129,42
296,130,36
297,144,-1
298,170,24
299,137,15
300,170,43
301,179,34
302,111,134
303,120,134
304,127,134
305,112,113
306,136,134
307,132,138
308,134,135
309,108,111
310,124,137
311,117,138
312,109,140
313,110,165
314,111,155
315,111,150
316,110,145
317,109,141
318,123,138
319,125,140
320,127,143
321,128,145
322,132,125
323,194,92
324,128,137
325,130,137
326,105,117
327,119,113
328,106,116
329,128,84
330,142,88
331,122,104
332,164,4
333,156,18
334,147,35
335,131,153
336,113,38
337,118,14
338,123,-3
339,150,63
340,171,71
341,119,61
342,162,54
343,114,76
344,113,106
345,181,76
346,165,76
347,154,79
348,139,78
349,129,75
350,121,72
351,102,67
352,181,92
353,169,53
354,96,117
355,119,88
356,195,57
357,115,69
358,124,104
359,157,57
360,114,100
361,191,112
362,120,58
363,106,97
364,164,154
365,165,163
366,190,93
367,175,143
368,185,45
369,129,184
370,96,118
371,127,93
372,179,62
373,142,59
374,136,59
375,134,139
376,180,108
377,115,195
378,140,183
379,152,175
380,131,59
381,125,58
382,121,58
383,175,51
384,127,53
385,133,52
386,139,52
387,145,53
388,149,55
389,192,39
390,147,59
391,123,123
392,113,111
393,106,123
394,152,166
395,141,175
396,114,190
397,176,150
398,122,56
399,107,80
400,128,190
401,188,111
402,117,140
403,118,143
404,120,147
405,120,151
406,121,160
407,130,135
408,132,134
409,134,133
410,140,129
411,169,113
412,108,71
413,113,55
414,119,54
415,129,136
416,171,132
417,106,56
418,125,167
419,101,77
420,113,92
421,112,173
422,143,148
423,131,109
424,135,159
425,150,108
426,139,116
427,158,119
428,113,182
429,118,95
430,150,156
431,139,166
432,150,137
433,179,122
434,160,140
435,184,127
436,147,124
437,113,84
438,110,110
439,117,110
440,106,106
441,119,50
442,131,46
443,142,45
444,151,47
445,158,50
446,163,59
447,191,76
448,157,69
449,149,71
450,138,70
451,129,69
452,122,67
453,117,65
454,195,74
455,117,111
456,106,88
457,104,112
458,101,115
459,105,113
460,116,113
461,99,116
462,99,117
463,117,59
464,113,61
465,110,64
466,151,56
467,157,54
468,63,54
469,71,54
470,63,48
471,55,54
472,63,60
473,137,55
474,145,55
475,138,49
476,130,55
477,137,62
