0,96,131
1,97,100
2,98,111
3,90,77
4,96,92
5,97,83
6,98,62
7,47,67
8,98,44
9,98,34
10,97,1
11,97,133
12,97,136
13,98,137
14,99,150
15,99,152
16,99,155
17,99,159
18,101,170
19,97,105
20,90,107
21,21,47
22,67,71
23,60,72
24,53,72
25,44,70
26,73,68
27,55,50
28,63,51
29,47,52
30,43,56
31,38,75
32,70,182
33,44,66
34,17,79
35,29,70
36,58,100
37,85,130
38,86,136
39,75,133
40,68,136
41,78,137
42,71,138
43,60,150
44,90,101
45,89,93
46,32,50
47,75,82
48,71,101
49,71,98
50,35,101
51,89,84
52,48,39
53,38,43
54,27,31
55,81,43
56,71,53
57,54,140
58,27,154
59,77,106
60,84,108
61,60,142
62,62,142
63,34,39
64,71,105
65,62,39
66,60,33
67,55,8
68,31,35
69,59,19
70,27,47
71,25,49
72,85,133
73,76,135
74,70,137
75,79,107
76,61,142
77,66,146
78,63,142
79,82,102
80,73,138
81,80,137
82,88,137
83,88,169
84,87,158
85,87,155
86,88,152
87,89,150
88,74,147
89,73,148
90,71,149
91,70,151
92,62,126
93,19,117
94,98,108
95,69,145
96,67,145
97,87,111
98,74,110
99,86,109
100,66,87
101,53,92
102,69,102
103,38,18
104,42,25
105,45,34
106,67,157
107,78,33
108,77,17
109,74,3
110,47,71
111,30,80
112,77,66
113,36,60
114,81,77
115,76,98
116,20,89
117,35,84
118,44,86
119,58,83
120,69,80
121,76,76
122,90,65
123,20,103
124,30,60
125,93,105
126,74,88
127,17,82
128,82,71
129,69,103
130,41,66
131,76,93
132,22,135
133,77,64
134,83,88
135,39,166
136,42,178
137,16,111
138,30,157
139,21,63
140,69,192
141,94,108
142,67,94
143,23,73
144,54,68
145,59,68
146,64,147
147,21,119
148,85,204
149,62,194
150,52,188
151,97,17
152,102,205
153,65,67
154,71,66
155,75,65
156,25,59
157,70,60
158,64,59
159,58,59
160,52,61
161,48,63
162,18,63
163,50,67
164,99,116
165,70,121
166,77,104
167,86,117
168,98,54
169,50,176
170,59,183
171,84,197
172,34,169
173,75,62
174,85,76
175,101,198
176,72,200
177,19,128
178,80,148
179,79,150
180,78,152
181,77,155
182,76,164
183,66,140
184,64,139
185,63,139
186,56,132
187,29,120
188,86,70
189,82,57
190,77,59
191,68,140
192,30,142
193,88,55
194,73,173
195,97,76
196,90,71
197,97,69
198,79,88
199,101,189
200,101,178
201,86,178
202,55,155
203,63,110
204,63,165
205,45,110
206,56,118
207,39,124
208,84,188
209,74,93
210,50,164
211,60,173
212,48,143
213,24,134
214,40,148
215,23,144
216,50,127
217,80,82
218,79,101
219,74,104
220,82,95
221,75,50
222,63,46
223,52,46
224,44,49
225,38,53
226,36,68
227,16,95
228,42,77
229,49,78
230,59,77
231,68,75
232,75,72
233,80,69
234,18,100
235,74,106
236,85,82
237,85,100
238,90,105
239,85,102
240,76,108
241,91,105
242,92,108
243,79,64
244,83,64
245,86,65
246,46,64
247,40,60
248,104,77
249,155,63
250,106,106
251,185,41
252,134,68
253,141,69
254,148,69
255,159,66
256,128,67
257,144,48
258,135,49
259,152,49
260,157,52
261,165,71
262,134,181
263,158,62
264,191,74
265,175,66
266,142,98
267,109,129
268,109,135
269,121,131
270,129,133
271,119,134
272,127,135
273,145,147
274,104,100
275,104,92
276,167,46
277,124,80
278,126,99
279,127,96
280,167,97
281,104,84
282,147,36
283,159,40
284,176,26
285,114,42
286,129,52
287,152,137
288,188,150
289,120,104
290,113,107
291,140,137
292,138,138
293,163,35
294,128,103
295,133,36
296,134,30
297,143,5
298,170,31
299,138,17
300,173,44
301,179,43
302,109,132
303,120,133
304,128,134
305,118,106
306,139,138
307,134,142
308,137,138
309,114,101
310,125,136
311,118,135
312,108,136
313,114,168
314,112,157
315,111,154
316,110,151
317,109,149
318,125,144
319,127,145
320,129,146
321,130,148
322,141,123
323,196,112
324,131,142
325,133,142
326,111,110
327,126,108
328,112,109
329,133,84
330,147,88
331,129,99
332,162,13
333,157,21
334,150,31
335,137,155
336,116,32
337,119,16
338,122,1
339,155,68
340,174,76
341,124,65
342,165,57
343,117,75
344,120,96
345,185,84
346,168,80
347,157,82
348,142,81
349,131,78
350,123,74
351,105,64
352,186,99
353,172,56
354,101,105
355,124,86
356,194,77
357,117,70
358,131,101
359,162,62
360,120,92
361,194,131
362,124,63
363,112,87
364,170,163
365,169,176
366,193,106
367,180,153
368,185,58
369,135,190
370,101,108
371,132,92
372,182,68
373,147,65
374,141,65
375,136,143
376,186,115
377,120,203
378,146,192
379,156,185
380,135,64
381,130,64
382,126,63
383,178,55
384,131,59
385,137,57
386,143,56
387,149,57
388,153,59
389,191,57
390,151,64
391,131,119
392,120,103
393,112,116
394,158,173
395,147,182
396,120,196
397,179,165
398,126,61
399,111,75
400,134,198
401,192,123
402,118,147
403,120,148
404,121,150
405,122,154
406,127,163
407,133,136
408,134,136
409,136,135
410,148,129
411,176,116
412,111,69
413,117,56
414,122,58
415,132,136
416,177,138
417,108,55
418,131,171
419,105,71
420,118,87
421,117,177
422,150,152
423,138,107
424,142,163
425,156,107
426,146,115
427,165,120
428,119,187
429,124,91
430,156,161
431,145,171
432,157,140
433,185,129
434,167,145
435,188,140
436,154,124
437,117,81
438,117,100
439,124,102
440,112,94
441,122,49
442,134,44
443,145,43
444,154,45
445,161,50
446,167,64
447,193,90
448,161,73
449,152,75
450,142,74
451,133,73
452,125,70
453,120,68
454,195,95
455,124,104
456,111,81
457,110,100
458,106,104
459,110,102
460,122,107
461,104,105
462,104,107
463,121,63
464,116,64
465,112,64
466,156,61
467,161,57
468,60,63
469,68,62
470,59,56
471,52,63
472,61,69
473,143,60
474,150,60
475,144,54
476,137,60
477,143,66
