0,96,134
1,102,113
2,100,119
3,95,84
4,102,104
5,102,93
6,101,65
7,45,61
8,101,45
9,101,34
10,101,-4
11,96,136
12,96,137
13,96,139
14,96,151
15,96,153
16,96,156
17,96,160
18,98,167
19,101,117
20,93,116
21,16,30
22,66,69
23,58,69
24,51,68
25,42,63
26,72,67
27,55,44
28,64,45
29,47,45
30,42,49
31,35,68
32,68,179
33,43,58
34,12,65
35,27,61
36,59,101
37,85,132
38,86,137
39,75,133
40,68,134
41,77,137
42,71,136
43,58,147
44,95,113
45,95,104
46,32,41
47,77,82
48,75,107
49,74,103
50,35,98
51,95,93
52,50,33
53,39,36
54,24,16
55,83,43
56,72,50
57,52,137
58,15,140
59,80,112
60,87,115
61,59,136
62,62,137
63,35,30
64,73,110
65,64,35
66,64,29
67,57,-1
68,30,24
69,61,13
70,27,37
71,22,35
72,85,135
73,76,135
74,69,135
75,82,114
76,61,137
77,65,142
78,63,137
79,85,111
80,72,137
81,78,137
82,86,138
83,87,167
84,85,159
85,85,155
86,86,152
87,87,150
88,73,145
89,71,146
90,69,147
91,68,149
92,62,128
93,8,100
94,101,118
95,68,142
96,66,142
97,89,118
98,75,114
99,88,116
100,68,86
101,55,90
102,72,106
103,37,5
104,43,16
105,48,27
106,66,155
107,82,32
108,80,13
109,77,-4
110,45,66
111,27,73
112,77,65
113,35,52
114,82,77
115,81,106
116,18,79
117,32,78
118,41,82
119,56,81
120,67,79
121,75,76
122,93,67
123,18,95
124,29,50
125,97,116
126,77,90
127,8,64
128,81,72
129,71,105
130,39,58
131,80,100
132,10,120
133,77,62
134,88,96
135,33,159
136,34,169
137,10,99
138,23,148
139,16,49
140,67,188
141,98,118
142,69,95
143,20,62
144,52,64
145,58,65
146,63,143
147,17,112
148,82,199
149,57,188
150,47,180
151,101,14
152,98,200
153,65,64
154,71,64
155,75,63
156,23,48
157,70,56
158,64,53
159,57,52
160,50,53
161,46,55
162,11,45
163,48,62
164,100,124
165,71,125
166,81,112
167,88,124
168,100,55
169,45,170
170,56,179
171,82,194
172,24,157
173,75,60
174,88,80
175,98,195
176,69,195
177,11,117
178,79,148
179,77,149
180,76,152
181,75,155
182,75,162
183,66,137
184,64,136
185,63,135
186,55,132
187,27,116
188,88,72
189,83,56
190,78,57
191,67,137
192,25,136
193,90,56
194,71,170
195,101,83
196,94,76
197,101,75
198,82,92
199,98,187
200,98,176
201,85,175
202,53,151
203,64,111
204,61,162
205,45,109
206,56,118
207,37,121
208,82,185
209,77,96
210,47,159
211,58,170
212,46,140
213,18,126
214,36,144
215,15,133
216,48,126
217,83,85
218,83,110
219,77,110
220,87,105
221,77,48
222,64,42
223,53,40
224,44,42
225,38,46
226,34,60
227,10,81
228,39,71
229,47,74
230,57,75
231,66,73
232,74,71
233,79,69
234,8,81
235,77,112
236,89,88
237,89,111
238,93,115
239,89,112
240,78,114
241,95,116
242,95,117
243,79,63
244,83,65
245,86,66
246,44,57
247,39,53
248,108,84
249,149,62
250,108,116
251,173,34
252,130,69
253,137,69
254,144,69
255,152,64
256,123,67
257,141,47
258,133,48
259,149,48
260,153,51
261,158,69
262,126,179
263,152,60
264,176,68
265,165,63
266,138,101
267,108,132
268,107,137
269,119,133
270,126,134
271,116,136
272,123,136
273,135,146
274,108,113
275,109,104
276,164,43
277,121,82
278,125,108
279,125,103
280,159,99
281,108,94
282,149,36
283,158,38
284,168,20
285,117,44
286,125,51
287,142,137
288,168,141
289,120,112
290,113,115
291,135,136
292,133,136
293,162,33
294,126,110
295,136,37
296,137,31
297,142,0
298,164,27
299,139,15
300,167,40
301,170,38
302,108,135
303,117,135
304,124,135
305,118,114
306,134,136
307,129,142
308,132,137
309,116,111
310,121,137
311,115,137
312,106,138
313,110,167
314,108,159
315,107,155
316,107,152
317,106,150
318,121,144
319,122,145
320,124,147
321,125,148
322,134,128
323,174,102
324,126,141
325,128,141
326,111,118
327,123,114
328,112,117
329,129,86
330,142,91
331,127,106
332,158,8
333,155,19
334,151,30
335,129,154
336,120,33
337,121,14
338,124,-2
339,149,67
340,165,74
341,119,65
342,159,54
343,116,78
344,121,106
345,173,81
346,161,80
347,153,83
348,139,82
349,129,79
350,121,76
351,107,67
352,173,97
353,165,53
354,105,116
355,122,90
356,176,67
357,116,72
358,127,106
359,155,60
360,120,100
361,172,121
362,119,63
363,115,96
364,156,159
365,153,169
366,177,101
367,165,149
368,173,52
369,126,187
370,104,118
371,128,95
372,169,64
373,143,64
374,137,65
375,131,142
376,173,113
377,113,199
378,134,187
379,143,179
380,131,64
381,125,63
382,121,63
383,168,51
384,126,57
385,132,55
386,139,55
387,145,56
388,148,57
389,175,48
390,147,63
391,126,125
392,119,112
393,111,124
394,146,170
395,136,178
396,114,193
397,161,157
398,121,60
399,112,80
400,124,194
401,175,118
402,114,148
403,116,149
404,117,151
405,118,154
406,120,162
407,128,136
408,130,135
409,131,135
410,140,132
411,165,117
412,112,72
413,115,57
414,119,58
415,127,136
416,165,136
417,110,57
418,123,170
419,108,76
420,118,93
421,111,175
422,140,151
423,133,112
424,132,162
425,150,110
426,140,119
427,156,122
428,113,185
429,122,97
430,145,159
431,135,169
432,147,140
433,171,127
434,155,144
435,171,135
436,146,127
437,117,85
438,118,110
439,123,111
440,115,105
441,121,49
442,134,44
443,145,43
444,153,44
445,158,48
446,159,61
447,177,84
448,154,72
449,148,75
450,138,75
451,129,73
452,122,71
453,117,69
454,175,84
455,123,112
456,113,88
457,113,111
458,109,115
459,113,112
460,121,114
461,108,116
462,106,117
463,117,63
464,114,65
465,112,66
466,150,59
467,156,55
468,58,59
469,66,59
470,58,52
471,50,59
472,57,66
473,135,60
474,143,60
475,135,54
476,128,60
477,135,67
