0,97,135
1,100,106
2,99,114
3,94,80
4,100,98
5,100,87
6,100,62
7,48,60
8,100,44
9,100,33
10,100,-3
11,97,136
12,97,138
13,97,139
14,97,148
15,97,150
16,97,152
17,97,154
18,99,167
19,99,111
20,92,110
21,22,34
22,67,66
23,61,67
24,54,67
25,44,63
26,73,65
27,57,46
28,65,47
29,50,47
30,45,50
31,39,68
32,71,178
33,45,58
34,18,68
35,31,63
36,62,99
37,87,133
38,88,137
39,77,134
40,71,136
41,80,137
42,74,138
43,62,147
44,93,106
45,93,98
46,35,44
47,78,80
48,74,103
49,74,99
50,40,98
51,93,88
52,53,37
53,42,39
54,29,20
55,84,44
56,72,50
57,56,138
58,26,143
59,80,108
60,86,110
61,64,140
62,66,140
63,39,34
64,74,106
65,66,38
66,65,31
67,59,0
68,34,26
69,63,14
70,31,41
71,26,38
72,87,136
73,79,136
74,72,137
75,81,109
76,65,140
77,68,143
78,67,140
79,84,105
80,75,138
81,81,138
82,89,138
83,88,167
84,87,154
85,87,151
86,88,149
87,89,148
88,76,145
89,74,145
90,73,146
91,72,148
92,65,126
93,18,104
94,99,112
95,71,143
96,70,143
97,89,113
98,76,111
99,87,112
100,70,84
101,57,89
102,72,102
103,41,8
104,45,18
105,50,31
106,69,155
107,82,34
108,80,14
109,78,-2
110,48,66
111,31,73
112,77,63
113,38,54
114,83,75
115,80,100
116,24,81
117,36,78
118,46,81
119,59,80
120,69,77
121,77,73
122,93,64
123,24,96
124,32,53
125,96,110
126,77,87
127,16,68
128,82,69
129,72,103
130,42,59
131,80,95
132,21,123
133,77,60
134,86,91
135,41,159
136,42,170
137,19,101
138,32,149
139,22,52
140,70,186
141,96,112
142,70,93
143,25,64
144,55,62
145,60,63
146,67,144
147,25,113
148,83,198
149,62,187
150,53,180
151,100,14
152,99,200
153,66,62
154,72,61
155,75,61
156,27,51
157,71,56
158,65,54
159,59,54
160,53,55
161,49,56
162,18,50
163,50,61
164,100,121
165,73,122
166,80,106
167,88,121
168,100,53
169,50,170
170,60,178
171,83,192
172,34,159
173,75,58
174,88,77
175,99,193
176,72,194
177,21,118
178,82,146
179,80,147
180,79,149
181,79,152
182,77,162
183,69,139
184,68,138
185,67,138
186,59,131
187,34,116
188,88,69
189,83,55
190,78,56
191,71,139
192,33,136
193,90,55
194,74,169
195,100,79
196,93,72
197,100,71
198,82,89
199,99,185
200,99,176
201,86,175
202,57,151
203,66,109
204,65,161
205,49,108
206,59,117
207,43,121
208,84,184
209,77,93
210,52,159
211,62,169
212,51,140
213,27,127
214,42,143
215,25,135
216,53,126
217,83,82
218,82,104
219,77,106
220,86,99
221,77,48
222,66,44
223,55,43
224,47,44
225,41,48
226,37,61
227,18,84
228,43,71
229,50,73
230,60,73
231,68,71
232,75,69
233,80,66
234,17,86
235,77,108
236,88,84
237,88,105
238,92,109
239,88,106
240,78,110
241,93,110
242,94,111
243,80,60
244,84,62
245,87,63
246,47,57
247,42,54
248,106,80
249,150,63
250,107,110
251,175,36
252,130,68
253,137,69
254,144,69
255,152,66
256,124,66
257,141,48
258,133,48
259,148,49
260,153,53
261,158,70
262,127,178
263,152,61
264,178,69
265,165,65
266,137,99
267,108,134
268,107,138
269,118,135
270,125,137
271,116,138
272,122,138
273,137,147
274,106,106
275,107,98
276,163,46
277,121,80
278,124,103
279,125,99
280,158,98
281,106,88
282,148,37
283,157,40
284,168,21
285,116,42
286,125,51
287,143,138
288,172,145
289,119,108
290,113,111
291,133,140
292,131,140
293,161,35
294,125,107
295,134,37
296,136,31
297,141,1
298,164,28
299,137,15
300,167,42
301,171,40
302,108,136
303,117,137
304,124,138
305,117,109
306,132,140
307,128,144
308,130,140
309,114,106
310,121,139
311,115,138
312,107,138
313,110,167
314,108,154
315,108,151
316,107,149
317,107,148
318,121,145
319,122,145
320,123,146
321,124,148
322,134,127
323,179,106
324,125,143
325,127,143
326,110,114
327,123,111
328,111,112
329,129,85
330,141,90
331,126,102
332,158,9
333,153,20
334,150,31
335,130,155
336,118,32
337,120,14
338,123,-2
339,149,68
340,166,75
341,119,64
342,159,56
343,116,75
344,119,101
345,173,82
346,162,80
347,153,83
348,139,81
349,129,78
350,121,74
351,107,64
352,173,98
353,165,55
354,103,110
355,121,88
356,180,70
357,116,70
358,127,103
359,155,61
360,119,95
361,177,125
362,119,61
363,113,91
364,158,160
365,156,171
366,179,102
367,167,150
368,175,53
369,128,187
370,102,112
371,128,93
372,170,67
373,143,65
374,137,65
375,129,144
376,173,114
377,114,198
378,136,188
379,146,181
380,131,65
381,125,63
382,121,62
383,169,53
384,126,57
385,132,56
386,139,56
387,145,57
388,148,59
389,178,51
390,147,64
391,126,123
392,119,107
393,111,121
394,148,170
395,138,179
396,115,192
397,165,160
398,121,60
399,111,77
400,126,194
401,177,120
402,114,146
403,115,147
404,116,149
405,117,151
406,122,162
407,128,139
408,129,139
409,130,138
410,141,132
411,165,117
412,111,69
413,115,55
414,119,56
415,126,139
416,165,137
417,109,54
418,124,170
419,106,72
420,117,89
421,112,175
422,142,152
423,133,109
424,134,162
425,149,109
426,140,117
427,156,122
428,114,184
429,122,93
430,147,160
431,137,169
432,148,141
433,172,128
434,156,144
435,174,136
436,147,127
437,116,82
438,117,104
439,122,106
440,113,99
441,121,48
442,133,44
443,144,44
444,152,46
445,157,50
446,159,63
447,179,86
448,155,73
449,148,75
450,138,75
451,129,73
452,122,70
453,117,67
454,179,88
455,122,108
456,112,84
457,111,105
458,107,109
459,111,106
460,120,110
461,106,110
462,105,112
463,117,61
464,113,63
465,112,64
466,150,60
467,156,56
468,58,58
469,65,58
470,57,51
471,51,58
472,58,64
473,137,60
474,144,60
475,137,53
476,130,59
477,137,66
