0,100,131
1,98,112
2,99,118
3,92,84
4,98,104
5,98,93
6,98,66
7,50,60
8,98,48
9,98,38
10,99,-1
11,100,134
12,100,136
13,100,138
14,100,139
15,100,143
16,100,147
17,100,152
18,101,158
19,98,115
20,91,115
21,25,33
22,70,65
23,63,66
24,56,66
25,47,63
26,75,64
27,58,49
28,66,50
29,50,50
30,46,53
31,41,68
32,73,173
33,47,59
34,21,66
35,33,64
36,62,101
37,89,129
38,91,136
39,79,132
40,72,134
41,82,136
42,76,137
43,66,145
44,91,111
45,90,104
46,36,48
47,78,82
48,74,107
49,74,102
50,41,99
51,91,93
52,52,42
53,42,43
54,30,20
55,83,48
56,73,52
57,59,139
58,29,137
59,79,112
60,86,114
61,65,139
62,67,138
63,38,38
64,74,110
65,65,43
66,64,36
67,57,3
68,34,28
69,61,18
70,32,43
71,28,38
72,90,133
73,81,134
74,74,135
75,81,113
76,66,138
77,69,140
78,68,138
79,83,110
80,78,138
81,84,137
82,92,138
83,91,158
84,90,151
85,90,147
86,91,142
87,92,139
88,78,138
89,76,140
90,74,142
91,73,145
92,67,128
93,23,99
94,98,117
95,73,138
96,71,139
97,88,117
98,76,114
99,87,116
100,70,86
101,58,91
102,73,105
103,41,9
104,45,21
105,49,35
106,72,150
107,80,38
108,79,17
109,76,0
110,51,65
111,34,74
112,79,63
113,39,56
114,83,77
115,78,105
116,26,80
117,38,79
118,47,82
119,61,81
120,71,78
121,78,75
122,91,68
123,26,96
124,34,55
125,94,115
126,77,90
127,21,64
128,83,72
129,72,105
130,44,60
131,78,100
132,25,118
133,78,61
134,84,96
135,41,156
136,43,165
137,22,98
138,33,145
139,25,51
140,71,182
141,95,116
142,71,95
143,28,65
144,57,60
145,63,60
146,68,141
147,27,112
148,86,193
149,64,182
150,54,175
151,99,18
152,101,194
153,69,60
154,74,60
155,77,61
156,30,52
157,72,56
158,66,54
159,60,54
160,54,55
161,51,57
162,22,46
163,53,60
164,99,123
165,74,124
166,79,111
167,88,123
168,99,57
169,52,166
170,61,174
171,85,187
172,35,153
173,76,59
174,87,80
175,101,188
176,74,189
177,23,115
178,84,138
179,83,141
180,81,145
181,80,149
182,81,155
183,71,138
184,69,137
185,67,136
186,61,133
187,35,116
188,87,72
189,84,57
190,79,57
191,73,138
192,34,134
193,90,58
194,76,164
195,98,83
196,91,77
197,98,75
198,81,92
199,101,180
200,101,169
201,88,168
202,59,150
203,66,111
204,67,158
205,50,109
206,60,118
207,44,121
208,85,179
209,77,96
210,53,156
211,63,165
212,52,140
213,29,125
214,43,142
215,26,131
216,54,127
217,82,85
218,81,109
219,76,110
220,84,104
221,78,51
222,66,47
223,55,46
224,47,48
225,42,51
226,39,62
227,21,82
228,45,71
229,52,73
230,62,73
231,71,71
232,77,70
233,82,68
234,22,81
235,76,111
236,86,88
237,86,110
238,90,114
239,86,111
240,78,113
241,92,115
242,92,116
243,81,62
244,85,64
245,87,66
246,49,58
247,43,56
248,104,84
249,148,61
250,107,114
251,182,31
252,129,66
253,135,66
254,142,67
255,152,64
256,123,65
257,139,50
258,131,50
259,146,52
260,151,54
261,160,69
262,130,173
263,151,61
264,185,65
265,169,65
266,138,100
267,111,129
268,110,135
269,122,131
270,129,133
271,119,135
272,126,136
273,138,145
274,104,111
275,105,103
276,160,50
277,122,82
278,124,106
279,125,102
280,161,98
281,105,93
282,141,43
283,152,45
284,174,18
285,112,49
286,125,52
287,145,137
288,183,137
289,119,111
290,113,114
291,138,137
292,135,137
293,156,40
294,125,109
295,128,43
296,129,37
297,143,2
298,167,28
299,137,18
300,166,46
301,176,38
302,111,132
303,121,133
304,128,134
305,117,112
306,137,137
307,132,138
308,134,137
309,114,110
310,124,137
311,117,137
312,109,137
313,111,158
314,111,151
315,111,146
316,110,142
317,109,138
318,124,137
319,126,139
320,127,141
321,129,143
322,135,127
323,189,98
324,129,137
325,130,138
326,110,117
327,123,113
328,111,115
329,130,85
330,143,90
331,127,105
332,161,8
333,155,21
334,144,37
335,131,150
336,113,39
337,119,17
338,123,0
339,148,66
340,169,74
341,120,64
342,159,57
343,117,77
344,119,105
345,179,79
346,163,79
347,153,82
348,139,81
349,129,77
350,121,75
351,106,68
352,179,95
353,166,57
354,102,115
355,122,89
356,189,63
357,116,71
358,128,105
359,155,61
360,119,99
361,187,117
362,120,61
363,112,95
364,165,155
365,165,165
366,186,97
367,175,145
368,181,50
369,131,182
370,102,116
371,129,95
372,177,66
373,140,62
374,135,62
375,134,140
376,179,111
377,117,193
378,141,183
379,152,175
380,130,61
381,125,61
382,122,61
383,172,55
384,126,57
385,132,56
386,138,56
387,143,57
388,147,59
389,186,45
390,144,62
391,127,124
392,119,110
393,111,123
394,154,166
395,143,174
396,117,187
397,175,153
398,122,60
399,111,80
400,130,189
401,185,115
402,117,138
403,119,140
404,120,144
405,121,148
406,122,155
407,131,136
408,133,135
409,134,135
410,142,132
411,169,115
412,111,72
413,114,57
414,119,57
415,129,137
416,171,133
417,108,58
418,126,164
419,105,76
420,117,92
421,113,168
422,145,149
423,134,110
424,136,158
425,151,109
426,142,117
427,159,120
428,116,179
429,122,96
430,151,156
431,140,165
432,151,139
433,178,124
434,161,141
435,182,130
436,149,126
437,116,85
438,116,109
439,122,109
440,112,104
441,119,52
442,130,48
443,140,48
444,148,49
445,155,52
446,161,63
447,187,81
448,155,72
449,147,74
450,137,73
451,129,71
452,122,69
453,118,68
454,189,80
455,122,111
456,111,88
457,110,110
458,107,114
459,111,111
460,121,113
461,105,114
462,105,116
463,118,62
464,114,64
465,111,66
466,149,60
467,154,57
468,61,57
469,68,57
470,61,51
471,54,57
472,61,63
473,138,58
474,145,59
475,139,52
476,132,58
477,138,64
