0,102,134
1,115,100
2,107,109
3,104,76
4,116,92
5,114,83
6,107,62
7,42,55
8,105,44
9,106,34
10,106,0
11,101,137
12,101,140
13,100,142
14,99,143
15,99,147
16,99,152
17,98,157
18,97,163
19,113,104
20,102,105
21,-1,24
22,65,63
23,58,63
24,49,63
25,38,57
26,72,61
27,55,39
28,64,40
29,46,40
30,40,43
31,30,61
32,62,172
33,39,52
34,-6,57
35,18,55
36,61,94
37,93,131
38,93,139
39,83,134
40,76,137
41,85,139
42,78,140
43,59,148
44,109,99
45,108,92
46,28,36
47,77,76
48,82,98
49,80,95
50,34,93
51,107,84
52,53,29
53,39,31
54,14,11
55,88,39
56,71,44
57,54,140
58,-9,132
59,87,103
60,94,106
61,66,142
62,68,142
63,34,25
64,80,102
65,69,31
66,68,25
67,59,-2
68,24,17
69,65,10
70,21,32
71,10,28
72,93,136
73,84,137
74,77,138
75,89,105
76,67,142
77,71,143
78,69,142
79,95,100
80,79,141
81,85,141
82,92,141
83,86,162
84,89,156
85,90,151
86,91,146
87,92,142
88,79,141
89,77,143
90,76,145
91,74,148
92,68,124
93,-19,92
94,110,107
95,74,141
96,73,142
97,96,109
98,81,108
99,95,107
100,68,80
101,55,85
102,77,98
103,33,1
104,42,11
105,50,23
106,66,153
107,87,28
108,86,13
109,82,-2
110,42,61
111,19,66
112,77,59
113,30,46
114,84,72
115,90,95
116,6,72
117,27,73
118,40,77
119,56,76
120,68,73
121,76,70
122,99,63
123,8,89
124,22,44
125,109,104
126,79,83
127,-17,57
128,83,67
129,74,99
130,34,51
131,88,90
132,-16,111
133,76,56
134,97,86
135,19,154
136,13,163
137,-8,91
138,7,142
139,1,42
140,58,181
141,107,106
142,71,89
143,8,55
144,51,58
145,58,59
146,69,145
147,8,105
148,71,192
149,41,182
150,28,174
151,107,16
152,89,194
153,64,58
154,70,57
155,74,57
156,13,41
157,69,50
158,62,47
159,56,47
160,49,48
161,44,49
162,-10,38
163,46,57
164,106,116
165,77,119
166,89,101
167,95,116
168,105,53
169,31,165
170,43,173
171,75,186
172,0,150
173,74,54
174,94,73
175,93,188
176,56,188
177,-7,108
178,85,141
179,84,144
180,82,148
181,81,152
182,75,158
183,73,141
184,72,140
185,70,139
186,60,131
187,24,110
188,91,66
189,84,51
190,78,51
191,74,141
192,18,130
193,93,51
194,68,165
195,112,76
196,102,70
197,109,69
198,88,85
199,95,180
200,96,171
201,82,170
202,48,150
203,67,105
204,56,159
205,48,103
206,59,113
207,38,116
208,78,178
209,81,89
210,38,156
211,49,165
212,43,139
213,8,119
214,30,140
215,-2,125
216,51,124
217,87,78
218,93,98
219,85,101
220,99,93
221,79,43
222,66,37
223,55,36
224,44,37
225,36,40
226,27,53
227,-8,73
228,35,66
229,45,69
230,56,69
231,66,67
232,74,65
233,80,63
234,-19,74
235,84,103
236,96,80
237,101,98
238,103,103
239,100,100
240,85,106
241,106,104
242,104,106
243,79,57
244,84,59
245,88,61
246,41,51
247,35,46
248,117,78
249,140,69
250,116,106
251,149,43
252,124,72
253,130,74
254,135,74
255,141,72
256,119,70
257,135,53
258,128,52
259,141,55
260,144,59
261,144,76
262,116,173
263,141,68
264,148,74
265,147,71
266,132,101
267,109,132
268,106,140
269,114,135
270,117,139
271,110,141
272,113,142
273,123,151
274,120,100
275,122,93
276,150,53
277,120,80
278,128,102
279,127,98
280,145,103
281,120,85
282,142,42
283,148,46
284,149,30
285,118,44
286,122,54
287,127,144
288,133,142
289,122,106
290,117,107
291,119,145
292,117,145
293,149,42
294,126,106
295,133,41
296,134,35
297,137,10
298,150,36
299,136,22
300,151,50
301,151,47
302,108,137
303,112,138
304,115,141
305,120,107
306,118,145
307,116,146
308,116,145
309,123,102
310,111,143
311,109,142
312,105,142
313,105,163
314,106,157
315,106,152
316,106,147
317,105,143
318,111,143
319,113,145
320,115,148
321,116,151
322,126,128
323,138,106
324,114,143
325,115,145
326,115,110
327,122,110
328,116,109
329,126,86
330,134,92
331,126,102
332,145,19
333,145,28
334,143,37
335,119,156
336,121,35
337,123,19
338,124,4
339,139,74
340,147,81
341,116,67
342,146,62
343,117,75
344,127,98
345,152,87
346,146,86
347,142,87
348,132,85
349,124,81
350,119,76
351,112,64
352,152,102
353,149,61
354,116,105
355,122,87
356,142,74
357,115,72
358,125,103
359,143,68
360,126,93
361,136,123
362,115,65
363,123,88
364,133,158
365,128,167
366,149,105
367,138,149
368,150,60
369,116,181
370,113,107
371,125,94
372,148,73
373,135,71
374,130,70
375,118,148
376,149,117
377,104,192
378,118,182
379,123,176
380,125,69
381,120,67
382,117,66
383,149,60
384,121,60
385,126,59
386,132,59
387,137,62
388,140,64
389,147,57
390,138,70
391,123,122
392,123,104
393,115,117
394,128,167
395,122,174
396,107,186
397,130,156
398,117,63
399,117,76
400,112,187
401,146,121
402,109,143
403,110,146
404,111,150
405,112,154
406,113,160
407,115,143
408,117,143
409,119,142
410,128,136
411,145,120
412,114,69
413,114,57
414,116,59
415,113,144
416,141,138
417,111,56
418,115,166
419,115,71
420,122,88
421,106,170
422,127,154
423,128,110
424,121,161
425,139,111
426,132,119
427,140,124
428,107,178
429,123,92
430,130,159
431,123,167
432,132,145
433,145,129
434,137,146
435,142,135
436,133,130
437,119,81
438,125,101
439,126,104
440,125,95
441,119,51
442,130,48
443,138,49
444,144,52
445,147,56
446,144,70
447,149,89
448,142,79
449,138,80
450,131,79
451,124,76
452,118,73
453,115,70
454,139,90
455,124,106
456,120,82
457,123,100
458,118,104
459,121,102
460,121,109
461,117,105
462,114,107
463,114,64
464,112,65
465,112,65
466,141,66
467,144,63
468,55,52
469,63,52
470,55,45
471,47,52
472,56,59
473,131,64
474,137,65
475,132,58
476,125,63
477,131,70
