0,108,127
1,109,101
2,104,111
3,99,77
4,109,93
5,108,84
6,104,61
7,38,58
8,103,42
9,104,32
10,104,5
11,107,130
12,106,134
13,105,137
14,105,137
15,105,141
16,105,145
17,104,149
18,97,160
19,107,106
20,96,106
21,5,34
22,62,63
23,54,64
24,46,64
25,34,60
26,68,62
27,52,42
28,60,44
29,43,43
30,36,46
31,27,65
32,60,173
33,35,56
34,0,65
35,17,59
36,57,96
37,96,126
38,96,134
39,82,130
40,72,134
41,85,135
42,76,137
43,53,145
44,101,101
45,100,93
46,26,38
47,74,78
48,75,100
49,74,96
50,30,95
51,100,84
52,48,30
53,36,32
54,17,21
55,84,38
56,68,47
57,47,138
58,-4,138
59,81,104
60,88,107
61,60,140
62,62,140
63,31,27
64,73,104
65,64,31
66,63,24
67,56,5
68,25,25
69,61,15
70,20,34
71,14,37
72,96,130
73,83,133
74,74,135
75,83,106
76,61,140
77,67,141
78,64,140
79,88,101
80,77,138
81,86,137
82,95,137
83,84,159
84,92,148
85,94,144
86,95,140
87,95,137
88,77,138
89,75,140
90,73,142
91,71,144
92,61,124
93,-10,100
94,105,108
95,70,139
96,69,140
97,91,111
98,75,109
99,90,109
100,65,82
101,51,86
102,71,100
103,33,11
104,40,18
105,45,23
106,61,151
107,82,27
108,82,17
109,79,3
110,39,63
111,18,70
112,72,60
113,27,49
114,81,73
115,83,96
116,8,77
117,24,75
118,36,78
119,52,77
120,64,74
121,73,71
122,95,63
123,8,93
124,21,48
125,102,105
126,75,85
127,-7,66
128,79,67
129,69,101
130,30,56
131,81,92
132,-9,118
133,72,58
134,91,87
135,18,155
136,14,166
137,-3,96
138,7,144
139,6,50
140,57,182
141,102,108
142,67,90
143,9,61
144,47,59
145,54,59
146,64,142
147,7,108
148,73,194
149,42,184
150,29,177
151,104,19
152,93,195
153,60,59
154,66,58
155,70,58
156,14,46
157,65,56
158,59,55
159,53,55
160,46,55
161,41,55
162,-2,49
163,42,58
164,103,117
165,71,120
166,82,103
167,90,117
168,103,52
169,30,166
170,42,174
171,75,187
172,4,154
173,70,57
174,90,74
175,95,189
176,57,190
177,-3,113
178,85,138
179,84,140
180,83,143
181,81,147
182,72,156
183,69,138
184,66,138
185,64,137
186,52,130
187,21,111
188,88,67
189,80,52
190,74,53
191,71,139
192,15,131
193,89,52
194,65,164
195,107,76
196,97,70
197,105,69
198,83,86
199,96,179
200,96,169
201,81,168
202,44,149
203,61,107
204,53,158
205,42,104
206,53,114
207,32,117
208,77,178
209,76,90
210,35,156
211,47,165
212,38,138
213,7,122
214,26,140
215,0,129
216,44,124
217,83,79
218,86,100
219,78,102
220,91,94
221,74,44
222,62,39
223,50,37
224,40,39
225,32,42
226,25,57
227,-3,80
228,32,68
229,42,70
230,53,70
231,63,69
232,71,66
233,76,64
234,-9,83
235,77,105
236,91,80
237,94,100
238,97,105
239,92,102
240,79,108
241,99,105
242,99,107
243,75,58
244,81,60
245,85,61
246,37,56
247,32,50
248,113,77
249,149,64
250,113,107
251,164,46
252,130,67
253,136,68
254,143,69
255,151,67
256,125,65
257,141,49
258,134,49
259,148,51
260,152,54
261,155,72
262,125,173
263,151,64
264,166,76
265,161,68
266,138,100
267,117,126
268,114,134
269,126,129
270,130,133
271,120,135
272,125,136
273,132,148
274,115,101
275,117,94
276,160,47
277,123,81
278,130,102
279,130,98
280,156,101
281,115,85
282,147,37
283,155,41
284,162,33
285,118,41
286,127,51
287,138,141
288,155,144
289,123,106
290,117,108
291,132,139
292,130,139
293,158,36
294,129,106
295,135,36
296,137,30
297,142,13
298,161,36
299,140,22
300,163,44
301,164,48
302,117,130
303,123,132
304,128,135
305,121,108
306,131,139
307,129,140
308,129,139
309,121,103
310,122,137
311,118,137
312,112,137
313,108,160
314,114,148
315,114,144
316,114,140
317,112,137
318,121,138
319,124,139
320,126,141
321,127,144
322,133,127
323,160,109
324,124,138
325,127,139
326,114,111
327,125,110
328,115,110
329,130,86
330,141,91
331,130,102
332,155,21
333,154,28
334,149,31
335,125,152
336,121,30
337,124,20
338,126,7
339,148,69
340,161,78
341,121,63
342,157,58
343,119,75
344,126,98
345,167,87
346,158,83
347,150,85
348,138,82
349,129,78
350,122,74
351,111,64
352,167,101
353,161,57
354,111,106
355,124,87
356,162,77
357,118,69
358,129,103
359,154,63
360,126,94
361,158,126
362,122,60
363,121,88
364,151,158
365,147,168
366,166,105
367,157,149
368,165,61
369,126,182
370,109,108
371,130,94
372,165,70
373,142,64
374,137,63
375,130,141
376,165,116
377,111,194
378,132,184
379,139,177
380,132,62
381,127,61
382,123,61
383,164,56
384,127,59
385,132,60
386,138,61
387,143,62
388,147,63
389,164,60
390,146,64
391,127,122
392,124,105
393,114,118
394,143,168
395,135,175
396,113,187
397,151,158
398,123,59
399,116,76
400,123,189
401,164,121
402,117,137
403,120,140
404,121,143
405,122,146
406,118,157
407,127,138
408,130,137
409,132,136
410,136,133
411,159,118
412,114,69
413,117,54
414,121,56
415,125,138
416,158,137
417,112,53
418,121,165
419,112,71
420,122,88
421,110,168
422,138,151
423,134,110
424,130,159
425,148,110
426,139,118
427,152,122
428,112,178
429,125,93
430,143,158
431,134,166
432,144,142
433,163,129
434,151,144
435,162,136
436,143,128
437,120,81
438,124,101
439,127,104
440,122,96
441,123,47
442,134,44
443,144,44
444,151,47
445,156,51
446,157,65
447,167,90
448,152,75
449,146,76
450,138,75
451,129,72
452,123,69
453,119,66
454,160,93
455,126,107
456,118,82
457,120,101
458,114,105
459,119,103
460,123,109
461,113,106
462,111,108
463,119,60
464,116,62
465,114,63
466,149,63
467,154,58
468,52,57
469,60,57
470,52,50
471,44,57
472,52,63
473,136,61
474,142,61
475,136,55
476,129,60
477,135,67
