0,98,133
1,95,111
2,95,117
3,88,85
4,94,103
5,95,93
6,96,66
7,46,60
8,96,46
9,96,36
10,97,0
11,98,135
12,98,137
13,98,138
14,98,153
15,98,156
16,98,159
17,98,163
18,97,173
19,95,115
20,87,113
21,20,30
22,65,67
23,58,68
24,51,67
25,43,63
26,71,66
27,55,47
28,63,48
29,48,48
30,43,51
31,36,67
32,67,178
33,43,58
34,15,62
35,28,61
36,56,98
37,85,131
38,86,135
39,74,131
40,67,131
41,77,134
42,69,133
43,57,144
44,88,111
45,87,103
46,32,44
47,73,81
48,69,105
49,69,100
50,33,95
51,88,93
52,49,38
53,39,40
54,26,18
55,80,47
56,70,52
57,51,134
58,22,132
59,75,110
60,82,112
61,57,132
62,59,133
63,36,35
64,69,107
65,63,40
66,62,34
67,54,3
68,30,26
69,58,17
70,28,40
71,24,35
72,86,133
73,75,132
74,68,132
75,77,111
76,58,132
77,62,140
78,60,133
79,79,109
80,71,134
81,78,135
82,87,136
83,84,171
84,85,162
85,86,158
86,86,154
87,87,152
88,71,145
89,70,145
90,68,147
91,67,149
92,59,124
93,16,93
94,95,116
95,66,140
96,64,140
97,84,115
98,71,111
99,83,114
100,65,84
101,52,88
102,68,103
103,37,9
104,41,19
105,47,32
106,64,155
107,78,38
108,76,17
109,74,0
110,46,65
111,28,71
112,74,65
113,36,53
114,79,77
115,74,104
116,19,76
117,33,77
118,42,80
119,56,79
120,66,77
121,73,74
122,88,68
123,18,91
124,30,52
125,91,114
126,73,88
127,15,60
128,79,71
129,67,103
130,40,59
131,74,98
132,17,112
133,74,63
134,81,95
135,36,153
136,38,162
137,13,93
138,27,142
139,19,48
140,67,187
141,92,115
142,65,93
143,22,62
144,53,63
145,58,64
146,61,141
147,18,107
148,81,200
149,58,184
150,49,174
151,97,18
152,97,203
153,64,63
154,69,63
155,73,63
156,24,49
157,68,56
158,62,53
159,56,52
160,50,54
161,47,56
162,17,44
163,49,62
164,96,122
165,67,121
166,75,109
167,83,121
168,96,56
169,47,165
170,56,175
171,80,195
172,30,149
173,73,60
174,83,80
175,97,198
176,68,193
177,15,110
178,78,149
179,77,151
180,76,153
181,75,157
182,72,164
183,63,132
184,62,132
185,61,131
186,53,128
187,27,111
188,84,72
189,80,58
190,75,58
191,65,133
192,27,130
193,86,58
194,70,170
195,95,84
196,88,77
197,95,76
198,77,91
199,97,190
200,97,180
201,83,178
202,52,148
203,60,108
204,60,160
205,43,106
206,53,115
207,37,117
208,81,187
209,72,94
210,48,155
211,57,167
212,46,136
213,21,120
214,37,139
215,19,127
216,47,122
217,78,84
218,77,108
219,72,108
220,80,103
221,74,51
222,63,46
223,53,44
224,44,45
225,39,48
226,35,60
227,13,77
228,40,70
229,47,73
230,57,73
231,66,72
232,72,70
233,77,68
234,15,76
235,72,109
236,83,87
237,82,109
238,87,113
239,82,110
240,74,111
241,88,114
242,89,115
243,77,63
244,81,65
245,83,66
246,45,57
247,40,54
248,102,85
249,147,59
250,103,114
251,180,32
252,129,65
253,135,65
254,141,66
255,151,62
256,124,64
257,137,46
258,130,47
259,144,47
260,149,50
261,158,67
262,128,180
263,151,57
264,185,65
265,168,63
266,138,99
267,110,131
268,110,136
269,122,131
270,130,131
271,120,134
272,127,134
273,139,145
274,101,111
275,102,103
276,159,46
277,120,81
278,122,105
279,123,101
280,162,97
281,102,93
282,138,39
283,149,41
284,172,20
285,109,46
286,124,50
287,146,134
288,180,136
289,116,110
290,110,113
291,140,133
292,137,134
293,154,37
294,123,108
295,125,40
296,125,35
297,141,4
298,166,28
299,136,18
300,165,43
301,174,38
302,110,134
303,121,133
304,128,133
305,115,111
306,139,134
307,134,141
308,136,134
309,111,109
310,125,134
311,118,135
312,109,137
313,110,171
314,110,162
315,110,158
316,109,154
317,108,152
318,125,145
319,126,146
320,128,148
321,129,150
322,135,124
323,188,96
324,130,141
325,132,141
326,107,116
327,121,111
328,108,114
329,129,85
330,142,89
331,125,104
332,159,10
333,154,21
334,140,34
335,132,155
336,110,37
337,118,18
338,121,1
339,148,64
340,167,73
341,120,63
342,158,54
343,114,77
344,116,104
345,179,79
346,160,78
347,149,81
348,136,79
349,127,76
350,120,73
351,103,68
352,180,94
353,164,53
354,99,114
355,120,89
356,188,62
357,114,70
358,126,103
359,154,58
360,117,98
361,186,115
362,121,61
363,109,95
364,162,156
365,162,165
366,187,96
367,173,145
368,180,50
369,129,188
370,98,116
371,128,93
372,177,64
373,140,61
374,134,61
375,135,142
376,180,109
377,114,201
378,138,186
379,149,177
380,130,61
381,125,60
382,122,61
383,172,52
384,126,56
385,132,53
386,137,53
387,143,53
388,146,55
389,185,46
390,144,60
391,126,122
392,116,109
393,109,121
394,151,168
395,140,178
396,114,196
397,172,153
398,123,59
399,108,80
400,127,195
401,186,113
402,117,149
403,119,151
404,120,154
405,121,158
406,123,165
407,133,134
408,134,133
409,136,132
410,142,128
411,170,113
412,109,72
413,114,56
414,119,56
415,131,134
416,170,133
417,106,57
418,126,171
419,103,77
420,115,92
421,112,178
422,144,149
423,133,109
424,136,161
425,152,108
426,141,116
427,159,119
428,113,188
429,120,95
430,149,157
431,139,169
432,151,137
433,178,123
434,160,141
435,181,130
436,148,123
437,114,85
438,114,108
439,120,108
440,109,104
441,118,50
442,127,45
443,137,44
444,145,45
445,153,48
446,160,60
447,187,80
448,153,70
449,145,72
450,136,72
451,128,70
452,122,69
453,117,67
454,188,79
455,120,109
456,108,88
457,107,109
458,103,113
459,108,110
460,118,111
461,102,114
462,101,115
463,118,61
464,114,63
465,110,65
466,148,56
467,153,53
468,60,58
469,68,58
470,61,52
471,53,58
472,60,65
473,139,57
474,146,57
475,139,50
476,132,57
477,139,63
