0,95,128
1,96,110
2,98,117
3,90,83
4,96,102
5,96,91
6,97,65
7,49,62
8,97,45
9,97,34
10,97,-2
11,95,131
12,96,133
13,96,135
14,97,152
15,97,155
16,97,158
17,97,162
18,101,167
19,97,114
20,90,114
21,23,37
22,68,68
23,61,69
24,54,69
25,46,65
26,74,66
27,57,48
28,65,48
29,49,50
30,45,53
31,39,70
32,72,180
33,47,61
34,19,71
35,31,64
36,60,102
37,84,127
38,86,134
39,74,129
40,69,132
41,78,134
42,73,135
43,64,150
44,90,110
45,89,102
46,34,45
47,76,83
48,73,107
49,72,103
50,38,101
51,89,92
52,49,38
53,40,40
54,29,23
55,81,45
56,72,51
57,57,141
58,27,146
59,78,112
60,85,114
61,65,139
62,67,139
63,37,34
64,72,110
65,63,39
66,62,33
67,56,3
68,33,30
69,59,17
70,30,40
71,26,41
72,84,131
73,76,132
74,71,134
75,80,113
76,66,139
77,68,145
78,68,139
79,82,110
80,75,136
81,80,135
82,87,135
83,90,167
84,85,162
85,86,158
86,87,154
87,88,151
88,75,147
89,74,148
90,72,150
91,70,152
92,65,129
93,20,106
94,97,116
95,72,144
96,70,144
97,87,117
98,75,114
99,86,115
100,68,87
101,56,92
102,71,106
103,39,11
104,43,21
105,47,31
106,70,157
107,79,35
108,77,16
109,74,0
110,49,67
111,31,75
112,79,64
113,38,55
114,81,77
115,77,105
116,23,84
117,36,81
118,44,84
119,58,83
120,68,79
121,76,76
122,90,67
123,23,100
124,32,53
125,93,114
126,76,90
127,19,71
128,81,72
129,71,106
130,43,61
131,77,99
132,22,126
133,79,62
134,83,95
135,40,163
136,42,173
137,18,104
138,31,153
139,22,55
140,71,189
141,94,116
142,69,96
143,26,65
144,55,64
145,61,64
146,67,146
147,23,116
148,86,201
149,63,190
150,54,183
151,97,15
152,103,202
153,67,63
154,73,62
155,77,62
156,28,51
157,72,57
158,65,55
159,59,55
160,53,57
161,50,59
162,19,52
163,51,63
164,99,123
165,72,125
166,78,111
167,87,123
168,97,55
169,51,173
170,61,181
171,85,194
172,34,162
173,77,60
174,85,80
175,102,195
176,74,196
177,20,122
178,81,150
179,79,152
180,77,155
181,77,158
182,79,163
183,69,137
184,67,136
185,66,135
186,59,135
187,32,119
188,86,72
189,83,56
190,79,57
191,71,137
192,32,140
193,88,57
194,75,171
195,96,82
196,90,75
197,97,74
198,80,92
199,101,187
200,101,176
201,88,176
202,58,154
203,65,112
204,66,164
205,48,111
206,58,120
207,42,124
208,86,186
209,75,96
210,52,162
211,62,171
212,51,144
213,25,130
214,42,147
215,24,138
216,52,129
217,81,85
218,80,109
219,75,110
220,83,103
221,77,50
222,64,45
223,54,44
224,45,46
225,40,49
226,38,62
227,18,87
228,43,73
229,50,75
230,59,75
231,68,73
232,76,71
233,80,68
234,19,88
235,75,112
236,85,87
237,85,109
238,89,113
239,85,111
240,77,113
241,90,114
242,91,115
243,81,62
244,84,64
245,86,66
246,48,60
247,42,56
248,103,83
249,151,59
250,105,114
251,182,31
252,130,65
253,137,65
254,144,65
255,155,62
256,124,64
257,142,45
258,133,46
259,150,46
260,155,49
261,162,67
262,132,179
263,155,58
264,187,65
265,171,61
266,139,99
267,108,126
268,108,133
269,122,127
270,131,130
271,119,132
272,128,133
273,141,147
274,103,110
275,104,101
276,166,43
277,121,81
278,124,105
279,124,101
280,163,97
281,103,91
282,146,35
283,157,37
284,173,17
285,113,43
286,125,49
287,147,138
288,188,142
289,118,110
290,112,113
291,143,136
292,140,136
293,162,32
294,125,108
295,131,36
296,132,30
297,141,0
298,167,25
299,136,15
300,171,39
301,176,37
302,108,130
303,120,130
304,130,131
305,117,111
306,141,136
307,137,142
308,139,136
309,113,109
310,127,134
311,118,134
312,108,134
313,113,166
314,110,160
315,109,156
316,109,153
317,108,151
318,127,145
319,128,146
320,130,148
321,131,150
322,137,126
323,193,101
324,133,142
325,135,142
326,109,116
327,123,112
328,110,114
329,130,85
330,143,89
331,126,104
332,160,7
333,154,18
334,149,29
335,134,154
336,115,33
337,118,14
338,121,-2
339,151,64
340,171,72
341,120,62
342,163,53
343,116,76
344,118,103
345,181,79
346,164,78
347,154,81
348,139,80
349,128,77
350,120,74
351,104,66
352,182,95
353,169,51
354,101,114
355,121,89
356,191,65
357,114,70
358,128,104
359,158,58
360,118,98
361,192,121
362,120,60
363,111,94
364,169,160
365,170,171
366,191,99
367,179,149
368,182,50
369,133,188
370,101,115
371,129,94
372,179,62
373,143,60
374,137,60
375,138,143
376,183,112
377,119,200
378,145,189
379,156,181
380,131,60
381,126,60
382,122,60
383,175,49
384,127,55
385,134,53
386,140,53
387,146,54
388,150,55
389,187,46
390,148,60
391,128,123
392,118,109
393,111,122
394,157,170
395,146,179
396,119,194
397,180,159
398,122,58
399,110,79
400,133,195
401,190,117
402,118,148
403,119,150
404,121,153
405,121,156
406,125,161
407,136,134
408,137,133
409,139,132
410,144,131
411,172,115
412,110,71
413,114,54
414,119,55
415,134,134
416,175,135
417,106,55
418,128,170
419,104,75
420,116,91
421,115,175
422,147,151
423,135,110
424,139,162
425,153,108
426,143,117
427,161,120
428,117,185
429,122,95
430,154,159
431,143,170
432,154,140
433,182,126
434,164,143
435,187,134
436,151,126
437,115,84
438,115,107
439,121,108
440,111,102
441,120,48
442,132,43
443,143,41
444,153,43
445,159,47
446,164,60
447,190,82
448,157,70
449,149,72
450,138,72
451,129,70
452,122,68
453,117,66
454,192,83
455,122,110
456,109,86
457,109,108
458,105,112
459,110,110
460,120,112
461,104,113
462,103,115
463,117,60
464,113,62
465,110,64
466,153,57
467,159,53
468,62,59
469,69,59
470,62,53
471,55,59
472,62,65
473,142,56
474,149,57
475,142,50
476,135,56
477,142,63
