0,100,127
1,104,103
2,100,113
3,95,78
4,104,94
5,103,84
6,99,62
7,42,61
8,98,42
9,98,31
10,97,-3
11,100,130
12,99,133
13,98,135
14,97,157
15,97,160
16,97,164
17,96,169
18,96,173
19,102,108
20,94,109
21,5,36
22,62,67
23,55,67
24,48,67
25,37,65
26,68,66
27,54,46
28,62,47
29,46,47
30,40,50
31,29,70
32,64,182
33,39,61
34,0,70
35,19,66
36,56,100
37,88,125
38,88,133
39,76,129
40,67,134
41,79,134
42,71,137
43,56,154
44,97,102
45,96,94
46,28,43
47,72,81
48,74,103
49,72,99
50,30,100
51,95,85
52,51,33
53,38,36
54,15,20
55,83,41
56,68,50
57,50,145
58,3,150
59,80,107
60,87,110
61,58,144
62,60,144
63,34,31
64,72,107
65,65,34
66,65,27
67,50,0
68,22,25
69,56,12
70,22,40
71,12,38
72,88,129
73,77,132
74,69,135
75,81,109
76,59,144
77,63,150
78,61,144
79,85,104
80,73,137
81,80,135
82,89,134
83,84,173
84,84,167
85,85,163
86,86,159
87,87,156
88,72,152
89,70,153
90,67,155
91,65,157
92,61,129
93,-5,109
94,101,110
95,67,149
96,65,149
97,89,113
98,74,112
99,88,111
100,63,86
101,50,90
102,70,103
103,29,7
104,36,16
105,48,26
106,63,161
107,82,29
108,76,12
109,72,-3
110,41,67
111,19,76
112,72,65
113,30,55
114,79,76
115,80,99
116,8,83
117,26,81
118,37,83
119,53,81
120,64,79
121,72,75
122,91,64
123,9,100
124,23,54
125,98,107
126,73,88
127,-5,72
128,79,70
129,68,104
130,34,61
131,79,94
132,-2,129
133,71,62
134,87,89
135,26,165
136,24,177
137,-1,105
138,15,155
139,6,53
140,62,191
141,98,110
142,65,94
143,10,68
144,50,62
145,56,62
146,61,151
147,10,117
148,77,202
149,50,193
150,38,186
151,98,13
152,94,203
153,61,62
154,66,62
155,70,62
156,15,53
157,66,57
158,61,55
159,55,55
160,49,56
161,45,58
162,-1,52
163,46,62
164,100,119
165,70,123
166,80,106
167,87,120
168,98,53
169,38,175
170,50,183
171,78,196
172,13,166
173,70,60
174,86,76
175,96,197
176,63,198
177,0,123
178,79,154
179,77,156
180,75,159
181,73,163
182,72,168
183,65,140
184,63,140
185,61,139
186,54,136
187,22,119
188,85,69
189,79,55
190,74,57
191,66,140
192,20,141
193,88,54
194,68,175
195,102,77
196,93,72
197,100,70
198,80,88
199,96,189
200,96,180
201,82,180
202,49,157
203,61,111
204,57,167
205,43,110
206,53,119
207,35,124
208,79,188
209,74,93
210,42,165
211,52,174
212,43,146
213,11,131
214,32,149
215,5,140
216,47,130
217,80,82
218,83,102
219,77,105
220,88,96
221,74,47
222,63,42
223,53,40
224,43,42
225,35,47
226,28,63
227,-1,87
228,34,73
229,43,74
230,53,74
231,63,73
232,70,71
233,75,68
234,-5,91
235,76,108
236,87,82
237,90,102
238,94,107
239,89,104
240,78,111
241,96,107
242,96,110
243,75,62
244,80,63
245,83,64
246,42,59
247,35,55
248,108,78
249,147,63
250,108,109
251,164,41
252,128,69
253,134,70
254,140,70
255,149,66
256,123,67
257,139,46
258,131,47
259,146,47
260,150,51
261,153,72
262,123,181
263,149,61
264,168,74
265,160,66
266,135,102
267,110,126
268,108,133
269,120,130
270,126,135
271,116,135
272,121,138
273,130,154
274,110,103
275,111,95
276,159,43
277,120,82
278,124,103
279,124,100
280,155,102
281,110,86
282,145,33
283,153,36
284,160,25
285,115,40
286,124,50
287,136,145
288,159,150
289,118,108
290,112,110
291,130,147
292,127,146
293,157,31
294,124,108
295,132,34
296,134,28
297,137,3
298,158,30
299,135,15
300,162,40
301,163,42
302,110,130
303,118,133
304,124,137
305,116,110
306,129,146
307,126,151
308,126,146
309,116,104
310,119,139
311,114,137
312,107,135
313,107,173
314,108,167
315,108,163
316,107,159
317,106,156
318,118,153
319,120,154
320,122,156
321,124,158
322,130,129
323,165,112
324,122,150
325,124,151
326,110,113
327,120,112
328,111,112
329,127,87
330,139,92
331,125,104
332,152,12
333,149,20
334,147,27
335,125,161
336,118,30
337,118,14
338,119,-1
339,146,69
340,159,78
341,119,65
342,156,55
343,115,76
344,121,99
345,168,87
346,155,84
347,147,86
348,134,83
349,126,79
350,119,75
351,106,65
352,168,102
353,160,54
354,106,108
355,120,89
356,165,76
357,114,71
358,125,105
359,152,61
360,121,95
361,163,130
362,119,62
363,115,89
364,150,165
365,147,175
366,170,107
367,157,155
368,165,58
369,124,189
370,104,110
371,126,95
372,164,68
373,140,65
374,135,65
375,127,152
376,167,119
377,110,201
378,130,190
379,138,184
380,129,64
381,124,63
382,121,63
383,164,53
384,125,57
385,131,55
386,137,55
387,142,56
388,146,58
389,165,57
390,144,64
391,124,124
392,118,106
393,110,120
394,141,174
395,133,181
396,112,195
397,153,165
398,121,60
399,112,77
400,122,196
401,168,125
402,113,155
403,114,157
404,116,160
405,117,164
406,118,168
407,125,142
408,127,141
409,129,141
410,134,136
411,159,121
412,110,70
413,114,55
414,118,57
415,123,142
416,157,142
417,108,54
418,120,174
419,107,72
420,117,89
421,109,179
422,136,158
423,130,112
424,129,167
425,146,112
426,136,120
427,150,126
428,111,188
429,121,94
430,140,164
431,132,173
432,142,147
433,164,133
434,149,149
435,164,141
436,140,131
437,116,83
438,118,103
439,122,106
440,116,97
441,120,47
442,131,42
443,141,41
444,149,43
445,154,47
446,155,64
447,170,91
448,150,75
449,143,77
450,135,76
451,127,74
452,120,71
453,116,68
454,165,94
455,121,108
456,113,83
457,114,102
458,109,107
459,113,104
460,118,111
461,108,107
462,106,110
463,117,62
464,113,63
465,110,64
466,148,59
467,152,55
468,60,59
469,66,59
470,60,52
471,54,58
472,60,65
473,139,59
474,144,60
475,138,53
476,133,59
477,139,65
