0,99,132
1,98,108
2,98,116
3,92,82
4,99,100
5,99,90
6,99,65
7,49,61
8,100,42
9,100,31
10,101,-1
11,99,135
12,99,137
13,99,138
14,99,154
15,99,158
16,99,162
17,99,167
18,97,175
19,98,113
20,91,112
21,18,34
22,67,67
23,61,68
24,54,67
25,45,64
26,73,66
27,58,47
28,65,48
29,51,48
30,46,51
31,37,69
32,66,181
33,46,60
34,13,67
35,28,64
36,58,101
37,88,131
38,88,137
39,77,133
40,70,135
41,80,137
42,73,138
43,59,151
44,92,108
45,91,100
46,34,43
47,75,82
48,73,105
49,72,101
50,35,99
51,92,90
52,52,34
53,42,37
54,26,20
55,83,42
56,72,51
57,53,141
58,18,141
59,79,110
60,85,113
61,62,141
62,64,141
63,37,31
64,72,109
65,66,35
66,64,28
67,57,2
68,31,26
69,61,14
70,28,39
71,23,37
72,88,134
73,78,135
74,71,136
75,80,111
76,63,141
77,67,147
78,65,141
79,83,108
80,75,138
81,81,138
82,89,138
83,85,173
84,88,166
85,88,161
86,89,157
87,90,153
88,75,149
89,74,150
90,72,152
91,71,154
92,62,128
93,11,101
94,98,114
95,71,146
96,69,146
97,87,116
98,74,113
99,86,114
100,67,86
101,54,90
102,71,105
103,39,9
104,43,18
105,49,27
106,65,160
107,81,31
108,79,14
109,77,-1
110,48,66
111,28,75
112,77,64
113,37,54
114,81,77
115,78,103
116,18,81
117,34,80
118,44,83
119,58,82
120,68,79
121,76,75
122,92,67
123,18,97
124,30,53
125,94,112
126,75,89
127,11,66
128,82,71
129,70,105
130,42,60
131,78,98
132,13,121
133,76,62
134,85,93
135,34,160
136,34,170
137,11,100
138,24,150
139,18,51
140,65,189
141,95,114
142,68,95
143,21,66
144,56,62
145,61,62
146,65,148
147,18,113
148,79,201
149,55,188
150,46,181
151,100,15
152,96,204
153,66,62
154,71,62
155,75,62
156,24,51
157,71,57
158,65,56
159,60,56
160,54,57
161,51,58
162,14,48
163,52,62
164,98,122
165,70,124
166,79,109
167,86,122
168,100,54
169,44,171
170,54,179
171,79,196
172,25,158
173,74,60
174,86,79
175,96,198
176,66,196
177,12,117
178,82,151
179,80,154
180,79,157
181,78,161
182,73,168
183,68,139
184,66,138
185,65,138
186,57,134
187,28,117
188,87,71
189,82,56
190,77,57
191,69,139
192,27,137
193,89,55
194,69,173
195,99,81
196,92,75
197,99,73
198,80,91
199,96,190
200,97,181
201,82,180
202,53,154
203,63,111
204,60,164
205,45,110
206,56,119
207,39,122
208,80,188
209,75,95
210,47,161
211,56,171
212,47,143
213,20,127
214,37,145
215,16,134
216,50,128
217,81,84
218,81,106
219,76,108
220,84,101
221,77,48
222,65,43
223,56,42
224,47,43
225,41,47
226,36,62
227,11,83
228,42,72
229,49,74
230,59,74
231,68,73
232,75,70
233,79,68
234,11,84
235,75,110
236,86,86
237,86,107
238,90,111
239,86,108
240,77,112
241,92,112
242,93,114
243,79,62
244,83,64
245,86,65
246,48,59
247,42,55
248,106,82
249,151,61
250,106,112
251,181,35
252,131,66
253,138,67
254,145,67
255,154,64
256,125,65
257,142,46
258,134,46
259,150,47
260,154,51
261,162,70
262,126,181
263,153,60
264,185,69
265,170,64
266,139,101
267,109,131
268,108,137
269,119,133
270,125,136
271,116,137
272,122,138
273,137,151
274,105,108
275,106,100
276,165,44
277,122,82
278,124,106
279,125,101
280,162,100
281,106,91
282,148,34
283,158,38
284,174,21
285,116,40
286,127,50
287,143,141
288,177,143
289,118,110
290,111,113
291,133,142
292,130,142
293,161,33
294,124,109
295,134,35
296,135,28
297,145,3
298,169,28
299,140,15
300,169,41
301,176,39
302,109,134
303,118,136
304,124,137
305,116,112
306,132,142
307,128,147
308,129,142
309,114,108
310,121,139
311,115,138
312,108,138
313,110,173
314,110,166
315,110,161
316,109,157
317,108,154
318,120,149
319,122,150
320,124,152
321,126,155
322,134,128
323,185,103
324,124,146
325,126,147
326,109,116
327,122,113
328,110,114
329,131,86
330,143,91
331,126,105
332,163,10
333,157,19
334,150,28
335,130,160
336,118,30
337,122,15
338,125,0
339,151,66
340,170,75
341,121,64
342,162,54
343,117,77
344,119,103
345,179,82
346,165,81
347,156,83
348,141,82
349,131,78
350,123,75
351,107,67
352,179,98
353,168,53
354,102,112
355,122,90
356,187,68
357,117,71
358,127,105
359,157,60
360,119,98
361,183,122
362,121,61
363,113,93
364,160,161
365,159,171
366,186,101
367,170,151
368,181,53
369,127,189
370,101,114
371,129,95
372,177,66
373,144,62
374,138,62
375,130,148
376,178,114
377,113,201
378,137,189
379,147,181
380,132,62
381,127,61
382,123,61
383,173,52
384,128,56
385,134,55
386,140,54
387,146,56
388,150,57
389,185,50
390,148,62
391,126,124
392,118,109
393,110,122
394,149,171
395,139,180
396,113,196
397,169,159
398,123,59
399,112,79
400,126,196
401,184,119
402,115,152
403,116,154
404,118,157
405,119,162
406,121,168
407,127,140
408,128,139
409,130,139
410,140,134
411,168,118
412,112,71
413,116,55
414,120,56
415,125,140
416,168,138
417,109,54
418,124,174
419,106,75
420,117,91
421,111,180
422,142,154
423,133,111
424,134,165
425,151,110
426,140,119
427,157,123
428,112,188
429,122,96
430,147,161
431,137,171
432,149,143
433,176,128
434,158,146
435,179,136
436,146,128
437,117,84
438,116,107
439,121,108
440,113,101
441,122,47
442,134,42
443,144,41
444,153,44
445,159,48
446,163,62
447,186,85
448,157,73
449,150,74
450,140,74
451,131,72
452,124,70
453,119,67
454,186,85
455,121,110
456,112,86
457,111,107
458,106,111
459,111,109
460,119,112
461,105,112
462,104,114
463,119,61
464,115,63
465,112,64
466,152,59
467,157,55
468,61,58
469,67,58
470,61,52
471,54,58
472,61,65
473,137,58
474,144,58
475,137,52
476,131,58
477,137,63
