0,96,132
1,101,107
2,100,114
3,94,81
4,101,99
5,101,89
6,100,63
7,45,59
8,100,45
9,101,35
10,101,-3
11,96,134
12,96,136
13,96,138
14,96,138
15,96,140
16,96,143
17,97,146
18,99,160
19,100,112
20,92,111
21,17,31
22,66,67
23,58,67
24,51,66
25,42,62
26,72,65
27,56,45
28,65,46
29,48,46
30,43,49
31,35,67
32,70,173
33,42,58
34,13,65
35,27,62
36,60,98
37,86,131
38,87,136
39,77,133
40,71,134
41,80,136
42,75,137
43,61,143
44,94,107
45,94,99
46,33,44
47,77,80
48,75,103
49,74,99
50,37,96
51,94,89
52,53,36
53,41,38
54,25,17
55,86,44
56,72,50
57,54,135
58,18,140
59,80,108
60,87,111
61,64,137
62,66,137
63,38,34
64,74,106
65,67,37
66,67,31
67,58,0
68,31,25
69,63,14
70,29,41
71,23,36
72,86,134
73,79,135
74,73,135
75,82,109
76,65,137
77,69,138
78,67,137
79,85,107
80,76,137
81,82,137
82,88,138
83,88,159
84,87,146
85,87,143
86,88,140
87,88,138
88,76,137
89,75,138
90,73,140
91,72,141
92,64,124
93,10,101
94,100,113
95,72,137
96,70,138
97,89,114
98,76,110
99,88,112
100,69,84
101,56,88
102,73,102
103,38,6
104,44,17
105,51,30
106,68,149
107,84,33
108,81,14
109,78,-3
110,45,65
111,27,72
112,76,64
113,35,53
114,83,75
115,80,101
116,19,78
117,32,77
118,42,80
119,57,79
120,67,77
121,76,74
122,93,65
123,19,94
124,30,52
125,96,111
126,77,87
127,9,65
128,82,70
129,71,102
130,39,58
131,80,96
132,12,120
133,76,61
134,87,92
135,36,155
136,36,166
137,12,98
138,25,146
139,18,50
140,68,181
141,97,113
142,70,92
143,21,63
144,52,62
145,59,62
146,68,139
147,19,110
148,82,192
149,59,183
150,49,176
151,101,15
152,98,193
153,65,62
154,70,62
155,74,62
156,24,51
157,70,55
158,64,52
159,58,51
160,51,52
161,47,54
162,12,46
163,48,61
164,100,120
165,72,121
166,81,107
167,88,120
168,100,54
169,47,165
170,57,173
171,82,186
172,26,155
173,74,59
174,88,77
175,98,187
176,70,188
177,13,116
178,82,138
179,80,139
180,80,141
181,79,144
182,77,155
183,70,137
184,69,136
185,67,136
186,57,129
187,29,113
188,88,69
189,83,56
190,78,56
191,72,137
192,28,133
193,91,55
194,73,164
195,101,80
196,94,73
197,100,72
198,82,89
199,98,179
200,99,169
201,85,168
202,55,147
203,65,108
204,63,157
205,47,106
206,57,115
207,39,118
208,83,178
209,77,93
210,49,155
211,60,164
212,48,137
213,21,124
214,39,140
215,17,132
216,50,124
217,83,82
218,83,105
219,77,106
220,87,100
221,78,49
222,66,43
223,55,41
224,46,43
225,39,47
226,34,60
227,11,81
228,40,70
229,47,72
230,57,73
231,67,72
232,74,70
233,79,67
234,9,83
235,77,108
236,88,84
237,89,106
238,92,110
239,88,107
240,78,110
241,94,111
242,94,112
243,79,62
244,84,63
245,87,64
246,44,56
247,39,53
248,107,81
249,148,63
250,107,111
251,175,36
252,130,69
253,136,70
254,143,69
255,152,66
256,124,67
257,139,48
258,131,49
259,147,50
260,151,53
261,158,70
262,126,173
263,151,61
264,179,70
265,166,66
266,137,100
267,106,130
268,105,136
269,116,132
270,123,134
271,114,136
272,121,136
273,136,144
274,107,107
275,108,99
276,161,48
277,121,81
278,124,104
279,125,100
280,159,99
281,107,90
282,144,39
283,154,42
284,169,22
285,114,46
286,125,52
287,142,136
288,173,143
289,119,109
290,113,111
291,133,136
292,131,137
293,158,38
294,125,107
295,131,40
296,132,34
297,142,2
298,164,30
299,137,17
300,165,45
301,171,41
302,106,133
303,115,134
304,122,135
305,117,110
306,132,136
307,127,138
308,130,137
309,115,107
310,119,137
311,113,137
312,105,137
313,109,160
314,106,146
315,106,143
316,106,140
317,105,138
318,119,137
319,121,138
320,122,140
321,123,141
322,134,125
323,179,105
324,124,137
325,126,137
326,110,114
327,122,111
328,111,112
329,129,85
330,141,90
331,126,103
332,159,10
333,153,22
334,146,34
335,129,150
336,116,36
337,121,15
338,124,-1
339,149,68
340,166,76
341,120,66
342,158,57
343,116,76
344,120,102
345,174,83
346,161,80
347,152,83
348,139,82
349,129,79
350,121,75
351,107,65
352,175,98
353,164,56
354,104,111
355,121,88
356,180,70
357,116,71
358,127,103
359,154,62
360,120,97
361,177,124
362,120,63
363,114,92
364,158,158
365,156,168
366,180,102
367,168,148
368,175,54
369,127,182
370,103,113
371,128,94
372,172,68
373,142,65
374,136,65
375,128,139
376,175,114
377,113,192
378,135,183
379,145,177
380,131,65
381,125,64
382,122,64
383,169,55
384,126,58
385,132,56
386,138,55
387,144,57
388,147,59
389,178,51
390,146,64
391,126,122
392,119,108
393,111,120
394,147,167
395,137,174
396,114,186
397,165,158
398,122,61
399,112,78
400,125,188
401,178,120
402,113,137
403,114,139
404,115,141
405,115,144
406,120,156
407,126,136
408,127,136
409,129,135
410,140,130
411,166,116
412,111,70
413,115,57
414,119,58
415,124,137
416,167,136
417,108,57
418,123,164
419,107,74
420,117,90
421,111,168
422,141,149
423,133,109
424,133,158
425,150,108
426,140,117
427,157,121
428,113,178
429,122,94
430,146,156
431,136,165
432,148,139
433,173,127
434,157,142
435,175,135
436,147,125
437,116,83
438,117,106
439,122,107
440,114,101
441,120,51
442,131,46
443,141,45
444,149,47
445,155,51
446,159,64
447,180,86
448,154,73
449,147,75
450,138,75
451,129,74
452,122,71
453,117,69
454,179,87
455,122,108
456,112,85
457,112,106
458,108,110
459,112,108
460,120,110
461,107,111
462,106,112
463,117,63
464,114,65
465,111,66
466,149,60
467,154,57
468,57,57
469,65,57
470,57,50
471,49,57
472,57,64
473,136,60
474,144,60
475,136,53
476,128,60
477,136,67
