0,101,132
1,101,113
2,100,118
3,93,85
4,101,104
5,100,93
6,97,67
7,46,59
8,96,49
9,96,39
10,94,-6
11,101,134
12,101,135
13,101,136
14,102,151
15,103,154
16,103,157
17,103,161
18,104,167
19,101,117
20,93,116
21,13,29
22,66,66
23,58,67
24,51,66
25,42,62
26,72,65
27,55,46
28,63,47
29,47,47
30,42,50
31,35,67
32,74,181
33,43,58
34,10,66
35,26,61
36,58,101
37,88,131
38,88,135
39,75,131
40,66,132
41,77,134
42,69,134
43,59,145
44,95,113
45,93,105
46,32,43
47,75,82
48,73,107
49,73,102
50,33,99
51,93,94
52,49,36
53,39,38
54,21,15
55,81,44
56,70,50
57,50,135
58,15,144
59,79,113
60,86,115
61,54,134
62,57,134
63,35,33
64,72,110
65,63,37
66,62,31
67,52,-2
68,28,25
69,58,15
70,27,39
71,20,36
72,88,133
73,76,133
74,67,133
75,81,114
76,56,134
77,62,141
78,58,135
79,85,112
80,70,135
81,78,135
82,89,136
83,91,167
84,90,160
85,90,156
86,90,153
87,91,150
88,72,145
89,70,146
90,69,147
91,68,149
92,61,126
93,7,102
94,101,118
95,65,141
96,63,141
97,89,118
98,74,113
99,87,116
100,67,86
101,53,90
102,70,105
103,34,4
104,41,18
105,47,30
106,67,155
107,79,34
108,76,14
109,71,-5
110,45,65
111,27,72
112,75,64
113,35,53
114,81,78
115,80,106
116,17,80
117,32,77
118,41,81
119,56,80
120,66,77
121,74,75
122,90,69
123,16,97
124,29,51
125,97,117
126,75,90
127,6,63
128,79,71
129,69,105
130,39,58
131,79,100
132,9,122
133,75,61
134,86,97
135,36,162
136,37,172
137,8,101
138,24,152
139,15,49
140,74,189
141,97,118
142,67,95
143,20,62
144,53,62
145,59,62
146,60,142
147,15,114
148,89,200
149,64,189
150,52,182
151,95,14
152,105,201
153,65,62
154,70,61
155,74,61
156,23,49
157,68,56
158,62,54
159,56,53
160,50,54
161,46,55
162,8,44
163,49,61
164,101,122
165,70,123
166,80,112
167,88,123
168,97,57
169,50,172
170,61,180
171,88,195
172,25,160
173,73,59
174,86,81
175,105,196
176,76,196
177,10,120
178,80,148
179,79,150
180,78,153
181,78,156
182,78,162
183,62,134
184,60,133
185,59,132
186,53,130
187,25,118
188,86,73
189,81,56
190,76,57
191,63,134
192,25,138
193,87,57
194,75,171
195,99,84
196,92,78
197,98,76
198,81,93
199,105,188
200,104,177
201,89,177
202,55,151
203,62,111
204,64,162
205,44,110
206,54,118
207,36,123
208,88,187
209,75,96
210,50,160
211,62,171
212,46,140
213,17,129
214,37,145
215,15,137
216,47,126
217,81,86
218,82,110
219,76,111
220,86,105
221,75,49
222,63,44
223,53,43
224,44,44
225,38,47
226,34,59
227,9,83
228,39,70
229,47,73
230,57,73
231,66,71
232,73,70
233,78,68
234,6,82
235,75,112
236,87,89
237,89,112
238,93,115
239,88,113
240,77,113
241,94,116
242,95,117
243,78,62
244,82,64
245,84,66
246,44,57
247,39,53
248,105,85
249,146,60
250,108,115
251,170,26
252,128,67
253,134,67
254,140,66
255,149,63
256,123,66
257,137,48
258,130,49
259,144,48
260,148,51
261,155,66
262,132,178
263,148,59
264,176,61
265,163,61
266,139,97
267,114,129
268,114,134
269,126,129
270,133,129
271,123,132
272,130,131
273,141,139
274,107,112
275,108,104
276,158,44
277,120,80
278,125,104
279,125,100
280,161,93
281,106,94
282,141,38
283,151,39
284,163,14
285,111,48
286,124,53
287,148,128
288,172,137
289,120,110
290,114,113
291,142,130
292,140,131
293,154,35
294,126,106
295,128,40
296,129,34
297,135,-2
298,159,24
299,131,14
300,162,41
301,167,34
302,114,132
303,125,131
304,132,130
305,118,111
306,141,131
307,137,138
308,139,131
309,116,110
310,129,132
311,122,133
312,113,135
313,116,165
314,116,158
315,116,155
316,115,151
317,113,149
318,129,142
319,131,143
320,133,144
321,134,146
322,138,121
323,176,96
324,133,138
325,135,138
326,111,116
327,124,110
328,113,115
329,128,83
330,141,86
331,127,102
332,152,3
333,147,17
334,143,32
335,135,150
336,113,38
337,115,14
338,117,-6
339,146,65
340,163,70
341,119,65
342,155,53
343,115,77
344,120,104
345,172,75
346,158,75
347,149,78
348,136,78
349,127,76
350,120,74
351,104,68
352,174,90
353,161,52
354,105,116
355,121,88
356,176,58
357,114,71
358,128,101
359,152,59
360,120,98
361,175,116
362,120,62
363,113,95
364,161,156
365,158,167
366,179,94
367,170,145
368,171,46
369,132,187
370,104,117
371,128,92
372,170,62
373,139,62
374,134,63
375,139,138
376,176,107
377,119,199
378,139,187
379,148,178
380,129,63
381,124,63
382,121,63
383,166,50
384,125,58
385,131,56
386,136,55
387,141,56
388,145,57
389,174,40
390,143,61
391,129,119
392,120,110
393,113,121
394,150,168
395,141,177
396,120,194
397,166,154
398,122,61
399,110,80
400,130,194
401,178,113
402,122,146
403,124,148
404,126,150
405,127,153
406,127,159
407,136,131
408,137,130
409,138,129
410,145,123
411,169,111
412,109,72
413,114,58
414,118,58
415,135,132
416,170,131
417,106,59
418,130,168
419,105,77
420,117,91
421,118,175
422,145,146
423,134,107
424,138,158
425,153,105
426,143,113
427,160,116
428,120,186
429,122,94
430,149,156
431,141,167
432,152,133
433,175,121
434,160,139
435,176,130
436,150,119
437,115,84
438,118,109
439,123,108
440,114,104
441,118,52
442,129,46
443,138,44
444,146,45
445,152,48
446,157,60
447,178,77
448,151,69
449,144,72
450,135,72
451,127,71
452,121,70
453,117,68
454,176,77
455,123,109
456,111,88
457,112,110
458,109,114
459,113,111
460,122,110
461,107,115
462,106,116
463,117,63
464,113,65
465,110,66
466,147,58
467,151,54
468,57,58
469,63,58
470,57,52
471,50,58
472,56,64
473,135,59
474,142,59
475,135,53
476,129,59
477,136,65
