0,97,131
1,101,110
2,99,116
3,94,84
4,101,102
5,101,91
6,100,66
7,46,63
8,100,49
9,100,39
10,100,0
11,97,134
12,97,137
13,97,138
14,97,140
15,97,145
16,97,150
17,97,156
18,98,161
19,100,114
20,92,113
21,12,34
22,67,70
23,59,71
24,52,70
25,42,66
26,73,68
27,56,49
28,64,50
29,48,50
30,42,53
31,35,70
32,67,175
33,43,61
34,9,68
35,26,65
36,58,100
37,86,129
38,87,136
39,75,130
40,68,132
41,78,135
42,72,135
43,58,144
44,94,110
45,93,102
46,31,46
47,75,82
48,73,105
49,72,101
50,33,99
51,93,92
52,50,38
53,39,41
54,20,21
55,84,46
56,72,53
57,51,136
58,15,139
59,78,110
60,85,112
61,59,135
62,61,136
63,34,36
64,72,108
65,65,40
66,63,33
67,53,4
68,26,29
69,58,19
70,25,43
71,18,40
72,86,133
73,77,133
74,70,134
75,80,111
76,60,136
77,64,138
78,62,136
79,84,108
80,73,136
81,80,136
82,88,137
83,87,161
84,85,155
85,85,149
86,86,143
87,88,139
88,73,137
89,71,139
90,69,142
91,67,145
92,62,126
93,8,101
94,100,115
95,68,136
96,66,137
97,88,115
98,74,112
99,87,114
100,66,86
101,53,91
102,70,104
103,33,11
104,39,22
105,47,32
106,66,151
107,81,36
108,78,18
109,75,0
110,45,69
111,27,76
112,78,66
113,34,56
114,81,78
115,79,103
116,16,81
117,32,80
118,42,83
119,56,82
120,67,79
121,75,76
122,92,68
123,16,97
124,28,55
125,96,113
126,75,89
127,7,66
128,82,72
129,69,104
130,39,62
131,78,98
132,10,119
133,78,64
134,86,95
135,31,157
136,32,166
137,9,100
138,21,146
139,14,52
140,66,184
141,97,115
142,68,95
143,19,67
144,53,66
145,59,67
146,62,140
147,16,112
148,81,194
149,56,184
150,45,177
151,100,18
152,98,196
153,66,66
154,72,65
155,76,64
156,21,53
157,70,59
158,63,56
159,57,56
160,51,57
161,47,59
162,8,49
163,49,65
164,99,122
165,71,122
166,79,109
167,87,122
168,100,57
169,43,167
170,54,175
171,81,189
172,23,154
173,75,62
174,87,80
175,98,190
176,68,190
177,11,116
178,80,138
179,78,141
180,76,146
181,75,151
182,75,157
183,66,135
184,64,135
185,63,134
186,55,130
187,26,116
188,87,72
189,83,58
190,78,59
191,68,136
192,24,135
193,90,58
194,71,165
195,100,83
196,93,76
197,100,75
198,81,92
199,98,181
200,98,171
201,84,170
202,52,149
203,63,110
204,60,158
205,44,109
206,54,117
207,36,121
208,82,180
209,75,95
210,45,157
211,56,166
212,44,139
213,17,126
214,34,142
215,14,132
216,47,126
217,81,85
218,81,107
219,75,108
220,86,103
221,77,51
222,65,46
223,54,45
224,44,47
225,38,50
226,33,63
227,8,83
228,39,74
229,47,76
230,58,76
231,67,74
232,75,72
233,80,70
234,7,83
235,75,109
236,87,87
237,88,108
238,92,112
239,87,109
240,77,111
241,93,113
242,94,114
243,80,64
244,84,66
245,86,67
246,44,60
247,39,57
248,107,84
249,153,62
250,108,113
251,177,34
252,131,70
253,139,70
254,146,70
255,155,64
256,125,68
257,143,47
258,134,49
259,151,48
260,156,51
261,161,69
262,127,174
263,155,60
264,180,66
265,168,63
266,138,100
267,108,129
268,107,136
269,118,131
270,125,133
271,115,136
272,122,136
273,135,143
274,107,109
275,108,102
276,165,44
277,122,82
278,125,105
279,126,100
280,160,98
281,108,92
282,149,37
283,159,39
284,172,21
285,116,46
286,126,52
287,142,135
288,171,136
289,120,109
290,113,112
291,135,136
292,133,136
293,163,33
294,126,107
295,135,39
296,136,33
297,144,3
298,168,28
299,140,18
300,169,40
301,174,39
302,108,133
303,117,134
304,124,134
305,118,111
306,134,136
307,130,139
308,131,136
309,116,108
310,120,137
311,114,137
312,106,138
313,109,160
314,109,155
315,108,149
316,107,144
317,106,139
318,121,137
319,123,139
320,125,142
321,127,145
322,133,125
323,177,99
324,125,137
325,127,138
326,110,115
327,123,111
328,112,114
329,130,86
330,143,90
331,127,103
332,162,10
333,157,21
334,151,31
335,128,150
336,118,36
337,122,18
338,124,0
339,152,68
340,168,73
341,121,66
342,162,54
343,117,77
344,121,103
345,175,80
346,164,79
347,155,82
348,141,82
349,130,79
350,123,76
351,107,68
352,175,95
353,167,53
354,104,113
355,122,89
356,180,65
357,117,72
358,127,103
359,158,60
360,121,98
361,175,117
362,121,64
363,114,94
364,159,154
365,156,163
366,179,98
367,167,144
368,177,51
369,128,182
370,103,115
371,129,94
372,174,63
373,145,66
374,139,66
375,131,140
376,174,110
377,114,194
378,136,182
379,146,174
380,132,66
381,126,65
382,123,64
383,172,50
384,128,58
385,135,55
386,141,55
387,148,55
388,152,57
389,180,47
390,150,64
391,126,122
392,120,108
393,111,121
394,149,165
395,139,174
396,115,188
397,164,152
398,123,61
399,112,80
400,126,189
401,177,114
402,114,138
403,116,142
404,118,146
405,119,151
406,120,156
407,127,136
408,129,135
409,131,134
410,139,129
411,166,114
412,112,72
413,116,58
414,120,59
415,126,137
416,166,132
417,109,58
418,124,164
419,107,76
420,118,91
421,111,170
422,141,148
423,133,109
424,133,157
425,151,108
426,141,116
427,157,119
428,114,180
429,122,95
430,147,155
431,137,165
432,148,137
433,172,123
434,157,140
435,173,130
436,147,124
437,117,84
438,118,107
439,123,107
440,115,102
441,122,51
442,134,45
443,145,44
444,154,45
445,160,48
446,162,61
447,180,82
448,157,72
449,150,75
450,140,75
451,130,74
452,123,71
453,118,69
454,178,82
455,123,109
456,113,87
457,113,108
458,108,112
459,113,109
460,121,111
461,107,113
462,106,114
463,118,64
464,114,65
465,112,67
466,154,58
467,158,55
468,58,61
469,65,61
470,58,54
471,50,61
472,57,68
473,139,59
474,148,59
475,139,52
476,131,59
477,140,66
