0,95,133
1,91,105
2,93,111
3,88,81
4,92,98
5,93,89
6,97,65
7,54,60
8,99,47
9,100,38
10,104,4
11,95,136
12,95,138
13,95,140
14,96,141
15,95,145
16,95,150
17,95,154
18,91,151
19,92,109
20,85,108
21,37,32
22,71,65
23,65,66
24,59,65
25,52,62
26,76,64
27,62,48
28,69,49
29,56,49
30,52,51
31,46,66
32,65,158
33,52,59
34,32,60
35,40,61
36,60,94
37,85,131
38,86,137
39,75,131
40,70,132
41,79,135
42,73,135
43,60,134
44,86,105
45,85,98
46,43,44
47,76,78
48,70,100
49,71,96
50,42,91
51,87,89
52,58,38
53,49,40
54,42,21
55,85,46
56,75,51
57,55,127
58,35,120
59,75,104
60,81,107
61,63,134
62,65,135
63,46,35
64,70,102
65,69,40
66,69,34
67,65,7
68,44,28
69,67,20
70,40,41
71,38,36
72,85,134
73,77,133
74,71,133
75,77,106
76,64,134
77,67,137
78,66,135
79,78,104
80,75,136
81,80,137
82,87,138
83,81,150
84,84,152
85,85,148
86,86,144
87,87,140
88,74,137
89,72,138
90,70,140
91,69,142
92,62,118
93,33,87
94,92,110
95,70,136
96,69,136
97,83,110
98,72,106
99,82,108
100,69,81
101,58,85
102,70,99
103,51,12
104,53,22
105,56,32
106,65,140
107,83,37
108,83,20
109,82,4
110,54,64
111,40,70
112,79,63
113,46,53
114,81,74
115,74,99
116,33,73
117,43,74
118,51,77
119,62,77
120,71,75
121,77,72
122,90,66
123,31,87
124,41,52
125,88,108
126,75,85
127,34,58
128,82,69
129,69,98
130,49,59
131,75,94
132,33,103
133,79,60
134,81,91
135,42,139
136,44,146
137,29,88
138,36,129
139,35,47
140,64,165
141,89,110
142,69,89
143,35,62
144,60,62
145,65,62
146,65,138
147,31,100
148,75,176
149,58,164
150,52,156
151,102,21
152,88,178
153,70,62
154,75,61
155,78,61
156,37,50
157,74,56
158,68,55
159,63,54
160,58,55
161,55,57
162,34,43
163,57,61
164,93,116
165,69,116
166,75,104
167,82,116
168,98,56
169,49,149
170,56,157
171,74,171
172,39,135
173,78,59
174,85,77
175,88,174
176,65,170
177,30,102
178,80,138
179,78,141
180,76,144
181,75,148
182,72,146
183,69,135
184,67,134
185,66,133
186,57,122
187,36,105
188,86,70
189,84,56
190,80,56
191,71,135
192,36,120
193,89,56
194,68,152
195,94,81
196,89,74
197,96,73
198,78,88
199,89,167
200,90,159
201,78,157
202,55,136
203,64,103
204,61,145
205,49,101
206,57,109
207,43,111
208,76,165
209,74,91
210,50,141
211,58,150
212,50,127
213,32,112
214,43,128
215,32,116
216,52,116
217,80,81
218,76,102
219,72,103
220,79,98
221,79,50
222,69,46
223,61,44
224,53,46
225,48,48
226,45,60
227,30,74
228,49,69
229,55,71
230,63,71
231,71,70
232,77,68
233,81,66
234,33,72
235,72,104
236,83,84
237,81,104
238,85,107
239,81,104
240,74,106
241,86,108
242,87,109
243,81,61
244,85,63
245,86,64
246,54,58
247,49,54
248,101,82
249,149,63
250,100,108
251,178,36
252,129,67
253,135,68
254,142,68
255,152,65
256,123,65
257,140,49
258,133,50
259,148,50
260,152,53
261,157,69
262,117,161
263,152,61
264,179,66
265,166,64
266,133,96
267,106,132
268,105,137
269,116,133
270,122,134
271,112,137
272,118,137
273,130,136
274,98,105
275,99,99
276,162,46
277,119,79
278,118,102
279,120,97
280,154,95
281,100,90
282,146,39
283,155,41
284,172,24
285,115,47
286,126,52
287,136,129
288,168,127
289,113,106
290,106,108
291,129,137
292,127,138
293,159,37
294,119,104
295,132,41
296,134,35
297,145,9
298,167,31
299,139,22
300,167,43
301,173,41
302,106,135
303,114,135
304,120,136
305,111,107
306,128,138
307,125,140
308,126,138
309,108,104
310,116,138
311,111,138
312,104,139
313,101,151
314,106,153
315,106,149
316,105,145
317,104,141
318,117,139
319,119,140
320,121,143
321,123,145
322,127,120
323,179,94
324,121,138
325,123,139
326,104,110
327,117,107
328,105,109
329,126,83
330,138,87
331,121,100
332,162,15
333,156,25
334,148,34
335,122,142
336,117,38
337,122,21
338,126,5
339,148,67
340,165,74
341,120,64
342,159,55
343,114,75
344,113,100
345,172,79
346,159,78
347,150,81
348,136,79
349,127,76
350,120,73
351,104,67
352,170,92
353,165,54
354,96,108
355,118,86
356,182,64
357,115,70
358,122,100
359,155,60
360,114,95
361,175,110
362,121,61
363,107,92
364,151,145
365,150,152
366,177,94
367,161,135
368,177,52
369,117,168
370,95,110
371,125,91
372,172,65
373,141,64
374,135,64
375,126,141
376,169,106
377,103,177
378,127,168
379,137,161
380,130,63
381,125,62
382,122,62
383,170,53
384,128,58
385,134,56
386,139,56
387,145,57
388,148,59
389,181,48
390,146,64
391,120,117
392,113,105
393,104,116
394,139,154
395,129,161
396,104,173
397,159,141
398,123,60
399,108,78
400,116,174
401,174,109
402,112,140
403,113,143
404,115,146
405,116,150
406,113,148
407,122,137
408,124,137
409,126,136
410,133,124
411,160,109
412,109,71
413,115,57
414,120,57
415,121,138
416,159,126
417,108,57
418,115,154
419,102,75
420,113,89
421,102,158
422,134,140
423,128,105
424,125,148
425,144,104
426,134,112
427,150,115
428,103,166
429,118,92
430,139,146
431,128,154
432,142,131
433,166,117
434,150,133
435,169,123
436,140,119
437,113,82
438,110,103
439,116,104
440,106,99
441,121,51
442,132,46
443,142,45
444,150,47
445,156,50
446,160,62
447,179,80
448,153,72
449,145,74
450,136,73
451,128,71
452,121,69
453,117,67
454,181,78
455,116,105
456,107,85
457,104,104
458,100,107
459,104,105
460,114,107
461,98,108
462,98,109
463,118,62
464,114,63
465,111,65
466,151,60
467,155,56
468,66,58
469,73,58
470,67,52
471,60,58
472,66,64
473,142,61
474,149,62
475,142,55
476,134,61
477,141,67
