0,100,131
1,96,110
2,97,115
3,89,85
4,96,102
5,96,92
6,96,67
7,49,61
8,96,48
9,96,38
10,96,-2
11,100,133
12,100,135
13,100,136
14,99,151
15,99,154
16,99,158
17,99,162
18,98,167
19,96,114
20,88,113
21,23,31
22,69,66
23,62,67
24,55,67
25,46,63
26,74,65
27,56,49
28,64,49
29,50,51
30,46,53
31,41,67
32,70,175
33,46,59
34,20,64
35,32,62
36,57,97
37,87,129
38,88,133
39,76,129
40,68,129
41,78,132
42,70,131
43,58,140
44,89,110
45,88,102
46,36,49
47,74,81
48,71,104
49,71,99
50,35,94
51,89,93
52,52,45
53,43,46
54,29,19
55,82,50
56,71,52
57,52,130
58,28,133
59,76,108
60,83,111
61,56,131
62,58,131
63,39,41
64,70,106
65,65,45
66,63,40
67,54,3
68,33,28
69,59,19
70,32,45
71,27,38
72,87,132
73,77,131
74,69,130
75,78,109
76,57,131
77,62,139
78,59,132
79,81,108
80,71,132
81,79,133
82,88,135
83,86,166
84,86,160
85,86,156
86,87,153
87,88,150
88,71,143
89,69,144
90,68,146
91,66,148
92,60,121
93,21,94
94,97,115
95,66,139
96,64,138
97,85,114
98,72,109
99,84,113
100,67,84
101,54,87
102,69,102
103,39,9
104,43,22
105,49,39
106,65,150
107,79,42
108,76,18
109,73,0
110,50,66
111,33,71
112,78,63
113,39,55
114,80,77
115,76,103
116,23,77
117,38,77
118,47,80
119,60,79
120,70,76
121,76,73
122,89,69
123,21,92
124,34,54
125,92,113
126,74,88
127,20,61
128,81,70
129,68,101
130,44,59
131,76,97
132,24,113
133,77,61
134,82,95
135,40,153
136,43,162
137,18,94
138,31,142
139,23,49
140,69,185
141,93,115
142,67,92
143,26,62
144,56,63
145,62,64
146,61,139
147,21,107
148,83,197
149,62,183
150,53,174
151,96,17
152,99,200
153,68,63
154,73,62
155,76,61
156,28,51
157,71,55
158,64,53
159,58,53
160,52,54
161,49,56
162,20,44
163,52,62
164,97,119
165,68,118
166,76,108
167,85,119
168,97,57
169,50,164
170,59,174
171,82,192
172,35,149
173,75,59
174,84,80
175,98,194
176,71,191
177,20,111
178,79,147
179,77,149
180,76,152
181,75,155
182,74,159
183,63,131
184,62,130
185,61,130
186,54,124
187,29,111
188,85,72
189,82,57
190,78,57
191,65,132
192,30,130
193,88,58
194,72,166
195,96,84
196,89,77
197,96,76
198,78,91
199,98,186
200,98,176
201,84,174
202,55,145
203,62,106
204,62,157
205,44,105
206,55,113
207,38,116
208,83,183
209,74,94
210,51,153
211,60,165
212,47,133
213,24,120
214,39,137
215,24,127
216,48,120
217,79,84
218,78,107
219,73,107
220,82,103
221,76,52
222,65,49
223,55,48
224,47,49
225,42,52
226,39,60
227,18,79
228,45,70
229,52,72
230,61,72
231,69,70
232,76,68
233,80,67
234,21,77
235,73,108
236,84,87
237,84,109
238,88,112
239,84,109
240,75,109
241,90,113
242,90,114
243,80,62
244,83,64
245,85,66
246,48,57
247,43,56
248,103,84
249,152,59
250,105,113
251,184,27
252,130,65
253,138,65
254,145,65
255,156,61
256,124,64
257,142,49
258,134,50
259,150,49
260,156,51
261,163,65
262,129,176
263,156,57
264,188,60
265,172,61
266,140,96
267,113,129
268,113,133
269,125,128
270,133,128
271,123,131
272,131,131
273,142,140
274,103,110
275,103,102
276,166,47
277,122,80
278,124,103
279,125,99
280,165,93
281,103,93
282,146,43
283,157,44
284,175,15
285,112,51
286,126,52
287,149,130
288,182,131
289,119,108
290,112,111
291,145,130
292,142,131
293,162,39
294,125,105
295,131,45
296,132,39
297,142,0
298,169,24
299,136,16
300,171,43
301,178,34
302,113,131
303,124,130
304,132,130
305,117,109
306,143,131
307,138,138
308,141,131
309,113,108
310,130,131
311,122,132
312,112,134
313,111,166
314,112,160
315,112,156
316,112,153
317,111,150
318,128,142
319,130,143
320,132,145
321,133,147
322,138,120
323,191,92
324,134,138
325,136,138
326,109,114
327,124,109
328,111,112
329,131,83
330,144,86
331,127,101
332,162,5
333,155,18
334,148,37
335,134,150
336,114,43
337,117,16
338,121,-2
339,152,64
340,171,70
341,120,64
342,163,54
343,116,76
344,118,102
345,181,75
346,166,75
347,155,78
348,140,78
349,129,76
350,121,73
351,104,68
352,182,89
353,170,53
354,101,113
355,122,87
356,191,57
357,115,70
358,128,100
359,159,57
360,119,97
361,188,110
362,120,61
363,111,94
364,164,152
365,163,161
366,189,92
367,174,140
368,183,46
369,130,185
370,100,114
371,130,91
372,179,61
373,144,61
374,138,61
375,140,139
376,182,105
377,115,198
378,140,183
379,150,174
380,132,61
381,126,61
382,122,61
383,175,50
384,128,56
385,134,54
386,141,53
387,147,54
388,152,55
389,189,40
390,149,60
391,129,118
392,118,108
393,111,118
394,152,164
395,141,174
396,115,192
397,173,148
398,123,59
399,110,80
400,128,191
401,188,109
402,120,146
403,122,148
404,123,151
405,124,155
406,124,159
407,137,130
408,139,130
409,140,129
410,145,124
411,173,109
412,110,72
413,114,58
414,119,58
415,136,131
416,173,128
417,107,59
418,127,167
419,103,77
420,116,90
421,113,174
422,146,145
423,135,106
424,137,156
425,154,104
426,144,112
427,162,115
428,115,183
429,122,93
430,151,153
431,140,165
432,153,133
433,180,118
434,162,136
435,183,125
436,151,119
437,116,84
438,116,107
439,122,106
440,111,102
441,120,53
442,132,48
443,144,47
444,153,47
445,160,49
446,165,59
447,189,76
448,158,68
449,150,71
450,139,71
451,130,70
452,122,69
453,117,67
454,191,74
455,122,107
456,109,87
457,109,108
458,105,112
459,110,109
460,121,109
461,103,113
462,103,114
463,117,62
464,113,64
465,111,66
466,154,56
467,159,54
468,61,56
469,68,56
470,60,50
471,54,57
472,62,63
473,142,57
474,150,57
475,142,51
476,133,57
477,142,63
