0,99,132
1,90,112
2,93,117
3,85,86
4,89,105
5,90,94
6,92,67
7,46,62
8,93,47
9,93,37
10,93,-3
11,99,134
12,99,137
13,99,138
14,100,154
15,99,158
16,99,162
17,100,166
18,100,168
19,91,115
20,84,114
21,28,28
22,66,68
23,59,69
24,52,69
25,44,64
26,72,66
27,55,47
28,63,48
29,47,48
30,43,50
31,39,68
32,75,174
33,44,59
34,27,60
35,33,62
36,59,100
37,89,131
38,90,137
39,80,132
40,73,134
41,82,137
42,77,137
43,67,147
44,84,112
45,82,105
46,34,43
47,73,81
48,69,106
49,69,102
50,41,97
51,83,95
52,48,38
53,39,39
54,31,16
55,78,48
56,70,52
57,61,139
58,41,126
59,74,111
60,80,114
61,67,139
62,69,139
63,37,33
64,69,109
65,60,41
66,59,35
67,52,1
68,32,25
69,55,16
70,32,39
71,29,34
72,89,134
73,81,135
74,75,136
75,76,112
76,68,139
77,70,146
78,70,140
79,77,110
80,78,138
81,84,138
82,91,138
83,89,167
84,88,165
85,89,161
86,90,157
87,91,154
88,78,149
89,76,150
90,74,152
91,73,154
92,66,127
93,34,89
94,92,117
95,74,145
96,72,145
97,83,117
98,72,113
99,82,115
100,67,84
101,56,89
102,68,104
103,38,7
104,41,18
105,46,32
106,73,155
107,75,39
108,72,16
109,70,-2
110,47,67
111,33,73
112,76,65
113,38,53
114,78,77
115,72,105
116,29,76
117,36,79
118,44,82
119,56,81
120,66,78
121,73,75
122,86,68
123,29,92
124,34,52
125,87,115
126,73,89
127,30,57
128,78,71
129,69,104
130,41,59
131,72,99
132,36,107
133,76,62
134,78,96
135,50,150
136,53,156
137,28,91
138,43,138
139,28,46
140,74,182
141,89,116
142,67,94
143,30,63
144,53,64
145,59,65
146,69,147
147,32,106
148,87,194
149,69,178
150,62,169
151,93,16
152,102,196
153,65,64
154,71,63
155,74,62
156,30,50
157,69,56
158,63,54
159,57,53
160,50,54
161,47,56
162,27,41
163,49,63
164,94,123
165,71,124
166,74,110
167,84,123
168,93,56
169,58,162
170,66,171
171,86,189
172,47,143
173,74,60
174,81,81
175,101,192
176,77,187
177,31,107
178,84,152
179,82,154
180,80,158
181,79,161
182,80,162
183,72,138
184,70,137
185,69,136
186,62,132
187,38,112
188,82,72
189,80,57
190,76,58
191,74,139
192,41,129
193,85,58
194,77,167
195,91,85
196,85,78
197,92,76
198,76,92
199,101,185
200,100,176
201,88,174
202,62,149
203,64,110
204,69,159
205,50,108
206,59,117
207,46,119
208,86,182
209,72,95
210,58,154
211,66,164
212,55,139
213,35,119
214,49,139
215,36,123
216,56,126
217,77,85
218,74,109
219,71,109
220,77,105
221,74,51
222,62,46
223,52,44
224,44,44
225,39,47
226,38,60
227,27,76
228,42,72
229,49,74
230,58,74
231,67,73
232,73,70
233,78,68
234,32,73
235,72,110
236,80,88
237,79,110
238,84,114
239,80,111
240,74,112
241,85,115
242,86,116
243,78,63
244,81,65
245,82,66
246,45,58
247,41,54
248,98,85
249,153,59
250,101,114
251,185,23
252,130,66
253,138,67
254,145,66
255,156,61
256,124,65
257,142,45
258,133,46
259,150,46
260,155,48
261,162,66
262,131,175
263,156,56
264,188,57
265,172,60
266,136,98
267,110,130
268,109,136
269,121,132
270,128,133
271,118,136
272,125,136
273,138,147
274,97,112
275,97,104
276,165,42
277,119,80
278,120,105
279,121,101
280,160,96
281,97,94
282,145,37
283,157,38
284,175,11
285,111,47
286,126,50
287,144,138
288,186,127
289,114,110
290,108,113
291,137,138
292,135,138
293,161,32
294,121,108
295,130,40
296,131,34
297,141,-2
298,168,21
299,135,14
300,170,38
301,178,31
302,110,134
303,120,134
304,127,135
305,113,111
306,136,138
307,132,145
308,134,139
309,108,110
310,123,137
311,117,137
312,109,138
313,111,167
314,111,165
315,111,161
316,110,156
317,109,153
318,124,148
319,125,149
320,127,151
321,129,153
322,132,126
323,193,87
324,128,144
325,130,144
326,105,116
327,119,112
328,106,115
329,128,83
330,141,88
331,123,103
332,161,2
333,155,16
334,148,31
335,131,154
336,113,38
337,115,15
338,118,-4
339,152,65
340,171,71
341,120,64
342,163,51
343,113,76
344,113,104
345,180,74
346,164,76
347,153,80
348,138,79
349,128,76
350,120,74
351,101,68
352,179,90
353,169,50
354,95,115
355,119,88
356,193,53
357,114,70
358,124,103
359,159,56
360,114,99
361,191,106
362,121,61
363,106,96
364,166,152
365,168,159
366,189,89
367,176,139
368,183,42
369,133,183
370,96,116
371,126,93
372,179,60
373,144,62
374,138,63
375,134,145
376,179,105
377,119,195
378,144,181
379,155,172
380,132,62
381,126,61
382,123,61
383,175,47
384,128,55
385,134,51
386,141,51
387,148,52
388,152,53
389,190,36
390,149,61
391,123,123
392,114,109
393,106,122
394,155,164
395,145,173
396,118,190
397,178,145
398,123,59
399,106,80
400,132,189
401,188,107
402,117,151
403,119,153
404,120,156
405,121,160
406,123,162
407,131,137
408,132,136
409,134,135
410,139,131
411,168,111
412,107,72
413,114,57
414,120,57
415,129,138
416,171,129
417,106,57
418,127,168
419,99,77
420,113,91
421,114,174
422,145,149
423,131,109
424,137,159
425,149,107
426,139,116
427,157,119
428,116,182
429,119,94
430,152,155
431,142,166
432,151,139
433,178,119
434,161,140
435,184,123
436,146,125
437,112,84
438,111,108
439,117,108
440,105,104
441,120,50
442,132,44
443,143,42
444,152,43
445,159,46
446,164,58
447,190,73
448,157,69
449,149,72
450,138,72
451,129,71
452,122,69
453,117,67
454,193,70
455,118,110
456,105,88
457,103,110
458,100,114
459,105,111
460,116,112
461,98,114
462,99,115
463,118,62
464,113,64
465,109,66
466,154,55
467,159,52
468,60,58
469,67,58
470,60,52
471,52,58
472,60,65
473,140,56
474,148,56
475,140,49
476,133,56
477,140,63
