0,96,136
1,98,112
2,97,117
3,92,87
4,98,105
5,98,95
6,98,69
7,48,62
8,98,50
9,98,41
10,98,2
11,96,138
12,96,140
13,96,142
14,96,142
15,96,145
16,96,149
17,96,153
18,97,162
19,98,116
20,90,115
21,23,32
22,66,67
23,60,68
24,53,68
25,45,65
26,72,66
27,58,49
28,65,50
29,51,51
30,46,53
31,38,69
32,70,171
33,46,60
34,19,64
35,30,65
36,60,100
37,86,133
38,87,139
39,77,133
40,70,133
41,79,137
42,72,136
43,60,144
44,92,112
45,91,105
46,38,50
47,76,83
48,73,107
49,73,103
50,38,98
51,91,95
52,56,44
53,46,45
54,30,21
55,85,51
56,72,53
57,54,136
58,25,131
59,78,112
60,84,114
61,60,132
62,62,133
63,43,41
64,72,109
65,69,45
66,68,39
67,57,5
68,35,30
69,62,21
70,35,47
71,27,39
72,86,136
73,78,135
74,71,134
75,80,113
76,61,133
77,66,136
78,63,133
79,83,111
80,73,137
81,80,139
82,87,140
83,86,162
84,86,151
85,86,147
86,87,144
87,87,140
88,73,137
89,72,138
90,71,140
91,70,142
92,63,126
93,18,94
94,97,117
95,69,135
96,67,136
97,87,117
98,74,113
99,86,115
100,68,86
101,56,90
102,71,105
103,41,12
104,45,23
105,55,38
106,67,151
107,84,42
108,79,20
109,76,2
110,48,67
111,30,75
112,76,65
113,39,57
114,81,79
115,78,106
116,23,79
117,34,79
118,43,82
119,57,81
120,66,78
121,74,75
122,91,70
123,23,94
124,34,57
125,94,115
126,76,90
127,17,62
128,80,72
129,70,105
130,42,61
131,78,100
132,20,112
133,76,62
134,85,97
135,40,151
136,41,158
137,18,95
138,31,140
139,23,50
140,69,178
141,94,116
142,69,95
143,24,67
144,55,63
145,60,63
146,65,137
147,24,109
148,83,188
149,62,176
150,53,169
151,98,20
152,98,189
153,66,63
154,71,63
155,74,63
156,29,55
157,70,56
158,64,54
159,59,53
160,53,55
161,49,57
162,19,45
163,51,62
164,97,122
165,71,123
166,79,111
167,85,122
168,98,59
169,50,161
170,59,169
171,82,184
172,33,147
173,74,60
174,86,82
175,97,185
176,71,183
177,20,111
178,80,139
179,79,141
180,78,144
181,77,147
182,75,157
183,67,134
184,66,133
185,65,133
186,57,130
187,32,113
188,86,74
189,82,59
190,77,58
191,68,135
192,32,131
193,88,60
194,72,163
195,98,86
196,91,79
197,98,78
198,80,93
199,97,178
200,97,170
201,84,169
202,55,147
203,64,110
204,63,156
205,48,109
206,57,117
207,41,120
208,82,177
209,75,97
210,51,153
211,60,162
212,49,137
213,26,121
214,41,139
215,24,126
216,51,125
217,81,86
218,81,110
219,75,110
220,84,105
221,77,53
222,67,49
223,57,47
224,49,49
225,43,52
226,37,63
227,17,79
228,42,72
229,49,74
230,58,74
231,67,72
232,73,71
233,78,69
234,17,77
235,75,111
236,86,89
237,86,111
238,90,114
239,86,112
240,77,113
241,91,115
242,92,116
243,78,63
244,82,65
245,84,67
246,47,59
247,43,57
248,104,86
249,148,58
250,105,114
251,169,30
252,128,64
253,134,64
254,141,64
255,151,61
256,122,63
257,139,49
258,131,50
259,146,49
260,150,51
261,156,66
262,124,170
263,151,56
264,174,62
265,163,61
266,135,99
267,106,134
268,105,139
269,115,134
270,121,135
271,113,138
272,119,137
273,132,143
274,104,112
275,105,105
276,159,48
277,119,82
278,122,106
279,122,102
280,156,96
281,105,95
282,143,43
283,153,45
284,164,19
285,113,51
286,124,52
287,138,135
288,169,129
289,116,111
290,110,113
291,130,135
292,128,135
293,155,40
294,122,109
295,130,45
296,131,40
297,138,4
298,159,28
299,134,20
300,162,45
301,166,37
302,106,137
303,114,136
304,120,136
305,115,112
306,129,135
307,125,138
308,127,136
309,112,110
310,118,138
311,112,140
312,105,141
313,107,161
314,106,152
315,106,148
316,105,144
317,105,141
318,118,138
319,119,140
320,121,141
321,122,143
322,129,125
323,175,92
324,122,137
325,124,138
326,108,116
327,120,112
328,109,115
329,127,85
330,138,89
331,123,104
332,154,10
333,149,22
334,145,38
335,126,150
336,115,43
337,117,20
338,120,2
339,147,63
340,164,71
341,119,62
342,157,54
343,114,78
344,117,105
345,170,77
346,160,76
347,152,79
348,138,79
349,128,76
350,121,74
351,105,70
352,171,92
353,162,54
354,102,115
355,119,90
356,175,59
357,115,71
358,124,104
359,153,57
360,117,100
361,173,110
362,119,60
363,111,97
364,155,150
365,154,158
366,176,92
367,164,139
368,170,48
369,125,177
370,101,116
371,126,94
372,168,63
373,140,59
374,134,59
375,126,139
376,170,107
377,112,188
378,134,176
379,143,169
380,129,59
381,124,59
382,120,60
383,165,52
384,125,56
385,131,54
386,137,53
387,143,54
388,147,55
389,173,43
390,145,59
391,122,122
392,116,110
393,108,122
394,145,160
395,136,169
396,112,183
397,163,145
398,121,58
399,110,82
400,124,183
401,175,109
402,112,140
403,113,142
404,114,145
405,115,148
406,118,157
407,124,136
408,125,136
409,126,135
410,135,129
411,162,112
412,109,74
413,113,58
414,118,57
415,122,137
416,162,129
417,107,59
418,121,163
419,105,79
420,115,93
421,110,168
422,137,146
423,130,109
424,130,156
425,146,107
426,136,116
427,152,118
428,112,177
429,120,96
430,143,152
431,134,162
432,144,136
433,168,119
434,153,138
435,171,124
436,142,124
437,114,86
438,115,109
439,119,109
440,111,105
441,119,52
442,130,48
443,140,47
444,149,47
445,154,50
446,158,59
447,176,77
448,153,69
449,146,71
450,136,71
451,127,70
452,121,68
453,116,67
454,175,75
455,119,110
456,110,89
457,109,110
458,106,114
459,110,111
460,118,112
461,104,115
462,103,116
463,116,61
464,113,64
465,111,66
466,149,56
467,153,54
468,59,58
469,66,58
470,59,52
471,52,58
472,58,64
473,139,55
474,145,55
475,138,50
476,132,56
477,139,61
