0,99,129
1,93,113
2,96,118
3,86,87
4,92,105
5,92,95
6,93,69
7,44,64
8,93,52
9,93,42
10,92,0
11,100,132
12,100,134
13,101,135
14,103,160
15,103,163
16,103,167
17,103,171
18,105,170
19,94,116
20,87,116
21,23,37
22,67,68
23,59,69
24,52,70
25,42,66
26,73,66
27,52,51
28,61,51
29,44,52
30,40,55
31,37,71
32,79,179
33,41,62
34,23,70
35,31,67
36,58,103
37,87,129
38,89,134
39,76,131
40,70,134
41,80,135
42,74,137
43,67,149
44,87,113
45,85,105
46,30,50
47,73,85
48,69,109
49,69,104
50,38,102
51,85,96
52,45,44
53,35,46
54,27,24
55,78,49
56,69,53
57,59,140
58,40,138
59,75,113
60,82,115
61,63,141
62,66,141
63,32,41
64,69,111
65,58,44
66,56,39
67,51,6
68,31,33
69,55,22
70,27,47
71,26,43
72,88,132
73,78,133
74,72,135
75,77,114
76,64,141
77,68,149
78,67,142
79,79,112
80,76,137
81,83,136
82,91,135
83,94,170
84,90,170
85,90,166
86,91,163
87,92,160
88,77,153
89,75,155
90,73,156
91,71,158
92,64,129
93,30,101
94,95,117
95,73,149
96,70,149
97,85,118
98,72,114
99,83,117
100,66,88
101,54,93
102,68,107
103,36,14
104,40,26
105,42,38
106,74,157
107,74,40
108,72,20
109,69,2
110,45,69
111,31,77
112,76,64
113,34,58
114,78,80
115,73,107
116,26,84
117,34,82
118,42,85
119,56,83
120,66,79
121,74,76
122,86,71
123,26,99
124,30,58
125,90,116
126,73,92
127,25,67
128,79,72
129,68,107
130,39,62
131,73,102
132,34,119
133,76,61
134,79,98
135,50,158
136,54,167
137,25,101
138,42,148
139,24,55
140,79,187
141,91,117
142,67,97
143,27,68
144,52,65
145,59,65
146,66,150
147,28,114
148,94,199
149,73,186
150,65,177
151,92,19
152,109,200
153,65,64
154,71,62
155,75,62
156,27,56
157,69,57
158,62,56
159,55,56
160,48,57
161,44,59
162,23,50
163,47,65
164,97,122
165,70,125
166,75,113
167,85,123
168,93,60
169,61,169
170,70,177
171,92,193
172,47,155
173,74,60
174,81,83
175,108,195
176,82,193
177,28,118
178,84,157
179,82,160
180,80,163
181,79,166
182,82,165
183,69,139
184,67,138
185,65,137
186,60,134
187,35,118
188,82,75
189,80,57
190,76,58
191,71,139
192,39,137
193,85,58
194,81,171
195,92,86
196,86,80
197,92,78
198,76,95
199,107,187
200,106,178
201,93,177
202,63,152
203,63,112
204,71,162
205,48,112
206,57,120
207,44,124
208,92,186
209,72,98
210,60,159
211,69,169
212,55,142
213,32,128
214,48,145
215,34,134
216,53,129
217,77,88
218,76,111
219,72,112
220,79,106
221,73,52
222,60,49
223,49,48
224,40,50
225,35,53
226,35,64
227,24,85
228,40,75
229,48,77
230,58,76
231,67,73
232,74,70
233,78,68
234,28,83
235,72,113
236,81,91
237,81,112
238,86,115
239,82,113
240,74,114
241,87,116
242,89,117
243,78,62
244,82,64
245,83,67
246,42,61
247,38,58
248,99,86
249,152,61
250,104,114
251,186,24
252,130,66
253,137,67
254,145,67
255,156,64
256,125,65
257,141,51
258,133,51
259,149,51
260,154,54
261,163,67
262,137,176
263,156,60
264,189,58
265,173,63
266,139,96
267,113,127
268,113,132
269,126,127
270,135,129
271,123,131
272,131,132
273,145,142
274,100,112
275,99,104
276,164,49
277,121,81
278,123,104
279,123,99
280,163,92
281,99,95
282,143,43
283,155,45
284,175,13
285,110,50
286,126,54
287,150,132
288,191,131
289,118,109
290,111,112
291,146,134
292,143,135
293,159,41
294,124,106
295,128,45
296,129,39
297,139,0
298,168,24
299,133,17
300,169,46
301,178,33
302,113,130
303,125,129
304,133,130
305,116,110
306,144,134
307,141,142
308,142,135
309,112,109
310,130,132
311,122,133
312,112,134
313,118,168
314,118,167
315,117,164
316,115,160
317,114,157
318,131,148
319,133,149
320,136,150
321,138,151
322,138,121
323,196,91
324,136,143
325,139,143
326,108,115
327,123,109
328,110,114
329,129,83
330,143,86
331,126,101
332,160,4
333,153,19
334,145,38
335,139,152
336,112,42
337,113,17
338,117,-2
339,152,66
340,171,71
341,121,64
342,163,56
343,114,77
344,116,104
345,181,74
346,165,76
347,154,79
348,139,78
349,129,76
350,121,73
351,101,70
352,182,89
353,169,55
354,98,116
355,121,88
356,195,55
357,115,71
358,128,101
359,159,60
360,116,98
361,195,110
362,122,62
363,107,96
364,172,152
365,174,162
366,192,91
367,182,140
368,184,44
369,139,185
370,99,117
371,129,92
372,181,64
373,144,63
374,137,63
375,143,143
376,184,104
377,126,198
378,151,184
379,162,174
380,132,63
381,126,62
382,123,62
383,176,53
384,128,58
385,134,56
386,140,56
387,147,56
388,151,58
389,192,38
390,148,62
391,128,119
392,117,109
393,110,120
394,161,165
395,150,175
396,124,193
397,184,149
398,124,60
399,107,81
400,139,192
401,192,108
402,124,153
403,126,155
404,128,157
405,129,160
406,130,161
407,138,133
408,140,132
409,142,131
410,146,125
411,173,109
412,107,74
413,114,58
414,120,58
415,137,133
416,177,128
417,106,59
418,133,168
419,100,79
420,114,91
421,120,175
422,151,146
423,135,106
424,143,158
425,153,104
426,144,113
427,162,115
428,122,184
429,121,94
430,157,154
431,147,166
432,156,134
433,184,118
434,167,137
435,189,125
436,152,120
437,114,85
438,114,108
439,120,107
440,108,104
441,119,53
442,131,49
443,141,48
444,151,49
445,158,52
446,165,62
447,191,74
448,158,70
449,149,72
450,139,72
451,129,71
452,123,69
453,118,68
454,195,72
455,121,108
456,107,88
457,106,110
458,104,114
459,108,111
460,120,110
461,101,115
462,102,116
463,119,63
464,114,65
465,110,66
466,154,59
467,158,57
468,57,58
469,66,57
470,57,51
471,49,58
472,58,64
473,142,59
474,149,58
475,142,53
476,134,59
477,141,64
