0,94,132
1,92,108
2,94,114
3,87,82
4,92,100
5,92,90
6,94,65
7,50,62
8,94,47
9,94,37
10,94,0
11,94,134
12,94,135
13,95,136
14,95,157
15,95,160
16,95,164
17,96,168
18,97,165
19,93,112
20,86,111
21,30,34
22,68,67
23,62,68
24,55,68
25,47,64
26,73,66
27,58,48
28,65,49
29,51,49
30,47,53
31,42,68
32,73,173
33,47,60
34,27,65
35,36,64
36,61,98
37,84,130
38,86,135
39,76,131
40,71,132
41,79,134
42,74,134
43,65,145
44,86,108
45,85,100
46,40,49
47,75,80
48,71,104
49,71,99
50,43,96
51,86,91
52,54,42
53,45,44
54,34,21
55,81,47
56,72,52
57,60,136
58,35,134
59,76,108
60,82,110
61,65,135
62,67,136
63,43,40
64,71,106
65,66,42
66,65,37
67,57,4
68,37,29
69,60,19
70,36,45
71,32,39
72,85,133
73,77,133
74,72,133
75,78,109
76,66,136
77,68,143
78,68,136
79,79,107
80,75,135
81,80,135
82,87,136
83,87,164
84,84,166
85,85,162
86,85,158
87,86,155
88,75,147
89,73,148
90,71,149
91,70,151
92,66,125
93,29,97
94,93,113
95,72,142
96,70,142
97,84,113
98,74,110
99,83,112
100,68,84
101,58,88
102,70,102
103,43,11
104,46,22
105,52,37
106,71,152
107,79,38
108,76,18
109,74,1
110,50,67
111,36,73
112,76,65
113,41,56
114,80,76
115,75,102
116,30,79
117,40,78
118,48,81
119,60,80
120,69,77
121,75,74
122,88,66
123,30,94
124,37,55
125,89,111
126,75,88
127,27,64
128,80,71
129,70,102
130,45,60
131,75,96
132,31,115
133,76,62
134,81,93
135,46,153
136,48,162
137,26,96
138,38,142
139,29,51
140,72,181
141,90,113
142,69,93
143,31,64
144,56,64
145,62,64
146,67,143
147,31,109
148,84,192
149,65,180
150,57,172
151,94,18
152,99,194
153,67,64
154,72,63
155,75,63
156,33,53
157,71,56
158,65,53
159,59,52
160,54,54
161,50,56
162,27,47
163,52,63
164,95,120
165,72,121
166,76,107
167,84,120
168,94,55
169,55,163
170,63,172
171,83,187
172,41,150
173,74,60
174,83,78
175,98,189
176,73,187
177,28,112
178,80,151
179,78,154
180,77,157
181,76,160
182,78,159
183,70,135
184,68,134
185,67,133
186,61,130
187,38,113
188,84,71
189,81,57
190,77,58
191,71,136
192,39,131
193,87,57
194,75,165
195,93,81
196,87,75
197,93,73
198,78,90
199,98,181
200,97,172
201,86,171
202,60,148
203,65,108
204,67,157
205,51,107
206,60,115
207,47,118
208,84,179
209,74,93
210,56,154
211,64,164
212,54,138
213,33,122
214,47,139
215,32,128
216,55,124
217,79,83
218,77,105
219,73,106
220,80,101
221,76,51
222,66,47
223,56,46
224,49,48
225,44,51
226,41,62
227,26,80
228,46,71
229,52,73
230,61,73
231,69,72
232,74,70
233,78,68
234,28,80
235,74,108
236,82,85
237,82,106
238,86,110
239,82,107
240,75,110
241,87,111
242,88,112
243,78,63
244,82,64
245,84,66
246,48,58
247,44,56
248,99,82
249,149,60
250,101,111
251,172,31
252,129,67
253,135,68
254,142,67
255,151,62
256,123,66
257,138,46
258,130,48
259,145,47
260,150,50
261,156,67
262,125,174
263,151,58
264,176,64
265,163,62
266,132,98
267,105,130
268,105,135
269,115,132
270,123,133
271,114,135
272,120,135
273,133,145
274,98,108
275,99,100
276,157,45
277,116,80
278,118,103
279,118,99
280,153,96
281,99,90
282,141,38
283,150,40
284,164,18
285,110,45
286,123,51
287,139,137
288,174,135
289,113,108
290,107,110
291,132,136
292,130,137
293,153,36
294,119,106
295,128,39
296,128,34
297,134,2
298,158,27
299,130,17
300,161,42
301,166,37
302,105,133
303,115,133
304,122,134
305,111,109
306,131,137
307,128,143
308,129,137
309,108,107
310,119,136
311,113,136
312,104,136
313,108,164
314,108,166
315,107,162
316,107,158
317,106,155
318,120,147
319,122,148
320,124,150
321,125,151
322,129,125
323,180,97
324,124,143
325,126,143
326,105,113
327,117,110
328,106,112
329,124,83
330,136,88
331,120,102
332,152,9
333,146,20
334,142,33
335,127,153
336,112,36
337,113,17
338,116,0
339,148,66
340,163,72
341,119,65
342,156,54
343,111,75
344,112,102
345,170,78
346,159,77
347,150,80
348,137,79
349,127,77
350,120,74
351,101,66
352,170,93
353,161,53
354,97,111
355,116,87
356,180,62
357,114,71
358,122,102
359,153,58
360,113,96
361,179,115
362,119,62
363,106,93
364,158,155
365,158,164
366,178,96
367,167,144
368,172,49
369,127,182
370,96,113
371,123,92
372,169,63
373,142,63
374,136,64
375,129,144
376,170,109
377,114,193
378,137,182
379,147,175
380,130,64
381,125,63
382,121,63
383,165,51
384,126,56
385,131,53
386,138,52
387,144,53
388,148,55
389,177,45
390,146,62
391,121,121
392,112,107
393,106,120
394,147,165
395,138,174
396,113,188
397,167,152
398,121,60
399,105,78
400,126,189
401,177,113
402,114,152
403,115,154
404,117,157
405,118,160
406,119,159
407,126,136
408,127,135
409,128,134
410,135,130
411,160,113
412,106,70
413,113,57
414,118,58
415,125,136
416,163,132
417,105,57
418,122,166
419,100,75
420,111,90
421,110,171
422,139,149
423,128,108
424,131,158
425,144,107
426,135,115
427,151,119
428,112,180
429,116,93
430,145,156
431,135,165
432,144,138
433,169,122
434,154,140
435,174,129
436,141,124
437,111,83
438,110,105
439,115,106
440,106,101
441,118,50
442,129,45
443,139,43
444,147,45
445,153,48
446,157,60
447,178,79
448,153,70
449,146,73
450,136,73
451,128,72
452,121,70
453,116,68
454,180,79
455,116,108
456,105,85
457,104,106
458,101,110
459,105,108
460,114,110
461,99,111
462,99,112
463,117,63
464,112,64
465,109,65
466,150,56
467,153,54
468,60,58
469,67,58
470,60,52
471,54,59
472,60,64
473,142,58
474,148,58
475,142,52
476,136,58
477,142,64
