0,101,137
1,86,112
2,92,117
3,83,86
4,85,104
5,86,94
6,91,68
7,54,63
8,92,50
9,92,41
10,91,2
11,101,139
12,102,140
13,102,141
14,103,154
15,102,157
16,102,160
17,102,164
18,102,173
19,88,115
20,83,115
21,40,37
22,73,69
23,66,69
24,59,70
25,53,66
26,79,67
27,58,52
28,67,52
29,52,54
30,49,57
31,49,72
32,77,177
33,52,62
34,39,68
35,45,67
36,61,102
37,90,136
38,92,139
39,82,136
40,77,136
41,85,139
42,80,138
43,68,150
44,80,112
45,79,104
46,40,53
47,75,83
48,68,108
49,68,103
50,45,101
51,80,95
52,49,46
53,42,48
54,41,25
55,77,49
56,75,54
57,63,141
58,51,134
59,73,112
60,79,114
61,72,138
62,74,139
63,40,44
64,68,110
65,59,46
66,57,40
67,57,9
68,42,34
69,59,24
70,39,49
71,39,43
72,91,138
73,84,137
74,79,137
75,75,113
76,73,139
77,76,145
78,75,139
79,75,111
80,82,139
81,87,139
82,94,140
83,91,172
84,92,163
85,92,160
86,93,156
87,94,153
88,83,148
89,81,149
90,80,151
91,78,153
92,66,129
93,47,97
94,90,117
95,79,145
96,78,145
97,82,117
98,72,114
99,80,116
100,69,87
101,59,92
102,68,106
103,46,16
104,48,27
105,46,40
106,74,159
107,72,41
108,73,22
109,71,5
110,55,68
111,44,77
112,82,66
113,46,60
114,79,79
115,70,106
116,37,82
117,45,82
118,50,85
119,62,83
120,71,80
121,77,77
122,85,70
123,36,97
124,43,59
125,84,115
126,74,91
127,44,65
128,81,73
129,69,106
130,50,63
131,71,100
132,48,115
133,83,63
134,75,97
135,55,156
136,60,163
137,38,98
138,49,145
139,39,54
140,77,184
141,87,116
142,69,96
143,45,68
144,59,65
145,65,65
146,75,146
147,38,112
148,90,196
149,73,182
150,67,174
151,91,21
152,105,198
153,72,65
154,78,64
155,81,63
156,42,57
157,76,59
158,70,57
159,62,57
160,57,58
161,54,60
162,41,49
163,56,64
164,94,123
165,71,125
166,73,111
167,83,123
168,93,59
169,63,166
170,70,175
171,88,191
172,55,151
173,81,61
174,80,82
175,103,194
176,80,190
177,39,115
178,88,151
179,86,153
180,85,156
181,84,160
182,81,166
183,77,139
184,75,138
185,74,137
186,64,134
187,43,117
188,82,74
189,84,58
190,82,59
191,78,139
192,46,135
193,85,59
194,79,171
195,88,85
196,84,79
197,90,77
198,75,94
199,102,186
200,102,179
201,90,177
202,65,152
203,65,112
204,71,162
205,53,111
206,61,119
207,50,123
208,88,184
209,72,97
210,62,158
211,69,168
212,59,142
213,41,125
214,53,143
215,43,130
216,58,128
217,77,87
218,73,110
219,70,110
220,74,105
221,77,53
222,64,50
223,54,50
224,47,52
225,44,55
226,48,65
227,38,83
228,50,74
229,55,76
230,64,76
231,73,74
232,79,71
233,83,69
234,46,81
235,71,112
236,78,89
237,76,111
238,81,114
239,77,112
240,73,114
241,82,115
242,84,116
243,84,63
244,85,66
245,84,68
246,52,61
247,48,59
248,95,86
249,153,59
250,99,114
251,191,25
252,129,66
253,137,66
254,145,66
255,157,61
256,123,65
257,141,45
258,131,47
259,150,46
260,156,49
261,165,65
262,135,177
263,157,57
264,197,58
265,176,59
266,138,98
267,113,134
268,114,138
269,126,133
270,136,133
271,125,136
272,134,135
273,145,147
274,93,111
275,94,104
276,167,43
277,120,80
278,120,105
279,122,100
280,164,94
281,94,94
282,143,37
283,156,38
284,179,14
285,108,46
286,124,50
287,151,137
288,201,130
289,115,110
290,108,113
291,150,134
292,147,135
293,161,33
294,123,107
295,127,39
296,128,34
297,139,1
298,170,24
299,133,17
300,173,39
301,182,33
302,113,136
303,125,135
304,135,134
305,113,111
306,148,135
307,143,142
308,147,135
309,107,109
310,133,136
311,124,137
312,114,139
313,115,171
314,115,162
315,114,159
316,114,155
317,114,152
318,133,146
319,134,147
320,135,148
321,136,150
322,136,125
323,208,89
324,140,142
325,141,142
326,105,116
327,122,111
328,106,114
329,129,83
330,143,87
331,125,103
332,162,6
333,154,18
334,146,31
335,137,156
336,110,37
337,113,19
338,116,1
339,153,64
340,174,69
341,119,63
342,165,51
343,114,77
344,112,104
345,187,74
346,166,75
347,154,79
348,138,78
349,127,76
350,119,73
351,100,69
352,187,90
353,172,50
354,93,115
355,120,88
356,205,55
357,113,71
358,127,103
359,161,56
360,114,98
361,207,108
362,119,61
363,104,95
364,175,153
365,179,162
366,201,90
367,186,141
368,190,44
369,137,185
370,94,116
371,129,92
372,185,59
373,144,62
374,137,63
375,144,142
376,188,105
377,122,196
378,151,183
379,164,174
380,130,62
381,125,61
382,121,61
383,180,47
384,126,55
385,133,53
386,140,52
387,147,52
388,152,54
389,199,38
390,149,61
391,127,122
392,114,109
393,107,122
394,162,165
395,151,175
396,121,191
397,191,148
398,121,59
399,105,81
400,137,191
401,200,108
402,124,150
403,125,151
404,126,154
405,126,158
406,128,165
407,142,135
408,143,134
409,144,133
410,145,130
411,174,111
412,106,73
413,112,56
414,118,57
415,141,135
416,179,130
417,103,58
418,132,170
419,97,78
420,112,91
421,117,177
422,151,150
423,134,108
424,143,161
425,152,106
426,143,115
427,162,118
428,119,184
429,120,94
430,158,156
431,147,167
432,157,138
433,188,119
434,168,140
435,196,125
436,151,124
437,113,84
438,109,108
439,117,108
440,103,104
441,117,50
442,130,44
443,141,43
444,151,43
445,160,46
446,167,58
447,200,74
448,159,69
449,149,71
450,138,72
451,128,70
452,121,69
453,116,67
454,207,72
455,119,109
456,104,88
457,101,110
458,98,113
459,102,111
460,118,111
461,96,114
462,97,115
463,116,62
464,111,64
465,108,66
466,155,55
467,160,52
468,68,60
469,76,59
470,68,54
471,60,60
472,68,66
473,142,57
474,152,57
475,142,50
476,133,57
477,143,64
