0,102,134
1,97,113
2,98,118
3,91,86
4,96,105
5,97,94
6,98,67
7,50,62
8,99,46
9,99,36
10,99,-1
11,102,136
12,102,138
13,102,139
14,103,149
15,103,152
16,103,157
17,103,161
18,100,168
19,97,116
20,90,115
21,28,30
22,69,67
23,62,68
24,56,68
25,47,64
26,75,65
27,58,47
28,66,47
29,50,49
30,46,52
31,42,68
32,72,176
33,47,60
34,24,63
35,34,63
36,60,100
37,91,133
38,92,137
39,81,132
40,74,132
41,83,136
42,77,135
43,63,145
44,90,113
45,89,105
46,37,47
47,77,82
48,73,107
49,73,102
50,39,97
51,90,95
52,52,40
53,43,42
54,33,18
55,83,45
56,73,50
57,57,136
58,32,133
59,79,112
60,85,114
61,64,132
62,66,133
63,39,37
64,73,109
65,65,40
66,64,34
67,58,2
68,36,26
69,61,17
70,33,43
71,30,36
72,91,135
73,82,134
74,75,133
75,80,113
76,65,132
77,70,139
78,67,133
79,82,111
80,78,136
81,84,137
82,92,138
83,88,167
84,91,160
85,92,155
86,92,151
87,93,147
88,79,142
89,77,143
90,75,145
91,74,147
92,64,126
93,26,94
94,98,118
95,74,138
96,72,138
97,87,117
98,75,113
99,86,116
100,69,85
101,57,89
102,72,105
103,42,9
104,45,19
105,50,34
106,69,154
107,80,35
108,79,16
109,76,0
110,50,67
111,35,73
112,79,64
113,40,55
114,82,78
115,78,106
116,26,78
117,39,79
118,48,82
119,61,81
120,71,77
121,78,74
122,91,69
123,25,94
124,35,54
125,93,116
126,76,90
127,25,61
128,83,70
129,71,104
130,44,60
131,78,100
132,27,113
133,79,61
134,84,97
135,42,154
136,45,163
137,22,95
138,34,143
139,27,49
140,71,184
141,94,117
142,70,94
143,29,64
144,56,64
145,62,64
146,69,140
147,26,109
148,85,196
149,64,182
150,55,174
151,99,16
152,100,199
153,68,63
154,74,62
155,77,61
156,30,52
157,73,55
158,66,53
159,60,53
160,54,54
161,50,56
162,25,44
163,52,63
164,98,123
165,72,123
166,79,111
167,87,123
168,99,56
169,52,165
170,61,174
171,84,191
172,38,150
173,77,59
174,86,81
175,100,194
176,73,190
177,23,112
178,85,145
179,84,147
180,83,151
181,82,155
182,77,162
183,71,134
184,70,133
185,69,132
186,59,130
187,33,114
188,87,73
189,83,56
190,79,56
191,73,135
192,34,132
193,89,56
194,74,168
195,97,85
196,91,78
197,98,76
198,80,93
199,100,186
200,100,176
201,86,175
202,58,149
203,65,110
204,65,159
205,48,108
206,58,117
207,42,120
208,84,184
209,76,96
210,53,156
211,62,166
212,51,138
213,28,122
214,43,141
215,27,128
216,52,125
217,82,85
218,80,110
219,75,110
220,83,105
221,78,49
222,66,45
223,55,45
224,47,47
225,42,50
226,40,62
227,22,79
228,45,72
229,52,74
230,62,74
231,70,72
232,77,69
233,81,67
234,26,77
235,76,111
236,85,89
237,85,111
238,89,115
239,85,112
240,78,113
241,91,116
242,92,117
243,81,61
244,85,63
245,87,65
246,48,58
247,44,56
248,104,85
249,152,60
250,106,115
251,183,27
252,130,67
253,137,67
254,145,67
255,156,62
256,124,66
257,142,46
258,133,47
259,150,46
260,155,49
261,162,67
262,130,177
263,155,57
264,189,61
265,172,61
266,140,99
267,113,132
268,113,137
269,124,132
270,130,132
271,121,135
272,127,134
273,141,144
274,103,112
275,104,104
276,166,44
277,123,81
278,125,106
279,126,101
280,164,95
281,104,94
282,146,38
283,157,39
284,175,15
285,114,47
286,126,51
287,148,134
288,188,133
289,119,111
290,113,114
291,139,132
292,137,133
293,162,35
294,126,108
295,132,40
296,134,35
297,143,0
298,169,24
299,139,15
300,171,41
301,177,33
302,113,135
303,122,134
304,129,133
305,118,112
306,138,132
307,134,139
308,136,133
309,114,111
310,126,135
311,120,137
312,112,138
313,112,167
314,114,160
315,114,155
316,113,151
317,112,148
318,126,142
319,127,143
320,129,145
321,131,148
322,137,125
323,194,93
324,130,138
325,132,138
326,110,117
327,124,112
328,111,115
329,131,84
330,145,88
331,128,104
332,162,6
333,156,18
334,149,32
335,134,153
336,117,38
337,120,16
338,123,-1
339,152,65
340,170,71
341,120,64
342,163,53
343,117,77
344,119,105
345,182,76
346,164,77
347,153,80
348,138,79
349,128,76
350,121,74
351,106,68
352,183,92
353,170,52
354,101,116
355,123,89
356,192,58
357,115,70
358,129,103
359,159,58
360,120,99
361,193,112
362,120,62
363,112,96
364,168,155
365,169,164
366,192,93
367,179,143
368,183,46
369,132,185
370,101,117
371,131,93
372,179,62
373,144,62
374,137,63
375,136,140
376,184,107
377,117,197
378,143,184
379,155,176
380,132,63
381,126,62
382,122,62
383,176,50
384,127,55
385,134,52
386,140,51
387,147,52
388,151,54
389,189,40
390,149,61
391,128,122
392,119,110
393,111,122
394,155,166
395,144,176
396,117,192
397,179,151
398,123,59
399,111,81
400,130,191
401,191,111
402,120,145
403,121,147
404,122,151
405,123,155
406,124,161
407,133,133
408,134,132
409,135,132
410,144,129
411,173,112
412,112,72
413,115,57
414,120,57
415,131,134
416,175,131
417,108,57
418,128,168
419,105,77
420,117,92
421,114,175
422,147,148
423,136,109
424,138,159
425,154,107
426,144,116
427,162,118
428,116,184
429,123,95
430,153,156
431,142,167
432,154,137
433,183,121
434,164,140
435,188,128
436,151,123
437,117,85
438,116,109
439,122,109
440,112,105
441,121,50
442,132,45
443,143,43
444,152,44
445,159,47
446,165,60
447,191,77
448,157,70
449,148,72
450,138,72
451,129,71
452,122,69
453,117,68
454,193,75
455,123,110
456,111,88
457,110,111
458,106,114
459,110,112
460,121,112
461,104,115
462,104,116
463,118,62
464,114,64
465,111,65
466,153,56
467,159,53
468,63,58
469,71,58
470,63,51
471,55,58
472,63,65
473,142,57
474,150,57
475,142,51
476,133,57
477,142,63
