0,97,135
1,99,115
2,100,120
3,93,88
4,99,107
5,99,96
6,100,69
7,47,61
8,100,52
9,100,42
10,100,2
11,97,137
12,97,139
13,98,141
14,98,151
15,98,154
16,98,158
17,98,161
18,101,166
19,100,119
20,91,117
21,22,34
22,69,67
23,61,68
24,54,68
25,44,63
26,74,66
27,56,49
28,65,49
29,49,49
30,44,52
31,38,68
32,71,178
33,43,58
34,17,67
35,30,62
36,60,101
37,86,133
38,87,139
39,76,134
40,71,135
41,80,138
42,75,138
43,62,145
44,93,115
45,92,107
46,34,46
47,77,83
48,73,108
49,73,103
50,37,97
51,92,97
52,51,40
53,41,42
54,29,22
55,84,48
56,72,52
57,55,136
58,22,140
59,79,113
60,85,115
61,65,138
62,68,138
63,37,37
64,72,110
65,65,42
66,64,36
67,58,6
68,34,31
69,62,21
70,30,42
71,27,40
72,86,136
73,78,136
74,73,136
75,80,114
76,67,138
77,69,143
78,69,138
79,83,113
80,77,139
81,82,139
82,89,140
83,89,165
84,86,160
85,87,156
86,88,152
87,89,150
88,77,144
89,75,146
90,73,147
91,71,149
92,63,126
93,16,100
94,100,119
95,73,142
96,71,142
97,88,118
98,74,113
99,87,117
100,69,86
101,56,90
102,71,105
103,40,12
104,45,24
105,49,35
106,69,153
107,81,39
108,80,21
109,77,3
110,48,66
111,31,72
112,78,64
113,37,54
114,83,79
115,79,107
116,22,81
117,36,78
118,46,82
119,60,81
120,70,78
121,77,75
122,93,71
123,21,95
124,31,53
125,95,118
126,77,91
127,16,65
128,83,72
129,70,105
130,41,58
131,79,101
132,17,119
133,77,61
134,86,98
135,37,158
136,38,168
137,15,99
138,27,147
139,22,52
140,70,187
141,96,119
142,69,95
143,24,62
144,55,64
145,61,64
146,68,143
147,20,111
148,84,200
149,60,188
150,50,179
151,100,21
152,101,202
153,67,64
154,73,62
155,76,62
156,26,50
157,71,56
158,64,54
159,58,54
160,51,54
161,47,56
162,18,48
163,50,63
164,100,124
165,71,124
166,79,112
167,88,123
168,100,60
169,48,169
170,58,178
171,84,193
172,29,156
173,75,59
174,87,83
175,101,195
176,71,195
177,16,116
178,82,147
179,80,149
180,78,152
181,77,155
182,77,160
183,71,138
184,69,137
185,67,136
186,57,130
187,29,115
188,88,75
189,83,57
190,78,57
191,73,138
192,28,134
193,90,59
194,74,168
195,99,87
196,93,80
197,100,78
198,81,94
199,101,186
200,101,175
201,87,174
202,56,149
203,64,110
204,65,160
205,47,109
206,57,117
207,39,120
208,85,184
209,76,97
210,50,158
211,61,168
212,49,139
213,22,125
214,39,142
215,19,133
216,50,125
217,82,87
218,81,111
219,75,111
220,85,107
221,77,51
222,65,47
223,55,46
224,46,47
225,40,49
226,36,60
227,15,83
228,43,71
229,50,74
230,60,74
231,69,72
232,76,70
233,81,68
234,16,82
235,75,112
236,87,90
237,87,113
238,91,117
239,87,114
240,77,113
241,92,118
242,93,118
243,80,62
244,84,65
245,87,67
246,45,57
247,41,55
248,106,87
249,150,64
250,109,117
251,182,33
252,131,69
253,137,70
254,144,69
255,154,66
256,125,68
257,140,51
258,132,52
259,147,52
260,152,55
261,161,70
262,130,178
263,153,62
264,187,66
265,170,66
266,141,100
267,109,133
268,109,139
269,122,134
270,130,134
271,119,138
272,127,137
273,142,144
274,106,115
275,107,107
276,162,49
277,123,83
278,127,107
279,127,102
280,163,97
281,106,96
282,142,43
283,153,45
284,175,20
285,113,52
286,126,55
287,149,135
288,184,139
289,122,112
290,115,115
291,140,138
292,138,138
293,158,40
294,128,109
295,129,45
296,129,40
297,144,5
298,168,30
299,138,21
300,168,46
301,177,39
302,109,136
303,120,136
304,129,136
305,120,113
306,139,138
307,135,143
308,137,138
309,116,113
310,125,138
311,118,139
312,108,140
313,113,165
314,111,160
315,110,156
316,109,152
317,109,150
318,125,144
319,127,145
320,129,147
321,130,149
322,140,126
323,189,99
324,131,142
325,133,142
326,112,118
327,126,112
328,114,116
329,131,86
330,144,89
331,129,105
332,162,11
333,156,23
334,145,37
335,135,152
336,114,43
337,120,21
338,124,2
339,150,68
340,169,75
341,122,66
342,160,58
343,117,79
344,121,107
345,180,80
346,163,79
347,152,82
348,139,81
349,129,78
350,123,75
351,107,71
352,181,94
353,167,57
354,104,118
355,123,90
356,189,64
357,117,72
358,130,104
359,156,62
360,121,101
361,188,119
362,123,64
363,114,98
364,167,158
365,166,168
366,189,98
367,177,147
368,182,51
369,132,187
370,103,119
371,131,95
372,179,67
373,142,66
374,136,66
375,136,143
376,182,110
377,117,200
378,142,188
379,153,180
380,131,66
381,127,65
382,124,64
383,174,55
384,128,59
385,134,57
386,139,56
387,145,58
388,148,59
389,187,46
390,146,65
391,131,123
392,121,112
393,114,123
394,155,169
395,144,178
396,117,193
397,176,156
398,125,62
399,112,83
400,131,195
401,188,116
402,118,147
403,119,149
404,120,152
405,122,155
406,125,160
407,133,138
408,135,137
409,137,136
410,147,129
411,172,114
412,112,74
413,117,60
414,121,60
415,132,138
416,174,134
417,109,60
418,128,168
419,106,79
420,118,94
421,114,174
422,147,149
423,137,109
424,138,159
425,154,108
426,145,116
427,162,119
428,116,184
429,124,96
430,152,157
431,142,168
432,155,138
433,181,124
434,164,141
435,184,132
436,153,124
437,117,87
438,119,111
439,125,110
440,114,107
441,121,54
442,131,50
443,140,48
444,149,49
445,156,52
446,162,64
447,188,82
448,156,73
449,148,75
450,138,75
451,130,73
452,124,71
453,120,69
454,189,81
455,125,111
456,112,90
457,112,113
458,109,117
459,113,114
460,123,113
461,107,118
462,106,118
463,120,64
464,116,66
465,113,67
466,151,61
467,156,58
468,58,59
469,66,59
470,59,52
471,51,59
472,58,66
473,139,61
474,145,61
475,139,55
476,133,60
477,139,67
