0,99,126
1,93,105
2,95,113
3,88,81
4,93,98
5,94,88
6,96,65
7,46,64
8,97,49
9,97,40
10,98,0
11,99,129
12,99,131
13,99,133
14,99,152
15,99,155
16,99,159
17,99,163
18,98,167
19,94,110
20,86,110
21,23,38
22,66,69
23,59,70
24,52,70
25,43,67
26,73,67
27,54,50
28,63,51
29,46,52
30,42,55
31,38,71
32,68,178
33,43,63
34,20,71
35,30,66
36,58,100
37,86,124
38,88,131
39,75,127
40,67,130
41,78,132
42,72,133
43,61,148
44,87,105
45,86,98
46,31,49
47,74,81
48,69,103
49,69,99
50,36,99
51,87,89
52,47,40
53,37,43
54,29,24
55,79,45
56,70,53
57,55,139
58,25,143
59,75,107
60,81,110
61,60,138
62,62,138
63,34,39
64,69,106
65,60,41
66,59,35
67,55,5
68,32,32
69,59,20
70,28,45
71,26,42
72,87,128
73,76,129
74,69,132
75,77,109
76,61,138
77,65,144
78,63,138
79,79,106
80,74,134
81,80,133
82,89,133
83,86,166
84,87,162
85,87,158
86,88,154
87,89,151
88,73,146
89,72,147
90,70,149
91,68,152
92,62,125
93,20,105
94,94,111
95,69,143
96,67,143
97,84,112
98,72,110
99,83,111
100,66,85
101,54,90
102,68,102
103,39,13
104,43,24
105,44,35
106,67,155
107,76,36
108,77,19
109,74,1
110,46,69
111,31,76
112,77,64
113,36,58
114,79,77
115,74,101
116,22,83
117,34,81
118,42,83
119,56,82
120,67,78
121,74,75
122,89,67
123,22,98
124,31,57
125,90,109
126,73,88
127,20,70
128,80,71
129,67,102
130,40,63
131,74,96
132,22,123
133,77,62
134,80,92
135,37,160
136,39,170
137,18,102
138,29,150
139,23,55
140,67,187
141,91,111
142,66,94
143,26,67
144,53,66
145,59,66
146,63,145
147,22,114
148,82,199
149,59,188
150,50,180
151,97,18
152,99,201
153,65,65
154,71,63
155,75,63
156,27,55
157,70,58
158,63,57
159,57,58
160,51,59
161,47,61
162,21,52
163,49,65
164,95,118
165,69,121
166,75,106
167,84,118
168,97,57
169,47,170
170,57,178
171,81,193
172,31,158
173,74,60
174,83,78
175,98,195
176,69,194
177,19,119
178,80,149
179,79,151
180,77,154
181,77,158
182,75,162
183,66,135
184,64,134
185,62,134
186,57,132
187,30,117
188,84,71
189,81,56
190,77,58
191,68,135
192,30,137
193,87,56
194,72,169
195,95,80
196,89,74
197,95,73
198,77,90
199,98,186
200,98,176
201,84,174
202,55,152
203,62,109
204,62,162
205,46,109
206,56,117
207,40,122
208,82,184
209,72,94
210,49,160
211,58,169
212,48,141
213,23,128
214,39,144
215,22,135
216,50,127
217,79,83
218,76,104
219,71,105
220,79,99
221,75,50
222,62,47
223,51,47
224,42,49
225,37,52
226,36,64
227,18,86
228,41,74
229,48,76
230,57,75
231,67,73
232,74,70
233,79,68
234,21,88
235,72,107
236,82,85
237,81,105
238,86,109
239,82,106
240,74,109
241,87,109
242,88,111
243,79,62
244,83,64
245,84,65
246,45,62
247,39,58
248,102,81
249,157,61
250,103,109
251,187,33
252,133,68
253,141,68
254,149,68
255,160,63
256,127,66
257,145,48
258,136,49
259,154,49
260,159,51
261,166,68
262,129,178
263,160,59
264,190,67
265,175,62
266,139,98
267,111,124
268,111,131
269,124,126
270,132,128
271,121,131
272,129,132
273,139,147
274,100,105
275,101,98
276,169,45
277,122,80
278,123,102
279,124,98
280,163,97
281,101,89
282,149,38
283,160,40
284,178,20
285,114,45
286,129,52
287,146,138
288,186,141
289,117,107
290,110,109
291,141,135
292,139,136
293,165,36
294,124,105
295,134,39
296,135,33
297,144,2
298,172,27
299,139,18
300,174,42
301,181,38
302,111,128
303,123,128
304,131,130
305,115,108
306,140,136
307,136,142
308,138,136
309,111,105
310,127,133
311,119,132
312,110,132
313,110,166
314,112,161
315,112,157
316,111,153
317,110,151
318,127,145
319,128,146
320,130,147
321,132,150
322,135,125
323,194,102
324,132,141
325,134,141
326,107,112
327,122,109
328,108,111
329,130,84
330,144,88
331,126,101
332,165,9
333,158,20
334,151,32
335,132,155
336,116,36
337,119,17
338,123,0
339,156,66
340,174,72
341,123,65
342,167,54
343,116,76
344,117,100
345,183,80
346,168,77
347,157,81
348,142,80
349,131,77
350,123,75
351,104,67
352,182,95
353,173,53
354,98,109
355,121,87
356,194,66
357,117,71
358,127,102
359,163,59
360,117,95
361,192,121
362,124,62
363,109,91
364,167,159
365,167,169
366,191,99
367,177,148
368,186,51
369,131,187
370,98,111
371,129,92
372,183,62
373,148,64
374,141,64
375,138,143
376,182,111
377,116,200
378,142,188
379,154,180
380,135,64
381,129,63
382,126,63
383,179,51
384,131,57
385,138,55
386,145,54
387,151,55
388,156,56
389,192,48
390,153,63
391,126,120
392,116,106
393,108,118
394,155,170
395,144,179
396,116,193
397,177,157
398,127,60
399,109,78
400,130,195
401,190,117
402,119,148
403,121,150
404,122,153
405,123,157
406,122,161
407,135,133
408,137,133
409,138,132
410,142,131
411,171,115
412,110,71
413,117,57
414,123,58
415,133,134
416,173,135
417,108,57
418,126,169
419,103,74
420,116,89
421,112,175
422,145,151
423,134,108
424,137,161
425,152,107
426,142,116
427,160,120
428,114,184
429,121,93
430,152,159
431,141,169
432,152,140
433,181,126
434,163,143
435,186,133
436,149,125
437,115,83
438,114,103
439,120,105
440,109,99
441,122,50
442,135,45
443,146,44
444,156,46
445,163,49
446,168,61
447,191,83
448,161,71
449,152,73
450,142,74
451,132,72
452,125,70
453,120,68
454,194,84
455,120,107
456,109,84
457,107,104
458,103,108
459,107,106
460,119,109
461,101,109
462,101,110
463,121,63
464,116,64
465,112,66
466,158,58
467,163,55
468,60,61
469,68,61
470,60,55
471,53,62
472,61,67
473,149,60
474,156,60
475,148,53
476,141,60
477,149,66
