0,97,131
1,91,102
2,94,112
3,87,79
4,90,94
5,91,85
6,95,63
7,49,70
8,97,46
9,97,37
10,99,3
11,98,134
12,98,137
13,98,138
14,99,150
15,100,153
16,100,157
17,100,162
18,96,168
19,92,107
20,86,108
21,34,47
22,68,71
23,61,73
24,55,74
25,47,73
26,74,69
27,57,55
28,65,55
29,50,57
30,46,61
31,42,78
32,69,180
33,47,69
34,29,79
35,36,76
36,60,102
37,87,130
38,89,137
39,77,134
40,72,138
41,81,138
42,76,140
43,63,152
44,85,102
45,83,95
46,38,57
47,75,83
48,70,104
49,70,100
50,41,104
51,85,86
52,52,47
53,43,51
54,38,33
55,82,48
56,72,57
57,57,144
58,35,151
59,76,108
60,82,110
61,67,146
62,70,146
63,40,47
64,70,108
65,65,46
66,63,40
67,61,11
68,40,38
69,63,23
70,35,55
71,35,50
72,87,134
73,79,136
74,74,139
75,78,109
76,69,146
77,72,149
78,71,146
79,78,104
80,78,141
81,83,139
82,90,138
83,86,167
84,90,161
85,90,157
86,90,153
87,91,150
88,79,149
89,78,150
90,76,152
91,74,154
92,64,129
93,31,114
94,93,109
95,75,148
96,74,148
97,84,112
98,74,112
99,83,111
100,68,88
101,57,94
102,69,104
103,47,21
104,49,29
105,50,42
106,68,158
107,79,39
108,79,21
109,77,6
110,50,74
111,36,84
112,77,67
113,40,66
114,80,77
115,74,100
116,30,90
117,39,87
118,46,88
119,59,85
120,69,81
121,76,77
122,89,66
123,29,105
124,36,66
125,88,107
126,75,90
127,31,81
128,81,72
129,69,105
130,44,70
131,74,95
132,32,132
133,78,65
134,79,90
135,43,165
136,45,175
137,27,110
138,36,155
139,32,63
140,67,189
141,90,109
142,69,96
143,32,78
144,55,69
145,61,68
146,70,150
147,30,120
148,81,201
149,61,191
150,53,184
151,98,20
152,97,202
153,66,67
154,72,66
155,76,66
156,33,66
157,71,62
158,65,62
159,60,62
160,54,64
161,50,66
162,31,63
163,52,69
164,94,119
165,70,124
166,75,106
167,84,120
168,96,55
169,50,174
170,58,181
171,80,194
172,40,165
173,76,64
174,83,78
175,96,195
176,69,197
177,28,126
178,84,149
179,83,152
180,82,155
181,81,158
182,76,164
183,72,143
184,70,143
185,69,142
186,60,136
187,36,122
188,85,71
189,82,59
190,78,61
191,74,143
192,37,142
193,88,57
194,72,171
195,93,78
196,88,73
197,94,71
198,77,90
199,96,186
200,96,176
201,83,176
202,57,156
203,64,112
204,64,165
205,50,112
206,58,120
207,44,126
208,81,185
209,73,95
210,52,164
211,60,172
212,51,146
213,31,134
214,44,149
215,31,142
216,53,131
217,79,84
218,76,103
219,72,106
220,78,97
221,77,54
222,65,51
223,55,52
224,47,54
225,42,59
226,41,73
227,27,94
228,45,80
229,51,80
230,60,79
231,69,76
232,75,73
233,80,70
234,31,97
235,73,108
236,82,84
237,80,102
238,85,106
239,81,104
240,75,111
241,86,107
242,87,109
243,80,65
244,84,66
245,85,66
246,49,68
247,43,65
248,100,78
249,153,59
250,101,107
251,188,37
252,131,63
253,138,64
254,145,64
255,157,63
256,125,61
257,143,46
258,134,47
259,151,48
260,156,51
261,164,68
262,128,179
263,156,59
264,192,69
265,174,64
266,138,98
267,108,130
268,108,136
269,119,133
270,127,137
271,116,137
272,123,139
273,137,149
274,97,102
275,98,94
276,169,47
277,121,80
278,121,101
279,122,97
280,162,98
281,99,85
282,147,39
283,160,42
284,178,23
285,113,44
286,127,49
287,144,141
288,188,144
289,115,105
290,108,108
291,135,145
292,132,145
293,165,37
294,122,105
295,132,39
296,134,33
297,143,5
298,171,29
299,138,18
300,175,44
301,181,40
302,108,133
303,118,135
304,125,138
305,113,107
306,134,145
307,130,148
308,131,145
309,109,102
310,121,140
311,115,138
312,107,138
313,108,167
314,111,161
315,110,157
316,109,153
317,108,150
318,122,148
319,124,149
320,126,151
321,128,154
322,132,126
323,197,106
324,126,147
325,128,147
326,105,111
327,120,110
328,106,110
329,130,84
330,143,89
331,124,101
332,164,12
333,157,21
334,151,33
335,130,156
336,116,35
337,119,18
338,122,3
339,152,64
340,172,73
341,121,60
342,165,55
343,115,75
344,114,97
345,183,81
346,166,78
347,154,80
348,139,78
349,128,75
350,120,71
351,103,65
352,182,97
353,172,55
354,96,106
355,121,87
356,197,71
357,114,67
358,126,102
359,161,59
360,115,93
361,194,124
362,122,57
363,107,88
364,166,160
365,168,172
366,193,101
367,177,149
368,187,54
369,130,188
370,96,109
371,128,93
372,182,65
373,144,59
374,138,58
375,132,149
376,182,113
377,115,200
378,143,189
379,155,182
380,133,58
381,127,58
382,124,58
383,179,54
384,128,55
385,134,55
386,140,55
387,146,56
388,151,57
389,194,52
390,149,59
391,124,121
392,114,104
393,106,119
394,155,171
395,144,180
396,114,193
397,179,160
398,124,56
399,108,76
400,130,196
401,191,119
402,115,149
403,117,151
404,119,154
405,121,158
406,120,162
407,128,142
408,130,141
409,132,141
410,139,132
411,170,115
412,109,70
413,115,53
414,120,53
415,126,142
416,172,136
417,107,53
418,125,170
419,101,72
420,114,88
421,111,175
422,144,153
423,132,108
424,136,163
425,150,107
426,140,116
427,158,121
428,113,185
429,120,92
430,151,160
431,140,170
432,151,142
433,180,127
434,161,144
435,186,135
436,147,127
437,114,82
438,111,101
439,118,103
440,106,95
441,121,48
442,133,44
443,145,43
444,154,45
445,161,49
446,167,62
447,193,85
448,159,70
449,150,72
450,139,71
451,129,68
452,122,66
453,117,64
454,198,88
455,118,106
456,107,82
457,104,101
458,100,105
459,105,102
460,117,109
461,98,106
462,99,108
463,119,58
464,114,60
465,110,61
466,154,58
467,160,54
468,60,65
469,67,64
470,59,59
471,53,66
472,61,71
473,138,57
474,145,57
475,139,51
476,131,56
477,137,62
