0,81,139
1,99,111
2,99,120
3,92,84
4,99,102
5,99,91
6,99,66
7,46,63
8,99,47
9,98,37
10,98,1
11,82,141
12,83,143
13,85,144
14,86,150
15,85,153
16,84,156
17,85,160
18,100,172
19,99,116
20,90,116
21,17,40
22,65,69
23,58,70
24,51,70
25,41,67
26,72,67
27,56,49
28,64,50
29,49,51
30,43,54
31,34,73
32,68,186
33,43,62
34,11,74
35,25,69
36,58,104
37,73,139
38,76,143
39,67,141
40,65,143
41,72,144
42,69,145
43,60,156
44,92,111
45,91,102
46,34,49
47,75,84
48,71,109
49,71,104
50,34,103
51,91,92
52,53,39
53,42,43
54,25,25
55,85,44
56,71,53
57,53,148
58,15,153
59,77,113
60,84,116
61,64,147
62,66,147
63,38,38
64,70,112
65,67,39
66,66,32
67,55,6
68,30,32
69,59,19
70,29,47
71,22,44
72,74,141
73,69,143
74,66,144
75,79,115
76,65,147
77,66,149
78,67,147
79,82,111
80,72,145
81,75,145
82,79,144
83,88,172
84,77,159
85,77,155
86,78,152
87,80,150
88,72,149
89,70,150
90,68,152
91,67,154
92,62,134
93,8,112
94,99,118
95,70,148
96,68,149
97,87,119
98,73,117
99,86,118
100,66,89
101,53,94
102,69,108
103,37,14
104,42,24
105,51,33
106,67,162
107,84,34
108,77,18
109,74,2
110,45,69
111,25,79
112,76,65
113,35,58
114,81,79
115,77,106
116,16,87
117,30,84
118,40,86
119,55,84
120,66,81
121,74,77
122,91,68
123,16,103
124,29,58
125,94,115
126,74,92
127,9,75
128,80,72
129,68,108
130,39,63
131,76,100
132,10,132
133,75,63
134,84,95
135,32,169
136,33,180
137,8,108
138,22,158
139,17,58
140,66,196
141,95,117
142,67,98
143,19,72
144,53,64
145,59,65
146,65,150
147,16,120
148,82,208
149,56,198
150,45,191
151,98,18
152,100,209
153,65,64
154,70,64
155,74,63
156,23,58
157,69,59
158,63,58
159,58,57
160,52,58
161,47,60
162,12,56
163,49,64
164,99,126
165,70,129
166,77,112
167,87,126
168,99,57
169,43,179
170,54,188
171,82,201
172,23,169
173,74,61
174,86,81
175,100,202
176,68,204
177,10,126
178,75,150
179,73,151
180,72,154
181,71,157
182,76,168
183,67,146
184,65,146
185,64,145
186,56,140
187,26,122
188,86,73
189,83,57
190,77,58
191,69,146
192,25,144
193,90,56
194,72,176
195,99,83
196,91,76
197,99,74
198,79,93
199,100,192
200,100,181
201,86,181
202,53,160
203,62,115
204,62,170
205,45,114
206,55,123
207,37,128
208,83,191
209,74,98
210,46,168
211,57,178
212,46,149
213,18,135
214,36,152
215,14,144
216,49,134
217,80,86
218,79,109
219,74,111
220,83,104
221,77,50
222,66,46
223,55,45
224,46,47
225,39,52
226,33,66
227,9,91
228,38,76
229,46,77
230,56,77
231,66,75
232,73,72
233,79,69
234,9,93
235,74,113
236,86,88
237,85,110
238,90,114
239,85,111
240,76,116
241,92,115
242,92,117
243,78,63
244,83,65
245,85,66
246,45,61
247,39,58
248,105,84
249,152,65
250,107,116
251,179,40
252,131,71
253,139,72
254,146,71
255,156,68
256,124,69
257,141,49
258,133,49
259,149,51
260,154,55
261,163,74
262,131,186
263,155,63
264,186,74
265,172,69
266,140,104
267,92,138
268,94,143
269,107,140
270,118,143
271,106,143
272,116,144
273,141,156
274,106,111
275,107,102
276,165,50
277,123,84
278,127,109
279,127,104
280,164,103
281,106,92
282,146,39
283,157,43
284,171,25
285,112,44
286,125,52
287,147,147
288,184,153
289,120,114
290,114,116
291,134,147
292,131,147
293,161,39
294,127,112
295,131,39
296,132,32
297,141,5
298,166,32
299,137,19
300,169,47
301,175,44
302,93,141
303,106,142
304,117,144
305,119,115
306,132,147
307,126,149
308,130,147
309,116,111
310,116,145
311,106,144
312,96,144
313,112,172
314,97,159
315,96,155
316,96,152
317,96,150
318,116,149
319,117,150
320,118,152
321,120,154
322,137,134
323,189,112
324,124,148
325,125,149
326,111,119
327,125,117
328,112,118
329,131,89
330,144,94
331,129,108
332,160,13
333,155,23
334,148,33
335,133,162
336,114,33
337,119,18
338,121,2
339,152,71
340,172,79
341,119,66
342,162,59
343,117,79
344,121,106
345,181,87
346,167,84
347,157,86
348,142,85
349,131,81
350,122,77
351,106,68
352,182,103
353,169,59
354,103,115
355,123,92
356,188,75
357,116,73
358,129,108
359,158,64
360,121,100
361,189,132
362,119,64
363,113,95
364,168,169
365,167,180
366,189,108
367,178,159
368,180,58
369,133,195
370,102,117
371,130,98
372,178,72
373,145,67
374,138,67
375,128,150
376,182,120
377,117,208
378,143,197
379,154,191
380,131,66
381,125,65
382,121,65
383,174,58
384,126,58
385,133,56
386,140,56
387,146,57
388,151,60
389,184,55
390,149,66
391,129,129
392,120,112
393,112,127
394,156,179
395,145,187
396,118,201
397,177,169
398,121,62
399,112,81
400,131,203
401,189,127
402,106,150
403,107,151
404,108,154
405,109,157
406,123,168
407,125,146
408,126,145
409,128,145
410,144,140
411,172,122
412,111,73
413,113,57
414,118,58
415,124,146
416,174,144
417,107,56
418,127,176
419,106,76
420,118,93
421,114,181
422,147,160
423,136,115
424,138,169
425,153,114
426,144,123
427,161,128
428,116,191
429,124,98
430,153,168
431,142,177
432,154,149
433,181,135
434,164,152
435,185,144
436,151,134
437,117,86
438,118,110
439,124,111
440,114,104
441,119,50
442,132,46
443,143,45
444,152,48
445,159,52
446,164,67
447,189,91
448,159,76
449,151,78
450,141,78
451,131,76
452,123,73
453,117,70
454,189,93
455,124,114
456,112,88
457,112,110
458,108,114
459,112,112
460,122,116
461,106,115
462,105,117
463,116,64
464,113,65
465,111,66
466,153,62
467,158,59
468,59,61
469,66,61
470,59,55
471,52,61
472,59,67
473,136,62
474,145,62
475,136,55
476,128,62
477,137,69
