0,98,135
1,98,112
2,98,118
3,92,86
4,98,105
5,98,94
6,98,68
7,49,59
8,98,50
9,98,40
10,99,0
11,98,138
12,98,141
13,98,143
14,98,143
15,98,147
16,98,151
17,98,156
18,97,164
19,98,116
20,91,114
21,21,27
22,68,66
23,62,66
24,55,66
25,46,62
26,74,65
27,57,49
28,65,49
29,50,50
30,46,52
31,39,67
32,70,174
33,47,58
34,18,60
35,31,61
36,61,100
37,89,133
38,89,140
39,79,134
40,73,136
41,82,139
42,76,139
43,63,146
44,92,112
45,91,105
46,35,46
47,76,82
48,75,107
49,74,102
50,40,98
51,92,95
52,52,42
53,42,43
54,27,16
55,83,50
56,72,52
57,57,138
58,24,130
59,80,111
60,86,114
61,65,137
62,67,138
63,38,38
64,74,109
65,66,44
66,64,37
67,56,1
68,32,25
69,60,18
70,31,42
71,25,34
72,89,137
73,81,137
74,74,137
75,81,112
76,66,138
77,70,140
78,68,138
79,84,110
80,77,140
81,83,141
82,90,142
83,87,163
84,88,155
85,89,150
86,89,146
87,90,142
88,77,140
89,76,141
90,74,143
91,73,146
92,66,127
93,18,91
94,98,117
95,73,139
96,71,140
97,88,117
98,76,113
99,87,115
100,69,85
101,57,90
102,73,105
103,38,7
104,43,19
105,49,36
106,69,153
107,81,40
108,78,18
109,76,0
110,49,64
111,31,71
112,77,64
113,38,54
114,81,77
115,79,105
116,24,77
117,36,77
118,45,81
119,58,80
120,68,77
121,76,75
122,91,69
123,24,93
124,32,53
125,94,115
126,77,90
127,17,57
128,81,71
129,72,105
130,43,58
131,79,100
132,20,109
133,77,61
134,85,97
135,39,153
136,39,160
137,18,92
138,30,141
139,22,46
140,69,182
141,95,116
142,70,94
143,25,62
144,56,61
145,62,61
146,68,141
147,25,108
148,82,193
149,60,180
150,50,172
151,99,18
152,97,195
153,67,61
154,72,61
155,76,61
156,27,50
157,71,55
158,65,53
159,59,53
160,54,54
161,50,56
162,18,41
163,52,60
164,98,123
165,74,124
166,80,110
167,87,123
168,98,58
169,49,164
170,58,173
171,82,188
172,31,147
173,75,59
174,86,81
175,97,190
176,70,188
177,20,109
178,83,141
179,82,144
180,80,147
181,80,151
182,77,159
183,71,138
184,70,138
185,68,137
186,61,132
187,34,113
188,86,73
189,82,57
190,78,57
191,73,139
192,33,131
193,88,59
194,73,166
195,98,85
196,92,78
197,98,77
198,81,93
199,97,183
200,97,173
201,85,172
202,57,149
203,66,110
204,64,159
205,49,109
206,59,117
207,43,120
208,83,181
209,76,96
210,51,155
211,60,165
212,51,139
213,27,121
214,42,140
215,24,125
216,53,126
217,82,85
218,81,109
219,77,109
220,85,105
221,77,52
222,66,48
223,55,47
224,47,47
225,41,50
226,38,60
227,17,76
228,43,70
229,50,72
230,60,72
231,69,71
232,75,69
233,80,68
234,17,74
235,77,111
236,86,89
237,87,110
238,90,113
239,87,111
240,79,113
241,92,114
242,92,116
243,80,62
244,83,64
245,85,66
246,48,57
247,43,55
248,104,86
249,149,59
250,105,114
251,171,29
252,128,65
253,135,65
254,142,66
255,152,61
256,123,64
257,141,47
258,133,48
259,148,48
260,153,50
261,157,66
262,124,174
263,152,57
264,174,61
265,165,60
266,134,100
267,108,132
268,107,140
269,117,134
270,122,135
271,114,139
272,119,138
273,131,146
274,104,112
275,105,105
276,162,44
277,119,82
278,121,107
279,122,102
280,155,98
281,105,95
282,146,39
283,156,41
284,166,17
285,114,48
286,125,51
287,137,138
288,168,130
289,116,111
290,110,114
291,130,137
292,128,137
293,159,35
294,121,109
295,133,42
296,134,36
297,140,2
298,162,26
299,136,19
300,165,40
301,168,35
302,108,136
303,115,136
304,121,137
305,114,112
306,129,137
307,125,140
308,127,137
309,112,110
310,118,139
311,112,140
312,106,142
313,107,163
314,108,154
315,107,150
316,107,145
317,106,142
318,118,139
319,119,141
320,121,143
321,122,145
322,129,127
323,174,92
324,122,138
325,123,139
326,107,117
327,119,113
328,109,115
329,126,85
330,138,90
331,123,105
332,156,8
333,152,20
334,148,34
335,125,153
336,117,39
337,119,18
338,121,0
339,148,64
340,164,71
341,119,63
342,159,52
343,114,77
344,117,105
345,170,77
346,160,77
347,151,81
348,137,80
349,127,77
350,120,74
351,105,69
352,170,93
353,164,51
354,102,115
355,119,90
356,175,58
357,115,71
358,123,105
359,155,57
360,117,100
361,172,110
362,120,60
363,111,97
364,154,152
365,153,160
366,175,93
367,163,141
368,171,47
369,126,182
370,101,116
371,125,95
372,170,61
373,141,61
374,135,61
375,126,141
376,168,108
377,112,193
378,134,180
379,143,171
380,129,60
381,124,60
382,121,60
383,168,49
384,126,55
385,133,53
386,139,53
387,145,54
388,149,55
389,174,41
390,146,60
391,122,124
392,116,110
393,108,123
394,145,163
395,136,173
396,113,188
397,161,147
398,122,58
399,110,81
400,124,187
401,173,110
402,112,140
403,114,143
404,115,147
405,116,151
406,117,159
407,123,138
408,125,137
409,126,136
410,134,132
411,160,114
412,110,73
413,114,57
414,119,57
415,122,139
416,161,131
417,108,59
418,121,166
419,105,78
420,115,93
421,110,171
422,137,149
423,129,110
424,130,158
425,145,109
426,136,117
427,151,120
428,112,181
429,119,96
430,143,155
431,134,165
432,143,139
433,167,121
434,152,140
435,169,126
436,141,126
437,114,85
438,114,109
439,119,110
440,111,105
441,120,51
442,132,46
443,143,45
444,152,45
445,157,48
446,159,58
447,175,77
448,153,70
449,146,72
450,136,72
451,127,70
452,121,69
453,117,67
454,174,74
455,119,111
456,110,89
457,109,110
458,106,113
459,109,111
460,117,113
461,104,114
462,103,116
463,117,61
464,113,64
465,111,67
466,151,56
467,156,53
468,65,57
469,73,56
470,64,49
471,56,57
472,65,64
473,141,56
474,148,56
475,141,50
476,133,56
477,141,61
