0,101,129
1,107,116
2,104,120
3,99,89
4,107,109
5,107,98
6,104,69
7,48,60
8,103,50
9,103,40
10,102,0
11,101,132
12,100,134
13,100,136
14,98,157
15,98,161
16,98,165
17,98,168
18,98,164
19,106,119
20,96,117
21,15,25
22,68,64
23,61,65
24,54,65
25,44,62
26,73,63
27,57,50
28,65,50
29,50,51
30,45,53
31,37,66
32,68,173
33,45,58
34,11,58
35,27,61
36,62,98
37,88,127
38,88,133
39,75,128
40,65,129
41,77,132
42,68,131
43,59,142
44,100,116
45,100,109
46,35,50
47,79,81
48,78,107
49,77,102
50,39,94
51,100,98
52,55,46
53,43,47
54,24,15
55,87,52
56,71,52
57,53,133
58,14,125
59,83,112
60,89,115
61,53,131
62,55,132
63,40,42
64,76,109
65,69,47
66,68,42
67,58,2
68,32,26
69,64,19
70,30,45
71,23,35
72,88,130
73,75,130
74,67,130
75,84,113
76,54,132
77,58,141
78,56,133
79,89,113
80,69,132
81,78,133
82,88,135
83,87,163
84,82,166
85,83,163
86,85,159
87,86,156
88,68,146
89,66,147
90,63,149
91,61,150
92,64,124
93,6,86
94,105,120
95,62,141
96,60,141
97,92,118
98,77,112
99,91,117
100,71,84
101,58,88
102,75,104
103,38,7
104,46,21
105,53,40
106,66,150
107,86,44
108,83,19
109,79,0
110,48,64
111,28,70
112,77,62
113,37,55
114,85,78
115,84,108
116,20,74
117,34,75
118,44,79
119,59,78
120,69,75
121,77,73
122,97,71
123,20,89
124,30,54
125,102,119
126,79,89
127,6,53
128,82,70
129,73,103
130,41,59
131,83,101
132,9,105
133,76,59
134,92,99
135,33,149
136,32,157
137,10,89
138,23,137
139,16,45
140,67,181
141,101,120
142,72,93
143,20,61
144,55,61
145,61,61
146,56,141
147,19,104
148,80,193
149,55,179
150,45,170
151,103,20
152,96,194
153,67,60
154,72,60
155,75,59
156,24,51
157,70,55
158,64,53
159,58,53
160,52,54
161,48,56
162,9,37
163,51,61
164,103,124
165,73,122
166,83,112
167,90,123
168,103,59
169,44,161
170,55,171
171,81,188
172,22,143
173,74,57
174,92,83
175,97,190
176,67,187
177,12,106
178,76,152
179,74,154
180,72,157
181,70,160
182,75,158
183,60,131
184,59,130
185,58,130
186,57,128
187,30,110
188,91,74
189,83,57
190,77,56
191,62,132
192,27,127
193,91,59
194,71,164
195,106,88
196,98,80
197,105,79
198,85,94
199,98,182
200,98,172
201,84,171
202,53,145
203,66,108
204,61,156
205,49,106
206,58,115
207,40,117
208,82,180
209,79,96
210,47,152
211,57,163
212,47,135
213,20,117
214,37,136
215,15,122
216,50,122
217,85,86
218,87,112
219,80,111
220,92,108
221,78,53
222,67,50
223,56,49
224,47,50
225,41,52
226,35,60
227,10,73
228,42,69
229,50,71
230,60,71
231,69,70
232,75,68
233,80,66
234,6,69
235,79,111
236,92,91
237,94,114
238,97,117
239,93,115
240,80,113
241,99,118
242,98,119
243,79,60
244,84,63
245,87,66
246,46,57
247,41,56
248,111,89
249,148,58
250,113,117
251,164,27
252,127,65
253,133,65
254,140,65
255,149,60
256,122,64
257,140,47
258,132,48
259,147,48
260,151,50
261,153,65
262,122,171
263,151,56
264,167,59
265,159,60
266,136,99
267,113,128
268,110,134
269,122,129
270,128,130
271,119,133
272,124,133
273,132,141
274,113,116
275,114,108
276,159,48
277,122,81
278,128,107
279,127,102
280,154,94
281,113,98
282,147,44
283,155,45
284,160,17
285,118,51
286,125,51
287,138,133
288,156,123
289,123,112
290,117,115
291,134,134
292,132,135
293,158,40
294,128,109
295,135,45
296,137,41
297,140,3
298,158,27
299,136,20
300,163,44
301,162,36
302,112,131
303,120,131
304,126,131
305,121,113
306,133,134
307,131,142
308,131,135
309,120,113
310,122,134
311,117,134
312,109,135
313,109,163
314,111,166
315,111,163
316,110,159
317,109,156
318,123,148
319,125,149
320,127,150
321,128,151
322,133,125
323,163,86
324,126,142
325,129,142
326,114,118
327,125,112
328,116,117
329,128,84
330,139,88
331,128,104
332,153,9
333,149,22
334,149,39
335,126,150
336,121,43
337,121,20
338,123,0
339,146,64
340,158,69
341,119,63
342,156,53
343,117,78
344,124,107
345,165,74
346,154,75
347,147,79
348,134,78
349,126,76
350,120,73
351,110,71
352,166,89
353,160,53
354,110,119
355,123,89
356,165,54
357,116,71
358,128,103
359,152,56
360,124,101
361,161,104
362,119,60
363,118,99
364,148,146
365,144,154
366,168,89
367,156,135
368,165,46
369,123,179
370,108,120
371,128,93
372,162,60
373,140,61
374,134,61
375,132,143
376,165,103
377,110,191
378,128,176
379,136,166
380,129,61
381,124,60
382,120,60
383,163,50
384,126,54
385,132,51
386,138,50
387,144,51
388,148,53
389,166,39
390,145,60
391,127,122
392,123,112
393,114,123
394,139,158
395,131,168
396,111,186
397,151,140
398,121,58
399,115,83
400,121,185
401,166,105
402,117,152
403,119,155
404,121,157
405,122,160
406,118,157
407,129,133
408,130,133
409,132,132
410,137,128
411,159,109
412,113,74
413,115,57
414,119,57
415,127,134
416,157,126
417,111,59
418,120,163
419,111,80
420,120,94
421,110,170
422,136,144
423,133,108
424,129,154
425,147,106
426,138,115
427,151,116
428,111,179
429,124,96
430,139,150
431,131,161
432,142,134
433,162,116
434,149,135
435,162,120
436,142,122
437,119,86
438,122,111
439,126,110
440,119,108
441,122,52
442,133,48
443,143,46
444,150,47
445,155,50
446,155,58
447,168,74
448,149,68
449,142,71
450,134,71
451,126,70
452,121,68
453,117,67
454,164,70
455,126,111
456,116,91
457,118,114
458,114,117
459,117,114
460,124,113
461,112,118
462,111,119
463,117,61
464,114,64
465,112,66
466,149,54
467,153,53
468,59,57
469,66,57
470,59,51
471,52,57
472,59,63
473,136,56
474,143,56
475,136,50
476,130,56
477,136,62
