0,99,137
1,88,113
2,95,118
3,85,85
4,87,105
5,89,94
6,94,65
7,58,54
8,95,45
9,95,35
10,95,-2
11,100,139
12,102,140
13,103,141
14,105,155
15,105,158
16,105,161
17,107,165
18,104,167
19,90,117
20,84,115
21,46,26
22,75,61
23,69,61
24,63,61
25,56,57
26,80,59
27,63,42
28,70,43
29,57,42
30,54,45
31,52,62
32,81,172
33,56,52
34,47,58
35,49,56
36,66,97
37,90,135
38,93,139
39,84,135
40,81,135
41,88,138
42,85,138
43,73,142
44,83,113
45,81,105
46,47,38
47,79,79
48,71,105
49,72,100
50,51,93
51,83,95
52,56,33
53,50,34
54,46,15
55,80,42
56,77,46
57,67,133
58,61,124
59,76,110
60,81,114
61,80,138
62,82,139
63,48,29
64,72,107
65,65,35
66,64,29
67,60,1
68,46,23
69,62,16
70,45,34
71,45,32
72,91,137
73,86,136
74,83,136
75,78,112
76,80,138
77,83,144
78,82,139
79,77,110
80,87,139
81,90,139
82,95,140
83,93,166
84,97,163
85,96,160
86,96,156
87,97,154
88,88,148
89,87,148
90,85,150
91,85,152
92,70,124
93,57,87
94,92,118
95,86,144
96,84,144
97,85,117
98,75,111
99,83,115
100,74,82
101,64,86
102,72,103
103,50,6
104,51,17
105,54,27
106,78,151
107,77,33
108,76,16
109,75,-1
110,59,60
111,48,67
112,82,58
113,50,47
114,83,75
115,73,105
116,45,73
117,50,73
118,55,77
119,66,76
120,74,73
121,79,70
122,88,67
123,44,88
124,47,46
125,87,116
126,78,87
127,53,55
128,83,66
129,73,102
130,54,52
131,75,98
132,58,104
133,82,55
134,78,96
135,62,147
136,67,155
137,47,88
138,57,135
139,46,44
140,81,180
141,89,118
142,73,92
143,47,56
144,63,57
145,69,57
146,82,145
147,45,103
148,92,193
149,77,178
150,73,168
151,95,15
152,106,197
153,74,56
154,78,56
155,81,55
156,46,44
157,77,51
158,72,49
159,66,48
160,61,49
161,58,50
162,48,39
163,60,56
164,97,123
165,75,122
166,75,110
167,86,122
168,96,54
169,69,159
170,74,170
171,91,188
172,64,141
173,80,54
174,84,80
175,105,192
176,83,187
177,49,104
178,92,151
179,90,153
180,90,155
181,89,159
182,84,160
183,83,138
184,81,137
185,80,136
186,68,128
187,49,109
188,86,71
189,85,51
190,82,51
191,84,139
192,53,126
193,87,53
194,83,165
195,91,84
196,87,76
197,92,75
198,79,91
199,104,184
200,104,175
201,93,172
202,70,145
203,69,107
204,76,156
205,57,105
206,65,114
207,55,116
208,91,181
209,76,94
210,67,151
211,74,162
212,64,134
213,48,115
214,59,135
215,52,120
216,63,122
217,81,83
218,75,109
219,73,108
220,77,105
221,79,45
222,68,40
223,60,38
224,53,39
225,50,42
226,52,54
227,47,73
228,54,66
229,60,68
230,67,68
231,75,66
232,80,64
233,83,62
234,56,70
235,74,109
236,81,88
237,78,111
238,83,115
239,80,112
240,76,111
241,84,116
242,86,117
243,84,56
244,86,59
245,86,61
246,57,51
247,53,48
248,98,85
249,154,57
250,102,116
251,195,22
252,132,63
253,139,63
254,147,63
255,159,59
256,126,61
257,142,43
258,134,44
259,151,44
260,157,47
261,167,63
262,136,176
263,157,55
264,199,57
265,178,57
266,141,97
267,111,134
268,113,139
269,125,134
270,136,134
271,125,137
272,134,136
273,148,143
274,95,113
275,96,105
276,169,40
277,123,79
278,122,106
279,124,100
280,166,94
281,96,95
282,146,33
283,159,35
284,183,11
285,111,42
286,127,47
287,154,134
288,200,128
289,117,111
290,110,114
291,151,136
292,148,137
293,164,29
294,125,108
295,130,35
296,131,28
297,143,-2
298,174,20
299,137,13
300,175,35
301,185,30
302,112,137
303,125,136
304,135,135
305,116,112
306,149,136
307,145,143
308,147,137
309,109,111
310,134,137
311,124,138
312,114,140
313,116,166
314,119,164
315,118,160
316,116,157
317,116,154
318,135,147
319,136,148
320,138,150
321,140,152
322,140,124
323,208,87
324,141,142
325,143,143
326,108,117
327,124,111
328,109,115
329,132,82
330,145,86
331,127,103
332,166,2
333,158,14
334,149,26
335,139,153
336,112,32
337,116,14
338,120,-3
339,154,62
340,176,68
341,122,60
342,166,50
343,117,75
344,114,105
345,188,73
346,169,74
347,157,77
348,142,76
349,131,74
350,122,71
351,102,67
352,188,89
353,174,48
354,95,117
355,123,87
356,207,53
357,116,67
358,129,102
359,162,55
360,116,99
361,206,107
362,122,57
363,106,96
364,176,152
365,178,160
366,201,89
367,187,140
368,193,42
369,138,184
370,96,118
371,131,91
372,187,57
373,145,59
374,138,59
375,147,144
376,189,105
377,123,196
378,151,182
379,164,173
380,133,59
381,127,58
382,124,58
383,182,45
384,129,53
385,135,52
386,141,52
387,148,52
388,152,54
389,202,36
390,150,58
391,129,122
392,116,111
393,110,122
394,163,164
395,151,174
396,122,191
397,190,146
398,124,56
399,108,79
400,138,191
401,200,107
402,126,151
403,127,153
404,129,156
405,130,159
406,129,161
407,143,136
408,144,135
409,145,134
410,148,128
411,177,110
412,109,70
413,115,52
414,121,53
415,142,136
416,181,129
417,106,53
418,133,167
419,100,76
420,115,91
421,118,173
422,153,147
423,137,107
424,145,158
425,155,106
426,146,115
427,165,117
428,120,183
429,122,94
430,160,155
431,148,166
432,160,136
433,189,118
434,170,139
435,196,124
436,155,123
437,115,83
438,111,110
439,120,109
440,105,105
441,120,46
442,132,41
443,143,40
444,153,41
445,161,44
446,169,56
447,201,73
448,161,67
449,152,69
450,141,69
451,131,68
452,124,66
453,119,64
454,208,70
455,121,110
456,106,88
457,103,112
458,101,115
459,105,113
460,120,112
461,98,116
462,99,117
463,119,58
464,115,60
465,111,62
466,155,55
467,161,50
468,67,52
469,72,52
470,66,46
471,61,52
472,67,58
473,137,54
474,144,54
475,137,48
476,131,54
477,138,60
