0,95,132
1,96,104
2,96,111
3,90,79
4,96,97
5,96,87
6,96,62
7,48,62
8,95,44
9,95,34
10,94,-2
11,95,135
12,95,138
13,95,140
14,95,140
15,95,142
16,95,145
17,95,148
18,97,156
19,96,108
20,89,108
21,18,32
22,68,66
23,61,67
24,55,67
25,45,64
26,73,64
27,57,49
28,64,49
29,51,50
30,46,53
31,39,69
32,72,168
33,45,61
34,16,65
35,30,64
36,61,98
37,87,131
38,88,138
39,79,134
40,74,137
41,82,139
42,77,140
43,65,145
44,90,104
45,89,97
46,36,47
47,75,79
48,73,102
49,73,98
50,40,97
51,89,88
52,53,40
53,43,43
54,24,19
55,83,46
56,71,52
57,60,139
58,25,135
59,79,106
60,84,108
61,69,142
62,71,142
63,39,38
64,73,105
65,66,41
66,64,35
67,53,2
68,30,28
69,57,17
70,31,44
71,23,38
72,87,135
73,80,137
74,76,139
75,80,107
76,70,142
77,73,143
78,72,142
79,82,104
80,79,141
81,83,140
82,89,140
83,88,156
84,87,148
85,88,145
86,88,142
87,89,140
88,79,141
89,78,142
90,76,143
91,75,145
92,67,125
93,17,98
94,96,109
95,75,141
96,74,142
97,86,111
98,76,109
99,85,109
100,68,83
101,56,88
102,72,101
103,35,9
104,41,21
105,50,34
106,71,149
107,80,37
108,74,16
109,71,0
110,49,67
111,31,74
112,76,62
113,38,56
114,80,74
115,78,99
116,22,79
117,37,79
118,47,81
119,60,79
120,69,76
121,76,73
122,89,64
123,24,95
124,32,55
125,92,108
126,75,86
127,14,63
128,81,69
129,71,101
130,42,60
131,77,95
132,19,116
133,75,60
134,83,90
135,40,153
136,40,162
137,17,97
138,31,143
139,19,50
140,70,176
141,93,109
142,69,92
143,23,65
144,55,63
145,61,63
146,72,144
147,25,110
148,83,186
149,61,177
150,51,171
151,94,15
152,98,187
153,66,62
154,71,61
155,74,60
156,26,53
157,70,58
158,64,58
159,59,58
160,53,59
161,50,60
162,15,46
163,51,63
164,96,117
165,73,121
166,79,105
167,86,118
168,96,53
169,50,162
170,59,169
171,83,180
172,32,151
173,73,59
174,84,76
175,98,181
176,71,182
177,19,114
178,83,140
179,82,142
180,81,144
181,81,147
182,79,153
183,74,141
184,72,141
185,71,140
186,62,132
187,35,114
188,85,68
189,81,56
190,76,56
191,75,141
192,34,132
193,88,56
194,75,160
195,96,78
196,89,72
197,96,70
198,79,88
199,98,173
200,97,164
201,86,164
202,58,148
203,66,108
204,66,155
205,50,107
206,59,115
207,44,119
208,84,173
209,75,92
210,52,154
211,62,161
212,52,139
213,27,123
214,43,140
215,24,129
216,55,126
217,80,81
218,80,103
219,76,104
220,83,98
221,76,50
222,65,46
223,56,46
224,48,47
225,42,51
226,37,62
227,15,80
228,43,72
229,51,73
230,60,73
231,68,71
232,75,68
233,79,66
234,15,80
235,76,106
236,84,83
237,85,103
238,88,107
239,85,104
240,78,108
241,90,107
242,90,109
243,78,60
244,82,62
245,85,64
246,47,60
247,43,56
248,102,79
249,150,59
250,103,108
251,174,27
252,130,64
253,136,65
254,143,65
255,153,61
256,125,63
257,139,46
258,132,47
259,147,47
260,152,49
261,158,66
262,125,167
263,152,57
264,179,60
265,166,61
266,132,96
267,103,131
268,102,138
269,111,134
270,116,136
271,109,138
272,114,139
273,130,144
274,102,104
275,103,97
276,160,44
277,118,77
278,119,101
279,120,97
280,153,94
281,102,87
282,142,38
283,153,40
284,166,15
285,112,44
286,125,49
287,136,138
288,176,132
289,114,106
290,108,108
291,123,141
292,121,140
293,156,35
294,120,104
295,129,39
296,129,33
297,136,0
298,161,23
299,131,14
300,164,40
301,169,33
302,103,135
303,110,136
304,115,138
305,112,107
306,122,141
307,118,141
308,120,140
309,110,104
310,113,140
311,108,139
312,102,139
313,106,156
314,103,148
315,102,144
316,102,142
317,101,140
318,112,140
319,113,141
320,115,142
321,116,144
322,127,125
323,181,94
324,116,140
325,117,141
326,106,111
327,117,109
328,107,109
329,125,82
330,136,86
331,121,100
332,154,5
333,149,17
334,144,32
335,124,149
336,113,35
337,114,14
338,117,-2
339,149,64
340,165,71
341,121,62
342,158,52
343,112,73
344,114,99
345,172,75
346,160,76
347,151,79
348,137,77
349,128,74
350,121,71
351,103,63
352,171,91
353,164,51
354,100,108
355,117,85
356,181,59
357,115,68
358,122,100
359,155,57
360,115,94
361,180,112
362,122,59
363,109,90
364,159,151
365,160,159
366,180,93
367,168,140
368,174,45
369,127,175
370,99,109
371,124,90
372,172,62
373,142,61
374,136,61
375,120,142
376,171,107
377,114,186
378,138,176
379,148,169
380,131,60
381,126,60
382,123,59
383,169,49
384,127,54
385,133,52
386,138,52
387,144,53
388,148,54
389,179,41
390,146,60
391,120,120
392,114,105
393,106,118
394,149,161
395,139,168
396,114,180
397,169,148
398,123,57
399,107,75
400,127,182
401,178,110
402,107,139
403,108,141
404,109,143
405,110,146
406,116,153
407,118,140
408,119,139
409,120,139
410,132,131
411,160,111
412,107,68
413,115,55
414,120,55
415,116,140
416,163,129
417,107,55
418,121,160
419,102,72
420,113,87
421,109,163
422,138,147
423,128,106
424,130,154
425,144,105
426,134,114
427,150,117
428,112,172
429,117,91
430,145,152
431,135,160
432,144,138
433,170,120
434,154,138
435,175,126
436,140,124
437,112,80
438,112,102
439,117,104
440,109,98
441,120,49
442,130,44
443,140,43
444,149,44
445,155,47
446,160,59
447,180,76
448,154,69
449,146,71
450,137,71
451,129,69
452,122,67
453,118,65
454,181,76
455,117,106
456,107,82
457,107,103
458,104,107
459,107,104
460,115,108
461,102,107
462,102,109
463,119,60
464,114,61
465,111,63
466,151,56
467,155,53
468,55,59
469,62,59
470,55,53
471,48,60
472,56,66
473,139,56
474,146,56
475,139,50
476,132,56
477,139,62
