0,97,133
1,95,114
2,95,118
3,89,87
4,95,106
5,95,95
6,97,69
7,45,62
8,98,51
9,98,40
10,99,-1
11,97,135
12,97,137
13,97,138
14,97,138
15,97,141
16,96,144
17,96,148
18,94,160
19,95,117
20,87,116
21,20,32
22,66,67
23,59,68
24,52,68
25,42,64
26,72,65
27,54,49
28,62,49
29,46,50
30,42,53
31,37,69
32,66,173
33,42,60
34,16,65
35,28,64
36,57,101
37,87,131
38,87,136
39,77,132
40,71,132
41,80,135
42,73,134
43,58,143
44,88,113
45,88,106
46,33,49
47,74,83
48,71,107
49,71,103
50,35,98
51,89,96
52,50,43
53,39,45
54,27,19
55,82,48
56,70,51
57,52,135
58,22,136
59,76,112
60,82,115
61,62,134
62,64,134
63,36,40
64,70,109
65,63,43
66,62,38
67,56,3
68,32,29
69,60,19
70,29,45
71,24,39
72,87,134
73,78,133
74,72,133
75,78,113
76,63,134
77,67,136
78,65,134
79,80,112
80,74,135
81,81,136
82,88,137
83,84,160
84,87,147
85,87,143
86,88,140
87,88,137
88,74,136
89,73,137
90,72,139
91,71,141
92,60,126
93,16,97
94,95,118
95,70,135
96,69,135
97,85,117
98,72,113
99,83,116
100,66,87
101,53,91
102,69,105
103,38,10
104,43,22
105,47,37
106,65,150
107,79,39
108,78,18
109,75,0
110,46,67
111,29,74
112,76,63
113,35,56
114,80,79
115,76,106
116,21,80
117,34,80
118,43,83
119,57,81
120,67,78
121,75,75
122,89,70
123,20,95
124,30,55
125,91,117
126,74,91
127,16,63
128,80,71
129,68,105
130,39,60
131,76,101
132,18,116
133,75,61
134,82,98
135,35,155
136,37,164
137,15,97
138,26,145
139,20,51
140,65,181
141,92,118
142,67,95
143,22,65
144,53,64
145,59,64
146,66,137
147,20,111
148,79,192
149,58,181
150,48,174
151,98,19
152,95,194
153,65,63
154,70,61
155,74,61
156,25,53
157,68,55
158,62,53
159,55,53
160,49,55
161,45,57
162,17,45
163,48,63
164,95,123
165,69,123
166,76,111
167,84,123
168,97,59
169,45,165
170,55,173
171,78,187
172,28,152
173,73,59
174,84,83
175,94,189
176,67,188
177,16,114
178,81,136
179,80,138
180,79,141
181,78,145
182,73,156
183,69,134
184,67,133
185,66,133
186,54,130
187,28,115
188,85,74
189,81,57
190,76,57
191,70,135
192,27,133
193,87,58
194,70,164
195,96,86
196,89,79
197,96,78
198,78,94
199,94,180
200,94,170
201,82,169
202,53,148
203,62,110
204,61,157
205,44,109
206,54,117
207,37,120
208,79,179
209,73,97
210,47,155
211,57,165
212,46,138
213,21,124
214,37,141
215,19,130
216,47,125
217,79,87
218,78,110
219,73,110
220,81,106
221,75,51
222,63,47
223,52,47
224,44,48
225,38,51
226,35,62
227,15,81
228,41,72
229,48,75
230,58,74
231,67,72
232,74,69
233,78,67
234,16,80
235,73,111
236,84,90
237,83,112
238,87,115
239,83,113
240,75,113
241,88,116
242,89,117
243,78,61
244,82,64
245,84,66
246,43,59
247,39,56
248,102,87
249,153,61
250,103,115
251,182,30
252,132,66
253,139,67
254,146,67
255,157,64
256,126,65
257,142,49
258,134,49
259,150,50
260,155,52
261,162,69
262,124,173
263,157,59
264,185,64
265,171,64
266,136,100
267,108,131
268,107,136
269,118,131
270,124,132
271,115,135
272,121,134
273,133,142
274,101,113
275,102,105
276,164,48
277,120,83
278,121,106
279,122,102
280,160,97
281,102,95
282,145,42
283,156,44
284,175,18
285,113,49
286,127,52
287,140,134
288,179,135
289,116,111
290,109,114
291,132,134
292,131,134
293,160,40
294,122,108
295,131,43
296,132,38
297,144,2
298,168,28
299,138,18
300,168,46
301,176,37
302,108,134
303,116,133
304,123,133
305,114,112
306,131,134
307,127,136
308,130,134
309,111,111
310,120,135
311,114,136
312,106,137
313,105,160
314,106,147
315,106,143
316,106,140
317,106,137
318,120,135
319,121,137
320,122,138
321,123,141
322,131,125
323,187,96
324,124,135
325,126,135
326,106,117
327,120,112
328,108,115
329,128,86
330,141,90
331,123,104
332,162,8
333,156,21
334,147,37
335,126,149
336,114,40
337,119,18
338,123,0
339,153,66
340,171,74
341,122,64
342,163,56
343,114,79
344,116,106
345,177,79
346,165,78
347,154,81
348,140,80
349,130,77
350,122,74
351,104,70
352,177,94
353,168,55
354,99,117
355,119,90
356,188,61
357,116,71
358,124,104
359,160,60
360,116,100
361,184,115
362,123,62
363,109,97
364,160,154
365,160,164
366,185,96
367,171,143
368,181,49
369,125,181
370,98,117
371,126,95
372,178,66
373,145,63
374,139,63
375,128,137
376,177,109
377,110,192
378,135,182
379,147,174
380,133,62
381,128,62
382,124,62
383,174,54
384,129,57
385,135,54
386,142,53
387,148,54
388,152,56
389,187,43
390,150,62
391,123,122
392,115,111
393,107,123
394,148,164
395,137,173
396,110,187
397,171,151
398,125,60
399,109,82
400,123,188
401,183,113
402,113,136
403,114,138
404,115,141
405,115,144
406,117,155
407,126,134
408,128,133
409,129,133
410,138,128
411,167,113
412,109,74
413,115,58
414,121,58
415,125,135
416,168,132
417,108,58
418,121,164
419,103,79
420,114,93
421,108,169
422,139,147
423,131,109
424,130,156
425,150,108
426,139,116
427,157,119
428,110,179
429,119,96
430,145,154
431,135,164
432,147,137
433,176,123
434,157,140
435,179,129
436,146,124
437,114,86
438,113,110
439,119,110
440,109,106
441,121,52
442,133,47
443,143,46
444,152,47
445,159,50
446,164,62
447,185,80
448,158,71
449,150,73
450,140,73
451,130,71
452,124,70
453,119,68
454,187,78
455,119,110
456,108,90
457,107,111
458,104,115
459,108,112
460,117,112
461,102,116
462,101,117
463,120,62
464,115,64
465,111,66
466,155,58
467,159,55
468,59,58
469,66,57
470,58,51
471,51,58
472,59,64
473,142,57
474,150,57
475,142,51
476,133,57
477,142,63
