0,101,134
1,99,112
2,99,117
3,93,86
4,99,105
5,99,94
6,98,68
7,51,58
8,98,49
9,98,39
10,98,-1
11,101,136
12,101,139
13,100,140
14,100,140
15,101,142
16,101,145
17,101,148
18,99,161
19,99,114
20,92,113
21,24,24
22,71,64
23,65,65
24,58,66
25,49,60
26,76,62
27,57,48
28,64,48
29,50,49
30,46,51
31,43,65
32,74,170
33,48,55
34,22,57
35,34,58
36,64,100
37,92,132
38,93,138
39,84,134
40,79,135
41,87,138
42,81,137
43,70,146
44,93,111
45,92,105
46,35,45
47,78,81
48,77,106
49,77,102
50,44,97
51,92,95
52,50,43
53,41,43
54,30,13
55,82,51
56,72,50
57,64,140
58,30,123
59,82,110
60,88,113
61,72,138
62,74,138
63,36,37
64,77,109
65,63,45
66,61,39
67,57,1
68,34,24
69,61,18
70,31,39
71,28,32
72,93,135
73,86,136
74,80,136
75,84,112
76,73,138
77,77,139
78,75,138
79,85,109
80,82,138
81,88,139
82,94,139
83,91,160
84,93,148
85,93,144
86,93,142
87,94,139
88,83,138
89,82,140
90,81,141
91,80,143
92,72,128
93,22,85
94,99,116
95,79,138
96,78,139
97,90,116
98,80,113
99,89,115
100,71,84
101,60,89
102,76,105
103,40,6
104,44,18
105,47,36
106,75,151
107,79,42
108,78,18
109,75,-1
110,52,64
111,36,70
112,79,61
113,40,52
114,82,77
115,81,105
116,27,74
117,41,77
118,51,82
119,64,81
120,73,77
121,79,74
122,91,69
123,29,91
124,34,50
125,95,114
126,78,89
127,20,52
128,83,71
129,75,104
130,45,55
131,80,99
132,25,103
133,78,58
134,86,97
135,44,149
136,44,154
137,22,88
138,36,136
139,24,43
140,72,177
141,96,115
142,73,94
143,28,57
144,58,61
145,64,61
146,76,140
147,31,105
148,84,188
149,63,175
150,54,166
151,98,18
152,99,190
153,70,60
154,74,58
155,77,58
156,29,46
157,71,52
158,65,50
159,59,50
160,54,52
161,51,53
162,21,36
163,54,60
164,99,123
165,78,124
166,82,110
167,90,123
168,98,57
169,53,159
170,62,168
171,84,183
172,36,140
173,76,55
174,87,81
175,99,186
176,73,183
177,25,105
178,88,139
179,87,141
180,86,143
181,86,146
182,82,156
183,77,138
184,76,137
185,75,136
186,67,133
187,40,112
188,87,72
189,82,56
190,78,54
191,79,138
192,39,128
193,88,59
194,77,163
195,99,85
196,92,78
197,99,77
198,82,92
199,99,178
200,99,169
201,88,167
202,62,148
203,70,110
204,69,156
205,54,108
206,64,117
207,49,119
208,86,176
209,78,95
210,55,153
211,64,162
212,56,139
213,33,118
214,47,139
215,29,120
216,59,127
217,83,85
218,83,108
219,79,109
220,86,104
221,76,51
222,65,48
223,54,47
224,47,47
225,42,49
226,40,57
227,21,72
228,47,69
229,55,73
230,64,72
231,72,70
232,78,67
233,81,66
234,21,68
235,80,110
236,87,89
237,88,109
238,92,113
239,88,110
240,82,112
241,93,114
242,94,115
243,80,59
244,84,63
245,86,66
246,49,55
247,44,53
248,105,86
249,146,57
250,106,114
251,172,24
252,124,64
253,131,65
254,138,65
255,148,59
256,119,62
257,139,44
258,130,45
259,146,45
260,150,47
261,152,64
262,124,170
263,149,54
264,175,57
265,160,57
266,132,99
267,109,132
268,107,138
269,116,133
270,120,135
271,113,137
272,118,137
273,129,146
274,105,111
275,106,105
276,160,42
277,119,80
278,120,106
279,121,102
280,152,97
281,105,95
282,146,38
283,155,39
284,166,13
285,115,47
286,123,48
287,134,139
288,168,123
289,115,110
290,110,113
291,125,138
292,124,138
293,158,33
294,120,109
295,133,40
296,135,35
297,139,0
298,161,23
299,134,18
300,163,37
301,168,32
302,108,135
303,114,136
304,119,136
305,114,112
306,124,138
307,122,140
308,123,138
309,112,109
310,116,138
311,112,139
312,107,139
313,108,160
314,108,148
315,108,144
316,107,142
317,107,139
318,116,139
319,117,140
320,118,141
321,119,143
322,127,128
323,175,85
324,120,138
325,121,139
326,108,116
327,118,113
328,109,115
329,126,84
330,136,89
331,122,104
332,155,5
333,150,18
334,149,32
335,124,151
336,118,38
337,117,18
338,120,-1
339,144,63
340,159,69
341,116,60
342,156,50
343,115,76
344,117,105
345,169,74
346,154,77
347,145,81
348,132,79
349,122,76
350,116,73
351,105,69
352,168,91
353,161,48
354,103,114
355,119,89
356,177,52
357,112,70
358,122,104
359,151,54
360,117,99
361,173,103
362,117,58
363,111,96
364,154,149
365,154,154
366,175,88
367,162,136
368,172,43
369,126,177
370,102,115
371,124,94
372,165,57
373,138,61
374,132,61
375,123,141
376,166,105
377,114,188
378,135,175
379,144,166
380,126,60
381,121,58
382,118,58
383,165,45
384,123,52
385,130,49
386,137,49
387,143,50
388,146,51
389,176,36
390,143,59
391,121,124
392,115,110
393,109,123
394,145,159
395,136,168
396,114,183
397,162,140
398,119,55
399,110,81
400,125,183
401,172,105
402,112,139
403,113,141
404,114,143
405,114,146
406,117,156
407,121,138
408,122,137
409,123,136
410,131,133
411,157,111
412,110,72
413,112,55
414,116,54
415,120,138
416,158,128
417,107,57
418,121,162
419,105,78
420,115,92
421,110,167
422,136,148
423,128,109
424,129,156
425,143,108
426,134,117
427,148,119
428,112,176
429,119,95
430,142,153
431,134,162
432,141,139
433,164,117
434,150,138
435,169,120
436,138,126
437,114,85
438,114,108
439,118,109
440,112,104
441,119,48
442,131,44
443,142,42
444,150,43
445,154,45
446,155,56
447,176,72
448,149,68
449,141,72
450,132,71
451,123,69
452,117,67
453,113,65
454,176,68
455,118,110
456,110,89
457,110,110
458,106,113
459,110,110
460,116,112
461,105,114
462,104,115
463,114,59
464,110,62
465,108,65
466,148,53
467,152,50
468,62,54
469,69,54
470,61,47
471,55,55
472,62,62
473,135,53
474,142,53
475,135,46
476,127,52
477,134,60
