0,100,130
1,93,104
2,95,113
3,88,80
4,93,96
5,94,86
6,96,63
7,47,64
8,97,43
9,97,32
10,98,-2
11,100,133
12,100,136
13,100,138
14,99,154
15,99,157
16,99,161
17,99,165
18,98,170
19,94,109
20,87,110
21,26,38
22,67,69
23,60,70
24,54,70
25,44,67
26,72,68
27,56,48
28,64,48
29,49,49
30,44,53
31,39,72
32,70,180
33,44,62
34,22,71
35,31,67
36,59,100
37,88,128
38,88,136
39,76,130
40,68,134
41,79,136
42,71,137
43,62,151
44,87,104
45,86,97
46,36,47
47,75,81
48,71,104
49,71,100
50,38,100
51,87,87
52,51,37
53,42,40
54,32,24
55,81,43
56,70,52
57,56,142
58,31,145
59,77,108
60,83,110
61,60,141
62,62,141
63,39,36
64,71,107
65,64,37
66,63,30
67,57,4
68,35,30
69,60,17
70,32,43
71,29,41
72,88,132
73,77,133
74,70,135
75,79,110
76,61,141
77,64,147
78,63,141
79,80,105
80,73,138
81,80,137
82,89,137
83,87,169
84,86,164
85,87,160
86,88,156
87,89,154
88,73,150
89,72,151
90,70,152
91,68,154
92,63,127
93,24,106
94,95,111
95,68,147
96,66,147
97,85,113
98,74,112
99,84,112
100,67,86
101,55,91
102,70,103
103,42,12
104,45,21
105,49,31
106,68,158
107,79,32
108,77,15
109,75,0
110,48,69
111,32,78
112,75,66
113,38,57
114,80,76
115,75,100
116,24,84
117,36,82
118,45,84
119,58,83
120,68,80
121,75,76
122,89,65
123,24,99
124,33,56
125,90,109
126,74,88
127,22,71
128,80,72
129,69,104
130,41,63
131,75,95
132,26,125
133,75,64
134,81,91
135,42,161
136,45,172
137,21,103
138,34,151
139,25,55
140,70,188
141,91,111
142,68,94
143,26,69
144,54,65
145,60,65
146,63,148
147,25,115
148,84,200
149,63,189
150,54,182
151,97,15
152,100,202
153,65,65
154,70,64
155,73,64
156,28,54
157,69,58
158,63,55
159,57,55
160,52,56
161,48,59
162,23,53
163,50,65
164,96,119
165,70,123
166,77,107
167,84,119
168,97,53
169,51,172
170,60,180
171,83,194
172,38,160
173,73,62
174,84,77
175,99,196
176,72,195
177,23,121
178,80,152
179,79,154
180,77,157
181,76,160
182,76,165
183,66,139
184,64,138
185,62,137
186,58,134
187,33,118
188,85,70
189,81,57
190,76,58
191,67,139
192,34,138
193,87,56
194,73,172
195,95,78
196,89,73
197,95,71
198,78,89
199,99,188
200,99,178
201,85,177
202,57,154
203,63,110
204,64,164
205,48,110
206,57,118
207,42,123
208,83,186
209,74,94
210,52,161
211,61,171
212,50,143
213,28,129
214,43,146
215,27,137
216,52,128
217,79,83
218,77,104
219,73,106
220,80,98
221,75,49
222,64,44
223,54,44
224,46,46
225,40,50
226,37,65
227,21,87
228,43,75
229,50,76
230,59,76
231,67,74
232,74,72
233,78,70
234,23,89
235,74,108
236,83,84
237,82,104
238,87,108
239,83,106
240,76,111
241,88,109
242,89,111
243,77,64
244,82,65
245,84,66
246,46,61
247,41,58
248,102,79
249,152,61
250,102,109
251,185,32
252,132,67
253,139,67
254,146,67
255,156,64
256,126,66
257,142,44
258,134,46
259,150,46
260,155,50
261,163,69
262,131,179
263,155,60
264,190,66
265,173,63
266,139,98
267,112,128
268,111,136
269,124,131
270,132,134
271,121,136
272,128,137
273,139,150
274,100,104
275,101,96
276,166,42
277,122,80
278,122,103
279,123,99
280,163,97
281,101,87
282,146,33
283,157,36
284,176,18
285,113,41
286,127,50
287,145,140
288,187,142
289,116,107
290,109,110
291,141,142
292,139,142
293,162,31
294,123,106
295,132,34
296,133,27
297,142,0
298,169,24
299,137,13
300,171,39
301,179,35
302,112,132
303,123,134
304,130,135
305,114,109
306,140,142
307,135,147
308,138,142
309,110,105
310,127,138
311,119,137
312,110,137
313,111,169
314,111,164
315,111,160
316,111,156
317,110,154
318,126,150
319,128,151
320,130,152
321,131,154
322,134,126
323,194,102
324,132,147
325,134,147
326,107,113
327,121,111
328,108,111
329,131,84
330,144,88
331,125,102
332,162,7
333,156,16
334,149,26
335,132,157
336,115,30
337,118,13
338,121,-2
339,152,66
340,172,74
341,122,65
342,163,54
343,116,75
344,116,100
345,183,79
346,167,78
347,156,81
348,141,80
349,131,78
350,122,75
351,104,65
352,183,95
353,170,52
354,98,109
355,121,87
356,194,66
357,116,71
358,126,103
359,159,60
360,117,95
361,192,121
362,122,62
363,109,90
364,167,161
365,168,171
366,192,99
367,178,150
368,185,49
369,132,188
370,98,111
371,129,93
372,181,65
373,144,62
374,139,63
375,137,148
376,182,112
377,117,200
378,144,189
379,155,182
380,133,63
381,128,62
382,124,63
383,176,50
384,129,56
385,135,54
386,141,53
387,147,54
388,151,56
389,191,47
390,149,62
391,125,122
392,115,106
393,108,119
394,156,171
395,145,180
396,117,194
397,178,159
398,124,60
399,109,76
400,132,196
401,190,117
402,119,152
403,120,154
404,121,156
405,122,160
406,123,164
407,135,139
408,136,138
409,138,137
410,141,132
411,171,115
412,110,69
413,116,55
414,121,57
415,133,139
416,173,136
417,108,55
418,127,171
419,103,72
420,115,88
421,113,177
422,146,153
423,133,109
424,138,163
425,152,108
426,141,117
427,159,121
428,116,186
429,121,93
430,153,161
431,142,171
432,152,142
433,181,126
434,163,145
435,186,134
436,148,127
437,115,82
438,113,103
439,119,105
440,109,98
441,121,47
442,133,41
443,143,40
444,152,42
445,159,46
446,165,61
447,192,82
448,159,71
449,151,73
450,140,73
451,131,72
452,124,70
453,119,68
454,195,84
455,119,107
456,108,83
457,106,103
458,103,108
459,107,105
460,118,110
461,101,108
462,101,110
463,119,62
464,115,64
465,112,65
466,153,58
467,159,54
468,59,61
469,65,61
470,59,55
471,53,62
472,59,67
473,140,58
474,148,58
475,140,51
476,132,58
477,140,65
