0,98,133
1,94,111
2,95,116
3,88,85
4,94,103
5,94,93
6,95,67
7,46,61
8,96,49
9,96,39
10,97,2
11,98,136
12,98,138
13,98,139
14,98,150
15,98,154
16,98,158
17,98,163
18,98,169
19,94,114
20,87,113
21,23,33
22,67,67
23,59,67
24,53,67
25,44,63
26,73,66
27,55,48
28,63,49
29,47,49
30,43,52
31,38,67
32,68,176
33,44,59
34,19,64
35,30,62
36,58,99
37,87,131
38,88,137
39,77,132
40,71,132
41,80,136
42,74,135
43,60,145
44,87,111
45,86,103
46,33,46
47,74,81
48,70,105
49,69,101
50,37,96
51,87,93
52,48,40
53,39,42
54,28,21
55,79,48
56,70,52
57,54,135
58,26,131
59,75,109
60,81,112
61,62,134
62,64,135
63,36,37
64,69,107
65,61,42
66,60,36
67,54,6
68,32,29
69,58,21
70,30,43
71,26,39
72,87,134
73,78,134
74,72,134
75,77,111
76,63,134
77,67,141
78,65,135
79,79,109
80,75,136
81,81,137
82,89,138
83,85,168
84,86,162
85,87,157
86,88,153
87,89,149
88,75,144
89,73,145
90,71,147
91,70,150
92,62,125
93,20,94
94,95,116
95,71,140
96,69,141
97,84,115
98,72,111
99,83,114
100,66,84
101,54,89
102,68,103
103,38,12
104,42,23
105,46,35
106,66,154
107,77,39
108,75,20
109,73,3
110,47,66
111,31,72
112,76,64
113,36,54
114,79,77
115,74,104
116,23,78
117,35,77
118,44,80
119,57,80
120,67,77
121,75,74
122,88,68
123,22,92
124,31,53
125,90,114
126,73,89
127,19,62
128,80,71
129,68,103
130,41,59
131,74,98
132,22,112
133,76,62
134,81,95
135,39,152
136,41,161
137,18,94
138,31,141
139,23,50
140,67,185
141,91,115
142,67,93
143,25,63
144,53,63
145,59,63
146,66,142
147,23,107
148,81,197
149,59,182
150,51,173
151,96,20
152,98,200
153,65,63
154,71,62
155,75,62
156,27,51
157,69,57
158,63,55
159,57,54
160,51,55
161,47,57
162,20,46
163,49,62
164,96,122
165,69,122
166,75,109
167,84,121
168,96,57
169,48,164
170,57,174
171,81,192
172,33,148
173,74,60
174,83,80
175,98,195
176,69,191
177,20,110
178,81,147
179,79,150
180,78,153
181,77,157
182,74,162
183,68,135
184,67,134
185,66,133
186,56,129
187,31,112
188,84,72
189,81,57
190,77,58
191,70,135
192,32,130
193,86,58
194,71,168
195,94,84
196,88,77
197,95,76
198,77,91
199,97,187
200,97,177
201,83,175
202,55,148
203,62,108
204,62,159
205,46,107
206,56,115
207,40,118
208,81,184
209,73,95
210,50,155
211,59,166
212,48,136
213,25,120
214,40,139
215,24,126
216,50,123
217,78,84
218,77,107
219,72,108
220,80,103
221,75,51
222,62,47
223,52,45
224,44,47
225,38,49
226,36,61
227,18,79
228,42,71
229,49,73
230,58,73
231,67,72
232,74,70
233,79,68
234,19,78
235,72,109
236,82,88
237,82,109
238,86,112
239,82,110
240,74,111
241,88,113
242,89,114
243,79,62
244,82,64
245,84,66
246,45,58
247,40,55
248,101,85
249,152,60
250,103,113
251,180,32
252,131,66
253,138,67
254,145,66
255,155,63
256,125,66
257,142,48
258,133,49
259,150,49
260,155,51
261,161,67
262,128,177
263,155,59
264,183,63
265,170,63
266,137,98
267,109,131
268,109,137
269,120,131
270,126,132
271,117,135
272,123,135
273,138,144
274,101,111
275,102,103
276,166,47
277,120,80
278,122,105
279,122,100
280,160,95
281,101,93
282,147,41
283,158,42
284,173,20
285,112,49
286,126,52
287,145,134
288,176,131
289,116,109
290,109,112
291,135,133
292,133,134
293,162,38
294,123,107
295,132,43
296,133,37
297,142,5
298,167,28
299,136,20
300,170,43
301,175,38
302,109,134
303,118,134
304,125,133
305,114,110
306,134,134
307,129,140
308,132,134
309,111,109
310,122,136
311,116,137
312,108,138
313,110,168
314,109,161
315,109,157
316,108,152
317,107,149
318,121,143
319,123,144
320,125,146
321,126,149
322,134,124
323,184,93
324,126,140
325,128,140
326,107,115
327,121,111
328,108,114
329,128,84
330,141,88
331,124,103
332,161,11
333,155,22
334,149,35
335,131,153
336,115,40
337,117,20
338,121,3
339,152,65
340,169,72
341,121,65
342,163,55
343,114,76
344,116,103
345,177,77
346,164,77
347,154,80
348,139,79
349,129,77
350,121,74
351,103,68
352,176,92
353,169,54
354,99,114
355,120,88
356,185,61
357,115,71
358,125,102
359,159,59
360,116,98
361,181,111
362,121,62
363,109,95
364,160,152
365,159,160
366,183,93
367,169,140
368,179,49
369,129,185
370,98,115
371,127,93
372,177,64
373,144,62
374,138,62
375,131,141
376,175,107
377,115,198
378,138,182
379,148,173
380,132,62
381,126,62
382,123,62
383,174,52
384,128,56
385,134,53
386,141,53
387,147,54
388,151,56
389,184,45
390,149,61
391,125,121
392,116,108
393,108,121
394,150,164
395,140,174
396,115,192
397,168,147
398,123,60
399,108,80
400,128,191
401,181,110
402,115,147
403,117,149
404,118,152
405,119,156
406,122,162
407,129,134
408,130,133
409,131,132
410,141,128
411,166,111
412,108,72
413,114,58
414,120,58
415,127,135
416,167,129
417,106,58
418,125,168
419,102,77
420,114,91
421,112,175
422,143,147
423,132,108
424,135,159
425,150,106
426,140,115
427,156,117
428,114,184
429,120,94
430,149,155
431,139,166
432,150,136
433,174,120
434,158,138
435,177,125
436,147,123
437,114,84
438,113,107
439,119,107
440,109,103
441,120,52
442,132,47
443,144,45
444,153,46
445,160,49
446,163,61
447,184,78
448,157,70
449,149,72
450,139,72
451,129,71
452,122,70
453,117,68
454,185,77
455,119,109
456,108,87
457,107,109
458,103,112
459,107,110
460,118,111
461,101,113
462,101,114
463,118,63
464,113,65
465,110,66
466,153,57
467,159,55
468,60,59
469,67,59
470,60,53
471,52,59
472,60,65
473,138,58
474,146,58
475,138,52
476,131,58
477,139,64
