0,98,135
1,100,106
2,99,114
3,93,81
4,100,98
5,100,88
6,99,64
7,50,61
8,98,48
9,98,39
10,97,2
11,98,137
12,98,139
13,98,140
14,99,148
15,99,151
16,99,156
17,99,160
18,100,168
19,100,110
20,92,110
21,19,38
22,69,66
23,62,67
24,55,67
25,46,64
26,76,64
27,57,51
28,66,51
29,50,53
30,46,55
31,39,70
32,71,180
33,47,60
34,14,70
35,29,67
36,62,100
37,89,134
38,90,139
39,80,136
40,75,138
41,83,139
42,78,140
43,64,151
44,94,106
45,93,99
46,34,53
47,77,81
48,75,104
49,74,100
50,40,100
51,93,89
52,52,47
53,42,49
54,27,25
55,85,51
56,73,53
57,59,143
58,20,142
59,81,108
60,87,110
61,67,143
62,69,143
63,37,45
64,75,107
65,67,47
66,65,42
67,56,7
68,33,33
69,61,21
70,29,50
71,24,43
72,89,137
73,82,138
74,76,139
75,83,110
76,68,143
77,72,146
78,70,143
79,85,106
80,79,141
81,84,140
82,91,140
83,89,168
84,90,159
85,90,155
86,90,151
87,91,148
88,79,145
89,78,147
90,76,149
91,75,151
92,67,128
93,12,103
94,100,112
95,75,144
96,74,145
97,89,114
98,77,112
99,88,112
100,69,85
101,57,91
102,73,103
103,39,15
104,44,25
105,49,41
106,70,158
107,82,43
108,78,20
109,75,4
110,49,67
111,30,76
112,79,62
113,38,59
114,82,76
115,80,101
116,21,83
117,36,80
118,46,83
119,60,81
120,70,77
121,78,74
122,92,66
123,21,99
124,31,59
125,96,110
126,77,88
127,11,70
128,83,70
129,72,104
130,43,61
131,79,96
132,14,122
133,79,60
134,86,92
135,37,161
136,37,170
137,13,101
138,28,150
139,19,55
140,69,188
141,97,112
142,70,94
143,22,69
144,57,62
145,62,62
146,71,147
147,23,114
148,83,200
149,59,189
150,48,181
151,97,20
152,100,201
153,68,61
154,74,60
155,77,60
156,25,58
157,72,56
158,66,55
159,60,55
160,54,57
161,51,58
162,14,52
163,53,62
164,99,120
165,74,124
166,81,107
167,89,121
168,98,56
169,47,171
170,57,180
171,83,194
172,28,158
173,77,58
174,87,78
175,100,195
176,70,196
177,15,119
178,84,147
179,83,149
180,82,152
181,81,156
182,78,164
183,73,141
184,72,141
185,70,140
186,62,135
187,33,118
188,87,70
189,84,57
190,80,57
191,75,142
192,32,137
193,90,58
194,74,171
195,99,80
196,92,74
197,99,72
198,82,90
199,100,187
200,100,177
201,87,176
202,57,155
203,66,110
204,65,164
205,50,110
206,60,119
207,44,123
208,84,186
209,77,94
210,50,161
211,60,171
212,51,144
213,24,128
214,42,146
215,20,135
216,54,129
217,82,83
218,83,105
219,78,106
220,86,100
221,79,53
222,66,50
223,56,50
224,47,51
225,41,54
226,37,64
227,13,85
228,43,73
229,51,74
230,61,73
231,70,71
232,77,69
233,82,66
234,11,86
235,78,108
236,87,85
237,88,105
238,92,109
239,88,106
240,80,111
241,94,109
242,94,111
243,82,61
244,85,63
245,87,65
246,49,59
247,43,58
248,105,81
249,146,60
250,107,110
251,171,35
252,128,65
253,134,66
254,141,66
255,150,63
256,122,64
257,138,49
258,130,49
259,145,50
260,149,53
261,156,68
262,129,178
263,149,58
264,177,66
265,165,64
266,135,99
267,107,134
268,107,139
269,116,136
270,122,138
271,113,139
272,119,140
273,133,149
274,106,106
275,107,98
276,159,51
277,120,80
278,123,103
279,123,99
280,156,98
281,106,89
282,142,44
283,151,46
284,164,22
285,112,50
286,124,52
287,139,141
288,173,138
289,117,107
290,112,110
291,129,142
292,127,142
293,155,42
294,123,106
295,128,45
296,130,40
297,136,5
298,160,30
299,133,20
300,163,47
301,167,40
302,107,136
303,115,137
304,120,139
305,116,109
306,128,142
307,125,145
308,126,142
309,114,105
310,118,140
311,112,140
312,106,140
313,110,167
314,109,159
315,108,155
316,107,150
317,106,147
318,118,145
319,120,146
320,121,148
321,123,151
322,130,127
323,179,100
324,122,144
325,123,144
326,109,113
327,121,111
328,110,112
329,127,84
330,139,89
331,124,102
332,153,12
333,149,23
334,144,39
335,128,156
336,114,41
337,116,19
338,118,3
339,146,65
340,164,74
341,119,62
342,156,56
343,115,75
344,118,100
345,173,79
346,159,79
347,150,81
348,136,80
349,127,77
350,120,73
351,105,66
352,172,95
353,162,56
354,104,110
355,120,87
356,178,66
357,114,70
358,125,103
359,152,59
360,119,95
361,177,118
362,119,60
363,112,91
364,160,157
365,160,167
366,179,98
367,168,146
368,172,52
369,131,186
370,103,111
371,126,93
372,171,66
373,140,61
374,134,61
375,127,146
376,172,111
377,117,199
378,140,186
379,149,178
380,129,60
381,124,60
382,120,60
383,167,55
384,125,55
385,131,53
386,137,53
387,142,54
388,146,56
389,175,49
390,144,60
391,124,122
392,117,106
393,110,120
394,150,168
395,141,177
396,117,193
397,167,154
398,121,58
399,110,77
400,130,193
401,178,115
402,113,146
403,114,148
404,116,152
405,117,156
406,120,162
407,123,141
408,125,140
409,126,140
410,136,133
411,162,115
412,110,70
413,113,57
414,118,56
415,122,141
416,164,134
417,107,58
418,125,169
419,106,74
420,116,89
421,113,175
422,141,152
423,131,109
424,134,162
425,146,108
426,137,117
427,153,120
428,116,185
429,120,93
430,147,159
431,139,169
432,146,142
433,171,124
434,155,143
435,175,131
436,143,127
437,115,82
438,116,104
439,121,105
440,113,99
441,118,52
442,129,48
443,139,48
444,147,49
445,153,52
446,158,62
447,179,82
448,152,71
449,145,73
450,136,72
451,127,70
452,121,68
453,116,66
454,178,83
455,120,107
456,111,84
457,111,104
458,107,108
459,111,106
460,118,110
461,106,109
462,105,111
463,116,60
464,113,63
465,110,65
466,148,57
467,152,56
468,61,58
469,69,57
470,61,51
471,53,58
472,62,64
473,135,56
474,142,56
475,135,50
476,128,56
477,135,62
