0,96,133
1,95,102
2,95,111
3,89,78
4,95,94
5,95,85
6,96,63
7,47,63
8,97,47
9,97,38
10,98,3
11,96,135
12,96,137
13,96,138
14,96,138
15,96,139
16,96,141
17,96,143
18,96,159
19,95,107
20,88,107
21,21,40
22,66,69
23,59,70
24,53,70
25,44,66
26,72,67
27,56,49
28,64,50
29,49,51
30,44,54
31,38,71
32,67,173
33,45,61
34,16,72
35,29,67
36,60,99
37,88,132
38,89,136
39,81,134
40,75,136
41,83,137
42,78,137
43,63,148
44,89,102
45,88,95
46,34,50
47,75,80
48,72,102
49,72,98
50,38,100
51,88,86
52,51,42
53,41,45
54,29,26
55,82,48
56,71,52
57,57,141
58,22,145
59,78,106
60,84,108
61,69,139
62,71,139
63,37,41
64,72,105
65,65,43
66,63,37
67,57,8
68,33,33
69,61,21
70,29,47
71,25,44
72,88,135
73,82,136
74,77,137
75,80,107
76,70,139
77,73,139
78,72,139
79,81,103
80,79,138
81,84,137
82,90,137
83,86,159
84,88,142
85,88,140
86,89,139
87,90,137
88,79,138
89,78,139
90,77,140
91,76,141
92,65,127
93,15,107
94,95,109
95,75,138
96,74,139
97,86,111
98,75,110
99,85,109
100,67,85
101,55,90
102,71,102
103,40,15
104,44,25
105,49,37
106,69,152
107,80,39
108,78,20
109,76,4
110,47,69
111,30,77
112,76,65
113,37,58
114,80,75
115,77,98
116,21,84
117,35,82
118,44,84
119,58,82
120,68,79
121,75,75
122,89,65
123,22,99
124,31,58
125,91,106
126,75,87
127,15,73
128,81,71
129,71,103
130,41,62
131,77,94
132,17,125
133,76,63
134,82,89
135,35,159
136,36,170
137,15,103
138,27,149
139,21,57
140,65,182
141,92,108
142,69,93
143,23,69
144,54,65
145,59,65
146,72,140
147,23,115
148,79,194
149,56,185
150,46,179
151,97,20
152,96,195
153,65,65
154,70,64
155,74,63
156,26,57
157,69,57
158,63,55
159,58,55
160,52,56
161,48,58
162,17,55
163,50,64
164,95,117
165,72,122
166,78,104
167,85,118
168,97,55
169,45,168
170,54,176
171,79,187
172,28,159
173,74,60
174,84,76
175,96,188
176,67,190
177,17,120
178,84,137
179,83,138
180,82,140
181,81,142
182,76,156
183,74,138
184,73,138
185,72,138
186,60,133
187,32,117
188,85,69
189,81,57
190,76,58
191,75,138
192,31,137
193,88,57
194,72,165
195,95,77
196,89,72
197,96,70
198,79,88
199,95,179
200,96,168
201,83,168
202,55,152
203,65,109
204,63,159
205,48,109
206,58,117
207,42,122
208,80,178
209,75,93
210,48,158
211,57,167
212,49,142
213,24,128
214,39,144
215,20,136
216,52,128
217,80,82
218,79,101
219,75,104
220,82,96
221,76,52
222,64,47
223,54,47
224,46,49
225,40,52
226,36,65
227,15,87
228,42,74
229,49,76
230,58,75
231,67,73
232,74,71
233,78,68
234,15,90
235,75,106
236,84,82
237,84,101
238,88,105
239,84,103
240,77,109
241,89,106
242,90,108
243,78,63
244,82,64
245,85,65
246,46,60
247,41,58
248,102,78
249,150,63
250,102,107
251,180,40
252,129,69
253,136,70
254,143,70
255,153,66
256,124,67
257,140,48
258,132,49
259,147,50
260,152,53
261,159,72
262,125,174
263,153,61
264,184,72
265,168,67
266,134,100
267,105,132
268,104,137
269,113,134
270,119,137
271,111,137
272,117,138
273,131,148
274,101,102
275,102,95
276,162,49
277,119,80
278,119,102
279,120,98
280,157,100
281,102,86
282,143,40
283,154,43
284,171,26
285,111,47
286,125,52
287,137,141
288,180,146
289,114,106
290,108,108
291,128,140
292,126,140
293,158,39
294,120,105
295,129,41
296,130,36
297,140,7
298,165,33
299,135,20
300,167,46
301,174,44
302,104,135
303,112,136
304,118,137
305,112,107
306,127,140
307,123,140
308,125,140
309,110,103
310,116,138
311,110,138
312,104,137
313,106,159
314,104,143
315,104,140
316,104,139
317,104,138
318,116,139
319,117,139
320,118,140
321,119,142
322,128,127
323,187,108
324,121,139
325,122,140
326,105,111
327,117,110
328,106,110
329,127,85
330,139,91
331,121,102
332,159,15
333,152,25
334,145,35
335,124,152
336,113,38
337,117,19
338,120,4
339,149,69
340,166,77
341,120,65
342,160,57
343,113,75
344,114,98
345,177,84
346,160,82
347,149,84
348,136,82
349,126,78
350,119,75
351,103,65
352,176,100
353,166,57
354,99,106
355,118,87
356,187,73
357,114,71
358,122,103
359,156,62
360,115,94
361,185,127
362,120,63
363,108,89
364,162,160
365,162,171
366,185,104
367,171,151
368,179,57
369,127,183
370,98,108
371,125,93
372,175,69
373,142,66
374,136,66
375,124,141
376,175,116
377,113,194
378,139,186
379,150,180
380,131,65
381,126,64
382,122,64
383,172,56
384,127,57
385,133,55
386,139,55
387,145,56
388,149,58
389,185,55
390,147,65
391,120,122
392,113,104
393,106,118
394,151,170
395,140,177
396,113,188
397,172,160
398,122,61
399,108,76
400,127,191
401,183,121
402,110,138
403,111,139
404,111,140
405,112,142
406,116,156
407,122,139
408,123,139
409,124,138
410,134,134
411,164,118
412,108,69
413,114,57
414,119,58
415,121,139
416,166,138
417,106,57
418,121,165
419,103,72
420,113,88
421,108,168
422,139,152
423,129,109
424,131,160
425,146,109
426,136,118
427,153,122
428,111,179
429,118,93
430,147,160
431,136,168
432,145,143
433,174,129
434,156,145
435,179,137
436,142,128
437,113,82
438,112,101
439,117,104
440,109,96
441,119,51
442,130,47
443,141,46
444,149,47
445,156,51
446,161,65
447,185,88
448,154,74
449,146,76
450,136,75
451,128,73
452,121,71
453,117,68
454,187,91
455,117,106
456,108,82
457,107,101
458,103,105
459,107,103
460,115,109
461,101,106
462,101,108
463,118,63
464,113,64
465,109,65
466,151,60
467,156,57
468,59,60
469,66,59
470,59,53
471,52,60
472,60,66
473,139,60
474,146,60
475,139,54
476,132,60
477,138,66
