0,97,132
1,101,112
2,100,117
3,93,85
4,101,104
5,100,93
6,99,67
7,45,62
8,99,49
9,98,40
10,97,1
11,97,133
12,97,135
13,97,136
14,97,150
15,97,153
16,97,158
17,97,162
18,98,169
19,100,115
20,92,114
21,14,36
22,66,66
23,59,67
24,52,68
25,42,65
26,71,65
27,54,52
28,62,52
29,47,54
30,43,56
31,35,70
32,69,178
33,42,61
34,11,68
35,26,67
36,59,101
37,85,130
38,86,134
39,74,131
40,66,132
41,76,134
42,69,134
43,59,146
44,94,112
45,93,104
46,33,54
47,75,83
48,73,106
49,73,102
50,36,99
51,93,94
52,52,49
53,41,50
54,22,23
55,84,54
56,69,54
57,53,137
58,19,139
59,79,111
60,85,113
61,58,136
62,60,136
63,37,46
64,72,109
65,67,49
66,66,44
67,53,5
68,29,32
69,59,21
70,28,51
71,21,42
72,85,132
73,75,133
74,68,133
75,80,112
76,59,136
77,63,142
78,61,136
79,84,110
80,71,135
81,78,135
82,86,135
83,86,168
84,85,161
85,86,156
86,86,152
87,87,149
88,72,144
89,70,145
90,68,147
91,67,149
92,62,126
93,9,101
94,100,117
95,67,141
96,65,141
97,88,116
98,74,112
99,87,115
100,67,86
101,54,91
102,71,105
103,34,13
104,42,25
105,50,43
106,66,155
107,82,45
108,77,20
109,73,2
110,46,67
111,27,76
112,75,64
113,35,59
114,81,78
115,79,105
116,18,82
117,33,80
118,43,82
119,57,81
120,67,77
121,75,74
122,92,69
123,19,97
124,28,59
125,96,115
126,75,90
127,7,67
128,80,71
129,70,104
130,39,62
131,79,99
132,12,120
133,74,61
134,86,96
135,36,157
136,37,167
137,11,100
138,26,147
139,15,54
140,68,187
141,97,116
142,68,95
143,18,68
144,53,62
145,59,62
146,61,143
147,19,112
148,82,198
149,59,186
150,49,178
151,98,20
152,98,199
153,65,61
154,70,61
155,73,61
156,23,58
157,68,57
158,62,55
159,56,55
160,50,56
161,46,58
162,9,50
163,49,62
164,99,122
165,71,123
166,79,110
167,87,122
168,99,58
169,47,169
170,57,178
171,82,193
172,28,155
173,72,59
174,87,81
175,98,194
176,69,193
177,14,117
178,79,147
179,77,149
180,76,153
181,75,156
182,75,163
183,64,135
184,62,134
185,61,134
186,56,131
187,29,116
188,87,73
189,81,58
190,75,58
191,65,135
192,28,135
193,88,60
194,72,170
195,100,84
196,93,78
197,99,76
198,81,93
199,98,186
200,98,176
201,85,176
202,54,150
203,63,110
204,62,161
205,46,109
206,56,117
207,39,121
208,83,185
209,75,96
210,49,158
211,59,169
212,47,139
213,21,125
214,38,143
215,18,133
216,49,126
217,81,86
218,82,109
219,76,109
220,86,104
221,76,55
222,64,52
223,54,51
224,45,52
225,39,55
226,33,64
227,10,84
228,40,73
229,48,74
230,58,73
231,67,71
232,73,69
233,78,68
234,7,84
235,75,111
236,87,88
237,88,110
238,92,114
239,87,111
240,77,112
241,93,115
242,94,116
243,77,62
244,82,64
245,85,66
246,44,60
247,39,59
248,106,85
249,146,61
250,108,114
251,172,33
252,126,66
253,133,67
254,140,67
255,150,64
256,121,65
257,139,51
258,131,51
259,146,52
260,150,54
261,155,69
262,126,176
263,149,60
264,176,65
265,164,65
266,137,99
267,109,130
268,107,134
269,119,131
270,125,133
271,116,134
272,122,134
273,136,144
274,107,111
275,108,103
276,160,51
277,120,82
278,125,105
279,125,101
280,158,96
281,107,94
282,144,46
283,154,47
284,166,20
285,113,52
286,124,54
287,142,135
288,167,135
289,119,110
290,113,113
291,133,137
292,131,137
293,158,43
294,125,108
295,131,47
296,133,42
297,139,4
298,162,29
299,135,19
300,164,48
301,169,39
302,108,132
303,117,133
304,124,134
305,118,111
306,132,137
307,128,142
308,130,137
309,115,110
310,121,135
311,115,135
312,107,135
313,110,167
314,109,160
315,109,156
316,108,152
317,107,149
318,120,144
319,122,145
320,124,147
321,126,149
322,134,125
323,175,97
324,124,141
325,126,142
326,111,116
327,123,112
328,112,115
329,128,85
330,140,89
331,126,103
332,156,10
333,151,22
334,147,41
335,129,153
336,116,44
337,117,19
338,120,1
339,146,66
340,163,73
341,118,65
342,157,57
343,115,77
344,120,104
345,172,78
346,158,78
347,149,81
348,135,80
349,125,77
350,118,75
351,106,69
352,172,93
353,162,57
354,104,115
355,121,89
356,177,64
357,114,72
358,127,103
359,153,60
360,120,99
361,172,115
362,118,62
363,113,95
364,155,153
365,152,163
366,176,96
367,163,143
368,173,51
369,127,184
370,103,116
371,128,94
372,169,66
373,139,62
374,133,62
375,130,143
376,171,108
377,113,197
378,134,183
379,143,174
380,128,62
381,123,62
382,120,62
383,167,55
384,125,57
385,130,54
386,136,54
387,142,55
388,146,57
389,176,46
390,143,61
391,127,122
392,119,110
393,112,122
394,145,165
395,136,174
396,114,191
397,160,151
398,120,60
399,111,81
400,125,191
401,174,113
402,114,147
403,116,149
404,118,152
405,119,156
406,121,161
407,127,136
408,129,135
409,130,134
410,140,129
411,164,112
412,110,73
413,113,59
414,118,59
415,125,136
416,163,131
417,107,60
418,124,168
419,106,77
420,117,92
421,112,175
422,140,148
423,133,109
424,133,159
425,149,107
426,140,116
427,155,118
428,114,184
429,122,95
430,145,155
431,135,166
432,147,137
433,169,122
434,154,139
435,170,128
436,146,123
437,116,85
438,118,108
439,123,108
440,114,104
441,119,54
442,131,50
443,141,49
444,149,50
445,154,53
446,157,63
447,177,80
448,151,71
449,144,73
450,134,73
451,126,71
452,119,70
453,115,68
454,176,80
455,123,110
456,112,88
457,112,110
458,108,113
459,112,111
460,121,111
461,107,114
462,106,115
463,116,63
464,112,65
465,110,67
466,148,58
467,153,57
468,56,58
469,63,57
470,55,51
471,49,58
472,56,64
473,133,58
474,140,58
475,133,52
476,127,58
477,134,64
