0,98,135
1,95,110
2,97,117
3,90,82
4,95,102
5,95,90
6,97,63
7,54,59
8,97,46
9,97,36
10,97,-3
11,98,137
12,98,139
13,99,140
14,99,150
15,99,153
16,99,156
17,99,160
18,99,167
19,96,114
20,89,113
21,24,33
22,70,64
23,64,65
24,58,65
25,50,62
26,76,62
27,61,48
28,68,48
29,54,50
30,50,52
31,43,67
32,71,178
33,51,58
34,21,66
35,35,63
36,62,100
37,88,134
38,89,139
39,78,135
40,72,137
41,81,139
42,75,139
43,65,150
44,89,110
45,88,102
46,40,48
47,77,80
48,73,106
49,73,101
50,41,99
51,89,91
52,56,42
53,46,44
54,30,19
55,85,48
56,74,50
57,59,142
58,29,142
59,79,111
60,84,113
61,64,140
62,66,140
63,42,39
64,73,109
65,69,43
66,67,36
67,57,1
68,35,28
69,61,16
70,35,44
71,28,38
72,88,136
73,80,137
74,73,138
75,80,112
76,65,140
77,69,144
78,66,140
79,82,109
80,76,140
81,82,139
82,90,140
83,88,167
84,89,159
85,89,155
86,89,152
87,90,149
88,76,146
89,75,147
90,74,148
91,73,150
92,66,129
93,23,101
94,96,115
95,72,144
96,70,144
97,87,116
98,76,113
99,86,114
100,70,85
101,58,90
102,72,105
103,41,8
104,45,20
105,53,35
106,71,157
107,83,38
108,78,15
109,75,-2
110,53,64
111,35,73
112,79,61
113,43,55
114,82,76
115,77,104
116,26,80
117,40,78
118,49,81
119,61,80
120,70,76
121,77,72
122,90,65
123,26,97
124,37,54
125,92,114
126,77,89
127,21,65
128,82,69
129,72,105
130,48,58
131,77,98
132,25,121
133,79,58
134,83,94
135,42,160
136,43,170
137,21,100
138,33,149
139,25,51
140,70,187
141,93,115
142,70,94
143,28,64
144,59,60
145,64,60
146,68,145
147,27,113
148,84,198
149,62,187
150,53,180
151,97,15
152,99,199
153,70,60
154,74,58
155,78,58
156,31,52
157,73,54
158,68,53
159,62,54
160,58,55
161,54,56
162,21,47
163,56,60
164,97,123
165,73,125
166,79,109
167,87,123
168,97,54
169,51,170
170,60,179
171,83,192
172,36,158
173,77,56
174,85,78
175,99,194
176,72,194
177,23,117
178,83,148
179,81,149
180,81,152
181,80,155
182,78,163
183,69,139
184,68,139
185,67,138
186,61,135
187,36,117
188,86,70
189,84,54
190,80,54
191,71,140
192,35,137
193,89,55
194,75,170
195,96,81
196,90,74
197,96,73
198,80,91
199,99,185
200,99,176
201,86,175
202,59,154
203,66,111
204,66,163
205,51,110
206,60,119
207,45,123
208,84,184
209,76,95
210,53,160
211,62,170
212,53,143
213,29,127
214,44,145
215,27,134
216,54,129
217,81,83
218,80,107
219,75,109
220,82,102
221,79,50
222,68,46
223,59,46
224,51,47
225,46,50
226,42,61
227,20,83
228,47,70
229,53,72
230,62,72
231,71,70
232,77,67
233,81,65
234,22,83
235,75,110
236,85,86
237,84,108
238,88,112
239,84,109
240,78,113
241,90,113
242,91,114
243,81,58
244,85,61
245,86,63
246,53,57
247,47,55
248,102,82
249,148,58
250,104,113
251,179,30
252,129,64
253,136,64
254,143,64
255,152,62
256,122,63
257,139,47
258,131,47
259,147,48
260,152,51
261,160,67
262,128,178
263,151,57
264,185,64
265,169,63
266,136,100
267,109,134
268,109,139
269,119,135
270,127,137
271,117,139
272,124,139
273,137,149
274,102,110
275,103,102
276,163,46
277,120,80
278,122,105
279,122,101
280,159,98
281,102,91
282,144,39
283,155,41
284,171,16
285,111,47
286,124,50
287,143,141
288,185,141
289,116,110
290,110,113
291,137,140
292,135,141
293,159,36
294,123,108
295,129,41
296,130,35
297,139,0
298,164,26
299,134,15
300,168,42
301,173,36
302,109,137
303,118,137
304,126,138
305,115,112
306,136,141
307,131,145
308,134,141
309,111,109
310,123,140
311,116,140
312,108,140
313,110,167
314,110,159
315,110,155
316,109,152
317,108,150
318,123,146
319,125,147
320,126,149
321,127,151
322,133,129
323,190,100
324,128,144
325,130,144
326,108,116
327,121,113
328,109,114
329,128,84
330,140,89
331,124,104
332,158,6
333,152,19
334,146,33
335,130,156
336,113,37
337,116,15
338,120,-3
339,149,63
340,168,72
341,118,61
342,160,54
343,114,75
344,116,103
345,178,79
346,163,77
347,153,79
348,139,79
349,128,76
350,120,73
351,104,65
352,178,95
353,166,53
354,100,114
355,120,88
356,188,63
357,114,69
358,126,104
359,155,58
360,117,98
361,189,120
362,119,59
363,109,94
364,165,160
365,166,170
366,187,98
367,176,149
368,179,49
369,130,187
370,100,115
371,127,94
372,175,64
373,141,59
374,135,59
375,133,146
376,178,112
377,116,198
378,141,188
379,153,180
380,130,59
381,124,59
382,120,59
383,172,52
384,125,54
385,132,53
386,137,53
387,143,54
388,147,55
389,185,44
390,145,59
391,124,125
392,116,109
393,109,123
394,153,170
395,142,179
396,116,193
397,176,158
398,121,57
399,109,78
400,129,194
401,186,117
402,116,148
403,118,150
404,119,153
405,120,156
406,121,162
407,131,140
408,132,139
409,133,139
410,139,134
411,167,116
412,109,70
413,113,55
414,117,55
415,129,140
416,171,136
417,106,56
418,125,170
419,103,74
420,114,90
421,112,175
422,143,153
423,132,110
424,135,163
425,149,109
426,139,118
427,157,122
428,114,184
429,120,94
430,150,160
431,140,170
432,150,143
433,178,126
434,160,145
435,183,134
436,146,128
437,114,83
438,114,107
439,119,108
440,110,102
441,118,50
442,130,45
443,141,44
444,150,45
445,156,49
446,161,60
447,187,81
448,155,69
449,147,71
450,137,71
451,128,69
452,121,68
453,116,66
454,189,81
455,120,110
456,108,86
457,108,108
458,104,112
459,108,109
460,118,112
461,102,113
462,102,114
463,116,59
464,112,62
465,109,64
466,149,57
467,155,54
468,66,56
469,72,56
470,66,50
471,59,56
472,65,62
473,136,56
474,143,56
475,136,50
476,129,56
477,136,62
