0,98,132
1,110,112
2,103,117
3,101,85
4,111,105
5,110,94
6,105,66
7,49,56
8,105,46
9,105,36
10,106,-1
11,98,135
12,97,138
13,96,140
14,96,145
15,96,149
16,96,155
17,95,160
18,93,157
19,108,115
20,97,114
21,8,22
22,68,63
23,62,64
24,55,64
25,44,58
26,74,61
27,60,44
28,67,44
29,53,45
30,47,47
31,36,63
32,61,168
33,46,54
34,3,55
35,25,57
36,61,98
37,88,130
38,88,137
39,78,132
40,71,134
41,80,137
42,74,137
43,57,143
44,103,111
45,103,104
46,36,41
47,77,79
48,79,106
49,78,101
50,36,95
51,103,94
52,59,36
53,47,37
54,21,11
55,90,43
56,74,46
57,52,137
58,-1,122
59,84,110
60,90,113
61,63,137
62,65,138
63,42,32
64,77,108
65,74,37
66,73,31
67,60,0
68,30,21
69,66,15
70,30,36
71,18,30
72,88,134
73,79,135
74,73,135
75,85,112
76,64,138
77,67,141
78,67,138
79,91,110
80,76,138
81,81,138
82,88,139
83,83,157
84,84,158
85,85,153
86,87,148
87,88,144
88,75,140
89,73,142
90,71,145
91,69,147
92,66,126
93,-7,83
94,106,116
95,71,139
96,69,140
97,93,116
98,78,112
99,92,114
100,69,83
101,56,88
102,75,104
103,37,3
104,45,16
105,57,30
106,64,149
107,90,34
108,85,16
109,82,-2
110,48,62
111,26,68
112,78,59
113,38,49
114,84,75
115,86,105
116,13,73
117,33,75
118,44,79
119,59,78
120,69,74
121,77,71
122,97,67
123,13,89
124,30,48
125,104,115
126,78,88
127,-4,50
128,83,68
129,73,103
130,42,54
131,85,99
132,-6,102
133,77,57
134,94,96
135,23,148
136,18,154
137,0,87
138,12,136
139,10,41
140,58,175
141,102,116
142,70,92
143,15,56
144,57,60
145,63,60
146,65,141
147,12,104
148,70,185
149,44,174
150,32,166
151,106,17
152,86,185
153,68,59
154,73,58
155,76,57
156,21,44
157,72,51
158,66,49
159,60,49
160,54,50
161,50,52
162,0,34
163,53,58
164,102,122
165,75,123
166,85,110
167,91,122
168,104,55
169,34,159
170,45,167
171,73,180
172,7,140
173,76,54
174,92,80
175,89,181
176,57,180
177,0,104
178,81,142
179,79,145
180,77,149
181,75,153
182,73,153
183,70,137
184,68,136
185,66,135
186,58,131
187,26,110
188,91,71
189,84,52
190,79,52
191,71,138
192,20,127
193,93,54
194,66,160
195,108,85
196,99,77
197,107,76
198,85,91
199,91,174
200,92,165
201,79,164
202,48,146
203,66,108
204,56,154
205,47,106
206,58,116
207,38,118
208,76,173
209,79,94
210,40,151
211,50,160
212,43,137
213,12,116
214,31,137
215,3,120
216,49,125
217,85,84
218,89,108
219,81,109
220,94,104
221,80,46
222,70,42
223,60,41
224,51,42
225,43,45
226,34,55
227,0,71
228,41,67
229,49,70
230,60,70
231,69,68
232,75,66
233,80,64
234,-6,66
235,80,110
236,94,88
237,96,110
238,98,113
239,95,111
240,82,112
241,101,114
242,100,115
243,80,57
244,84,60
245,88,63
246,48,53
247,43,50
248,113,85
249,143,58
250,113,114
251,155,27
252,125,65
253,131,66
254,137,65
255,144,60
256,120,63
257,137,44
258,129,45
259,143,45
260,146,48
261,147,65
262,112,165
263,145,55
264,153,58
265,151,59
266,130,98
267,106,130
268,104,137
269,113,132
270,116,134
271,109,137
272,112,137
273,120,142
274,115,111
275,117,104
276,153,42
277,118,79
278,124,106
279,124,101
280,144,95
281,116,94
282,144,36
283,150,38
284,154,16
285,118,43
286,123,48
287,126,135
288,135,119
289,119,110
290,115,113
291,119,138
292,117,138
293,152,33
294,123,108
295,134,37
296,135,32
297,140,3
298,154,25
299,138,18
300,155,38
301,155,34
302,105,134
303,111,134
304,115,135
305,118,111
306,118,138
307,117,141
308,116,138
309,119,109
310,110,138
311,107,138
312,102,139
313,101,156
314,104,158
315,104,153
316,104,148
317,102,144
318,111,141
319,113,142
320,115,145
321,116,147
322,124,126
323,143,84
324,113,139
325,115,140
326,112,116
327,120,112
328,113,115
329,123,83
330,132,88
331,123,104
332,150,8
333,149,20
334,146,30
335,115,147
336,121,34
337,124,18
338,126,0
339,142,64
340,152,70
341,117,61
342,149,51
343,115,75
344,123,104
345,154,74
346,150,76
347,144,80
348,133,79
349,125,76
350,120,72
351,111,68
352,153,89
353,152,49
354,111,114
355,119,88
356,148,54
357,116,69
358,122,103
359,146,55
360,122,99
361,140,101
362,117,59
363,119,96
364,132,143
365,127,148
366,151,87
367,138,132
368,155,45
369,112,171
370,109,116
371,123,93
372,153,60
373,137,61
374,131,62
375,118,142
376,150,103
377,100,182
378,115,168
379,120,160
380,126,61
381,121,60
382,118,59
383,154,47
384,123,53
385,129,51
386,135,50
387,140,51
388,143,53
389,153,39
390,141,60
391,120,123
392,120,109
393,111,122
394,125,153
395,119,162
396,102,178
397,131,135
398,119,57
399,115,80
400,108,176
401,147,102
402,107,142
403,109,145
404,111,149
405,112,153
406,109,152
407,115,137
408,117,137
409,118,136
410,126,130
411,145,109
412,113,71
413,114,54
414,117,54
415,113,138
416,141,124
417,111,55
418,110,158
419,112,77
420,119,91
421,102,163
422,125,144
423,126,108
424,118,151
425,137,106
426,130,115
427,139,117
428,103,172
429,120,94
430,127,147
431,119,156
432,131,135
433,146,114
434,135,134
435,143,117
436,132,124
437,117,84
438,121,108
439,123,108
440,121,104
441,120,47
442,131,43
443,140,42
444,146,43
445,150,46
446,148,57
447,152,72
448,145,69
449,140,72
450,132,71
451,124,69
452,119,67
453,116,65
454,145,69
455,121,110
456,117,88
457,119,110
458,114,113
459,117,110
460,119,112
461,113,114
462,111,115
463,115,59
464,113,62
465,113,64
466,144,54
467,147,51
468,61,53
469,67,53
470,61,47
471,55,54
472,62,60
473,137,54
474,142,54
475,137,48
476,132,54
477,138,61
