0,103,124
1,107,100
2,103,110
3,97,77
4,108,92
5,106,83
6,101,64
7,38,61
8,100,46
9,100,35
10,98,1
11,103,127
12,102,130
13,101,132
14,100,156
15,101,158
16,101,162
17,100,166
18,99,168
19,106,105
20,95,105
21,0,35
22,61,67
23,53,68
24,45,67
25,33,64
26,67,66
27,51,44
28,60,46
29,42,45
30,35,49
31,26,68
32,64,176
33,34,59
34,-3,67
35,14,63
36,53,95
37,88,122
38,88,129
39,71,125
40,59,129
41,75,130
42,64,133
43,52,146
44,100,100
45,99,92
46,23,43
47,72,79
48,73,98
49,71,94
50,26,94
51,98,84
52,47,34
53,34,37
54,9,20
55,82,43
56,67,50
57,45,136
58,1,141
59,79,103
60,87,106
61,44,139
62,47,140
63,28,32
64,71,102
65,63,36
66,62,30
67,48,1
68,18,25
69,55,14
70,16,40
71,7,37
72,88,126
73,73,128
74,62,131
75,81,105
76,46,139
77,52,146
78,49,140
79,86,100
80,65,133
81,76,132
82,88,131
83,85,167
84,84,164
85,85,160
86,86,157
87,87,155
88,64,149
89,63,150
90,60,151
91,58,153
92,58,121
93,-9,103
94,105,108
95,56,146
96,54,146
97,90,109
98,73,106
99,89,107
100,62,82
101,48,86
102,69,98
103,25,8
104,33,17
105,44,29
106,60,154
107,80,33
108,76,15
109,72,0
110,38,66
111,16,73
112,71,65
113,26,53
114,79,75
115,80,95
116,4,79
117,23,78
118,36,80
119,53,79
120,64,76
121,73,73
122,93,65
123,5,94
124,18,52
125,102,105
126,73,85
127,-9,69
128,79,70
129,67,99
130,30,59
131,79,91
132,-6,121
133,71,63
134,89,87
135,23,158
136,22,169
137,-5,99
138,12,147
139,1,51
140,62,185
141,101,107
142,64,90
143,5,65
144,47,63
145,53,64
146,50,146
147,5,109
148,78,198
149,48,187
150,36,180
151,99,17
152,97,199
153,60,64
154,65,63
155,69,63
156,10,51
157,64,55
158,58,52
159,52,51
160,45,52
161,40,55
162,-6,50
163,42,62
164,103,114
165,68,116
166,80,102
167,88,114
168,100,55
169,36,168
170,48,177
171,79,191
172,10,157
173,69,60
174,87,75
175,98,193
176,62,193
177,-2,116
178,75,152
179,73,154
180,72,156
181,70,159
182,71,161
183,54,136
184,52,135
185,50,134
186,50,128
187,18,112
188,86,69
189,78,56
190,72,57
191,56,136
192,16,133
193,88,55
194,67,168
195,105,77
196,95,72
197,103,71
198,80,86
199,99,184
200,99,176
201,82,174
202,45,150
203,59,105
204,55,160
205,39,104
206,50,113
207,31,117
208,80,182
209,73,90
210,39,157
211,51,167
212,39,138
213,7,124
214,28,141
215,2,132
216,43,122
217,80,80
218,84,99
219,76,101
220,90,93
221,73,48
222,61,42
223,50,40
224,39,42
225,31,46
226,23,61
227,-5,83
228,31,71
229,41,73
230,52,73
231,62,72
232,70,70
233,75,68
234,-10,86
235,75,103
236,89,81
237,92,99
238,96,104
239,91,101
240,76,105
241,98,104
242,98,107
243,74,63
244,79,64
245,84,64
246,37,57
247,31,54
248,111,78
249,148,72
250,112,106
251,163,47
252,129,74
253,135,75
254,140,76
255,150,74
256,124,72
257,139,53
258,132,54
259,146,55
260,150,59
261,153,78
262,127,177
263,151,70
264,166,79
265,160,74
266,140,100
267,115,124
268,113,131
269,126,128
270,132,133
271,121,133
272,127,136
273,136,150
274,114,101
275,115,93
276,158,53
277,123,82
278,130,101
279,130,98
280,159,102
281,113,85
282,143,44
283,152,47
284,159,32
285,116,48
286,126,58
287,142,141
288,157,148
289,124,105
290,117,107
291,136,145
292,133,144
293,155,44
294,129,105
295,132,44
296,133,39
297,139,10
298,158,37
299,136,22
300,161,52
301,163,49
302,115,127
303,124,131
304,130,134
305,121,107
306,135,144
307,133,150
308,132,144
309,121,103
310,124,136
311,118,134
312,111,132
313,111,168
314,114,165
315,114,161
316,113,158
317,111,156
318,124,152
319,126,153
320,129,155
321,131,157
322,136,125
323,162,113
324,128,149
325,130,150
326,115,110
327,126,109
328,116,109
329,131,87
330,143,92
331,130,101
332,152,19
333,150,28
334,145,39
335,130,157
336,119,40
337,120,19
338,122,4
339,146,76
340,158,83
341,121,71
342,156,64
343,117,77
344,126,98
345,168,89
346,153,86
347,145,87
348,134,84
349,126,81
350,120,77
351,108,66
352,170,103
353,159,63
354,110,105
355,124,88
356,162,80
357,115,73
358,130,102
359,153,70
360,126,93
361,161,130
362,122,69
363,120,88
364,153,162
365,149,172
366,169,109
367,159,153
368,164,63
369,128,186
370,108,108
371,131,94
372,165,77
373,141,72
374,135,72
375,134,151
376,170,118
377,113,198
378,134,188
379,141,181
380,131,71
381,126,70
382,123,70
383,164,63
384,127,63
385,132,60
386,138,59
387,144,61
388,147,64
389,163,62
390,145,72
391,130,119
392,124,104
393,115,115
394,144,171
395,137,178
396,115,191
397,153,162
398,124,67
399,115,77
400,125,193
401,168,125
402,119,155
403,121,156
404,123,159
405,124,162
406,122,163
407,131,140
408,133,139
409,136,138
410,140,132
411,164,120
412,113,71
413,117,62
414,121,64
415,128,139
416,161,140
417,110,59
418,125,170
419,110,73
420,121,88
421,113,175
422,140,153
423,135,109
424,134,162
425,151,110
426,141,117
427,155,123
428,115,183
429,126,93
430,145,161
431,136,170
432,147,143
433,167,132
434,154,146
435,165,140
436,146,127
437,119,83
438,124,101
439,128,103
440,121,95
441,122,55
442,132,50
443,141,50
444,148,52
445,153,56
446,156,72
447,168,94
448,149,80
449,142,80
450,134,79
451,127,77
452,122,75
453,118,72
454,162,96
455,127,106
456,117,83
457,119,101
458,113,105
459,118,103
460,124,108
461,112,105
462,111,107
463,119,69
464,115,68
465,112,68
466,149,67
467,153,64
468,58,57
469,64,57
470,57,51
471,51,57
472,58,64
473,142,66
474,147,67
475,142,60
476,136,65
477,142,72
