0,106,127
1,111,104
2,105,113
3,100,79
4,112,96
5,110,86
6,104,63
7,39,56
8,102,45
9,103,35
10,102,-3
11,105,130
12,104,132
13,103,134
14,102,144
15,103,147
16,103,151
17,102,155
18,98,163
19,109,109
20,98,108
21,-2,26
22,61,62
23,53,62
24,46,62
25,34,59
26,67,62
27,53,43
28,61,45
29,45,44
30,38,46
31,26,63
32,62,177
33,36,55
34,-7,61
35,14,58
36,56,96
37,93,125
38,92,132
39,77,128
40,66,132
41,80,133
42,69,134
43,52,147
44,104,103
45,103,95
46,27,39
47,74,78
48,76,101
49,74,96
50,28,94
51,102,86
52,52,32
53,38,34
54,11,12
55,86,41
56,67,48
57,45,138
58,-9,141
59,82,106
60,90,109
61,51,139
62,54,139
63,33,29
64,74,104
65,68,33
66,68,27
67,53,-4
68,20,19
69,60,10
70,20,36
71,7,31
72,92,129
73,79,130
74,68,133
75,84,107
76,52,139
77,59,142
78,55,139
79,90,103
80,70,135
81,80,134
82,91,133
83,85,163
84,89,154
85,90,149
86,91,145
87,91,143
88,70,141
89,69,142
90,67,144
91,65,147
92,59,124
93,-18,99
94,107,111
95,62,140
96,61,141
97,92,112
98,75,109
99,91,110
100,65,82
101,50,86
102,72,100
103,29,1
104,37,12
105,49,26
106,61,153
107,86,30
108,81,12
109,77,-5
110,38,61
111,15,68
112,71,60
113,27,49
114,81,73
115,84,98
116,3,75
117,23,74
118,35,77
119,52,76
120,63,74
121,72,71
122,95,64
123,3,92
124,19,48
125,105,108
126,75,85
127,-15,61
128,79,67
129,69,101
130,31,54
131,82,93
132,-15,119
133,70,58
134,92,89
135,16,160
136,13,171
137,-10,96
138,4,148
139,0,45
140,59,187
141,104,110
142,67,90
143,4,59
144,48,57
145,54,58
146,56,143
147,2,109
148,76,198
149,44,189
150,30,182
151,103,14
152,94,199
153,60,58
154,65,58
155,68,58
156,11,46
157,65,54
158,59,53
159,53,52
160,47,53
161,42,53
162,-10,42
163,43,57
164,104,118
165,70,120
166,83,104
167,91,118
168,102,54
169,30,171
170,44,179
171,77,192
172,0,159
173,69,56
174,90,75
175,96,193
176,59,194
177,-9,115
178,80,142
179,79,144
180,78,147
181,77,151
182,72,159
183,60,137
184,58,136
185,56,135
186,50,130
187,17,113
188,88,68
189,79,53
190,73,53
191,62,137
192,11,134
193,90,53
194,66,168
195,108,78
196,98,72
197,106,71
198,83,87
199,97,184
200,98,173
201,82,172
202,44,151
203,61,107
204,54,161
205,40,105
206,52,114
207,30,118
208,79,183
209,76,91
210,35,159
211,48,169
212,37,140
213,2,124
214,24,143
215,-5,132
216,42,124
217,83,80
218,87,102
219,79,103
220,94,96
221,75,46
222,64,40
223,53,39
224,43,39
225,33,43
226,24,56
227,-10,78
228,31,66
229,41,69
230,52,69
231,62,68
232,69,66
233,75,64
234,-17,80
235,78,106
236,92,82
237,96,102
238,99,107
239,95,104
240,79,108
241,101,108
242,100,110
243,74,58
244,80,60
245,84,62
246,39,54
247,32,50
248,114,79
249,146,64
250,114,109
251,161,40
252,126,67
253,133,68
254,140,69
255,147,67
256,120,66
257,139,51
258,130,51
259,146,53
260,149,55
261,152,72
262,124,178
263,147,63
264,163,74
265,155,67
266,137,101
267,116,127
268,113,133
269,124,130
270,128,135
271,119,135
272,123,137
273,131,150
274,117,104
275,118,96
276,158,50
277,122,81
278,130,103
279,129,99
280,156,102
281,116,87
282,147,42
283,155,45
284,158,26
285,118,46
286,123,53
287,137,142
288,154,148
289,124,108
290,117,110
291,129,142
292,127,142
293,156,40
294,129,107
295,136,42
296,137,36
297,139,5
298,157,33
299,137,19
300,159,47
301,161,44
302,115,130
303,122,133
304,126,136
305,121,109
306,128,142
307,126,144
308,125,142
309,122,105
310,120,137
311,116,136
312,110,135
313,108,163
314,112,155
315,113,150
316,112,146
317,110,144
318,119,143
319,121,144
320,124,146
321,125,149
322,133,127
323,158,110
324,122,142
325,124,143
326,115,113
327,125,111
328,116,111
329,129,86
330,140,92
331,129,103
332,151,14
333,149,24
334,149,36
335,125,155
336,121,36
337,122,17
338,124,0
339,145,69
340,157,78
341,117,64
342,153,58
343,117,76
344,127,100
345,164,86
346,156,83
347,151,85
348,138,82
349,128,78
350,121,75
351,110,65
352,166,102
353,156,58
354,113,109
355,123,88
356,159,74
357,116,70
358,129,103
359,149,63
360,126,95
361,157,128
362,116,61
363,121,90
364,149,163
365,145,174
366,166,107
367,156,154
368,162,58
369,124,187
370,110,111
371,129,94
372,156,69
373,140,64
374,134,64
375,128,146
376,166,118
377,110,198
378,129,189
379,137,183
380,127,63
381,121,62
382,118,62
383,157,57
384,122,59
385,128,58
386,135,59
387,141,60
388,145,61
389,161,55
390,143,64
391,127,122
392,124,107
393,115,119
394,140,173
395,133,180
396,112,192
397,150,163
398,118,60
399,116,77
400,121,194
401,164,124
402,116,143
403,118,145
404,119,149
405,120,153
406,118,160
407,125,139
408,128,139
409,130,139
410,137,134
411,160,120
412,114,70
413,113,56
414,116,57
415,122,139
416,158,140
417,110,56
418,121,169
419,112,73
420,122,89
421,110,173
422,136,154
423,133,110
424,129,163
425,148,111
426,139,119
427,152,125
428,112,183
429,125,94
430,141,162
431,132,170
432,143,144
433,163,132
434,150,148
435,162,140
436,143,129
437,119,83
438,125,104
439,128,106
440,123,98
441,120,50
442,132,48
443,143,47
444,150,49
445,154,53
446,152,65
447,165,90
448,150,75
449,144,76
450,135,75
451,126,73
452,120,70
453,115,67
454,158,92
455,126,108
456,118,84
457,121,104
458,116,108
459,120,106
460,124,110
461,115,108
462,113,110
463,114,61
464,112,63
465,112,65
466,146,62
467,151,59
468,51,55
469,58,55
470,50,49
471,43,54
472,51,60
473,135,62
474,142,62
475,136,56
476,128,61
477,135,67
