0,99,137
1,98,113
2,97,118
3,92,86
4,98,106
5,98,95
6,98,67
7,49,57
8,98,49
9,98,40
10,98,3
11,99,139
12,99,140
13,99,141
14,99,141
15,99,143
16,99,146
17,99,149
18,97,162
19,98,116
20,90,115
21,22,28
22,67,64
23,61,64
24,54,64
25,45,59
26,73,63
27,58,45
28,65,46
29,51,46
30,46,48
31,39,64
32,68,172
33,46,55
34,17,59
35,31,58
36,60,98
37,90,135
38,90,139
39,81,135
40,75,135
41,82,138
42,76,137
43,61,142
44,92,113
45,91,105
46,37,43
47,76,80
48,74,106
49,73,101
50,39,95
51,91,95
52,54,38
53,44,39
54,30,17
55,84,46
56,72,50
57,55,134
58,20,128
59,79,111
60,85,113
61,66,135
62,67,136
63,41,34
64,73,108
65,67,40
66,66,34
67,58,4
68,34,27
69,62,19
70,33,39
71,27,35
72,90,137
73,82,137
74,75,136
75,80,112
76,67,135
77,71,138
78,68,136
79,83,110
80,77,138
81,83,139
82,90,140
83,86,161
84,89,148
85,90,145
86,90,143
87,91,140
88,78,138
89,76,139
90,75,141
91,74,142
92,64,125
93,15,89
94,98,117
95,73,137
96,72,138
97,87,116
98,75,112
99,86,115
100,69,83
101,57,88
102,72,104
103,41,9
104,46,21
105,52,32
106,67,149
107,82,38
108,79,20
109,77,2
110,48,62
111,31,69
112,76,62
113,39,51
114,81,76
115,79,105
116,22,75
117,35,74
118,44,78
119,58,77
120,68,75
121,75,72
122,91,69
123,22,90
124,33,50
125,94,116
126,76,88
127,15,56
128,80,69
129,71,103
130,43,55
131,78,99
132,16,108
133,76,59
134,85,97
135,35,151
136,35,159
137,15,91
138,26,139
139,22,46
140,67,181
141,94,117
142,69,93
143,25,59
144,55,59
145,61,60
146,70,139
147,22,105
148,81,193
149,57,179
150,47,171
151,98,21
152,97,195
153,66,59
154,71,59
155,75,59
156,28,48
157,70,54
158,65,52
159,59,51
160,53,52
161,50,53
162,17,40
163,52,58
164,97,123
165,72,122
166,79,110
167,86,122
168,98,58
169,46,162
170,56,171
171,80,187
172,27,146
173,74,57
174,86,81
175,97,190
176,68,187
177,16,107
178,84,139
179,83,141
180,82,143
181,81,146
182,76,156
183,72,136
184,71,136
185,70,135
186,58,129
187,31,110
188,86,72
189,82,56
190,77,55
191,73,137
192,29,128
193,89,57
194,72,164
195,98,85
196,91,78
197,98,77
198,81,92
199,97,181
200,97,171
201,84,169
202,54,146
203,65,108
204,62,156
205,48,106
206,57,115
207,41,117
208,81,179
209,76,95
210,48,152
211,58,163
212,48,135
213,23,118
214,39,137
215,19,124
216,51,123
217,81,85
218,81,109
219,76,109
220,84,105
221,77,49
222,66,44
223,56,42
224,48,43
225,42,46
226,38,57
227,15,75
228,43,67
229,50,70
230,59,70
231,68,69
232,74,67
233,79,66
234,15,72
235,76,110
236,86,88
237,86,111
238,90,114
239,86,111
240,77,112
241,91,115
242,92,116
243,79,60
244,83,62
245,85,65
246,48,54
247,43,51
248,104,86
249,144,59
250,105,115
251,171,31
252,125,64
253,131,65
254,137,65
255,147,62
256,120,63
257,137,48
258,129,49
259,144,50
260,148,52
261,152,67
262,124,173
263,147,58
264,176,62
265,161,62
266,134,99
267,109,135
268,108,139
269,117,135
270,122,134
271,115,138
272,120,136
273,132,142
274,104,113
275,105,105
276,159,48
277,118,81
278,121,106
279,121,102
280,154,96
281,104,95
282,143,42
283,153,44
284,164,20
285,112,48
286,123,51
287,138,134
288,171,131
289,116,111
290,110,113
291,130,134
292,128,134
293,157,39
294,122,108
295,130,43
296,132,38
297,138,6
298,160,30
299,134,21
300,163,44
301,167,38
302,109,137
303,116,136
304,121,135
305,114,112
306,129,134
307,125,137
308,127,135
309,112,111
310,119,137
311,114,139
312,107,140
313,107,161
314,108,148
315,108,145
316,107,142
317,107,140
318,119,137
319,120,138
320,121,140
321,122,141
322,130,125
323,177,92
324,123,136
325,124,137
326,108,116
327,120,112
328,109,115
329,125,84
330,137,89
331,123,104
332,154,12
333,149,24
334,146,36
335,125,150
336,115,40
337,117,21
338,120,3
339,143,64
340,159,72
341,117,62
342,155,55
343,113,77
344,117,106
345,170,77
346,154,77
347,144,80
348,131,79
349,122,76
350,116,73
351,104,69
352,170,92
353,161,54
354,102,116
355,118,89
356,177,59
357,112,70
358,123,104
359,150,58
360,117,100
361,175,111
362,118,59
363,111,97
364,156,152
365,156,161
366,177,93
367,165,141
368,171,49
369,126,182
370,101,117
371,125,94
372,167,63
373,137,60
374,131,60
375,126,138
376,170,107
377,112,193
378,135,180
379,145,172
380,126,60
381,122,59
382,119,60
383,166,52
384,123,55
385,129,53
386,134,53
387,140,54
388,143,56
389,175,43
390,141,60
391,122,122
392,116,110
393,108,122
394,146,163
395,136,172
396,112,188
397,164,148
398,120,58
399,109,81
400,124,188
401,175,110
402,113,139
403,114,140
404,115,143
405,115,145
406,117,157
407,124,135
408,125,135
409,126,134
410,135,129
411,161,112
412,109,73
413,113,56
414,117,56
415,123,136
416,162,130
417,106,58
418,121,164
419,104,78
420,114,92
421,109,170
422,138,146
423,129,109
424,130,156
425,145,107
426,136,116
427,152,118
428,111,179
429,119,95
430,144,154
431,134,164
432,144,136
433,169,120
434,153,139
435,172,126
436,142,124
437,114,85
438,114,109
439,119,109
440,111,105
441,118,51
442,129,47
443,139,46
444,147,48
445,152,50
446,155,60
447,177,78
448,148,70
449,141,72
450,131,71
451,123,69
452,118,68
453,114,66
454,177,75
455,119,110
456,109,89
457,109,111
458,106,114
459,109,112
460,117,112
461,104,115
462,103,116
463,115,60
464,111,63
465,108,65
466,145,57
467,151,55
468,59,55
469,66,55
470,59,48
471,52,54
472,58,61
473,130,56
474,136,56
475,130,50
476,123,56
477,129,62
