0,96,134
1,110,105
2,104,114
3,101,80
4,111,97
5,109,87
6,103,62
7,47,53
8,102,40
9,103,30
10,103,-5
11,96,136
12,96,138
13,95,140
14,95,155
15,95,158
16,95,162
17,94,166
18,96,172
19,108,110
20,98,110
21,5,23
22,65,60
23,59,60
24,52,60
25,42,57
26,70,58
27,58,38
28,65,39
29,51,39
30,45,42
31,33,62
32,65,177
33,43,52
34,1,58
35,23,57
36,62,97
37,88,133
38,89,138
39,80,135
40,74,138
41,82,139
42,78,140
43,60,152
44,104,105
45,103,97
46,33,36
47,77,78
48,80,102
49,79,98
50,37,95
51,102,88
52,57,27
53,44,30
54,18,9
55,88,36
56,71,42
57,55,143
58,1,135
59,85,107
60,91,110
61,69,144
62,71,144
63,39,25
64,79,106
65,71,28
66,71,21
67,58,-6
68,28,17
69,64,8
70,27,33
71,16,28
72,88,136
73,81,137
74,76,139
75,87,109
76,70,144
77,72,148
78,72,144
79,92,105
80,79,141
81,84,140
82,89,139
83,85,171
84,85,165
85,86,161
86,87,157
87,88,154
88,78,150
89,77,151
90,75,152
91,73,154
92,67,128
93,-8,93
94,106,112
95,75,147
96,74,148
97,93,113
98,79,111
99,93,112
100,68,82
101,56,86
102,76,102
103,35,0
104,44,10
105,54,20
106,66,159
107,87,25
108,83,9
109,80,-7
110,46,59
111,23,69
112,74,56
113,35,47
114,83,73
115,87,99
116,12,74
117,31,74
118,43,77
119,57,75
120,67,72
121,75,68
122,96,63
123,14,91
124,27,46
125,104,109
126,78,86
127,-7,56
128,81,64
129,74,102
130,39,52
131,85,94
132,-5,113
133,73,53
134,94,90
135,28,157
136,23,166
137,0,92
138,16,145
139,8,42
140,62,185
141,103,111
142,71,91
143,13,59
144,54,54
145,60,55
146,70,149
147,14,107
148,75,196
149,48,185
150,37,178
151,103,12
152,91,198
153,64,55
154,69,54
155,72,54
156,19,44
157,69,48
158,64,46
159,59,46
160,53,47
161,49,49
162,-2,38
163,50,54
164,103,120
165,76,123
166,86,106
167,92,120
168,102,52
169,39,168
170,49,177
171,77,191
172,11,153
173,72,51
174,91,76
175,93,192
176,61,192
177,1,111
178,83,152
179,81,154
180,80,157
181,78,160
182,74,166
183,74,142
184,72,141
185,71,141
186,60,135
187,29,112
188,90,68
189,82,48
190,76,48
191,75,142
192,25,133
193,91,48
194,69,171
195,107,79
196,98,72
197,105,71
198,86,88
199,94,185
200,95,178
201,82,176
202,52,154
203,67,108
204,59,163
205,49,106
206,60,117
207,42,120
208,79,184
209,79,92
210,44,159
211,54,169
212,47,143
213,16,122
214,36,143
215,6,128
216,53,127
217,85,81
218,90,103
219,83,105
220,95,98
221,78,41
222,68,35
223,58,34
224,49,35
225,41,39
226,32,55
227,0,75
228,39,66
229,47,68
230,57,67
231,66,65
232,73,63
233,78,61
234,-8,74
235,82,108
236,93,83
237,97,104
238,99,108
239,96,105
240,83,110
241,101,109
242,100,111
243,76,54
244,82,56
245,86,58
246,46,50
247,40,47
248,112,80
249,138,61
250,111,110
251,151,35
252,122,65
253,128,67
254,133,67
255,139,64
256,117,64
257,133,43
258,126,44
259,138,45
260,142,49
261,143,70
262,116,177
263,140,59
264,151,68
265,146,64
266,130,101
267,103,134
268,102,138
269,109,136
270,113,139
271,106,139
272,109,141
273,122,153
274,115,105
275,116,98
276,148,42
277,118,80
278,123,104
279,123,100
280,144,101
281,115,88
282,139,32
283,145,35
284,150,21
285,115,38
286,119,47
287,126,145
288,136,139
289,118,109
290,113,111
291,115,145
292,113,145
293,147,30
294,122,108
295,129,32
296,131,25
297,135,2
298,150,28
299,133,15
300,150,38
301,152,39
302,103,136
303,108,138
304,111,140
305,116,110
306,114,145
307,112,149
308,112,145
309,118,106
310,107,142
311,105,140
312,101,140
313,105,171
314,103,165
315,102,161
316,102,157
317,100,154
318,107,150
319,109,151
320,111,153
321,112,155
322,124,129
323,142,101
324,109,148
325,111,148
326,111,114
327,119,112
328,112,113
329,123,85
330,133,91
331,123,104
332,145,10
333,144,20
334,141,25
335,118,160
336,118,27
337,120,14
338,121,-2
339,137,66
340,147,76
341,114,62
342,145,53
343,114,75
344,122,101
345,153,82
346,145,81
347,140,84
348,130,81
349,122,77
350,117,73
351,109,64
352,153,98
353,147,52
354,111,110
355,119,88
356,146,67
357,113,68
358,122,104
359,141,59
360,121,96
361,140,119
362,114,59
363,118,91
364,133,158
365,129,166
366,151,100
367,138,147
368,151,53
369,115,183
370,108,112
371,123,94
372,148,66
373,133,62
374,128,62
375,114,150
376,150,114
377,104,195
378,119,183
379,123,176
380,123,61
381,118,60
382,115,59
383,149,51
384,119,54
385,125,52
386,130,52
387,135,53
388,138,56
389,149,49
390,136,62
391,120,124
392,119,107
393,111,121
394,127,168
395,122,175
396,106,190
397,132,155
398,116,57
399,114,77
400,113,190
401,148,117
402,105,152
403,106,154
404,108,157
405,109,161
406,112,166
407,111,143
408,113,143
409,114,142
410,126,137
411,145,118
412,112,69
413,111,52
414,114,53
415,109,143
416,140,136
417,109,51
418,114,171
419,111,73
420,118,89
421,105,176
422,126,155
423,126,111
424,120,164
425,137,111
426,129,119
427,138,124
428,107,183
429,120,94
430,129,160
431,122,169
432,130,145
433,146,127
434,135,146
435,143,133
436,131,130
437,116,82
438,120,105
439,122,107
440,120,99
441,117,44
442,127,40
443,135,39
444,142,41
445,145,46
446,143,62
447,152,84
448,141,73
449,136,74
450,129,73
451,122,71
452,116,68
453,113,65
454,143,84
455,120,109
456,116,84
457,118,105
458,113,109
459,117,106
460,118,111
461,112,109
462,110,111
463,112,59
464,110,60
465,110,62
466,139,58
467,143,54
468,59,50
469,66,50
470,59,44
471,53,51
472,60,57
473,132,57
474,137,58
475,132,51
476,126,56
477,131,63
