0,96,135
1,94,101
2,95,112
3,89,77
4,94,93
5,94,83
6,96,60
7,51,61
8,96,42
9,96,31
10,97,-2
11,96,137
12,96,139
13,97,140
14,97,140
15,97,142
16,97,144
17,97,147
18,96,158
19,94,107
20,88,108
21,26,40
22,68,66
23,62,67
24,56,67
25,48,65
26,74,64
27,58,48
28,65,48
29,51,49
30,47,52
31,42,71
32,69,176
33,49,61
34,23,74
35,34,67
36,62,101
37,88,134
38,89,139
39,81,137
40,76,140
41,83,140
42,78,141
43,66,150
44,88,102
45,87,93
46,37,47
47,76,81
48,73,103
49,73,99
50,42,102
51,88,84
52,52,38
53,43,41
54,32,25
55,82,44
56,72,50
57,60,143
58,29,151
59,78,107
60,84,109
61,70,145
62,72,144
63,39,36
64,73,107
65,65,39
66,63,32
67,58,3
68,36,30
69,62,15
70,33,44
71,30,43
72,89,137
73,82,138
74,77,141
75,80,109
76,71,145
77,74,144
78,73,144
79,81,103
80,79,142
81,84,141
82,90,140
83,87,159
84,89,147
85,89,144
86,90,142
87,90,140
88,80,142
89,79,143
90,78,144
91,77,146
92,67,129
93,23,112
94,94,109
95,76,143
96,75,144
97,86,112
98,76,112
99,85,111
100,69,86
101,58,92
102,72,103
103,43,12
104,46,20
105,50,32
106,72,153
107,79,33
108,78,14
109,76,-1
110,51,67
111,35,78
112,77,62
113,40,56
114,81,75
115,77,98
116,27,86
117,39,82
118,47,84
119,60,82
120,69,78
121,76,74
122,89,63
123,27,102
124,35,57
125,91,106
126,76,88
127,22,76
128,81,69
129,72,104
130,45,62
131,77,94
132,25,131
133,77,59
134,82,88
135,40,164
136,42,175
137,22,107
138,33,155
139,26,57
140,67,185
141,92,109
142,70,94
143,29,70
144,57,62
145,62,61
146,73,146
147,28,118
148,81,196
149,60,188
150,52,183
151,96,14
152,96,197
153,67,61
154,72,60
155,75,60
156,31,56
157,71,56
158,66,56
159,61,56
160,56,57
161,52,58
162,23,57
163,53,61
164,95,119
165,73,123
166,78,105
167,86,120
168,96,52
169,49,172
170,58,179
171,80,189
172,35,165
173,75,58
174,84,75
175,95,190
176,69,193
177,24,125
178,85,141
179,84,142
180,83,144
181,83,146
182,79,156
183,74,143
184,73,143
185,72,143
186,62,136
187,36,120
188,85,68
189,82,54
190,78,55
191,76,143
192,35,141
193,87,53
194,74,166
195,95,75
196,89,70
197,95,68
198,79,88
199,95,180
200,96,169
201,84,169
202,58,154
203,66,111
204,65,162
205,51,111
206,60,119
207,45,125
208,81,180
209,75,93
210,52,162
211,60,169
212,53,145
213,30,133
214,44,148
215,27,141
216,55,130
217,80,81
218,79,102
219,75,105
220,81,95
221,76,48
222,65,44
223,55,44
224,47,46
225,42,50
226,40,64
227,21,90
228,45,74
229,52,75
230,61,74
231,69,72
232,75,69
233,80,66
234,23,94
235,76,108
236,84,81
237,83,101
238,87,106
239,84,103
240,78,110
241,88,106
242,90,109
243,79,59
244,83,61
245,85,62
246,50,60
247,44,56
248,101,77
249,146,61
250,101,108
251,176,38
252,127,65
253,134,66
254,141,67
255,150,65
256,121,62
257,137,46
258,130,46
259,145,48
260,150,51
261,157,70
262,124,176
263,149,61
264,180,72
265,166,66
266,132,100
267,105,133
268,104,139
269,113,136
270,118,139
271,111,139
272,116,140
273,130,150
274,100,101
275,101,93
276,161,45
277,118,80
278,118,102
279,119,98
280,154,101
281,101,84
282,142,35
283,153,39
284,168,22
285,110,41
286,123,48
287,136,143
288,178,151
289,113,107
290,107,109
291,126,144
292,124,143
293,157,34
294,119,106
295,128,36
296,130,29
297,137,1
298,162,28
299,133,14
300,165,42
301,170,41
302,104,136
303,111,138
304,117,139
305,111,108
306,125,144
307,121,143
308,123,143
309,109,103
310,115,141
311,110,140
312,103,140
313,105,159
314,104,147
315,104,144
316,104,142
317,103,140
318,115,141
319,116,142
320,117,143
321,118,145
322,127,128
323,184,112
324,120,142
325,120,143
326,104,112
327,116,112
328,105,111
329,125,85
330,137,91
331,120,102
332,156,9
333,150,18
334,145,29
335,123,153
336,113,30
337,115,13
338,118,-2
339,146,67
340,165,77
341,117,60
342,158,55
343,112,74
344,113,98
345,173,85
346,160,81
347,150,83
348,136,81
349,126,77
350,118,73
351,102,62
352,173,101
353,164,55
354,98,106
355,117,87
356,184,75
357,112,68
358,121,104
359,153,61
360,114,93
361,183,131
362,117,58
363,107,88
364,160,164
365,160,176
366,182,107
367,169,155
368,176,56
369,126,186
370,97,109
371,123,94
372,172,68
373,139,61
374,134,61
375,122,144
376,172,118
377,112,196
378,136,189
379,148,184
380,128,60
381,123,59
382,119,58
383,169,54
384,124,55
385,130,54
386,135,55
387,141,56
388,145,58
389,181,55
390,143,61
391,119,123
392,112,105
393,105,119
394,149,173
395,138,180
396,112,189
397,170,166
398,119,56
399,107,75
400,125,193
401,180,125
402,110,140
403,111,142
404,111,143
405,112,146
406,115,156
407,121,142
408,122,142
409,123,141
410,133,135
411,162,120
412,107,68
413,111,52
414,116,53
415,120,142
416,164,141
417,105,52
418,120,166
419,102,70
420,112,87
421,108,169
422,138,155
423,127,110
424,129,162
425,144,110
426,134,119
427,151,124
428,110,180
429,117,93
430,145,162
431,135,170
432,144,145
433,171,132
434,154,148
435,177,141
436,141,130
437,112,81
438,111,101
439,116,104
440,107,95
441,117,46
442,129,42
443,139,42
444,148,44
445,154,48
446,159,63
447,182,89
448,153,73
449,145,74
450,135,73
451,126,70
452,119,67
453,114,64
454,184,93
455,116,107
456,106,81
457,105,101
458,101,106
459,105,103
460,114,110
461,100,106
462,100,109
463,114,58
464,110,60
465,108,61
466,147,60
467,153,55
468,63,58
469,70,58
470,63,52
471,57,59
472,63,65
473,136,57
474,143,58
475,136,51
476,129,57
477,136,64
