0,96,135
1,95,111
2,97,117
3,89,84
4,94,103
5,95,92
6,96,66
7,49,63
8,96,47
9,95,37
10,94,-4
11,96,137
12,97,138
13,97,139
14,98,153
15,98,155
16,98,158
17,98,162
18,101,168
19,96,115
20,88,115
21,23,33
22,69,68
23,62,69
24,55,69
25,46,65
26,75,66
27,57,50
28,65,50
29,50,52
30,46,55
31,40,70
32,73,180
33,47,61
34,20,68
35,32,66
36,59,102
37,86,133
38,87,137
39,77,134
40,72,135
41,80,137
42,75,137
43,64,149
44,89,111
45,87,103
46,36,51
47,75,82
48,71,107
49,71,103
50,38,101
51,88,93
52,52,44
53,42,46
54,28,20
55,82,49
56,72,52
57,57,140
58,29,143
59,77,112
60,84,114
61,67,138
62,69,138
63,39,41
64,71,110
65,65,45
66,63,39
67,53,1
68,32,29
69,58,17
70,32,46
71,27,39
72,86,136
73,79,135
74,74,136
75,79,113
76,68,138
77,71,143
78,70,138
79,81,110
80,77,137
81,82,137
82,89,138
83,90,167
84,88,161
85,88,157
86,88,154
87,89,152
88,78,146
89,76,147
90,75,148
91,74,150
92,64,129
93,22,102
94,96,116
95,74,143
96,73,143
97,86,117
98,74,114
99,85,116
100,67,87
101,55,92
102,70,106
103,38,9
104,42,21
105,49,38
106,71,156
107,80,40
108,75,16
109,71,-2
110,50,68
111,32,76
112,78,64
113,39,58
114,80,78
115,76,105
116,24,83
117,37,81
118,46,84
119,59,83
120,69,79
121,76,76
122,89,68
123,23,99
124,33,57
125,92,115
126,74,90
127,21,66
128,81,72
129,70,106
130,44,61
131,75,100
132,24,122
133,78,62
134,82,95
135,42,161
136,44,171
137,19,102
138,32,151
139,23,52
140,72,189
141,93,116
142,68,96
143,26,66
144,56,64
145,62,65
146,70,144
147,24,115
148,87,201
149,65,189
150,56,181
151,95,15
152,103,203
153,68,64
154,73,62
155,77,62
156,29,54
157,71,56
158,65,55
159,59,55
160,53,57
161,50,59
162,21,48
163,52,64
164,98,123
165,71,125
166,77,111
167,86,123
168,96,56
169,53,172
170,62,180
171,86,195
172,36,159
173,76,59
174,84,80
175,102,197
176,75,196
177,21,119
178,83,149
179,81,151
180,80,153
181,80,157
182,79,163
183,72,137
184,70,137
185,69,136
186,59,134
187,32,119
188,85,72
189,83,57
190,79,57
191,73,137
192,33,138
193,88,58
194,76,171
195,95,83
196,89,76
197,95,75
198,78,92
199,101,188
200,101,177
201,88,176
202,58,153
203,64,112
204,67,163
205,47,111
206,57,120
207,42,124
208,86,186
209,74,96
210,53,161
211,63,171
212,51,143
213,26,129
214,43,146
215,25,136
216,52,129
217,79,85
218,78,109
219,74,110
220,81,104
221,77,52
222,65,49
223,55,48
224,47,50
225,42,53
226,39,64
227,19,85
228,44,74
229,51,76
230,60,75
231,69,73
232,76,70
233,80,68
234,22,84
235,74,111
236,83,88
237,83,110
238,88,114
239,84,111
240,76,113
241,89,114
242,90,116
243,80,62
244,84,64
245,85,66
246,48,60
247,43,58
248,102,84
249,150,59
250,105,114
251,183,26
252,131,64
253,137,65
254,144,65
255,155,61
256,125,63
257,140,46
258,132,47
259,148,48
260,153,50
261,162,66
262,132,179
263,154,57
264,190,61
265,172,61
266,139,99
267,108,133
268,108,137
269,119,134
270,127,135
271,117,137
272,125,137
273,141,146
274,102,110
275,102,102
276,163,45
277,122,80
278,124,105
279,125,100
280,164,96
281,102,92
282,142,39
283,154,41
284,173,13
285,111,46
286,126,50
287,148,137
288,192,138
289,118,110
290,112,113
291,138,139
292,136,139
293,158,36
294,125,107
295,128,40
296,129,34
297,140,-2
298,167,23
299,134,13
300,168,41
301,177,33
302,108,136
303,118,136
304,126,136
305,117,111
306,137,139
307,133,144
308,135,139
309,113,109
310,124,138
311,117,138
312,108,138
313,113,166
314,110,160
315,109,157
316,109,154
317,108,152
318,124,146
319,126,147
320,127,148
321,128,150
322,137,126
323,197,96
324,130,143
325,131,143
326,109,116
327,123,112
328,110,114
329,130,84
330,144,88
331,127,103
332,160,3
333,153,16
334,145,33
335,134,154
336,112,37
337,116,14
338,119,-5
339,151,64
340,171,71
341,121,62
342,161,53
343,116,76
344,117,103
345,183,76
346,165,76
347,154,79
348,140,78
349,129,76
350,122,73
351,103,67
352,184,92
353,168,52
354,100,114
355,122,88
356,194,59
357,116,69
358,128,103
359,157,58
360,118,98
361,197,116
362,122,59
363,110,94
364,171,158
365,173,169
366,194,95
367,183,147
368,183,45
369,135,188
370,100,116
371,130,93
372,179,62
373,143,60
374,137,60
375,134,144
376,185,109
377,120,201
378,146,189
379,158,180
380,132,60
381,127,59
382,123,59
383,175,50
384,128,54
385,134,52
386,139,52
387,145,53
388,149,55
389,190,40
390,147,59
391,128,122
392,118,109
393,110,122
394,159,170
395,147,179
396,119,195
397,184,155
398,124,57
399,109,79
400,134,196
401,194,114
402,117,149
403,118,151
404,119,153
405,120,156
406,124,161
407,131,138
408,133,137
409,134,137
410,144,130
411,174,113
412,109,71
413,115,55
414,120,55
415,130,138
416,177,134
417,107,56
418,129,170
419,103,76
420,116,91
421,115,176
422,148,151
423,135,109
424,139,161
425,154,107
426,143,116
427,162,119
428,118,186
429,122,94
430,155,159
431,144,170
432,155,139
433,185,124
434,166,142
435,191,131
436,151,125
437,115,84
438,115,107
439,121,108
440,110,103
441,119,49
442,130,45
443,141,44
444,150,45
445,157,48
446,163,59
447,193,78
448,157,69
449,149,71
450,139,71
451,130,69
452,123,68
453,118,66
454,196,77
455,122,109
456,109,87
457,108,109
458,105,113
459,109,110
460,120,111
461,103,114
462,103,115
463,119,60
464,114,62
465,111,64
466,152,56
467,157,53
468,63,59
469,70,58
470,63,51
471,56,59
472,63,66
473,141,55
474,149,55
475,141,49
476,134,55
477,142,62
