0,95,134
1,93,105
2,95,113
3,89,80
4,93,97
5,94,88
6,96,64
7,52,59
8,96,47
9,96,38
10,97,4
11,95,137
12,95,138
13,96,140
14,96,140
15,96,142
16,95,144
17,96,147
18,98,157
19,94,109
20,88,109
21,30,38
22,70,64
23,64,65
24,58,66
25,49,63
26,76,63
27,59,48
28,67,48
29,52,50
30,48,53
31,44,69
32,73,170
33,50,59
34,26,68
35,37,65
36,64,99
37,87,133
38,88,138
39,80,134
40,76,136
41,83,138
42,79,138
43,68,145
44,87,105
45,86,98
46,38,49
47,77,80
48,73,103
49,73,99
50,45,98
51,87,88
52,53,41
53,44,44
54,35,25
55,83,45
56,73,50
57,63,139
58,36,135
59,79,107
60,84,109
61,71,140
62,73,139
63,41,40
64,74,106
65,66,41
66,64,35
67,58,9
68,38,32
69,62,22
70,35,46
71,32,42
72,87,136
73,81,136
74,77,137
75,80,108
76,72,140
77,75,140
78,74,139
79,81,105
80,80,139
81,84,139
82,89,139
83,90,156
84,88,147
85,88,144
86,89,141
87,90,139
88,80,139
89,79,140
90,78,141
91,77,143
92,69,126
93,29,100
94,95,111
95,77,139
96,76,140
97,86,112
98,77,110
99,85,111
100,71,84
101,60,90
102,73,102
103,44,16
104,47,25
105,50,36
106,74,149
107,80,36
108,78,21
109,76,5
110,52,65
111,37,75
112,79,61
113,42,56
114,82,75
115,77,100
116,30,81
117,41,79
118,49,81
119,62,79
120,71,76
121,78,72
122,89,65
123,31,96
124,37,56
125,90,109
126,77,87
127,27,68
128,82,68
129,73,102
130,47,59
131,77,95
132,32,117
133,78,59
134,82,91
135,45,153
136,47,161
137,27,98
138,38,143
139,29,54
140,71,179
141,92,110
142,71,93
143,32,67
144,58,60
145,64,61
146,74,141
147,33,110
148,85,191
149,64,179
150,56,172
151,96,21
152,101,193
153,69,60
154,74,59
155,77,59
156,33,55
157,73,55
158,67,54
159,62,54
160,56,55
161,53,57
162,27,51
163,55,60
164,96,119
165,74,121
166,78,106
167,86,119
168,96,55
169,54,163
170,62,171
171,84,184
172,41,150
173,76,57
174,85,77
175,100,187
176,74,186
177,29,114
178,84,139
179,83,141
180,83,143
181,82,145
182,81,153
183,75,139
184,74,138
185,73,138
186,65,132
187,41,114
188,86,70
189,83,54
190,79,55
191,77,139
192,40,132
193,88,55
194,77,161
195,94,79
196,89,73
197,95,72
198,80,89
199,99,177
200,99,166
201,87,165
202,61,148
203,68,109
204,68,156
205,54,108
206,62,116
207,48,120
208,85,176
209,76,93
210,55,154
211,64,163
212,55,139
213,35,123
214,48,140
215,33,129
216,57,126
217,81,82
218,79,103
219,75,105
220,81,99
221,78,49
222,66,46
223,57,46
224,49,48
225,44,51
226,42,62
227,26,83
228,47,71
229,54,73
230,63,72
231,71,70
232,77,67
233,81,65
234,28,83
235,76,107
236,84,84
237,83,104
238,87,108
239,83,105
240,78,109
241,88,108
242,89,110
243,81,59
244,84,61
245,86,63
246,51,58
247,46,56
248,101,80
249,150,58
250,102,109
251,181,35
252,128,62
253,135,63
254,143,64
255,154,61
256,122,61
257,141,46
258,132,47
259,149,48
260,153,51
261,160,67
262,128,172
263,154,57
264,185,66
265,170,63
266,134,99
267,104,133
268,103,138
269,113,135
270,119,137
271,111,139
272,117,139
273,133,146
274,100,105
275,101,98
276,165,48
277,119,80
278,119,103
279,120,99
280,157,98
281,101,88
282,145,40
283,156,43
284,172,22
285,112,45
286,125,49
287,138,140
288,184,137
289,114,107
290,108,109
291,129,141
292,127,140
293,161,39
294,120,106
295,130,40
296,132,35
297,139,7
298,165,30
299,134,20
300,170,45
301,175,40
302,103,136
303,112,137
304,118,138
305,112,108
306,128,141
307,124,141
308,126,140
309,109,105
310,117,140
311,110,139
312,103,139
313,108,156
314,104,147
315,104,144
316,103,141
317,103,139
318,117,140
319,117,141
320,118,142
321,119,144
322,128,127
323,190,99
324,122,140
325,122,141
326,105,112
327,118,111
328,106,111
329,127,84
330,139,89
331,122,102
332,159,13
333,152,23
334,148,35
335,126,150
336,115,36
337,116,20
338,119,4
339,149,63
340,169,73
341,119,60
342,161,55
343,114,75
344,114,100
345,177,80
346,162,78
347,152,81
348,137,79
349,126,75
350,119,72
351,103,65
352,176,96
353,168,55
354,98,109
355,118,87
356,190,66
357,113,68
358,123,103
359,157,58
360,115,95
361,189,118
362,120,57
363,108,91
364,165,156
365,167,165
366,186,98
367,174,145
368,180,52
369,132,181
370,98,110
371,125,93
372,177,65
373,142,58
374,136,58
375,125,142
376,176,111
377,118,192
378,143,182
379,154,175
380,130,57
381,124,57
382,121,57
383,174,53
384,126,53
385,133,52
386,139,52
387,145,53
388,149,55
389,187,49
390,147,58
391,121,122
392,113,106
393,106,119
394,154,166
395,144,174
396,117,186
397,176,153
398,122,56
399,108,77
400,131,188
401,185,115
402,110,140
403,111,141
404,112,143
405,112,146
406,118,154
407,123,140
408,124,139
409,125,139
410,134,133
411,164,115
412,108,70
413,113,53
414,119,53
415,122,140
416,168,133
417,106,55
418,123,163
419,102,73
420,113,89
421,111,166
422,141,150
423,129,109
424,133,158
425,146,108
426,136,117
427,154,120
428,114,177
429,118,93
430,150,156
431,140,165
432,147,141
433,175,124
434,158,142
435,182,130
436,143,127
437,113,82
438,111,103
439,117,105
440,108,99
441,119,48
442,131,44
443,142,44
444,152,46
445,158,50
446,163,61
447,187,82
448,155,70
449,147,72
450,136,70
451,127,68
452,120,66
453,116,64
454,190,82
455,117,107
456,107,84
457,106,104
458,102,108
459,106,105
460,115,110
461,100,108
462,100,110
463,117,58
464,112,60
465,109,62
466,152,56
467,157,54
468,64,57
469,72,56
470,64,51
471,57,57
472,65,63
473,138,54
474,145,55
475,138,48
476,130,54
477,138,61
