0,96,135
1,97,117
2,97,122
3,91,88
4,97,108
5,97,97
6,97,68
7,47,60
8,97,48
9,97,37
10,98,-4
11,96,137
12,96,138
13,96,140
14,97,148
15,97,152
16,97,157
17,98,162
18,96,167
19,97,120
20,89,119
21,16,27
22,67,67
23,59,67
24,52,67
25,43,63
26,73,66
27,56,48
28,64,49
29,48,49
30,43,51
31,36,67
32,67,178
33,44,59
34,12,62
35,28,61
36,57,101
37,84,133
38,85,137
39,74,133
40,68,132
41,77,136
42,71,135
43,57,144
44,91,116
45,90,108
46,32,44
47,75,82
48,71,109
49,71,104
50,34,97
51,90,97
52,50,37
53,40,39
54,23,14
55,82,46
56,71,52
57,50,135
58,18,137
59,76,114
60,83,117
61,59,132
62,61,133
63,36,33
64,70,111
65,64,39
66,63,33
67,55,-1
68,29,23
69,59,14
70,28,39
71,21,34
72,85,135
73,76,134
74,69,134
75,78,115
76,60,132
77,65,138
78,62,133
79,81,114
80,72,136
81,78,137
82,86,138
83,84,166
84,86,160
85,86,155
86,87,150
87,88,147
88,73,141
89,72,142
90,70,144
91,69,146
92,59,127
93,12,95
94,97,121
95,69,137
96,67,137
97,86,120
98,72,114
99,84,118
100,67,86
101,53,89
102,69,106
103,36,4
104,41,16
105,47,31
106,64,153
107,80,36
108,77,14
109,75,-4
110,46,65
111,28,71
112,77,65
113,36,53
114,80,78
115,77,108
116,18,77
117,33,77
118,42,80
119,56,80
120,67,78
121,75,75
122,90,69
123,18,93
124,30,52
125,93,120
126,74,91
127,11,59
128,81,72
129,68,105
130,40,58
131,76,102
132,14,116
133,77,62
134,83,99
135,33,156
136,35,166
137,11,96
138,23,146
139,17,47
140,66,186
141,94,121
142,67,95
143,22,62
144,54,62
145,60,63
146,63,138
147,17,110
148,80,198
149,58,185
150,47,177
151,98,15
152,95,200
153,66,63
154,71,62
155,75,62
156,25,49
157,70,58
158,63,56
159,57,55
160,51,56
161,48,57
162,12,41
163,50,61
164,97,126
165,68,125
166,77,113
167,85,126
168,97,57
169,45,167
170,55,177
171,79,193
172,25,153
173,74,60
174,85,82
175,96,195
176,68,192
177,13,114
178,80,144
179,78,147
180,77,150
181,76,154
182,73,161
183,66,134
184,64,133
185,63,132
186,53,130
187,26,114
188,86,73
189,82,57
190,78,58
191,67,135
192,25,134
193,88,58
194,70,169
195,97,87
196,91,79
197,97,78
198,79,94
199,96,186
200,96,176
201,82,175
202,52,149
203,61,111
204,60,160
205,43,109
206,53,118
207,36,120
208,80,185
209,74,97
210,47,157
211,57,168
212,44,138
213,18,124
214,35,141
215,16,131
216,46,125
217,80,86
218,79,112
219,73,112
220,83,108
221,76,51
222,64,45
223,53,44
224,45,45
225,39,48
226,35,60
227,11,79
228,40,70
229,48,73
230,58,73
231,67,72
232,74,70
233,79,69
234,11,77
235,73,113
236,85,90
237,85,115
238,89,118
239,85,115
240,74,115
241,90,119
242,91,120
243,79,63
244,83,65
245,85,66
246,46,58
247,40,54
248,103,88
249,145,61
250,105,119
251,178,28
252,126,67
253,133,68
254,140,67
255,149,63
256,121,66
257,137,48
258,129,49
259,144,49
260,149,51
261,156,68
262,124,178
263,148,59
264,181,63
265,165,62
266,136,101
267,107,133
268,107,137
269,118,133
270,126,133
271,116,136
272,123,135
273,136,144
274,104,116
275,104,108
276,160,44
277,119,83
278,123,109
279,123,104
280,159,97
281,104,97
282,142,38
283,153,39
284,171,16
285,111,48
286,122,52
287,143,135
288,174,138
289,118,114
290,111,117
291,137,133
292,134,134
293,157,34
294,124,111
295,129,40
296,130,34
297,141,0
298,165,25
299,136,15
300,165,40
301,173,36
302,107,135
303,117,135
304,125,134
305,116,115
306,135,133
307,131,139
308,133,134
309,113,114
310,122,136
311,115,137
312,106,139
313,108,166
314,110,160
315,109,155
316,108,151
317,107,147
318,122,142
319,124,143
320,126,145
321,127,147
322,134,127
323,181,97
324,127,138
325,129,138
326,108,120
327,122,114
328,110,118
329,127,86
330,140,90
331,125,106
332,159,5
333,154,18
334,145,31
335,129,153
336,113,38
337,119,15
338,122,-4
339,146,66
340,164,72
341,117,65
342,157,54
343,114,78
344,117,108
345,175,79
346,158,78
347,148,81
348,135,80
349,125,78
350,118,75
351,104,70
352,175,94
353,163,52
354,101,120
355,120,91
356,183,60
357,113,71
358,126,105
359,152,59
360,118,102
361,179,117
362,118,62
363,111,99
364,158,157
365,156,167
366,182,97
367,168,147
368,177,48
369,125,187
370,100,121
371,127,95
372,172,63
373,138,63
374,133,63
375,133,140
376,176,111
377,111,198
378,133,186
379,143,178
380,127,63
381,122,63
382,119,62
383,169,50
384,124,57
385,130,54
386,135,54
387,141,55
388,144,57
389,182,42
390,142,62
391,125,125
392,117,113
393,109,126
394,146,168
395,135,178
396,111,193
397,166,155
398,120,60
399,109,82
400,123,193
401,180,115
402,115,145
403,117,147
404,119,151
405,120,155
406,120,161
407,129,134
408,131,134
409,132,133
410,140,130
411,167,115
412,109,74
413,112,57
414,117,58
415,128,135
416,167,134
417,106,58
418,122,169
419,104,79
420,115,94
421,109,175
422,140,149
423,132,111
424,132,160
425,150,109
426,140,118
427,157,121
428,111,185
429,120,97
430,145,158
431,135,169
432,148,138
433,174,125
434,157,142
435,176,132
436,147,125
437,114,87
438,115,112
439,121,112
440,111,108
441,117,51
442,129,46
443,139,44
444,147,45
445,153,48
446,158,60
447,182,80
448,151,71
449,144,73
450,134,73
451,126,72
452,119,70
453,115,68
454,183,78
455,121,113
456,109,91
457,109,115
458,105,118
459,110,115
460,119,115
461,104,119
462,103,120
463,115,63
464,111,65
465,109,66
466,146,58
467,152,54
468,63,59
469,69,59
470,63,53
471,57,58
472,62,64
473,133,58
474,139,58
475,133,52
476,127,58
477,134,64
