0,97,134
1,96,116
2,97,120
3,90,89
4,96,108
5,96,97
6,96,70
7,47,62
8,97,52
9,96,43
10,97,4
11,97,135
12,97,137
13,98,138
14,97,148
15,97,150
16,97,152
17,97,155
18,99,166
19,96,119
20,88,118
21,23,33
22,69,69
23,62,69
24,55,69
25,45,64
26,75,67
27,56,49
28,64,50
29,48,50
30,44,53
31,40,68
32,71,177
33,44,60
34,20,65
35,32,63
36,59,101
37,85,132
38,86,135
39,75,131
40,68,130
41,77,134
42,70,132
43,60,142
44,89,115
45,88,108
46,35,47
47,76,83
48,71,108
49,71,103
50,37,97
51,89,98
52,50,41
53,41,43
54,29,22
55,82,49
56,71,53
57,53,133
58,28,135
59,76,113
60,83,116
61,57,129
62,59,130
63,37,38
64,70,110
65,64,43
66,62,37
67,55,7
68,32,30
69,59,22
70,31,43
71,26,39
72,85,134
73,76,132
74,69,131
75,78,114
76,58,130
77,63,137
78,60,130
79,81,113
80,71,133
81,78,135
82,87,136
83,87,165
84,86,154
85,86,151
86,86,149
87,87,147
88,71,141
89,70,141
90,68,143
91,68,145
92,61,125
93,22,97
94,97,120
95,66,136
96,64,136
97,86,119
98,72,113
99,84,117
100,68,86
101,56,90
102,69,105
103,39,13
104,43,24
105,48,36
106,67,152
107,79,40
108,76,22
109,74,5
110,48,67
111,33,72
112,78,66
113,38,55
114,81,80
115,76,108
116,24,79
117,38,78
118,47,81
119,60,81
120,70,78
121,77,76
122,90,72
123,23,94
124,33,54
125,92,119
126,75,91
127,20,63
128,82,73
129,69,105
130,42,60
131,76,102
132,24,116
133,77,63
134,83,99
135,40,155
136,43,165
137,19,97
138,30,144
139,23,51
140,71,187
141,93,120
142,68,95
143,26,63
144,55,65
145,61,66
146,62,137
147,22,109
148,84,199
149,63,185
150,54,176
151,97,22
152,100,201
153,67,65
154,73,64
155,76,64
156,28,51
157,70,58
158,64,56
159,57,55
160,51,56
161,48,57
162,20,46
163,50,64
164,98,124
165,69,123
166,77,112
167,85,124
168,97,61
169,51,166
170,61,176
171,84,193
172,34,152
173,75,61
174,85,84
175,100,196
176,72,194
177,20,114
178,78,145
179,77,146
180,76,148
181,76,151
182,76,160
183,63,131
184,62,130
185,62,130
186,55,128
187,30,113
188,85,76
189,82,59
190,78,59
191,65,131
192,30,132
193,88,60
194,74,168
195,96,88
196,90,81
197,96,80
198,79,95
199,99,187
200,99,176
201,86,174
202,56,147
203,63,110
204,64,158
205,46,108
206,55,117
207,39,119
208,84,185
209,74,97
210,51,156
211,62,167
212,48,136
213,24,123
214,40,140
215,24,130
216,49,124
217,80,88
218,79,112
219,73,111
220,82,108
221,76,52
222,64,48
223,54,47
224,45,48
225,40,51
226,38,61
227,19,81
228,44,72
229,51,74
230,61,75
231,70,73
232,76,71
233,80,69
234,21,79
235,73,112
236,84,91
237,84,114
238,88,117
239,84,114
240,75,114
241,90,118
242,90,119
243,80,64
244,84,66
245,86,68
246,46,59
247,41,56
248,102,89
249,148,63
250,105,117
251,180,32
252,129,68
253,135,69
254,142,68
255,152,65
256,123,67
257,139,51
258,131,52
259,147,52
260,152,55
261,158,69
262,129,177
263,152,61
264,185,65
265,167,64
266,138,100
267,110,132
268,110,135
269,122,131
270,131,130
271,120,133
272,129,132
273,141,141
274,102,115
275,103,108
276,162,49
277,120,83
278,124,107
279,124,103
280,161,96
281,103,98
282,143,44
283,154,45
284,172,21
285,112,51
286,125,55
287,149,131
288,183,136
289,119,112
290,112,115
291,143,129
292,141,130
293,159,41
294,125,109
295,129,46
296,131,40
297,140,7
298,166,30
299,135,22
300,167,46
301,174,39
302,110,134
303,121,132
304,130,131
305,117,113
306,142,130
307,136,136
308,140,130
309,113,113
310,128,132
311,120,134
312,110,136
313,112,165
314,110,154
315,110,151
316,109,148
317,109,147
318,127,140
319,128,141
320,130,142
321,131,144
322,138,124
323,188,97
324,133,136
325,135,136
326,109,118
327,124,112
328,111,117
329,128,86
330,141,89
331,126,105
332,159,12
333,153,24
334,146,38
335,134,151
336,114,43
337,117,22
338,120,4
339,148,67
340,166,73
341,120,66
342,159,57
343,114,80
344,117,107
345,177,79
346,160,78
347,150,81
348,136,80
349,126,78
350,119,75
351,103,72
352,179,93
353,166,56
354,100,119
355,121,91
356,188,62
357,114,72
358,128,104
359,155,61
360,118,101
361,187,116
362,120,64
363,110,99
364,165,155
365,164,165
366,187,97
367,176,144
368,180,51
369,130,187
370,100,120
371,128,95
372,174,64
373,141,65
374,135,65
375,138,137
376,180,109
377,116,199
378,140,186
379,151,177
380,130,64
381,125,64
382,122,64
383,172,54
384,126,59
385,132,57
386,138,57
387,144,57
388,148,59
389,185,45
390,145,64
391,128,122
392,118,112
393,111,123
394,153,167
395,142,177
396,116,194
397,174,152
398,122,62
399,109,84
400,129,194
401,187,114
402,118,144
403,120,145
404,121,147
405,121,150
406,124,159
407,136,131
408,137,130
409,138,129
410,145,127
411,171,113
412,109,76
413,114,60
414,119,60
415,135,131
416,173,132
417,107,61
418,127,168
419,103,81
420,115,94
421,113,174
422,146,147
423,134,109
424,137,158
425,153,108
426,143,116
427,161,119
428,115,185
429,121,97
430,151,156
431,140,167
432,153,135
433,180,122
434,163,139
435,183,130
436,151,122
437,115,87
438,115,111
439,122,111
440,110,108
441,119,54
442,130,50
443,141,49
444,149,50
445,156,52
446,161,63
447,186,81
448,154,72
449,146,74
450,136,74
451,127,72
452,121,71
453,117,69
454,188,79
455,122,111
456,109,91
457,109,114
458,105,117
459,109,114
460,121,113
461,103,118
462,103,119
463,117,64
464,113,66
465,110,68
466,150,60
467,155,57
468,58,60
469,66,59
470,58,53
471,51,60
472,58,66
473,138,60
474,146,60
475,139,54
476,131,60
477,138,66
