0,96,132
1,105,114
2,102,120
3,97,88
4,106,106
5,105,96
6,102,70
7,43,63
8,101,52
9,102,42
10,102,3
11,96,134
12,96,136
13,96,137
14,96,149
15,96,152
16,96,155
17,96,159
18,98,168
19,104,118
20,95,117
21,11,31
22,66,69
23,59,70
24,51,70
25,40,65
26,72,68
27,54,49
28,63,50
29,45,51
30,40,53
31,33,69
32,65,180
33,40,61
34,7,65
35,23,63
36,58,101
37,84,131
38,84,135
39,72,132
40,64,133
41,74,135
42,67,135
43,54,146
44,98,114
45,98,106
46,30,47
47,76,84
48,75,108
49,74,103
50,33,98
51,98,96
52,49,41
53,38,43
54,21,19
55,85,48
56,70,53
57,47,136
58,6,137
59,80,113
60,87,115
61,53,136
62,56,137
63,34,38
64,73,110
65,65,42
66,64,36
67,56,4
68,28,29
69,62,20
70,24,43
71,18,38
72,84,133
73,73,133
74,65,134
75,82,114
76,55,136
77,59,142
78,57,137
79,87,112
80,68,136
81,76,136
82,85,136
83,85,167
84,84,158
85,84,154
86,84,151
87,85,149
88,69,145
89,67,146
90,65,147
91,64,149
92,60,127
93,0,97
94,103,119
95,63,142
96,61,142
97,90,118
98,74,114
99,89,117
100,67,87
101,54,91
102,71,106
103,35,10
104,42,22
105,47,35
106,62,154
107,83,38
108,81,21
109,77,2
110,44,68
111,25,74
112,76,66
113,32,56
114,82,80
115,82,107
116,14,80
117,31,79
118,42,83
119,57,82
120,68,79
121,76,77
122,94,72
123,13,95
124,26,54
125,100,117
126,76,91
127,1,62
128,82,73
129,70,105
130,36,61
131,81,101
132,2,116
133,75,64
134,89,98
135,26,159
136,24,169
137,4,97
138,15,147
139,12,50
140,63,189
141,100,119
142,68,96
143,16,63
144,52,66
145,59,66
146,58,143
147,12,111
148,78,202
149,51,189
150,38,181
151,102,22
152,96,203
153,65,66
154,70,65
155,74,64
156,19,52
157,68,58
158,61,56
159,55,56
160,48,57
161,44,59
162,5,44
163,47,65
164,101,124
165,70,124
166,81,112
167,88,124
168,101,61
169,38,170
170,50,180
171,79,196
172,14,155
173,73,62
174,89,83
175,96,197
176,64,196
177,4,115
178,76,147
179,75,149
180,74,152
181,73,155
182,72,162
183,60,135
184,59,135
185,57,134
186,52,131
187,23,115
188,88,75
189,82,59
190,77,59
191,62,136
192,19,135
193,91,60
194,68,170
195,104,87
196,96,80
197,103,79
198,82,94
199,97,188
200,97,178
201,83,176
202,48,151
203,62,111
204,57,161
205,43,109
206,53,118
207,34,121
208,80,187
209,76,97
210,42,159
211,53,170
212,41,139
213,12,125
214,30,143
215,7,132
216,45,126
217,83,87
218,84,111
219,77,111
220,90,106
221,76,52
222,64,47
223,52,47
224,43,48
225,36,51
226,31,62
227,4,81
228,38,73
229,47,75
230,58,75
231,67,74
232,74,72
233,79,70
234,1,79
235,76,112
236,90,91
237,92,112
238,95,116
239,91,113
240,78,114
241,97,117
242,97,118
243,78,64
244,83,66
245,87,68
246,42,60
247,36,57
248,110,88
249,147,64
250,111,117
251,168,36
252,127,70
253,134,71
254,140,71
255,149,66
256,122,68
257,140,51
258,132,51
259,147,52
260,151,55
261,153,71
262,124,179
263,149,61
264,169,68
265,160,65
266,137,102
267,108,130
268,107,135
269,119,131
270,126,132
271,116,134
272,123,134
273,134,145
274,112,114
275,113,106
276,160,49
277,122,84
278,127,108
279,127,103
280,157,100
281,112,96
282,148,43
283,156,45
284,164,24
285,118,50
286,125,54
287,141,136
288,160,138
289,122,113
290,116,115
291,135,134
292,133,134
293,159,40
294,127,110
295,135,44
296,137,39
297,141,7
298,161,33
299,138,23
300,164,45
301,166,42
302,108,133
303,118,133
304,125,133
305,120,114
306,134,134
307,130,140
308,132,135
309,119,112
310,122,135
311,115,135
312,107,136
313,109,167
314,107,158
315,107,154
316,106,151
317,106,148
318,121,143
319,122,144
320,124,146
321,125,148
322,134,127
323,165,99
324,126,140
325,128,140
326,113,118
327,125,114
328,114,117
329,129,88
330,140,92
331,128,106
332,156,14
333,152,26
334,151,37
335,128,154
336,121,41
337,121,22
338,124,4
339,146,69
340,159,75
341,118,67
342,156,57
343,117,80
344,123,107
345,167,82
346,155,81
347,147,84
348,135,83
349,126,80
350,119,77
351,109,72
352,169,97
353,160,56
354,108,117
355,123,92
356,167,66
357,115,73
358,128,106
359,152,61
360,123,101
361,163,118
362,118,64
363,117,98
364,153,158
365,149,167
366,170,99
367,160,147
368,168,54
369,125,188
370,107,119
371,129,96
372,164,66
373,140,67
374,134,67
375,131,141
376,168,112
377,111,201
378,132,187
379,140,179
380,129,67
381,123,65
382,120,65
383,164,54
384,125,58
385,131,56
386,137,56
387,143,57
388,146,59
389,169,49
390,144,65
391,127,124
392,122,112
393,113,124
394,143,169
395,134,179
396,112,195
397,155,154
398,120,62
399,114,84
400,123,195
401,168,116
402,114,146
403,115,148
404,117,151
405,117,154
406,120,162
407,129,134
408,131,133
409,132,133
410,139,131
411,162,116
412,113,76
413,115,59
414,118,60
415,127,134
416,161,135
417,110,60
418,122,170
419,109,80
420,120,95
421,110,176
422,138,150
423,133,111
424,131,161
425,149,110
426,140,118
427,154,122
428,112,186
429,124,98
430,143,158
431,134,169
432,145,139
433,166,126
434,153,143
435,165,132
436,145,126
437,118,88
438,121,111
439,125,111
440,119,107
441,121,53
442,133,49
443,143,48
444,151,50
445,155,52
446,155,63
447,170,84
448,149,74
449,143,76
450,134,76
451,126,75
452,120,72
453,116,70
454,165,82
455,125,112
456,115,91
457,117,112
458,112,116
459,116,113
460,123,114
461,111,117
462,109,118
463,116,65
464,113,66
465,112,68
466,148,60
467,153,57
468,54,60
469,62,60
470,54,54
471,46,60
472,54,67
473,135,61
474,142,61
475,135,55
476,127,61
477,134,68
