0,100,134
1,96,110
2,97,116
3,91,84
4,96,102
5,96,92
6,98,66
7,50,60
8,98,49
9,98,39
10,100,1
11,100,137
12,100,139
13,100,140
14,99,150
15,99,154
16,99,158
17,99,163
18,98,173
19,96,114
20,89,113
21,27,33
22,69,65
23,63,66
24,56,66
25,47,62
26,75,64
27,57,48
28,66,48
29,50,49
30,46,52
31,42,67
32,71,178
33,47,58
34,24,64
35,34,61
36,62,100
37,90,132
38,91,138
39,81,135
40,74,137
41,83,138
42,77,139
43,64,149
44,90,110
45,89,102
46,37,47
47,77,81
48,73,105
49,73,101
50,42,98
51,90,92
52,52,41
53,42,43
54,33,20
55,83,48
56,73,51
57,59,139
58,31,134
59,78,110
60,84,112
61,66,142
62,68,142
63,39,38
64,72,108
65,65,43
66,63,37
67,59,4
68,36,28
69,62,19
70,33,43
71,31,38
72,90,136
73,82,137
74,76,138
75,80,111
76,67,142
77,71,146
78,69,142
79,82,108
80,79,140
81,84,140
82,91,140
83,87,171
84,89,162
85,89,157
86,90,153
87,91,150
88,78,147
89,77,148
90,75,150
91,73,153
92,66,127
93,25,96
94,97,115
95,74,145
96,72,145
97,87,115
98,75,112
99,85,114
100,69,85
101,58,89
102,71,104
103,42,11
104,46,22
105,49,36
106,69,157
107,80,39
108,79,19
109,77,1
110,50,65
111,35,72
112,78,63
113,40,54
114,82,77
115,77,103
116,28,79
117,40,78
118,48,81
119,61,80
120,71,77
121,77,74
122,91,68
123,28,94
124,35,53
125,92,113
126,76,89
127,24,63
128,82,71
129,71,104
130,44,58
131,77,98
132,27,114
133,78,60
134,83,94
135,43,155
136,44,163
137,24,95
138,36,143
139,27,50
140,69,185
141,93,115
142,70,94
143,29,62
144,57,62
145,62,62
146,69,147
147,29,109
148,82,197
149,61,184
150,53,175
151,99,19
152,98,200
153,68,61
154,73,60
155,77,60
156,31,51
157,72,55
158,66,53
159,59,53
160,53,54
161,50,55
162,25,46
163,52,61
164,98,122
165,73,123
166,78,109
167,86,122
168,98,57
169,52,166
170,60,176
171,82,192
172,37,151
173,76,58
174,86,80
175,98,195
176,71,192
177,25,112
178,84,148
179,82,151
180,81,154
181,80,159
182,77,165
183,72,141
184,71,140
185,70,139
186,61,133
187,37,114
188,86,72
189,83,56
190,79,56
191,74,141
192,37,132
193,89,57
194,74,171
195,97,83
196,91,76
197,97,75
198,80,91
199,98,187
200,98,179
201,85,177
202,58,151
203,66,110
204,65,162
205,51,108
206,60,117
207,46,120
208,83,185
209,76,95
210,53,157
211,62,168
212,53,140
213,31,122
214,45,142
215,29,128
216,55,126
217,81,84
218,79,107
219,75,108
220,83,102
221,77,51
222,65,47
223,55,46
224,47,47
225,42,50
226,40,60
227,23,80
228,46,70
229,53,73
230,62,73
231,70,71
232,76,69
233,81,67
234,24,79
235,75,110
236,85,87
237,85,108
238,89,112
239,85,109
240,77,112
241,90,113
242,91,114
243,80,61
244,84,63
245,86,65
246,48,57
247,44,54
248,103,84
249,149,61
250,104,113
251,177,34
252,129,66
253,135,67
254,142,68
255,152,64
256,123,64
257,141,49
258,133,49
259,149,50
260,153,53
261,158,68
262,127,179
263,152,59
264,180,66
265,166,63
266,136,100
267,110,132
268,109,138
269,119,134
270,125,136
271,116,138
272,122,138
273,136,150
274,102,110
275,103,102
276,162,49
277,121,81
278,122,106
279,123,101
280,157,99
281,103,93
282,146,43
283,155,45
284,171,21
285,114,48
286,126,51
287,141,140
288,174,136
289,117,110
290,110,113
291,132,140
292,130,140
293,159,40
294,123,109
295,132,43
296,134,38
297,142,5
298,165,30
299,137,20
300,166,45
301,173,40
302,109,135
303,118,136
304,123,137
305,115,111
306,131,140
307,127,144
308,129,140
309,112,109
310,120,139
311,115,139
312,108,139
313,110,171
314,109,161
315,109,157
316,108,152
317,107,149
318,120,145
319,121,147
320,123,149
321,124,151
322,132,128
323,181,98
324,124,143
325,126,144
326,108,116
327,121,113
328,109,114
329,128,85
330,140,90
331,125,104
332,160,11
333,154,23
334,148,37
335,129,158
336,117,39
337,119,19
338,122,2
339,148,66
340,166,74
341,119,63
342,159,56
343,115,77
344,117,104
345,174,80
346,160,79
347,151,82
348,137,81
349,127,77
350,120,74
351,105,68
352,174,95
353,165,55
354,100,113
355,120,89
356,182,64
357,115,71
358,126,104
359,155,60
360,117,98
361,179,116
362,120,61
363,110,95
364,158,156
365,158,165
366,180,97
367,167,145
368,177,52
369,128,186
370,100,115
371,127,94
372,173,64
373,142,63
374,136,63
375,129,145
376,173,111
377,114,198
378,137,185
379,147,176
380,130,62
381,125,61
382,121,61
383,170,53
384,127,55
385,134,53
386,140,53
387,146,55
388,149,57
389,181,47
390,146,63
391,124,124
392,116,109
393,109,122
394,148,168
395,138,177
396,114,193
397,166,152
398,122,59
399,110,80
400,127,192
401,178,114
402,114,147
403,116,150
404,117,153
405,118,157
406,121,166
407,126,139
408,128,139
409,129,138
410,138,133
411,163,115
412,110,72
413,115,56
414,119,57
415,125,140
416,164,134
417,108,58
418,124,171
419,104,76
420,115,92
421,112,178
422,141,152
423,132,110
424,134,163
425,148,109
426,138,118
427,153,121
428,113,186
429,120,95
430,147,159
431,137,169
432,147,141
433,171,124
434,155,143
435,174,130
436,144,127
437,115,84
438,114,107
439,120,109
440,110,103
441,121,51
442,132,47
443,143,47
444,151,49
445,157,52
446,160,62
447,181,81
448,154,72
449,146,74
450,136,73
451,128,71
452,121,69
453,117,67
454,182,81
455,120,110
456,109,87
457,108,108
458,104,112
459,109,109
460,118,112
461,103,113
462,102,114
463,117,61
464,113,64
465,111,66
466,151,58
467,155,56
468,62,57
469,69,57
470,62,50
471,55,57
472,62,63
473,139,57
474,146,57
475,139,51
476,132,57
477,139,64
