0,97,131
1,100,101
2,99,109
3,93,79
4,101,94
5,100,85
6,99,64
7,44,62
8,99,44
9,99,34
10,100,3
11,97,133
12,97,135
13,97,137
14,97,151
15,97,154
16,97,159
17,97,163
18,98,165
19,100,105
20,93,105
21,9,36
22,67,70
23,59,71
24,51,70
25,41,63
26,73,67
27,54,42
28,63,43
29,45,44
30,40,47
31,34,68
32,67,171
33,41,58
34,5,67
35,25,60
36,60,99
37,90,130
38,90,135
39,82,134
40,77,138
41,85,137
42,81,140
43,63,149
44,94,101
45,93,94
46,28,38
47,75,80
48,76,101
49,75,97
50,36,99
51,93,86
52,46,28
53,36,32
54,19,23
55,80,35
56,71,47
57,59,140
58,11,134
59,82,105
60,88,106
61,72,145
62,74,145
63,30,26
64,76,105
65,60,28
66,58,22
67,54,6
68,26,29
69,59,18
70,23,34
71,16,39
72,90,133
73,84,136
74,79,139
75,84,106
76,73,145
77,75,148
78,75,145
79,86,101
80,82,140
81,86,138
82,91,137
83,87,165
84,88,162
85,89,158
86,90,153
87,91,150
88,82,148
89,80,149
90,78,151
91,76,153
92,67,125
93,1,98
94,99,106
95,79,147
96,77,147
97,90,109
98,78,109
99,89,108
100,66,85
101,54,90
102,74,101
103,34,13
104,40,21
105,42,22
106,69,155
107,77,24
108,78,18
109,76,3
110,45,68
111,26,73
112,77,65
113,33,51
114,81,75
115,81,97
116,14,81
117,32,80
118,43,83
119,58,82
120,69,79
121,76,75
122,92,65
123,15,96
124,26,49
125,96,104
126,76,87
127,0,67
128,82,71
129,73,102
130,37,57
131,80,93
132,4,116
133,77,62
134,87,89
135,33,153
136,30,161
137,5,98
138,23,143
139,10,52
140,64,178
141,96,106
142,69,93
143,18,61
144,52,67
145,59,68
146,74,149
147,17,111
148,78,189
149,53,177
150,42,170
151,100,19
152,95,190
153,66,67
154,72,65
155,75,63
156,19,46
157,70,54
158,63,51
159,56,50
160,49,52
161,45,54
162,3,50
163,47,65
164,98,115
165,74,120
166,82,103
167,89,116
168,99,54
169,43,163
170,53,170
171,79,184
172,20,150
173,75,59
174,87,76
175,96,186
176,64,184
177,8,114
178,86,149
179,84,151
180,82,155
181,81,159
182,76,161
183,77,142
184,75,142
185,74,142
186,62,132
187,30,115
188,86,70
189,82,54
190,78,55
191,79,142
192,28,132
193,89,53
194,71,165
195,100,78
196,92,73
197,100,71
198,81,88
199,97,179
200,97,171
201,84,170
202,54,150
203,66,108
204,61,159
205,48,108
206,59,116
207,42,120
208,81,178
209,77,92
210,47,155
211,56,164
212,50,140
213,20,123
214,39,141
215,13,129
216,54,126
217,81,81
218,83,100
219,79,103
220,87,95
221,75,44
222,62,38
223,51,37
224,42,40
225,36,44
226,32,59
227,4,82
228,39,72
229,47,75
230,58,76
231,68,74
232,75,71
233,80,68
234,0,82
235,79,105
236,87,82
237,89,100
238,92,103
239,89,101
240,81,108
241,94,104
242,94,106
243,80,62
244,84,64
245,86,65
246,42,56
247,37,52
248,106,79
249,152,63
250,105,105
251,175,36
252,130,70
253,137,71
254,145,70
255,154,64
256,124,68
257,143,43
258,133,44
259,151,45
260,156,49
261,158,69
262,124,169
263,155,59
264,177,66
265,166,62
266,134,98
267,105,130
268,103,135
269,112,133
270,116,137
271,108,137
272,112,139
273,129,147
274,106,100
275,107,94
276,165,40
277,120,80
278,120,101
279,121,97
280,155,98
281,107,86
282,150,30
283,159,34
284,170,24
285,116,37
286,126,49
287,133,139
288,163,132
289,114,104
290,109,106
291,120,144
292,118,144
293,163,29
294,120,104
295,136,31
296,138,25
297,143,7
298,165,29
299,139,19
300,169,37
301,171,40
302,104,133
303,110,135
304,114,138
305,112,106
306,119,144
307,117,147
308,117,144
309,112,101
310,111,139
311,107,137
312,103,136
313,108,164
314,106,162
315,105,158
316,104,153
317,103,150
318,111,147
319,113,149
320,115,151
321,117,153
322,126,124
323,172,97
324,114,146
325,115,147
326,107,109
327,117,109
328,108,108
329,127,84
330,139,89
331,122,101
332,160,13
333,155,22
334,152,25
335,124,153
336,119,27
337,121,19
338,124,4
339,151,68
340,164,74
341,120,65
342,161,52
343,115,75
344,117,97
345,172,80
346,160,80
347,151,83
348,137,81
349,127,78
350,120,75
351,106,65
352,170,95
353,166,50
354,103,104
355,119,87
356,176,66
357,115,71
358,122,101
359,157,59
360,117,93
361,169,114
362,120,63
363,112,88
364,151,151
365,150,158
366,174,96
367,159,141
368,174,52
369,125,176
370,102,106
371,125,92
372,171,63
373,145,67
374,138,68
375,119,148
376,167,109
377,111,187
378,132,174
379,141,167
380,132,67
381,126,65
382,122,64
383,170,49
384,127,55
385,133,52
386,141,51
387,148,52
388,152,55
389,177,49
390,149,65
391,120,119
392,114,103
393,108,116
394,143,160
395,134,167
396,113,183
397,157,147
398,122,60
399,111,76
400,123,181
401,171,112
402,108,149
403,110,151
404,111,154
405,112,158
406,117,159
407,115,141
408,117,141
409,119,140
410,130,131
411,158,113
412,110,70
413,115,55
414,119,57
415,114,141
416,157,131
417,108,54
418,121,164
419,106,72
420,115,87
421,110,169
422,136,148
423,128,107
424,129,157
425,144,107
426,134,115
427,148,119
428,112,176
429,119,92
430,141,153
431,133,161
432,140,139
433,164,121
434,149,139
435,166,127
436,138,125
437,115,81
438,114,100
439,118,103
440,112,95
441,122,46
442,134,40
443,145,39
444,154,41
445,159,45
446,161,61
447,176,81
448,155,73
449,147,75
450,137,75
451,128,74
452,122,71
453,117,68
454,174,81
455,117,105
456,111,82
457,110,100
458,106,103
459,109,101
460,115,107
461,105,104
462,104,106
463,117,63
464,113,64
465,110,65
466,154,57
467,158,53
468,64,59
469,72,58
470,63,49
471,55,59
472,65,69
473,141,60
474,150,60
475,142,52
476,132,59
477,140,68
