0,100,132
1,98,111
2,98,117
3,92,84
4,98,103
5,98,92
6,99,65
7,43,64
8,99,42
9,99,31
10,99,-7
11,100,134
12,100,136
13,100,137
14,101,150
15,101,154
16,101,158
17,101,163
18,99,168
19,98,115
20,91,114
21,13,30
22,65,71
23,57,71
24,50,70
25,40,66
26,71,69
27,53,46
28,62,47
29,45,48
30,40,52
31,34,71
32,71,175
33,41,62
34,12,64
35,25,65
36,60,101
37,90,131
38,91,136
39,81,133
40,75,136
41,83,136
42,78,137
43,63,147
44,92,111
45,91,103
46,29,46
47,76,82
48,75,107
49,75,102
50,36,100
51,92,93
52,47,37
53,37,40
54,20,16
55,81,43
56,70,51
57,57,138
58,26,135
59,81,111
60,86,114
61,68,140
62,70,140
63,33,35
64,75,110
65,61,37
66,60,30
67,52,-3
68,26,24
69,57,12
70,25,43
71,19,35
72,90,134
73,82,135
74,76,136
75,82,113
76,69,140
77,73,144
78,71,140
79,84,110
80,79,137
81,84,137
82,91,136
83,88,167
84,91,162
85,91,157
86,92,153
87,92,149
88,80,145
89,79,146
90,77,149
91,76,151
92,65,127
93,15,97
94,98,116
95,76,143
96,74,143
97,89,117
98,77,113
99,88,115
100,67,86
101,54,91
102,73,105
103,32,4
104,38,15
105,45,31
106,69,155
107,78,32
108,76,11
109,73,-6
110,44,69
111,25,76
112,75,67
113,33,56
114,81,77
115,79,105
116,19,80
117,30,81
118,40,84
119,55,83
120,66,80
121,74,77
122,91,67
123,21,96
124,27,55
125,95,115
126,76,90
127,10,62
128,80,73
129,72,105
130,37,62
131,79,99
132,20,115
133,75,64
134,85,95
135,41,154
136,43,162
137,15,97
138,32,144
139,15,49
140,70,182
141,95,116
142,69,95
143,19,67
144,51,66
145,57,67
146,71,145
147,23,111
148,84,193
149,63,180
150,54,173
151,99,11
152,99,195
153,63,66
154,69,66
155,73,65
156,22,53
157,69,57
158,62,53
159,55,53
160,49,54
161,44,57
162,10,44
163,46,65
164,99,123
165,73,124
166,81,110
167,88,123
168,99,53
169,51,165
170,61,173
171,83,189
172,34,151
173,73,61
174,86,80
175,99,191
176,72,188
177,19,114
178,85,147
179,84,150
180,83,153
181,82,157
182,77,162
183,73,138
184,72,138
185,71,137
186,60,132
187,32,116
188,86,71
189,81,57
190,76,58
191,75,139
192,33,134
193,87,56
194,74,168
195,98,83
196,92,76
197,99,74
198,81,92
199,99,184
200,99,175
201,86,174
202,57,150
203,66,111
204,65,160
205,47,110
206,58,119
207,42,122
208,83,182
209,77,96
210,52,156
211,62,166
212,51,140
213,26,124
214,42,142
215,24,130
216,52,127
217,82,85
218,82,109
219,77,110
220,85,104
221,75,49
222,62,44
223,51,43
224,42,45
225,35,50
226,32,64
227,13,80
228,38,74
229,46,76
230,56,76
231,65,75
232,73,73
233,78,70
234,12,79
235,77,111
236,86,87
237,87,110
238,91,113
239,87,111
240,79,113
241,92,114
242,93,115
243,78,64
244,82,66
245,84,67
246,42,60
247,37,57
248,105,84
249,156,62
250,106,114
251,186,27
252,134,69
253,141,69
254,149,69
255,159,64
256,128,67
257,146,44
258,137,45
259,154,46
260,160,49
261,164,68
262,127,174
263,159,59
264,187,62
265,173,62
266,138,100
267,109,130
268,109,135
269,118,132
270,124,134
271,116,135
272,122,135
273,134,145
274,105,111
275,106,103
276,169,44
277,122,81
278,122,106
279,123,102
280,162,97
281,105,92
282,151,35
283,162,38
284,179,13
285,117,41
286,129,49
287,140,136
288,173,132
289,116,111
290,110,113
291,132,137
292,130,138
293,166,33
294,122,109
295,137,35
296,138,29
297,146,-4
298,172,22
299,141,11
300,174,40
301,180,33
302,109,133
303,117,134
304,123,135
305,115,112
306,131,138
307,127,142
308,129,138
309,113,109
310,120,136
311,115,136
312,108,136
313,110,166
314,111,161
315,110,157
316,110,152
317,109,149
318,120,144
319,122,145
320,124,147
321,125,150
322,132,126
323,184,94
324,124,142
325,126,142
326,108,116
327,120,113
328,109,115
329,130,85
330,143,90
331,124,104
332,166,2
333,160,14
334,154,29
335,128,153
336,120,31
337,121,11
338,125,-7
339,155,67
340,172,73
341,124,65
342,166,53
343,116,77
344,118,104
345,180,77
346,167,79
347,157,82
348,143,81
349,132,79
350,124,75
351,106,67
352,178,93
353,172,52
354,102,114
355,121,89
356,190,59
357,118,72
358,125,104
359,162,59
360,118,99
361,180,113
362,124,62
363,112,95
364,157,153
365,155,160
366,184,94
367,166,142
368,184,46
369,127,181
370,101,116
371,128,94
372,179,62
373,148,64
374,142,65
375,129,143
376,176,109
377,114,192
378,135,179
379,144,171
380,135,64
381,130,63
382,126,63
383,177,49
384,130,54
385,137,51
386,144,50
387,151,52
388,155,55
389,189,42
390,153,63
391,124,123
392,116,110
393,109,122
394,147,163
395,137,172
396,115,188
397,165,148
398,126,59
399,111,79
400,126,187
401,180,111
402,115,147
403,117,149
404,118,152
405,119,156
406,120,161
407,126,136
408,128,136
409,129,135
410,138,130
411,166,114
412,111,71
413,118,55
414,123,56
415,125,137
416,165,132
417,110,55
418,124,167
419,106,76
420,116,92
421,112,173
422,140,149
423,132,110
424,133,159
425,151,108
426,139,117
427,156,120
428,114,182
429,121,95
430,146,155
431,136,165
432,147,138
433,173,122
434,156,140
435,175,127
436,145,125
437,116,84
438,115,108
439,120,109
440,112,103
441,124,47
442,137,42
443,148,41
444,157,43
445,164,47
446,166,61
447,186,78
448,160,72
449,152,74
450,142,75
451,132,73
452,125,71
453,120,68
454,188,76
455,119,110
456,111,87
457,110,109
458,106,113
459,110,110
460,118,112
461,105,114
462,104,115
463,121,62
464,116,64
465,113,66
466,157,57
467,162,54
468,60,60
469,70,60
470,60,50
471,50,60
472,60,68
473,139,57
474,149,57
475,139,48
476,130,57
477,139,66
