0,98,134
1,88,119
2,93,122
3,84,91
4,88,111
5,89,100
6,93,71
7,48,61
8,94,49
9,93,38
10,94,0
11,98,136
12,99,138
13,99,139
14,100,139
15,99,143
16,99,146
17,100,150
18,99,159
19,90,122
20,83,119
21,33,27
22,69,70
23,62,70
24,55,69
25,47,62
26,75,69
27,56,47
28,65,48
29,49,48
30,45,50
31,43,66
32,75,167
33,46,57
34,31,59
35,38,60
36,59,100
37,88,132
38,89,137
39,80,131
40,75,130
41,82,135
42,77,133
43,66,137
44,82,118
45,81,111
46,38,45
47,75,83
48,70,109
49,70,105
50,40,95
51,82,100
52,49,40
53,42,41
54,36,16
55,78,49
56,73,52
57,60,129
58,42,122
59,75,114
60,80,117
61,66,128
62,68,129
63,40,37
64,70,111
65,61,42
66,59,37
67,55,2
68,37,26
69,57,19
70,36,41
71,34,34
72,88,134
73,81,133
74,76,131
75,76,115
76,67,128
77,71,132
78,69,129
79,77,115
80,78,134
81,84,136
82,91,138
83,89,157
84,89,148
85,89,145
86,90,141
87,91,138
88,78,134
89,77,135
90,75,137
91,74,138
92,65,124
93,37,86
94,91,122
95,74,132
96,72,132
97,83,120
98,72,114
99,81,119
100,68,86
101,56,90
102,70,106
103,42,8
104,45,20
105,48,35
106,72,145
107,75,40
108,73,19
109,71,0
110,49,67
111,37,71
112,78,67
113,41,53
114,79,80
115,72,109
116,31,75
117,39,77
118,46,81
119,59,82
120,68,80
121,74,77
122,86,73
123,29,89
124,38,51
125,86,121
126,74,92
127,34,54
128,79,75
129,70,105
130,44,57
131,73,103
132,38,103
133,78,65
134,77,101
135,49,145
136,53,152
137,30,89
138,40,134
139,32,45
140,75,174
141,88,122
142,69,95
143,35,59
144,55,66
145,61,67
146,70,133
147,30,104
148,89,185
149,71,171
150,63,163
151,93,19
152,102,188
153,68,67
154,73,66
155,77,65
156,35,48
157,72,57
158,66,52
159,59,51
160,52,52
161,48,54
162,32,39
163,51,64
164,94,126
165,71,123
166,74,114
167,83,125
168,94,59
169,59,155
170,67,164
171,86,181
172,47,139
173,76,62
174,81,85
175,101,184
176,79,179
177,31,105
178,84,136
179,82,138
180,81,141
181,81,144
182,79,152
183,73,131
184,71,130
185,70,129
186,60,126
187,35,110
188,83,76
189,81,60
190,78,60
191,74,132
192,38,125
193,85,61
194,77,159
195,90,90
196,85,82
197,91,81
198,76,96
199,100,177
200,99,167
201,87,165
202,62,141
203,64,110
204,69,151
205,48,107
206,58,116
207,43,116
208,86,174
209,73,98
210,58,147
211,67,157
212,54,132
213,33,116
214,47,134
215,34,120
216,53,121
217,78,88
218,74,114
219,71,113
220,76,110
221,75,52
222,63,47
223,53,45
224,46,46
225,42,49
226,42,59
227,30,74
228,45,71
229,51,74
230,60,75
231,69,74
232,75,73
233,79,71
234,36,69
235,72,113
236,80,93
237,78,116
238,82,119
239,79,116
240,74,115
241,84,120
242,85,121
243,80,66
244,82,68
245,83,70
246,47,56
247,43,53
248,97,91
249,155,61
250,99,120
251,192,26
252,131,70
253,139,71
254,147,70
255,158,62
256,125,69
257,143,46
258,133,47
259,151,46
260,157,49
261,165,67
262,131,171
263,159,57
264,195,60
265,175,59
266,138,102
267,110,132
268,110,137
269,121,132
270,129,131
271,119,135
272,127,133
273,141,140
274,95,118
275,95,111
276,166,43
277,120,84
278,118,111
279,120,106
280,165,99
281,96,100
282,144,39
283,156,40
284,181,15
285,111,50
286,126,51
287,148,133
288,193,128
289,113,116
290,106,118
291,142,129
292,140,129
293,161,34
294,120,112
295,129,42
296,130,36
297,143,1
298,172,25
299,136,17
300,172,38
301,183,34
302,110,135
303,120,133
304,128,132
305,112,117
306,141,129
307,136,133
308,139,130
309,107,116
310,127,134
311,119,136
312,110,138
313,111,158
314,111,149
315,111,145
316,110,142
317,110,138
318,127,134
319,128,136
320,129,137
321,131,139
322,135,126
323,201,89
324,133,132
325,134,133
326,104,121
327,119,115
328,105,120
329,129,87
330,143,91
331,122,108
332,165,6
333,157,19
334,146,33
335,133,148
336,111,40
337,115,18
338,119,0
339,154,67
340,174,72
341,121,67
342,165,52
343,114,81
344,112,111
345,185,78
346,168,79
347,156,84
348,140,83
349,130,80
350,122,78
351,101,73
352,185,93
353,171,50
354,94,121
355,119,93
356,201,55
357,116,75
358,124,107
359,161,56
360,113,104
361,198,108
362,122,64
363,104,102
364,171,151
365,171,158
366,196,93
367,183,140
368,189,46
369,132,178
370,94,122
371,127,97
372,184,59
373,146,66
374,139,67
375,137,133
376,186,108
377,118,187
378,144,176
379,156,169
380,133,67
381,127,65
382,123,65
383,179,47
384,128,55
385,135,51
386,143,50
387,150,51
388,154,53
389,198,39
390,151,64
391,124,125
392,112,116
393,106,126
394,157,161
395,145,170
396,117,183
397,184,145
398,124,61
399,106,85
400,131,183
401,195,109
402,119,137
403,120,139
404,121,142
405,122,145
406,123,154
407,134,131
408,135,130
409,136,130
410,144,129
411,175,114
412,107,76
413,115,60
414,120,59
415,133,132
416,178,131
417,106,61
418,127,162
419,99,82
420,112,97
421,113,167
422,147,145
423,132,112
424,138,155
425,153,110
426,142,118
427,163,120
428,116,177
429,118,99
430,154,153
431,142,162
432,155,136
433,186,121
434,166,139
435,192,125
436,151,124
437,112,89
438,109,115
439,116,114
440,104,111
441,119,52
442,131,46
443,143,44
444,153,45
445,160,47
446,167,58
447,196,76
448,160,72
449,151,76
450,140,76
451,130,75
452,123,73
453,118,71
454,201,72
455,117,115
456,105,93
457,102,117
458,99,120
459,103,118
460,116,116
461,97,121
462,97,121
463,119,65
464,114,68
465,111,70
466,157,55
467,161,52
468,63,58
469,71,59
470,63,50
471,54,58
472,62,67
473,143,57
474,153,57
475,142,47
476,133,57
477,143,67
