0,95,131
1,99,116
2,98,120
3,91,89
4,99,108
5,99,97
6,98,69
7,42,61
8,98,50
9,99,40
10,99,-3
11,95,133
12,96,134
13,96,135
14,96,145
15,96,148
16,95,151
17,95,155
18,98,164
19,98,119
20,90,117
21,8,27
22,65,69
23,57,69
24,49,69
25,39,63
26,71,68
27,51,49
28,60,50
29,43,51
30,38,53
31,32,67
32,67,173
33,39,59
34,6,61
35,22,61
36,54,100
37,84,129
38,84,133
39,73,129
40,66,129
41,75,131
42,68,130
43,56,141
44,92,116
45,91,108
46,26,48
47,73,83
48,71,108
49,70,103
50,29,97
51,91,98
52,45,44
53,34,45
54,15,15
55,80,52
56,68,53
57,49,132
58,15,130
59,77,113
60,84,115
61,55,129
62,57,129
63,29,40
64,70,110
65,60,46
66,58,41
67,48,0
68,21,26
69,54,17
70,20,43
71,14,35
72,84,131
73,74,130
74,67,130
75,78,114
76,56,129
77,61,135
78,59,130
79,82,113
80,69,131
81,76,132
82,85,133
83,85,163
84,83,154
85,84,150
86,85,147
87,86,144
88,70,138
89,69,139
90,67,141
91,66,143
92,59,125
93,6,91
94,98,120
95,65,135
96,63,135
97,86,118
98,72,113
99,85,117
100,64,86
101,50,90
102,68,105
103,28,6
104,34,19
105,42,38
106,64,150
107,78,43
108,75,17
109,71,-3
110,43,67
111,23,71
112,75,66
113,30,55
114,79,79
115,76,108
116,12,77
117,29,78
118,40,82
119,55,82
120,66,79
121,74,76
122,90,71
123,12,92
124,23,53
125,94,119
126,73,91
127,4,57
128,80,74
129,67,104
130,36,59
131,76,102
132,9,110
133,75,64
134,84,99
135,32,151
136,34,158
137,6,93
138,21,140
139,9,47
140,67,181
141,95,119
142,65,95
143,14,61
144,50,65
145,57,66
146,60,136
147,12,107
148,82,191
149,58,178
150,47,169
151,99,17
152,98,193
153,64,65
154,70,64
155,73,64
156,17,50
157,68,56
158,60,53
159,53,53
160,46,54
161,43,56
162,4,40
163,46,63
164,98,124
165,68,123
166,77,112
167,85,124
168,98,59
169,45,161
170,56,171
171,81,187
172,24,146
173,72,61
174,85,83
175,98,189
176,69,186
177,8,110
178,77,142
179,76,143
180,74,146
181,73,150
182,73,158
183,62,130
184,61,129
185,60,129
186,52,127
187,22,112
188,85,74
189,80,60
190,75,59
191,64,130
192,22,130
193,87,61
194,70,165
195,98,88
196,91,80
197,98,79
198,78,94
199,98,182
200,98,173
201,83,171
202,51,145
203,60,110
204,60,156
205,40,108
206,52,116
207,33,119
208,82,180
209,73,97
210,45,152
211,57,163
212,43,134
213,15,120
214,33,138
215,13,126
216,44,123
217,79,87
218,79,112
219,73,111
220,83,108
221,74,54
222,60,50
223,49,48
224,39,49
225,33,51
226,30,60
227,5,77
228,37,71
229,45,74
230,56,75
231,66,73
232,73,72
233,78,70
234,5,74
235,73,112
236,85,91
237,86,114
238,90,117
239,85,114
240,75,113
241,91,118
242,92,119
243,77,64
244,81,67
245,84,69
246,41,58
247,35,55
248,105,89
249,155,61
250,107,117
251,186,26
252,132,69
253,140,69
254,148,68
255,158,63
256,125,68
257,146,49
258,136,50
259,154,50
260,159,52
261,164,67
262,129,172
263,158,58
264,189,60
265,174,61
266,141,99
267,108,130
268,108,133
269,120,130
270,129,130
271,118,132
272,126,131
273,140,139
274,105,115
275,106,108
276,170,48
277,123,82
278,126,107
279,126,103
280,166,95
281,106,98
282,152,44
283,163,45
284,179,15
285,116,52
286,127,53
287,147,130
288,180,128
289,120,112
290,113,115
291,141,130
292,139,130
293,168,40
294,126,109
295,136,46
296,138,40
297,148,0
298,174,25
299,143,17
300,175,43
301,181,34
302,108,131
303,119,131
304,128,130
305,118,113
306,140,130
307,134,136
308,138,131
309,115,113
310,125,132
311,117,133
312,107,134
313,111,163
314,108,154
315,108,150
316,108,147
317,107,144
318,125,139
319,126,140
320,128,141
321,129,143
322,137,124
323,187,90
324,131,135
325,133,135
326,110,118
327,124,112
328,111,117
329,132,85
330,146,89
331,128,105
332,168,5
333,162,19
334,155,38
335,132,149
336,119,43
337,122,17
338,126,-3
339,154,66
340,173,71
341,121,67
342,166,55
343,117,78
344,120,107
345,183,76
346,167,77
347,157,81
348,142,81
349,130,79
350,122,76
351,106,71
352,183,91
353,173,53
354,103,119
355,123,90
356,190,56
357,117,73
358,129,104
359,161,58
360,120,101
361,185,109
362,121,64
363,113,99
364,163,149
365,161,157
366,188,92
367,174,139
368,185,46
369,129,180
370,102,119
371,131,94
372,180,60
373,147,64
374,140,65
375,136,137
376,182,106
377,114,191
378,137,177
379,148,168
380,133,65
381,127,65
382,122,64
383,178,50
384,128,56
385,135,53
386,143,52
387,150,53
388,154,55
389,189,39
390,152,63
391,128,122
392,119,112
393,111,123
394,151,160
395,140,170
396,115,187
397,171,145
398,123,61
399,112,83
400,127,185
401,186,108
402,117,142
403,118,144
404,119,146
405,120,150
406,123,157
407,134,131
408,135,130
409,136,130
410,144,126
411,173,111
412,112,74
413,116,60
414,120,60
415,132,131
416,173,128
417,109,61
418,126,164
419,106,80
420,118,94
421,113,171
422,145,144
423,136,109
424,136,155
425,156,107
426,144,115
427,163,117
428,115,180
429,123,96
430,150,151
431,139,162
432,153,133
433,180,119
434,162,136
435,182,124
436,152,121
437,117,87
438,118,111
439,123,111
440,114,108
441,122,54
442,136,49
443,148,48
444,158,48
445,164,51
446,167,60
447,189,76
448,160,70
449,152,73
450,141,74
451,131,73
452,123,72
453,118,70
454,188,73
455,123,111
456,112,91
457,111,113
458,107,117
459,111,114
460,121,113
461,105,118
462,105,118
463,118,65
464,114,67
465,112,69
466,156,57
467,162,55
468,58,58
469,67,58
470,58,49
471,48,58
472,58,67
473,139,58
474,148,58
475,139,50
476,129,58
477,139,66
