0,97,134
1,104,109
2,102,115
3,97,83
4,104,101
5,104,91
6,103,66
7,46,59
8,103,49
9,103,39
10,104,0
11,97,137
12,96,139
13,97,140
14,97,140
15,97,143
16,97,146
17,97,150
18,99,162
19,103,113
20,95,112
21,16,28
22,66,65
23,59,66
24,52,66
25,42,62
26,72,64
27,58,47
28,65,48
29,50,48
30,44,50
31,36,66
32,69,174
33,43,57
34,12,61
35,27,61
36,63,99
37,88,132
38,89,138
39,79,134
40,74,136
41,82,138
42,76,138
43,64,147
44,98,108
45,97,101
46,36,45
47,79,81
48,79,105
49,78,100
50,40,97
51,97,91
52,57,40
53,45,41
54,26,15
55,88,48
56,72,51
57,59,139
58,14,134
59,84,109
60,90,112
61,66,139
62,68,139
63,41,36
64,78,108
65,71,42
66,71,36
67,61,0
68,33,24
69,66,16
70,31,41
71,23,34
72,88,136
73,80,136
74,75,137
75,85,110
76,67,139
77,71,140
78,69,139
79,88,107
80,77,139
81,83,139
82,89,139
83,89,161
84,88,149
85,88,145
86,89,142
87,89,139
88,77,139
89,76,140
90,75,141
91,74,143
92,69,127
93,7,94
94,102,114
95,73,139
96,72,139
97,92,115
98,80,112
99,91,113
100,71,85
101,58,89
102,76,104
103,40,5
104,46,18
105,55,34
106,71,152
107,87,38
108,84,16
109,81,-1
110,46,65
111,27,71
112,75,62
113,37,53
114,85,76
115,84,102
116,20,77
117,33,77
118,43,81
119,57,80
120,67,77
121,75,74
122,95,67
123,20,93
124,31,52
125,99,112
126,80,88
127,7,59
128,81,70
129,75,104
130,40,57
131,83,97
132,9,114
133,75,60
134,90,94
135,33,155
136,32,164
137,11,94
138,23,144
139,17,46
140,67,183
141,99,114
142,73,94
143,19,61
144,54,61
145,60,62
146,69,141
147,21,109
148,81,194
149,56,183
150,44,175
151,104,18
152,97,196
153,65,61
154,70,60
155,73,60
156,25,49
157,70,55
158,64,53
159,58,52
160,52,53
161,48,55
162,10,41
163,49,60
164,101,122
165,77,123
166,84,108
167,91,122
168,102,57
169,44,166
170,55,175
171,81,189
172,22,151
173,73,58
174,91,79
175,98,190
176,67,189
177,12,112
178,83,139
179,82,141
180,81,143
181,80,147
182,79,157
183,72,138
184,70,138
185,69,137
186,62,133
187,32,114
188,90,71
189,83,56
190,77,56
191,73,139
192,29,133
193,91,57
194,74,166
195,104,82
196,96,76
197,103,74
198,85,91
199,98,182
200,99,171
201,86,170
202,56,151
203,68,110
204,64,159
205,50,108
206,61,117
207,43,120
208,83,180
209,80,94
210,48,157
211,59,166
212,50,141
213,22,123
214,39,142
215,16,128
216,54,127
217,85,84
218,86,106
219,81,107
220,90,101
221,78,51
222,68,46
223,58,44
224,48,45
225,41,48
226,34,59
227,10,77
228,40,70
229,48,72
230,58,72
231,67,70
232,73,68
233,78,67
234,6,76
235,81,109
236,91,86
237,92,107
238,95,111
239,91,108
240,82,111
241,97,111
242,97,113
243,78,60
244,83,63
245,86,65
246,45,56
247,40,53
248,109,84
249,147,64
250,109,112
251,174,36
252,129,68
253,135,69
254,141,70
255,150,67
256,124,66
257,140,51
258,133,51
259,147,53
260,151,56
261,155,72
262,124,175
263,150,62
264,175,68
265,163,68
266,135,102
267,106,133
268,105,138
269,114,135
270,120,136
271,112,138
272,117,138
273,130,149
274,110,109
275,111,101
276,161,52
277,122,83
278,124,106
279,124,102
280,155,102
281,110,92
282,145,45
283,154,48
284,168,23
285,116,49
286,126,53
287,135,142
288,163,139
289,118,110
290,113,113
291,127,139
292,126,139
293,159,43
294,123,109
295,133,45
296,134,39
297,143,5
298,164,32
299,139,21
300,165,49
301,170,42
302,105,136
303,113,137
304,118,137
305,116,112
306,126,139
307,123,141
308,125,139
309,116,108
310,116,139
311,110,139
312,104,140
313,108,162
314,105,149
315,105,146
316,105,142
317,104,140
318,116,139
319,117,140
320,119,142
321,120,144
322,129,129
323,171,101
324,120,139
325,121,140
326,111,115
327,120,114
328,112,114
329,128,87
330,140,93
331,125,105
332,159,13
333,154,25
334,148,39
335,124,154
336,119,40
337,123,19
338,126,1
339,146,69
340,162,78
341,121,65
342,157,60
343,117,78
344,120,104
345,170,83
346,157,83
347,148,85
348,135,83
349,127,79
350,120,75
351,109,68
352,169,99
353,163,59
354,107,112
355,121,90
356,175,67
357,116,71
358,125,106
359,153,63
360,121,99
361,168,120
362,121,62
363,116,95
364,153,158
365,150,166
366,173,101
367,160,148
368,173,54
369,125,184
370,105,114
371,127,96
372,169,69
373,141,65
374,135,65
375,124,142
376,167,115
377,112,194
378,132,184
379,141,176
380,130,64
381,126,63
382,123,62
383,168,58
384,127,57
385,133,56
386,138,56
387,143,58
388,146,60
389,176,50
390,144,65
391,123,125
392,119,109
393,111,122
394,144,168
395,135,176
396,113,189
397,157,155
398,123,60
399,114,80
400,123,190
401,170,118
402,111,139
403,112,141
404,113,144
405,113,147
406,117,158
407,122,139
408,123,138
409,124,138
410,133,135
411,159,119
412,113,72
413,116,57
414,120,58
415,120,139
416,159,137
417,110,58
418,121,167
419,109,76
420,118,92
421,110,171
422,136,153
423,130,112
424,129,161
425,146,112
426,136,120
427,151,124
428,112,181
429,122,96
430,142,159
431,133,168
432,142,143
433,165,127
434,151,145
435,167,133
436,141,130
437,117,85
438,118,107
439,122,109
440,116,102
441,122,52
442,133,49
443,142,49
444,150,51
445,155,55
446,157,66
447,175,84
448,151,75
449,144,76
450,135,76
451,128,73
452,122,71
453,118,68
454,173,84
455,121,111
456,114,87
457,114,108
458,110,111
459,114,109
460,119,113
461,109,112
462,107,113
463,119,62
464,115,64
465,112,66
466,148,61
467,153,59
468,56,56
469,63,56
470,56,50
471,49,56
472,56,63
473,135,60
474,141,61
475,136,54
476,128,59
477,134,66
