0,92,137
1,95,115
2,96,118
3,90,88
4,95,108
5,95,97
6,96,68
7,50,61
8,96,50
9,96,41
10,97,0
11,92,138
12,93,140
13,93,140
14,93,142
15,93,145
16,93,149
17,93,152
18,98,154
19,95,118
20,87,116
21,26,28
22,70,68
23,63,68
24,57,68
25,47,63
26,76,66
27,58,48
28,66,49
29,51,49
30,46,52
31,43,67
32,72,164
33,47,58
34,24,59
35,35,62
36,62,98
37,83,135
38,85,138
39,76,134
40,72,134
41,79,137
42,75,136
43,66,138
44,88,115
45,88,108
46,38,48
47,77,80
48,72,106
49,72,101
50,43,94
51,88,97
52,53,42
53,44,44
54,31,17
55,82,48
56,73,52
57,60,132
58,31,123
59,77,111
60,83,114
61,67,134
62,69,134
63,40,39
64,72,108
65,65,43
66,64,38
67,56,3
68,35,28
69,60,20
70,34,44
71,30,36
72,84,137
73,78,136
74,74,135
75,78,112
76,68,134
77,69,137
78,69,135
79,80,112
80,76,137
81,81,138
82,86,139
83,89,153
84,84,150
85,84,147
86,85,144
87,86,141
88,75,137
89,74,138
90,72,140
91,71,141
92,67,124
93,25,87
94,95,118
95,72,136
96,71,136
97,86,117
98,74,111
99,84,115
100,70,84
101,59,87
102,71,103
103,40,9
104,44,22
105,50,37
106,72,144
107,80,40
108,77,20
109,74,1
110,51,66
111,36,71
112,79,65
113,41,55
114,81,77
115,76,106
116,28,74
117,41,77
118,50,80
119,62,79
120,71,77
121,78,74
122,90,69
123,29,89
124,36,54
125,91,118
126,76,89
127,24,55
128,83,71
129,71,102
130,45,59
131,77,100
132,27,104
133,79,62
134,82,98
135,42,144
136,44,152
137,24,89
138,35,134
139,27,46
140,70,172
141,92,118
142,70,93
143,30,62
144,57,65
145,63,65
146,68,137
147,29,103
148,83,183
149,62,171
150,53,163
151,97,20
152,98,185
153,69,64
154,74,63
155,77,63
156,31,51
157,72,56
158,66,53
159,59,52
160,53,54
161,50,56
162,24,39
163,52,63
164,96,122
165,73,121
166,77,111
167,86,122
168,97,58
169,52,155
170,61,164
171,83,178
172,37,139
173,76,60
174,85,82
175,98,180
176,72,178
177,26,104
178,80,139
179,78,141
180,77,143
181,77,146
182,79,149
183,71,135
184,70,134
185,69,133
186,62,127
187,37,108
188,86,73
189,83,57
190,79,58
191,73,136
192,36,125
193,89,58
194,76,156
195,95,87
196,90,79
197,96,78
198,80,93
199,98,172
200,98,162
201,87,161
202,60,141
203,66,107
204,67,149
205,51,105
206,60,114
207,45,115
208,84,170
209,75,95
210,54,147
211,63,156
212,54,133
213,31,115
214,45,133
215,29,119
216,55,121
217,81,85
218,78,110
219,74,109
220,81,107
221,77,51
222,66,47
223,56,46
224,48,47
225,43,50
226,41,60
227,23,74
228,47,70
229,54,73
230,63,73
231,71,72
232,77,70
233,81,68
234,24,70
235,74,110
236,84,90
237,83,113
238,87,116
239,83,113
240,76,111
241,88,117
242,89,117
243,81,63
244,84,64
245,86,66
246,48,57
247,44,55
248,102,88
249,149,60
250,104,116
251,177,26
252,127,66
253,134,67
254,142,67
255,151,62
256,122,65
257,139,49
258,131,49
259,147,50
260,151,52
261,157,66
262,124,165
263,152,57
264,179,59
265,166,60
266,133,98
267,102,135
268,102,139
269,112,135
270,119,135
271,110,138
272,116,137
273,132,138
274,101,115
275,102,108
276,160,48
277,118,80
278,121,107
279,121,102
280,155,94
281,102,97
282,142,45
283,152,45
284,169,16
285,111,51
286,124,52
287,139,132
288,174,124
289,116,111
290,110,114
291,128,136
292,125,136
293,156,41
294,122,108
295,128,46
296,129,41
297,140,2
298,163,27
299,135,19
300,164,44
301,171,35
302,102,137
303,111,137
304,117,136
305,115,112
306,126,136
307,123,138
308,124,136
309,111,112
310,115,138
311,109,139
312,101,140
313,107,153
314,104,151
315,103,148
316,102,144
317,102,141
318,116,138
319,117,139
320,119,141
321,120,142
322,130,124
323,181,87
324,120,137
325,121,138
326,107,117
327,120,111
328,109,115
329,126,83
330,137,87
331,123,104
332,158,7
333,152,21
334,144,39
335,126,144
336,113,43
337,117,19
338,120,0
339,148,65
340,165,70
341,118,63
342,158,54
343,113,77
344,116,107
345,172,74
346,160,76
347,150,79
348,136,79
349,127,76
350,120,73
351,103,69
352,171,89
353,163,53
354,99,118
355,118,88
356,182,54
357,114,71
358,124,103
359,154,58
360,116,100
361,179,105
362,119,61
363,109,98
364,158,146
365,158,154
366,179,89
367,167,135
368,175,45
369,126,173
370,99,118
371,125,93
372,172,61
373,141,63
374,134,63
375,124,139
376,171,104
377,113,184
378,136,173
379,147,165
380,129,62
381,123,61
382,120,61
383,168,50
384,126,55
385,132,52
386,138,52
387,145,53
388,148,55
389,180,38
390,145,62
391,122,121
392,116,111
393,108,122
394,148,157
395,137,165
396,113,179
397,167,141
398,121,59
399,108,82
400,125,180
401,177,105
402,110,140
403,111,142
404,112,144
405,113,147
406,118,150
407,121,137
408,122,136
409,124,135
410,136,127
411,162,109
412,108,73
413,113,58
414,118,57
415,120,137
416,164,125
417,106,59
418,121,157
419,102,79
420,114,93
421,109,161
422,139,142
423,130,107
424,131,150
425,146,105
426,136,114
427,153,115
428,111,170
429,119,95
430,145,148
431,135,157
432,145,133
433,170,116
434,155,134
435,174,120
436,143,121
437,113,85
438,113,111
439,119,110
440,109,107
441,118,53
442,130,49
443,140,48
444,149,49
445,155,51
446,159,59
447,180,74
448,153,69
449,145,72
450,136,72
451,127,70
452,120,69
453,116,67
454,182,70
455,119,110
456,108,90
457,107,113
458,104,116
459,108,113
460,118,112
461,102,117
462,102,117
463,116,62
464,112,64
465,110,66
466,150,56
467,154,54
468,62,59
469,69,59
470,61,52
471,54,59
472,62,65
473,137,56
474,145,56
475,137,50
476,130,56
477,137,63
