0,100,134
1,94,112
2,96,116
3,89,85
4,94,105
5,94,94
6,95,65
7,51,59
8,96,49
9,95,40
10,96,0
11,100,136
12,100,138
13,100,139
14,100,142
15,100,145
16,100,149
17,100,152
18,100,160
19,95,115
20,87,113
21,29,26
22,69,64
23,63,65
24,57,65
25,49,61
26,74,63
27,58,49
28,65,49
29,51,50
30,47,52
31,44,65
32,74,169
33,48,57
34,29,57
35,38,60
36,64,96
37,90,133
38,92,137
39,83,133
40,78,133
41,85,136
42,81,136
43,68,141
44,88,111
45,87,104
46,39,48
47,77,78
48,73,104
49,73,100
50,46,93
51,87,94
52,52,44
53,44,45
54,33,16
55,81,50
56,72,52
57,62,134
58,38,123
59,78,109
60,83,112
61,71,134
62,73,135
63,41,40
64,73,106
65,64,45
66,63,40
67,56,3
68,37,26
69,60,19
70,36,44
71,32,34
72,91,135
73,84,135
74,79,135
75,79,110
76,72,134
77,75,137
78,74,135
79,81,109
80,82,137
81,87,137
82,93,138
83,90,159
84,91,151
85,91,148
86,92,144
87,93,141
88,82,138
89,81,139
90,79,141
91,78,142
92,68,124
93,33,85
94,95,115
95,79,137
96,77,137
97,86,115
98,75,110
99,85,113
100,71,81
101,60,86
102,72,102
103,42,8
104,45,21
105,50,39
106,74,148
107,78,42
108,76,19
109,74,1
110,52,64
111,39,69
112,77,62
113,42,54
114,81,74
115,76,104
116,32,73
117,43,75
118,50,78
119,62,77
120,71,74
121,77,71
122,89,67
123,33,88
124,38,53
125,91,114
126,77,86
127,30,53
128,81,69
129,72,101
130,46,57
131,77,98
132,35,103
133,77,59
134,82,95
135,47,146
136,49,153
137,30,87
138,40,134
139,30,44
140,72,178
141,92,115
142,71,91
143,33,60
144,57,62
145,63,62
146,74,138
147,34,102
148,84,190
149,65,175
150,57,166
151,95,19
152,100,192
153,68,61
154,73,60
155,76,59
156,34,50
157,71,55
158,65,53
159,60,53
160,54,54
161,51,55
162,28,38
163,53,61
164,97,121
165,74,121
166,77,108
167,87,121
168,96,56
169,55,158
170,63,168
171,84,185
172,43,140
173,75,57
174,84,79
175,100,187
176,73,184
177,32,103
178,87,140
179,85,142
180,84,144
181,83,147
182,81,154
183,77,135
184,76,134
185,74,134
186,64,128
187,41,108
188,85,70
189,81,56
190,77,56
191,78,136
192,41,125
193,87,58
194,77,161
195,94,84
196,89,76
197,95,75
198,80,90
199,99,179
200,100,168
201,88,167
202,62,144
203,67,106
204,69,153
205,54,104
206,62,113
207,49,115
208,85,176
209,76,93
210,57,150
211,65,160
212,56,134
213,36,115
214,48,135
215,35,119
216,58,122
217,81,83
218,78,107
219,75,107
220,81,104
221,76,52
222,65,48
223,55,47
224,48,48
225,44,50
226,42,59
227,29,72
228,48,68
229,54,71
230,63,70
231,70,69
232,76,67
233,80,65
234,32,69
235,75,108
236,84,87
237,83,109
238,87,112
239,83,110
240,77,110
241,88,114
242,89,114
243,79,60
244,83,62
245,85,64
246,49,56
247,45,54
248,101,85
249,150,58
250,104,113
251,180,24
252,129,63
253,136,63
254,143,63
255,154,60
256,123,62
257,139,48
258,131,49
259,147,49
260,152,51
261,160,64
262,129,170
263,153,56
264,183,56
265,169,60
266,135,96
267,109,133
268,108,137
269,118,134
270,124,134
271,116,137
272,121,137
273,137,141
274,101,111
275,101,104
276,162,47
277,120,78
278,122,104
279,122,99
280,157,92
281,101,94
282,142,42
283,153,43
284,171,14
285,110,50
286,124,51
287,143,133
288,182,123
289,117,109
290,110,111
291,131,136
292,129,136
293,157,39
294,123,106
295,128,44
296,129,39
297,139,1
298,164,25
299,133,18
300,166,43
301,173,33
302,109,135
303,117,135
304,122,136
305,115,110
306,130,136
307,127,139
308,129,136
309,111,109
310,120,137
311,115,138
312,108,139
313,110,159
314,110,151
315,110,148
316,109,145
317,108,142
318,120,139
319,122,140
320,123,142
321,125,143
322,132,123
323,188,85
324,124,138
325,126,138
326,108,114
327,121,110
328,109,113
329,127,81
330,139,85
331,124,101
332,158,6
333,152,20
334,145,37
335,130,148
336,112,42
337,115,18
338,119,0
339,150,62
340,168,69
341,119,61
342,160,53
343,114,74
344,116,104
345,176,72
346,163,74
347,153,76
348,138,76
349,128,73
350,120,71
351,103,67
352,175,87
353,166,53
354,99,114
355,120,86
356,187,52
357,114,68
358,125,101
359,157,57
360,116,98
361,186,103
362,120,58
363,108,95
364,164,147
365,165,155
366,184,87
367,173,135
368,178,43
369,131,179
370,99,115
371,127,90
372,176,61
373,142,59
374,136,59
375,129,139
376,175,102
377,117,191
378,142,177
379,153,167
380,130,59
381,125,58
382,121,58
383,171,51
384,126,56
385,132,55
386,138,55
387,144,55
388,149,56
389,185,36
390,147,58
391,124,120
392,116,108
393,109,121
394,153,159
395,143,169
396,116,185
397,174,141
398,122,57
399,108,79
400,130,185
401,183,104
402,115,141
403,117,142
404,118,145
405,119,148
406,121,154
407,126,136
408,127,136
409,128,135
410,139,127
411,165,108
412,108,70
413,113,56
414,118,55
415,124,137
416,168,125
417,106,57
418,125,162
419,102,76
420,114,90
421,112,167
422,144,144
423,132,106
424,136,154
425,148,104
426,139,113
427,155,115
428,115,177
429,120,92
430,150,150
431,140,161
432,150,134
433,175,115
434,159,135
435,180,119
436,146,121
437,114,82
438,113,108
439,120,107
440,109,104
441,118,51
442,130,47
443,140,46
444,149,47
445,156,49
446,162,58
447,184,71
448,156,67
449,148,69
450,137,69
451,128,68
452,121,66
453,116,64
454,188,68
455,120,108
456,108,87
457,107,110
458,104,113
459,108,110
460,118,110
461,102,114
462,102,114
463,117,59
464,112,62
465,110,64
466,151,56
467,156,53
468,61,57
469,68,56
470,61,51
471,54,57
472,62,63
473,138,57
474,145,56
475,138,51
476,130,57
477,138,62
