0,99,132
1,96,105
2,97,114
3,90,80
4,95,97
5,95,87
6,96,63
7,47,64
8,96,43
9,96,32
10,96,-4
11,99,134
12,99,136
13,99,137
14,100,147
15,100,150
16,99,153
17,100,157
18,100,166
19,96,110
20,90,110
21,19,37
22,66,71
23,59,71
24,52,71
25,43,67
26,73,69
27,56,46
28,64,47
29,48,48
30,43,52
31,36,73
32,72,179
33,44,62
34,16,72
35,29,68
36,60,102
37,89,132
38,90,136
39,79,134
40,72,137
41,82,137
42,75,138
43,64,151
44,89,105
45,88,97
46,32,45
47,76,82
48,73,105
49,73,101
50,37,102
51,89,88
52,49,34
53,39,38
54,26,22
55,81,42
56,72,51
57,58,142
58,27,149
59,79,109
60,85,111
61,64,141
62,66,141
63,35,33
64,73,108
65,63,35
66,61,28
67,54,1
68,30,29
69,58,15
70,28,42
71,23,41
72,89,134
73,80,136
74,74,138
75,81,110
76,65,141
77,69,145
78,67,141
79,82,106
80,77,139
81,83,138
82,90,137
83,89,165
84,89,157
85,89,153
86,90,149
87,91,147
88,77,145
89,76,146
90,74,148
91,72,151
92,65,129
93,18,109
94,97,112
95,73,144
96,71,144
97,88,114
98,76,113
99,87,112
100,68,87
101,55,92
102,72,104
103,37,10
104,41,20
105,46,28
106,70,157
107,78,30
108,75,14
109,73,-2
110,46,70
111,28,79
112,77,67
113,36,57
114,81,76
115,78,101
116,21,85
117,33,83
118,42,85
119,56,84
120,67,81
121,75,77
122,90,65
123,21,101
124,30,56
125,92,110
126,76,89
127,15,72
128,81,72
129,72,105
130,41,63
131,77,96
132,21,128
133,77,65
134,83,91
135,41,163
136,43,174
137,16,106
138,31,154
139,20,55
140,71,187
141,94,112
142,69,95
143,23,71
144,53,66
145,59,67
146,67,146
147,23,118
148,86,199
149,64,189
150,54,183
151,96,13
152,102,200
153,65,67
154,71,66
155,75,66
156,25,55
157,71,58
158,64,56
159,58,55
160,52,56
161,48,59
162,16,53
163,49,65
164,98,120
165,73,124
166,79,108
167,87,121
168,97,53
169,52,173
170,61,180
171,84,192
172,34,164
173,75,62
174,85,78
175,101,193
176,74,195
177,19,124
178,83,147
179,82,148
180,81,151
181,80,155
182,78,162
183,70,140
184,68,139
185,67,139
186,60,135
187,32,121
188,85,70
189,82,57
190,78,59
191,72,140
192,33,141
193,88,55
194,75,170
195,96,79
196,90,73
197,96,71
198,80,90
199,100,185
200,100,175
201,87,174
202,58,155
203,65,112
204,66,164
205,48,112
206,58,120
207,42,125
208,85,184
209,76,95
210,53,162
211,62,171
212,51,145
213,26,132
214,42,148
215,23,140
216,52,130
217,81,83
218,80,105
219,76,107
220,82,99
221,76,49
222,64,43
223,53,42
224,44,44
225,39,49
226,35,66
227,15,89
228,40,76
229,47,77
230,57,77
231,67,76
232,74,73
233,79,70
234,17,90
235,76,109
236,84,84
237,85,105
238,89,109
239,85,106
240,78,111
241,90,109
242,92,111
243,80,65
244,83,65
245,85,66
246,46,61
247,40,57
248,102,80
249,151,61
250,104,110
251,186,30
252,131,68
253,138,68
254,145,68
255,156,64
256,125,67
257,140,44
258,132,45
259,149,45
260,154,48
261,163,69
262,131,178
263,155,59
264,191,65
265,172,63
266,139,99
267,109,131
268,109,135
269,121,133
270,129,135
271,118,136
272,126,137
273,138,148
274,102,105
275,103,97
276,165,42
277,121,80
278,122,103
279,123,99
280,164,98
281,102,87
282,144,34
283,156,36
284,176,16
285,112,44
286,126,50
287,145,140
288,190,144
289,116,108
290,110,110
291,140,139
292,138,139
293,161,31
294,123,106
295,130,36
296,131,29
297,141,-2
298,169,23
299,136,12
300,171,39
301,179,35
302,110,134
303,119,134
304,127,136
305,115,109
306,139,139
307,134,143
308,137,139
309,111,105
310,125,137
311,117,136
312,109,136
313,111,165
314,111,156
315,110,152
316,110,149
317,109,146
318,125,144
319,126,145
320,128,146
321,130,149
322,134,126
323,196,103
324,130,142
325,132,142
326,108,113
327,121,111
328,109,112
329,130,84
330,144,89
331,125,102
332,161,4
333,155,15
334,147,27
335,131,155
336,114,33
337,117,12
338,120,-4
339,151,66
340,171,74
341,121,66
342,163,53
343,115,75
344,116,100
345,184,79
346,165,79
347,154,82
348,139,81
349,129,78
350,121,75
351,104,65
352,184,96
353,170,52
354,100,109
355,121,88
356,195,65
357,115,71
358,126,103
359,159,59
360,117,95
361,195,123
362,121,64
363,110,90
364,169,160
365,170,171
366,193,100
367,180,150
368,185,49
369,133,186
370,100,111
371,129,93
372,181,65
373,144,63
374,138,64
375,135,144
376,184,113
377,118,198
378,144,188
379,156,181
380,132,64
381,127,64
382,123,64
383,177,51
384,128,56
385,133,52
386,139,51
387,146,52
388,150,55
389,192,46
390,148,62
391,125,122
392,116,106
393,109,120
394,156,170
395,145,178
396,118,192
397,181,160
398,123,61
399,109,77
400,131,193
401,192,118
402,118,145
403,119,147
404,120,150
405,121,153
406,122,161
407,133,138
408,134,137
409,135,136
410,141,132
411,172,116
412,109,69
413,115,57
414,120,58
415,131,138
416,175,137
417,107,56
418,127,169
419,103,72
420,115,89
421,114,174
422,146,153
423,133,109
424,137,162
425,153,108
426,141,117
427,161,121
428,116,184
429,121,93
430,153,160
431,142,169
432,152,142
433,183,127
434,163,145
435,189,135
436,149,127
437,115,82
438,114,104
439,119,106
440,110,98
441,120,49
442,131,42
443,142,40
444,151,41
445,159,46
446,165,61
447,193,82
448,158,72
449,149,74
450,139,74
451,130,73
452,123,71
453,118,69
454,196,84
455,120,108
456,109,83
457,108,104
458,104,108
459,108,106
460,118,110
461,102,109
462,102,111
463,119,64
464,114,65
465,110,66
466,153,57
467,158,53
468,61,61
469,69,61
470,61,54
471,53,62
472,61,68
473,139,58
474,147,58
475,139,51
476,131,58
477,139,65
