0,97,134
1,93,106
2,94,114
3,88,81
4,92,98
5,93,88
6,94,63
7,50,60
8,95,44
9,95,34
10,95,-3
11,97,137
12,98,139
13,98,141
14,98,141
15,98,144
16,98,147
17,98,151
18,97,164
19,93,110
20,87,110
21,28,32
22,68,67
23,62,67
24,55,67
25,47,63
26,74,66
27,57,46
28,65,47
29,50,47
30,46,50
31,42,68
32,72,175
33,48,58
34,25,65
35,36,63
36,61,100
37,87,133
38,89,139
39,79,134
40,74,136
41,82,138
42,77,138
43,64,148
44,87,106
45,86,99
46,37,44
47,76,80
48,72,104
49,72,100
50,41,99
51,86,89
52,51,37
53,42,39
54,33,19
55,79,43
56,72,50
57,58,140
58,35,138
59,78,108
60,83,111
61,67,139
62,69,139
63,39,35
64,72,107
65,63,38
66,61,32
67,57,1
68,36,26
69,60,15
70,34,41
71,30,37
72,88,136
73,80,136
74,75,137
75,79,110
76,68,139
77,71,141
78,70,139
79,80,106
80,78,139
81,83,140
82,90,140
83,87,163
84,88,150
85,89,146
86,89,143
87,90,140
88,78,139
89,77,141
90,75,142
91,74,145
92,66,127
93,28,100
94,94,112
95,74,139
96,73,140
97,85,114
98,75,112
99,84,112
100,69,84
101,57,90
102,71,103
103,42,8
104,45,18
105,48,31
106,70,154
107,77,34
108,76,14
109,74,-2
110,50,66
111,36,74
112,77,64
113,41,54
114,80,75
115,76,101
116,27,80
117,39,79
118,47,82
119,59,81
120,69,78
121,76,74
122,88,65
123,28,96
124,36,53
125,90,110
126,76,88
127,25,65
128,81,71
129,71,104
130,45,59
131,76,96
132,30,118
133,78,62
134,81,92
135,45,157
136,48,166
137,25,98
138,37,146
139,27,50
140,71,183
141,91,112
142,70,93
143,32,64
144,56,62
145,61,63
146,70,142
147,30,112
148,84,194
149,65,183
150,57,176
151,95,14
152,99,196
153,67,63
154,72,62
155,76,62
156,33,51
157,72,56
158,66,54
159,60,53
160,54,54
161,51,56
162,26,47
163,52,61
164,95,121
165,72,123
166,77,107
167,85,121
168,95,53
169,54,167
170,62,175
171,83,189
172,41,154
173,76,59
174,84,77
175,98,191
176,73,190
177,27,116
178,83,140
179,82,142
180,81,145
181,80,148
182,78,159
183,73,138
184,71,138
185,70,137
186,61,133
187,37,116
188,84,69
189,82,56
190,78,57
191,74,139
192,38,135
193,86,56
194,74,167
195,93,79
196,88,73
197,94,71
198,79,89
199,97,183
200,97,173
201,85,172
202,59,152
203,66,110
204,66,160
205,50,109
206,59,118
207,45,121
208,83,182
209,75,94
210,54,158
211,63,167
212,53,141
213,32,125
214,45,143
215,31,132
216,54,127
217,80,82
218,78,105
219,74,106
220,80,99
221,76,49
222,64,43
223,54,42
224,47,44
225,42,48
226,41,61
227,24,82
228,45,71
229,52,74
230,60,73
231,69,72
232,75,70
233,80,68
234,26,82
235,75,108
236,83,84
237,82,105
238,86,109
239,83,106
240,77,111
241,88,110
242,89,111
243,80,62
244,83,64
245,84,65
246,49,57
247,44,54
248,100,80
249,149,60
250,101,110
251,178,30
252,129,67
253,135,67
254,142,67
255,153,63
256,123,66
257,138,44
258,130,46
259,146,45
260,151,48
261,158,68
262,126,177
263,152,57
264,183,64
265,167,63
266,134,99
267,108,133
268,107,139
269,118,134
270,125,136
271,116,139
272,123,139
273,134,149
274,99,106
275,100,99
276,160,43
277,118,80
278,118,104
279,119,100
280,157,98
281,100,89
282,141,36
283,152,38
284,169,16
285,110,45
286,124,50
287,139,141
288,179,139
289,113,109
290,107,111
291,135,139
292,133,139
293,156,33
294,119,107
295,127,38
296,128,32
297,137,0
298,163,24
299,132,14
300,165,40
301,172,35
302,108,136
303,117,137
304,124,137
305,111,110
306,134,139
307,130,141
308,132,139
309,108,106
310,122,140
311,115,140
312,107,140
313,107,164
314,108,151
315,108,147
316,107,143
317,107,140
318,121,140
319,123,141
320,124,143
321,126,145
322,129,128
323,186,99
324,127,140
325,128,140
326,104,114
327,117,112
328,105,112
329,126,84
330,139,89
331,121,103
332,156,5
333,151,16
334,143,30
335,127,155
336,112,35
337,114,14
338,117,-3
339,149,66
340,166,73
341,119,65
342,159,52
343,113,75
344,113,101
345,176,79
346,160,79
347,150,82
348,136,81
349,126,78
350,119,75
351,102,65
352,175,95
353,164,52
354,97,110
355,117,87
356,186,63
357,113,71
358,122,104
359,156,58
360,114,96
361,184,118
362,120,62
363,107,92
364,160,158
365,161,167
366,184,98
367,170,147
368,178,48
369,128,185
370,97,112
371,125,93
372,174,64
373,142,62
374,136,63
375,131,142
376,175,112
377,114,195
378,138,185
379,149,177
380,130,63
381,125,62
382,122,63
383,170,51
384,126,56
385,132,53
386,138,52
387,144,52
388,148,54
389,183,45
390,146,61
391,121,123
392,112,107
393,105,121
394,150,168
395,139,177
396,114,190
397,171,155
398,122,60
399,106,77
400,127,191
401,182,115
402,115,140
403,116,142
404,117,145
405,117,149
406,118,160
407,128,139
408,130,138
409,131,138
410,135,133
411,164,116
412,107,69
413,113,57
414,118,57
415,127,139
416,166,135
417,105,57
418,122,168
419,101,73
420,112,89
421,110,172
422,140,153
423,129,110
424,132,161
425,146,109
426,136,118
427,153,122
428,113,182
429,117,94
430,147,159
431,137,168
432,146,142
433,173,125
434,156,144
435,178,132
436,143,128
437,112,82
438,110,105
439,116,107
440,106,99
441,118,49
442,129,43
443,139,41
444,148,42
445,155,46
446,160,60
447,184,81
448,154,71
449,145,74
450,136,74
451,127,72
452,121,70
453,116,68
454,187,81
455,116,109
456,106,84
457,104,105
458,101,109
459,105,107
460,114,111
461,99,110
462,99,111
463,117,63
464,112,64
465,108,65
466,150,56
467,155,52
468,63,58
469,70,59
470,63,53
471,56,58
472,63,64
473,139,58
474,146,57
475,139,51
476,132,58
477,139,64
