0,97,132
1,105,107
2,100,115
3,97,80
4,105,99
5,105,88
6,102,63
7,43,55
8,102,41
9,102,30
10,103,-4
11,97,136
12,97,139
13,96,142
14,96,142
15,96,145
16,96,149
17,95,154
18,94,163
19,103,111
20,94,111
21,9,24
22,63,63
23,56,63
24,49,63
25,39,57
26,70,62
27,57,38
28,66,40
29,49,38
30,42,42
31,31,62
32,62,175
33,41,52
34,3,59
35,22,55
36,58,97
37,87,131
38,87,139
39,76,133
40,68,135
41,78,139
42,71,139
43,54,145
44,98,107
45,98,98
46,33,33
47,75,78
48,76,103
49,75,98
50,32,94
51,98,89
52,56,25
53,44,27
54,21,10
55,87,37
56,72,44
57,48,136
58,1,135
59,81,108
60,88,110
61,58,139
62,60,139
63,40,22
64,74,106
65,70,28
66,70,22
67,58,-5
68,29,18
69,63,9
70,28,29
71,18,29
72,87,135
73,77,136
74,69,137
75,83,109
76,59,139
77,63,141
78,61,139
79,87,106
80,72,140
81,79,141
82,87,141
83,82,162
84,84,153
85,85,148
86,86,144
87,87,141
88,72,140
89,70,141
90,68,143
91,67,146
92,61,124
93,-5,94
94,102,113
95,66,140
96,65,140
97,90,114
98,76,110
99,89,112
100,66,82
101,53,86
102,73,102
103,37,0
104,44,11
105,54,19
106,61,152
107,87,27
108,83,10
109,80,-6
110,43,61
111,21,67
112,74,60
113,34,45
114,82,74
115,83,100
116,12,74
117,27,73
118,38,77
119,53,76
120,64,74
121,72,71
122,94,64
123,11,90
124,27,43
125,99,111
126,76,86
127,-3,58
128,79,67
129,71,102
130,36,52
131,82,95
132,-3,114
133,74,58
134,90,91
135,24,156
136,21,166
137,0,93
138,12,144
139,10,43
140,60,184
141,99,113
142,68,91
143,13,56
144,51,58
145,57,59
146,62,142
147,11,107
148,74,196
149,48,185
150,35,177
151,103,13
152,91,197
153,63,59
154,69,58
155,72,58
156,20,41
157,69,51
158,63,48
159,57,47
160,50,48
161,46,49
162,1,39
163,47,57
164,99,120
165,71,121
166,82,107
167,88,120
168,101,52
169,36,167
170,47,176
171,75,190
172,10,153
173,73,55
174,89,76
175,92,191
176,60,191
177,0,111
178,79,141
179,77,143
180,76,146
181,75,150
182,71,158
183,65,139
184,63,138
185,62,137
186,53,129
187,23,111
188,88,69
189,82,51
190,77,52
191,66,140
192,19,131
193,90,51
194,66,166
195,104,80
196,96,73
197,103,72
198,83,88
199,93,183
200,93,173
201,80,171
202,47,149
203,63,107
204,55,159
205,43,105
206,54,114
207,34,117
208,77,181
209,77,92
210,40,156
211,51,166
212,41,138
213,11,121
214,30,140
215,4,128
216,45,123
217,83,81
218,85,104
219,79,106
220,90,99
221,78,43
222,67,36
223,57,33
224,47,34
225,39,38
226,30,53
227,0,75
228,36,66
229,44,69
230,54,69
231,64,68
232,71,66
233,77,64
234,-5,75
235,78,108
236,90,84
237,92,105
238,95,110
239,91,107
240,79,110
241,97,110
242,96,112
243,77,58
244,82,60
245,85,61
246,43,51
247,38,46
248,109,81
249,143,63
250,108,112
251,163,37
252,125,69
253,132,70
254,138,70
255,145,65
256,120,67
257,137,45
258,129,45
259,144,47
260,148,51
261,150,71
262,119,176
263,145,61
264,165,70
265,156,64
266,134,101
267,107,131
268,105,140
269,115,134
270,120,136
271,111,140
272,116,140
273,126,148
274,110,107
275,112,99
276,157,42
277,119,81
278,123,105
279,123,101
280,153,101
281,111,89
282,145,31
283,153,35
284,159,23
285,117,36
286,122,49
287,132,140
288,153,142
289,117,110
290,112,112
291,126,141
292,124,141
293,155,30
294,122,109
295,134,30
296,136,24
297,140,3
298,158,29
299,137,16
300,159,39
301,162,40
302,106,136
303,114,137
304,119,138
305,115,111
306,125,141
307,122,143
308,123,141
309,116,108
310,114,141
311,110,142
312,103,142
313,104,163
314,105,154
315,105,149
316,104,145
317,103,142
318,114,142
319,116,143
320,118,145
321,119,148
322,127,128
323,160,104
324,118,141
325,120,142
326,109,115
327,119,113
328,110,113
329,126,86
330,138,92
331,123,105
332,153,11
333,150,20
334,148,25
335,120,154
336,120,25
337,122,14
338,124,-1
339,143,68
340,156,76
341,116,64
342,152,54
343,115,76
344,120,103
345,165,84
346,154,82
347,147,85
348,135,83
349,125,79
350,119,75
351,108,65
352,165,100
353,157,52
354,107,111
355,120,89
356,163,70
357,114,71
358,123,105
359,148,60
360,120,97
361,157,123
362,115,62
363,116,93
364,145,160
365,141,169
366,166,102
367,153,150
368,163,54
369,119,185
370,105,113
371,125,95
372,160,66
373,138,65
374,132,66
375,123,144
376,163,115
377,105,196
378,124,185
379,132,179
380,127,65
381,121,63
382,117,62
383,159,51
384,122,57
385,128,55
386,134,55
387,140,56
388,143,58
389,164,52
390,141,64
391,121,123
392,118,109
393,109,121
394,136,169
395,128,177
396,107,190
397,148,158
398,117,60
399,113,78
400,116,191
401,163,120
402,110,142
403,111,144
404,112,147
405,113,151
406,113,159
407,120,140
408,122,140
409,124,139
410,131,133
411,157,119
412,111,70
413,113,54
414,115,56
415,118,141
416,154,138
417,109,52
418,116,168
419,109,74
420,117,91
421,105,172
422,131,152
423,128,111
424,124,161
425,144,111
426,134,119
427,148,124
428,107,182
429,120,95
430,136,160
431,127,168
432,138,142
433,160,129
434,146,145
435,159,136
436,138,128
437,116,83
438,118,106
439,121,108
440,117,101
441,119,45
442,131,40
443,141,40
444,148,42
445,152,47
446,151,62
447,166,86
448,148,74
449,142,76
450,133,76
451,125,73
452,119,71
453,114,68
454,161,87
455,120,110
456,114,85
457,114,107
458,110,110
459,113,108
460,118,112
461,109,111
462,107,113
463,113,61
464,111,63
465,110,64
466,144,59
467,149,55
468,54,53
469,62,53
470,55,45
471,46,52
472,53,61
473,130,60
474,137,60
475,131,53
476,124,60
477,130,67
