0,92,125
1,95,103
2,98,111
3,89,78
4,94,95
5,94,85
6,96,61
7,50,65
8,96,42
9,95,31
10,94,-3
11,92,128
12,94,130
13,95,131
14,96,141
15,96,144
16,96,148
17,96,151
18,105,163
19,96,107
20,89,108
21,28,40
22,69,69
23,62,70
24,55,70
25,47,68
26,75,68
27,57,49
28,65,50
29,50,52
30,45,55
31,41,73
32,77,174
33,48,64
34,26,72
35,35,69
36,61,99
37,81,125
38,85,130
39,73,127
40,69,130
41,78,131
42,74,132
43,67,145
44,88,103
45,87,95
46,36,48
47,76,80
48,71,102
49,70,98
50,41,99
51,87,86
52,49,37
53,41,41
54,31,26
55,80,41
56,73,52
57,60,137
58,37,142
59,77,106
60,84,108
61,66,136
62,69,135
63,37,36
64,71,105
65,62,36
66,60,30
67,53,5
68,33,31
69,56,17
70,32,45
71,30,43
72,83,128
73,75,129
74,71,131
75,79,107
76,67,136
77,70,139
78,70,135
79,80,103
80,76,133
81,81,132
82,87,131
83,93,162
84,86,151
85,86,147
86,87,144
87,88,141
88,77,140
89,75,141
90,73,143
91,72,145
92,66,125
93,31,105
94,97,109
95,74,138
96,72,138
97,87,111
98,74,109
99,85,109
100,68,84
101,57,90
102,70,101
103,38,14
104,42,22
105,47,31
106,74,152
107,77,30
108,74,15
109,71,0
110,50,70
111,34,78
112,79,66
113,40,59
114,81,75
115,75,99
116,28,84
117,38,82
118,45,84
119,59,82
120,69,79
121,77,75
122,89,64
123,28,99
124,35,58
125,92,107
126,75,87
127,29,72
128,82,70
129,70,101
130,44,65
131,75,94
132,33,123
133,80,63
134,81,89
135,48,158
136,51,168
137,26,103
138,39,149
139,28,56
140,77,183
141,93,109
142,69,92
143,31,71
144,56,66
145,62,66
146,68,140
147,29,114
148,92,194
149,70,184
150,61,177
151,95,14
152,108,196
153,68,65
154,74,64
155,78,64
156,31,57
157,73,59
158,66,58
159,60,58
160,54,60
161,51,62
162,27,54
163,52,66
164,99,117
165,72,120
166,77,105
167,87,117
168,97,52
169,58,167
170,67,175
171,90,188
172,44,157
173,77,62
174,84,76
175,107,189
176,80,190
177,28,120
178,82,141
179,80,143
180,78,145
181,78,149
182,82,158
183,71,134
184,68,133
185,66,133
186,62,130
187,36,116
188,85,69
189,83,56
190,80,58
191,73,134
192,38,136
193,88,54
194,80,166
195,95,77
196,89,71
197,96,69
198,78,88
199,106,181
200,105,171
201,92,170
202,62,149
203,65,108
204,70,158
205,50,108
206,60,116
207,45,121
208,90,180
209,74,92
210,58,157
211,67,166
212,55,139
213,32,127
214,47,143
215,32,135
216,55,125
217,80,81
218,78,102
219,73,104
220,80,97
221,76,48
222,64,44
223,54,45
224,46,47
225,41,52
226,40,67
227,26,87
228,44,75
229,51,76
230,60,76
231,69,74
232,77,71
233,81,68
234,30,89
235,74,106
236,83,82
237,83,102
238,88,106
239,83,104
240,76,108
241,89,107
242,91,109
243,82,63
244,85,64
245,86,64
246,49,63
247,43,59
248,102,77
249,154,59
250,106,107
251,187,27
252,133,66
253,140,66
254,148,65
255,159,61
256,126,65
257,143,43
258,134,45
259,151,44
260,157,47
261,166,64
262,138,172
263,157,57
264,192,60
265,175,59
266,143,93
267,105,124
268,106,129
269,121,125
270,132,126
271,119,129
272,129,129
273,147,141
274,102,102
275,102,94
276,169,37
277,124,76
278,127,98
279,127,94
280,168,91
281,102,85
282,149,28
283,161,30
284,178,13
285,114,38
286,127,49
287,154,132
288,197,133
289,121,103
290,113,106
291,147,131
292,144,131
293,166,25
294,128,101
295,134,30
296,135,23
297,142,-2
298,171,20
299,137,11
300,175,33
301,180,31
302,106,126
303,119,127
304,130,128
305,119,105
306,146,131
307,140,135
308,143,131
309,114,101
310,128,130
311,118,130
312,107,130
313,117,161
314,110,150
315,109,146
316,108,143
317,108,140
318,128,137
319,130,138
320,132,139
321,134,141
322,141,120
323,200,94
324,136,134
325,138,134
326,111,109
327,126,106
328,112,108
329,134,80
330,147,84
331,130,97
332,163,3
333,157,13
334,152,21
335,139,149
336,116,27
337,117,12
338,120,-4
339,154,63
340,175,69
341,121,64
342,166,49
343,118,72
344,119,96
345,186,73
346,169,73
347,158,76
348,142,76
349,131,74
350,122,72
351,104,63
352,187,88
353,173,47
354,100,107
355,124,83
356,197,59
357,116,68
358,132,98
359,162,57
360,120,91
361,200,113
362,122,61
363,111,87
364,177,152
365,179,162
366,197,92
367,187,141
368,187,44
369,140,181
370,100,109
371,133,88
372,182,60
373,146,61
374,140,62
375,142,136
376,189,104
377,126,194
378,153,181
379,165,173
380,134,62
381,128,62
382,124,62
383,179,46
384,129,57
385,135,54
386,141,53
387,148,54
388,152,55
389,193,41
390,151,60
391,131,117
392,120,102
393,113,116
394,165,163
395,153,172
396,125,187
397,189,150
398,124,60
399,110,74
400,140,188
401,197,109
402,119,139
403,120,140
404,121,143
405,123,146
406,130,156
407,138,130
408,140,129
409,141,128
410,149,126
411,178,108
412,111,67
413,115,54
414,120,56
415,137,130
416,182,128
417,107,53
418,134,163
419,103,70
420,118,85
421,120,169
422,154,145
423,139,103
424,145,155
425,157,102
426,147,111
427,166,114
428,123,179
429,125,89
430,161,152
431,150,163
432,160,134
433,189,118
434,171,136
435,195,126
436,156,120
437,117,79
438,116,100
439,124,101
440,111,95
441,121,46
442,134,39
443,145,37
444,155,39
445,162,42
446,167,58
447,195,76
448,161,68
449,152,70
450,142,71
451,132,70
452,124,68
453,118,66
454,199,77
455,125,103
456,110,80
457,109,101
458,105,105
459,110,102
460,123,105
461,103,106
462,103,108
463,119,61
464,114,62
465,111,63
466,155,56
467,161,51
468,65,62
469,73,61
470,65,56
471,58,62
472,66,68
473,142,58
474,149,57
475,141,52
476,134,58
477,142,64
