0,96,131
1,102,110
2,99,116
3,95,84
4,102,103
5,102,92
6,100,66
7,43,58
8,100,49
9,100,39
10,101,-3
11,96,134
12,96,137
13,96,138
14,96,138
15,96,141
16,96,145
17,96,148
18,95,160
19,101,114
20,92,112
21,12,24
22,65,66
23,57,66
24,50,66
25,40,60
26,71,65
27,54,45
28,63,47
29,46,46
30,41,48
31,33,65
32,64,172
33,41,55
34,8,58
35,24,59
36,58,97
37,86,130
38,87,136
39,76,132
40,69,134
41,79,137
42,73,137
43,58,143
44,95,110
45,95,102
46,31,42
47,75,79
48,74,104
49,73,99
50,34,95
51,95,92
52,50,37
53,39,38
54,21,11
55,84,49
56,70,50
57,51,135
58,7,131
59,79,109
60,86,111
61,62,137
62,64,137
63,35,33
64,72,106
65,65,41
66,64,35
67,56,-2
68,28,22
69,61,14
70,26,38
71,19,31
72,86,134
73,77,134
74,71,135
75,81,110
76,63,137
77,67,139
78,65,137
79,85,108
80,74,138
81,80,138
82,87,138
83,84,159
84,86,148
85,86,144
86,87,141
87,88,138
88,74,138
89,73,139
90,71,141
91,70,143
92,62,124
93,2,90
94,100,115
95,70,138
96,68,138
97,88,114
98,74,110
99,87,113
100,67,83
101,54,87
102,71,102
103,35,2
104,42,16
105,48,31
106,65,149
107,82,39
108,80,15
109,77,-4
110,43,64
111,25,69
112,75,63
113,33,51
114,81,75
115,80,103
116,15,74
117,30,75
118,40,78
119,55,78
120,66,76
121,74,73
122,92,67
123,15,90
124,27,50
125,97,113
126,75,87
127,3,55
128,80,70
129,70,102
130,37,56
131,79,97
132,3,110
133,75,61
134,87,94
135,27,153
136,25,162
137,5,91
138,16,141
139,13,43
140,62,181
141,97,114
142,68,92
143,17,60
144,51,61
145,57,62
146,65,140
147,14,106
148,76,192
149,50,181
150,39,173
151,101,16
152,93,194
153,64,62
154,70,61
155,73,61
156,21,47
157,68,55
158,62,52
159,55,51
160,49,51
161,45,53
162,7,37
163,46,60
164,99,121
165,71,121
166,80,108
167,87,121
168,100,57
169,39,164
170,50,173
171,77,187
172,15,148
173,73,58
174,87,79
175,94,188
176,63,188
177,6,109
178,80,138
179,79,140
180,78,143
181,77,146
182,73,155
183,68,137
184,66,136
185,65,136
186,55,129
187,25,111
188,87,71
189,82,57
190,76,57
191,70,138
192,22,130
193,89,58
194,68,163
195,101,83
196,93,76
197,101,75
198,81,90
199,94,180
200,95,169
201,82,168
202,50,147
203,63,107
204,58,156
205,44,106
206,55,115
207,36,118
208,79,178
209,75,93
210,42,154
211,53,164
212,44,137
213,14,120
214,32,139
215,9,126
216,47,123
217,81,83
218,82,106
219,76,107
220,87,102
221,76,51
222,64,45
223,53,42
224,44,43
225,37,45
226,32,57
227,5,74
228,37,68
229,45,71
230,56,72
231,65,70
232,73,69
233,78,67
234,2,72
235,76,108
236,88,86
237,89,108
238,92,112
239,88,109
240,77,110
241,94,113
242,94,114
243,78,61
244,82,64
245,85,65
246,42,54
247,38,51
248,107,84
249,146,60
250,107,113
251,168,30
252,126,66
253,133,67
254,139,67
255,148,62
256,121,65
257,139,48
258,131,49
259,146,49
260,150,52
261,153,67
262,120,172
263,149,58
264,169,63
265,160,61
266,133,99
267,106,130
268,105,136
269,116,132
270,122,134
271,113,136
272,119,137
273,129,143
274,108,110
275,109,102
276,160,46
277,119,80
278,123,105
279,123,100
280,153,97
281,108,93
282,146,42
283,154,43
284,164,17
285,115,51
286,124,52
287,135,136
288,159,133
289,118,109
290,112,112
291,130,138
292,128,138
293,158,37
294,123,107
295,133,45
296,135,39
297,141,1
298,161,27
299,137,18
300,163,42
301,166,37
302,106,134
303,114,134
304,121,135
305,116,110
306,129,138
307,125,139
308,126,138
309,115,108
310,117,138
311,111,138
312,104,138
313,105,160
314,106,148
315,105,144
316,105,141
317,104,138
318,117,138
319,119,139
320,120,141
321,121,143
322,129,125
323,165,95
324,122,138
325,123,139
326,109,115
327,120,111
328,110,113
329,126,84
330,137,89
331,124,103
332,156,8
333,152,21
334,148,36
335,122,150
336,118,42
337,120,17
338,124,-2
339,145,65
340,159,72
341,118,63
342,156,54
343,115,76
344,119,103
345,167,78
346,155,78
347,146,82
348,134,81
349,125,77
350,119,74
351,107,67
352,166,94
353,160,53
354,105,113
355,119,88
356,168,60
357,114,71
358,124,103
359,151,58
360,119,98
361,163,113
362,118,61
363,114,95
364,149,153
365,146,161
366,169,95
367,157,143
368,168,49
369,121,181
370,103,114
371,125,93
372,165,62
373,139,63
374,133,63
375,126,140
376,165,109
377,108,192
378,128,180
379,137,172
380,128,62
381,122,61
382,119,61
383,165,50
384,125,55
385,131,52
386,137,52
387,143,53
388,146,55
389,169,43
390,143,62
391,122,122
392,118,109
393,109,121
394,140,164
395,131,172
396,109,186
397,153,149
398,120,59
399,111,79
400,119,187
401,167,112
402,111,138
403,113,140
404,114,143
405,114,146
406,115,156
407,124,137
408,125,136
409,127,136
410,133,130
411,158,114
412,111,71
413,114,57
414,118,57
415,122,138
416,157,132
417,109,59
418,118,164
419,107,76
420,116,91
421,107,168
422,134,148
423,129,109
424,127,157
425,145,108
426,135,116
427,150,120
428,108,178
429,120,94
430,139,154
431,130,164
432,141,138
433,163,122
434,149,140
435,164,128
436,140,125
437,115,84
438,117,107
439,121,108
440,115,103
441,120,52
442,132,48
443,142,47
444,149,47
445,154,50
446,155,60
447,170,79
448,149,71
449,142,73
450,133,73
451,125,71
452,119,69
453,115,67
454,166,77
455,120,109
456,112,87
457,113,108
458,108,112
459,112,109
460,118,111
461,107,113
462,106,114
463,116,62
464,112,64
465,111,67
466,148,57
467,152,54
468,56,56
469,63,56
470,56,50
471,49,56
472,56,62
473,133,57
474,140,57
475,133,50
476,126,56
477,133,63
