0,101,133
1,96,112
2,98,116
3,91,85
4,96,105
5,96,94
6,98,66
7,48,59
8,98,48
9,98,38
10,98,-3
11,102,136
12,102,138
13,102,139
14,102,140
15,102,144
16,102,149
17,102,154
18,100,159
19,97,115
20,89,114
21,25,27
22,69,65
23,62,66
24,55,66
25,46,61
26,75,63
27,56,45
28,65,46
29,49,46
30,44,49
31,41,65
32,73,168
33,46,56
34,23,59
35,34,59
36,62,98
37,91,131
38,93,137
39,83,131
40,77,132
41,85,136
42,80,135
43,66,140
44,90,112
45,89,104
46,35,42
47,77,80
48,73,105
49,73,100
50,41,94
51,90,94
52,49,37
53,40,38
54,29,15
55,82,46
56,73,49
57,60,132
58,34,126
59,79,110
60,85,112
61,69,134
62,71,134
63,37,32
64,73,107
65,63,40
66,61,33
67,55,0
68,33,25
69,59,16
70,31,37
71,28,34
72,92,134
73,84,134
74,78,134
75,80,111
76,70,134
77,73,137
78,72,134
79,82,110
80,81,136
81,87,137
82,94,139
83,89,158
84,92,153
85,92,148
86,93,143
87,94,139
88,81,136
89,79,138
90,78,141
91,76,143
92,67,123
93,27,89
94,97,116
95,77,135
96,75,136
97,87,115
98,76,110
99,86,114
100,70,83
101,58,87
102,72,103
103,39,6
104,43,18
105,47,30
106,72,147
107,79,37
108,77,16
109,75,-3
110,49,64
111,35,70
112,79,62
113,39,51
114,82,76
115,78,104
116,27,75
117,38,76
118,46,80
119,60,79
120,70,76
121,77,73
122,91,68
123,28,90
124,34,49
125,93,115
126,77,88
127,24,56
128,82,69
129,72,102
130,43,56
131,78,98
132,30,107
133,79,59
134,83,96
135,45,147
136,48,155
137,24,90
138,37,136
139,25,46
140,72,176
141,94,116
142,71,92
143,30,59
144,55,62
145,62,62
146,72,138
147,29,105
148,85,187
149,65,174
150,57,166
151,98,16
152,100,190
153,68,61
154,74,60
155,77,59
156,30,46
157,72,54
158,65,52
159,58,51
160,52,52
161,49,54
162,23,40
163,51,61
164,98,121
165,74,121
166,79,109
167,87,121
168,98,56
169,54,158
170,63,167
171,84,182
172,40,142
173,76,57
174,86,80
175,100,185
176,74,182
177,27,107
178,87,138
179,85,141
180,84,145
181,83,149
182,80,153
183,75,135
184,74,134
185,73,133
186,62,127
187,36,110
188,86,71
189,83,55
190,79,55
191,77,135
192,37,127
193,88,56
194,76,160
195,97,84
196,91,77
197,97,75
198,81,91
199,100,177
200,100,167
201,88,166
202,61,143
203,67,107
204,68,152
205,50,105
206,60,114
207,45,116
208,85,175
209,77,94
210,55,149
211,65,159
212,54,133
213,31,117
214,46,135
215,31,122
216,55,122
217,82,84
218,80,108
219,75,108
220,83,104
221,77,49
222,64,44
223,53,43
224,45,43
225,40,46
226,39,57
227,23,75
228,44,69
229,51,72
230,61,72
231,70,70
232,77,68
233,81,66
234,26,72
235,76,109
236,85,88
237,85,110
238,89,113
239,85,111
240,78,110
241,90,114
242,91,115
243,81,60
244,85,62
245,86,64
246,47,55
247,42,52
248,103,85
249,154,60
250,105,114
251,184,25
252,131,66
253,139,67
254,147,66
255,157,61
256,125,64
257,144,46
258,135,47
259,152,47
260,157,50
261,163,65
262,128,169
263,157,57
264,187,59
265,172,59
266,138,97
267,112,131
268,111,137
269,120,131
270,126,132
271,118,136
272,124,135
273,138,139
274,103,112
275,103,104
276,167,43
277,122,79
278,123,105
279,124,100
280,161,94
281,103,94
282,148,37
283,159,39
284,176,13
285,114,45
286,127,50
287,144,131
288,181,127
289,118,109
290,112,112
291,135,133
292,133,134
293,163,34
294,124,106
295,133,39
296,135,33
297,144,-1
298,170,24
299,139,15
300,171,39
301,178,33
302,111,134
303,119,134
304,125,133
305,117,110
306,134,134
307,130,137
308,132,134
309,113,109
310,123,136
311,117,137
312,110,138
313,111,158
314,112,153
315,112,148
316,111,143
317,110,139
318,123,136
319,125,138
320,126,140
321,128,143
322,134,123
323,189,89
324,127,135
325,129,136
326,109,115
327,123,110
328,110,113
329,130,83
330,143,87
331,126,102
332,164,4
333,157,18
334,151,31
335,131,147
336,116,36
337,120,15
338,123,-3
339,153,65
340,171,70
341,121,63
342,164,52
343,116,76
344,118,104
345,180,74
346,165,75
347,155,79
348,141,78
349,130,75
350,122,73
351,105,68
352,179,89
353,170,50
354,101,115
355,121,87
356,190,55
357,116,69
358,127,101
359,160,57
360,118,98
361,187,107
362,121,60
363,111,95
364,163,148
365,163,156
366,187,90
367,173,137
368,183,45
369,129,177
370,101,116
371,129,92
372,178,60
373,146,63
374,139,63
375,132,138
376,179,104
377,115,188
378,139,176
379,150,167
380,133,62
381,127,61
382,123,61
383,175,48
384,129,55
385,136,53
386,143,53
387,149,54
388,153,55
389,189,38
390,151,61
391,126,120
392,118,109
393,110,120
394,152,159
395,141,168
396,116,183
397,173,143
398,124,58
399,110,80
400,128,183
401,185,107
402,117,137
403,119,140
404,120,144
405,121,149
406,122,153
407,128,134
408,130,133
409,131,133
410,141,126
411,169,109
412,111,71
413,115,55
414,120,56
415,127,135
416,170,127
417,108,56
418,125,161
419,104,77
420,116,91
421,112,166
422,144,143
423,133,106
424,135,153
425,151,105
426,141,113
427,159,116
428,114,175
429,121,94
430,149,150
431,139,160
432,151,133
433,177,117
434,160,135
435,181,122
436,148,121
437,116,83
438,115,108
439,121,108
440,111,104
441,121,49
442,134,44
443,145,43
444,154,44
445,161,47
446,165,58
447,188,74
448,159,69
449,150,71
450,140,72
451,131,70
452,123,68
453,118,66
454,190,72
455,121,108
456,110,87
457,109,110
458,106,113
459,110,111
460,120,110
461,104,114
462,103,115
463,119,61
464,114,63
465,111,64
466,156,56
467,160,53
468,61,55
469,68,55
470,61,48
471,54,55
472,61,61
473,143,56
474,150,56
475,142,50
476,135,56
477,143,63
