0,98,136
1,95,114
2,97,119
3,90,86
4,95,107
5,95,95
6,96,67
7,52,58
8,97,48
9,97,38
10,98,0
11,98,138
12,99,140
13,99,141
14,99,141
15,99,143
16,99,146
17,99,149
18,98,160
19,96,118
20,88,116
21,30,29
22,70,64
23,64,65
24,58,65
25,50,60
26,75,62
27,60,47
28,67,47
29,53,48
30,49,50
31,44,65
32,72,171
33,50,56
34,27,61
35,37,59
36,62,99
37,88,134
38,89,139
39,80,135
40,73,135
41,82,138
42,76,137
43,64,142
44,89,114
45,88,106
46,40,44
47,77,81
48,72,107
49,72,102
50,42,95
51,89,96
52,55,40
53,46,41
54,35,18
55,83,48
56,73,50
57,58,134
58,35,128
59,77,112
60,83,115
61,64,135
62,66,135
63,43,36
64,72,109
65,67,42
66,66,36
67,59,3
68,37,27
69,62,18
70,37,40
71,32,36
72,89,137
73,80,136
74,74,136
75,79,113
76,65,135
77,69,138
78,67,136
79,81,112
80,77,138
81,83,139
82,90,140
83,88,159
84,89,149
85,89,145
86,90,142
87,90,140
88,77,138
89,76,139
90,74,140
91,73,142
92,65,126
93,29,90
94,96,119
95,72,137
96,71,137
97,86,118
98,74,113
99,85,116
100,70,84
101,59,88
102,71,105
103,43,9
104,46,20
105,53,34
106,71,149
107,81,39
108,78,18
109,76,1
110,52,63
111,37,70
112,79,61
113,43,52
114,82,77
115,76,106
116,30,76
117,41,76
118,49,79
119,61,78
120,70,75
121,77,72
122,90,68
123,29,91
124,38,51
125,92,117
126,76,89
127,28,58
128,82,69
129,71,104
130,47,56
131,77,100
132,31,108
133,78,58
134,82,97
135,45,149
136,47,157
137,26,91
138,37,138
139,30,47
140,71,179
141,93,118
142,70,94
143,32,60
144,58,60
145,64,61
146,68,138
147,30,106
148,85,191
149,65,178
150,57,169
151,97,19
152,100,193
153,69,60
154,74,59
155,77,59
156,34,48
157,72,54
158,67,52
159,61,52
160,56,53
161,53,54
162,28,42
163,55,59
164,97,124
165,72,123
166,77,111
167,86,124
168,97,57
169,54,161
170,62,170
171,84,186
172,40,145
173,76,57
174,85,81
175,99,187
176,74,185
177,28,108
178,83,139
179,82,141
180,81,143
181,80,146
182,78,155
183,71,136
184,69,136
185,68,135
186,60,129
187,37,111
188,86,72
189,83,55
190,79,55
191,72,137
192,37,128
193,88,56
194,75,163
195,96,86
196,90,78
197,96,77
198,80,93
199,99,179
200,98,169
201,86,168
202,59,145
203,65,109
204,67,155
205,50,107
206,59,116
207,45,117
208,84,178
209,75,96
210,54,152
211,63,162
212,53,135
213,32,118
214,45,137
215,31,124
216,54,123
217,81,85
218,79,110
219,74,110
220,82,106
221,78,50
222,67,46
223,58,44
224,50,45
225,45,48
226,43,58
227,26,76
228,47,68
229,54,71
230,62,71
231,70,69
232,76,67
233,81,65
234,28,74
235,74,111
236,84,89
237,84,112
238,88,115
239,84,113
240,76,113
241,89,117
242,90,117
243,81,59
244,84,62
245,86,64
246,51,55
247,47,52
248,102,86
249,147,58
250,105,116
251,177,28
252,128,64
253,135,65
254,142,65
255,151,61
256,122,63
257,139,48
258,130,48
259,146,48
260,151,50
261,158,66
262,127,172
263,150,57
264,181,61
265,165,61
266,136,99
267,109,134
268,108,139
269,119,134
270,126,134
271,117,137
272,124,136
273,137,141
274,102,114
275,102,106
276,161,45
277,120,81
278,123,107
279,123,102
280,158,95
281,102,96
282,144,40
283,154,41
284,169,17
285,112,48
286,123,51
287,144,134
288,181,129
289,118,111
290,111,114
291,136,134
292,134,135
293,158,37
294,124,109
295,130,42
296,132,36
297,140,3
298,163,27
299,135,18
300,165,42
301,171,36
302,109,137
303,118,136
304,125,135
305,116,112
306,135,135
307,130,137
308,133,135
309,112,111
310,123,137
311,116,139
312,108,140
313,109,160
314,109,148
315,109,145
316,108,142
317,108,140
318,123,137
319,124,138
320,125,140
321,126,142
322,133,125
323,185,91
324,128,136
325,129,137
326,108,117
327,122,112
328,110,116
329,128,84
330,140,88
331,125,104
332,158,8
333,152,21
334,146,34
335,130,149
336,115,39
337,117,18
338,121,0
339,147,63
340,166,71
341,118,62
342,158,53
343,114,77
344,117,106
345,175,76
346,161,76
347,152,79
348,138,78
349,127,75
350,120,73
351,104,68
352,175,91
353,164,53
354,100,117
355,120,89
356,184,57
357,114,69
358,126,103
359,153,57
360,117,100
361,184,110
362,118,60
363,110,97
364,163,151
365,163,159
366,183,92
367,173,139
368,176,47
369,129,180
370,100,118
371,127,93
372,171,63
373,141,60
374,135,60
375,131,138
376,176,106
377,115,191
378,139,179
379,151,171
380,129,60
381,123,60
382,119,60
383,169,51
384,124,56
385,131,54
386,137,53
387,143,54
388,146,55
389,182,41
390,144,59
391,125,123
392,117,111
393,109,123
394,151,162
395,141,171
396,115,186
397,173,146
398,120,58
399,109,81
400,128,186
401,182,109
402,116,139
403,117,140
404,118,143
405,118,146
406,121,155
407,129,136
408,130,135
409,131,134
410,140,129
411,166,111
412,109,72
413,112,56
414,117,56
415,128,136
416,169,129
417,106,57
418,124,163
419,103,78
420,115,92
421,111,168
422,143,146
423,132,109
424,134,155
425,149,107
426,140,115
427,157,117
428,114,178
429,120,95
430,149,152
431,138,163
432,150,135
433,175,119
434,159,137
435,180,125
436,147,123
437,114,85
438,114,110
439,120,110
440,110,106
441,118,51
442,130,46
443,141,45
444,149,46
445,155,48
446,159,59
447,183,76
448,154,69
449,146,71
450,136,71
451,127,70
452,120,68
453,115,66
454,185,74
455,121,111
456,108,89
457,108,112
458,105,115
459,109,113
460,119,112
461,103,116
462,102,117
463,115,60
464,112,63
465,110,64
466,148,56
467,154,53
468,63,56
469,69,56
470,63,50
471,56,56
472,62,62
473,136,56
474,143,56
475,136,50
476,129,56
477,136,62
