0,99,134
1,117,104
2,107,112
3,106,79
4,118,96
5,116,87
6,107,63
7,42,54
8,105,41
9,107,31
10,106,-4
11,99,136
12,98,138
13,97,140
14,97,140
15,97,142
16,97,145
17,96,148
18,95,161
19,114,108
20,103,108
21,-3,16
22,63,62
23,56,63
24,48,61
25,36,56
26,69,61
27,58,38
28,65,40
29,49,38
30,42,41
31,28,59
32,61,170
33,39,52
34,-8,51
35,17,52
36,61,94
37,91,132
38,90,138
39,81,134
40,73,136
41,82,138
42,74,138
43,55,144
44,110,103
45,110,96
46,32,29
47,77,77
48,83,100
49,81,96
50,33,91
51,108,87
52,58,22
53,44,24
54,12,3
55,90,36
56,71,44
57,50,136
58,-12,127
59,88,105
60,94,108
61,62,139
62,64,139
63,39,17
64,80,103
65,73,26
66,74,18
67,58,-8
68,24,11
69,65,5
70,24,24
71,9,22
72,90,135
73,81,136
74,74,137
75,89,106
76,63,139
77,67,140
78,65,139
79,96,102
80,75,139
81,82,139
82,89,139
83,84,159
84,87,147
85,88,144
86,89,141
87,89,139
88,75,138
89,74,139
90,73,141
91,71,142
92,65,123
93,-22,85
94,110,110
95,70,138
96,69,139
97,96,111
98,80,108
99,95,109
100,68,80
101,55,84
102,77,99
103,32,-4
104,42,5
105,56,15
106,63,150
107,91,24
108,86,9
109,82,-7
110,41,59
111,17,64
112,73,59
113,31,42
114,84,72
115,91,97
116,5,69
117,25,70
118,37,75
119,53,75
120,64,73
121,73,70
122,99,64
123,6,86
124,23,40
125,110,107
126,79,84
127,-20,49
128,80,66
129,74,99
130,34,50
131,89,92
132,-19,106
133,73,56
134,99,89
135,17,151
136,11,159
137,-11,86
138,4,138
139,0,35
140,57,178
141,108,109
142,71,89
143,6,52
144,50,57
145,57,58
146,66,140
147,5,102
148,70,190
149,41,178
150,28,171
151,107,13
152,87,191
153,62,58
154,68,57
155,71,57
156,14,37
157,67,53
158,61,52
159,56,52
160,50,51
161,45,51
162,-13,30
163,46,56
164,105,118
165,76,119
166,89,103
167,94,118
168,105,53
169,30,162
170,43,170
171,73,184
172,-1,145
173,71,55
174,94,75
175,90,186
176,56,185
177,-10,104
178,82,138
179,81,140
180,80,142
181,79,145
182,72,155
183,68,138
184,67,138
185,66,137
186,57,128
187,21,108
188,92,68
189,82,50
190,75,51
191,70,139
192,15,127
193,92,51
194,65,163
195,113,79
196,102,72
197,110,71
198,88,86
199,92,178
200,93,169
201,80,168
202,46,147
203,66,105
204,54,156
205,46,103
206,57,112
207,35,115
208,76,177
209,81,90
210,37,153
211,48,162
212,41,136
213,5,116
214,27,137
215,-5,122
216,48,122
217,87,80
218,94,101
219,86,102
220,101,96
221,78,42
222,69,35
223,59,32
224,48,32
225,39,36
226,26,51
227,-10,68
228,33,64
229,43,67
230,53,68
231,63,67
232,71,65
233,76,63
234,-22,67
235,84,105
236,97,82
237,103,102
238,105,106
239,101,103
240,85,107
241,107,107
242,105,109
243,76,56
244,81,59
245,86,61
246,42,52
247,36,44
248,117,80
249,139,66
250,116,109
251,146,37
252,122,69
253,128,71
254,134,71
255,139,68
256,118,66
257,135,47
258,128,47
259,141,49
260,143,53
261,142,73
262,111,171
263,140,64
264,142,68
265,144,67
266,129,101
267,106,133
268,103,139
269,110,136
270,113,139
271,107,140
272,110,141
273,118,147
274,121,104
275,123,97
276,150,44
277,119,81
278,126,103
279,125,99
280,142,101
281,121,88
282,144,33
283,149,37
284,147,24
285,120,38
286,121,50
287,123,141
288,123,135
289,121,107
290,116,110
291,115,144
292,114,143
293,150,32
294,124,107
295,135,33
296,137,26
297,136,4
298,148,30
299,135,18
300,151,41
301,149,41
302,104,137
303,109,138
304,111,140
305,119,109
306,115,143
307,113,144
308,113,143
309,122,105
310,108,141
311,105,140
312,101,140
313,102,160
314,103,148
315,103,145
316,103,142
317,102,140
318,108,141
319,110,142
320,111,144
321,112,146
322,123,127
323,129,99
324,110,142
325,112,143
326,114,112
327,120,111
328,115,111
329,123,86
330,132,92
331,124,103
332,144,13
333,144,22
334,145,27
335,114,152
336,124,27
337,123,16
338,124,0
339,137,70
340,145,78
341,115,64
342,145,56
343,116,76
344,126,100
345,146,83
346,145,84
347,141,86
348,131,83
349,123,79
350,118,75
351,112,66
352,147,99
353,147,55
354,116,108
355,120,88
356,134,67
357,115,70
358,123,103
359,142,64
360,125,95
361,126,116
362,114,61
363,123,91
364,126,154
365,118,161
366,141,100
367,130,144
368,146,54
369,110,178
370,113,110
371,123,94
372,144,69
373,134,67
374,129,67
375,114,145
376,144,113
377,99,189
378,111,177
379,114,170
380,124,65
381,119,63
382,116,62
383,147,54
384,120,58
385,125,57
386,131,57
387,136,58
388,139,60
389,142,51
390,137,67
391,121,122
392,122,106
393,113,119
394,120,163
395,115,170
396,102,184
397,121,150
398,116,60
399,117,78
400,106,184
401,138,116
402,106,140
403,107,142
404,108,144
405,108,147
406,109,157
407,112,142
408,113,142
409,115,141
410,124,133
411,141,117
412,114,70
413,113,54
414,115,56
415,110,142
416,135,134
417,111,53
418,110,164
419,115,73
420,121,89
421,102,168
422,122,150
423,126,110
424,116,158
425,136,110
426,129,118
427,137,123
428,103,177
429,122,94
430,123,156
431,117,163
432,127,142
433,139,125
434,131,143
435,134,130
436,130,128
437,118,83
438,125,103
439,125,106
440,125,98
441,120,46
442,131,42
443,139,42
444,145,44
445,147,49
446,143,65
447,142,84
448,141,76
449,137,77
450,129,76
451,122,74
452,117,70
453,114,67
454,130,83
455,123,108
456,120,84
457,124,103
458,118,107
459,121,105
460,120,110
461,118,108
462,114,110
463,113,61
464,112,63
465,112,64
466,140,62
467,144,58
468,61,55
469,65,55
470,61,49
471,56,54
472,60,61
473,130,61
474,136,62
475,131,55
476,124,60
477,129,67
