0,92,128
1,97,104
2,98,113
3,89,80
4,96,95
5,96,86
6,96,65
7,46,65
8,95,50
9,95,40
10,93,0
11,92,131
12,93,133
13,94,135
14,95,157
15,95,160
16,94,163
17,95,167
18,102,172
19,97,109
20,90,109
21,13,46
22,65,69
23,58,70
24,51,70
25,42,68
26,71,67
27,55,53
28,62,53
29,48,55
30,43,58
31,35,74
32,71,185
33,44,64
34,11,79
35,25,71
36,56,102
37,81,127
38,82,134
39,71,131
40,64,135
41,74,135
42,68,137
43,60,154
44,90,104
45,89,96
46,32,55
47,73,83
48,70,104
49,69,100
50,33,103
51,89,87
52,51,47
53,40,50
54,20,30
55,82,50
56,69,55
57,53,144
58,23,157
59,77,108
60,84,110
61,59,144
62,62,143
63,35,46
64,70,107
65,65,47
66,63,41
67,49,8
68,26,37
69,55,22
70,27,52
71,19,50
72,81,131
73,72,133
74,66,136
75,78,110
76,60,143
77,63,150
78,63,143
79,81,105
80,70,137
81,76,136
82,84,135
83,89,172
84,82,167
85,83,162
86,84,159
87,85,157
88,72,152
89,70,153
90,67,155
91,66,157
92,61,128
93,12,118
94,98,111
95,68,149
96,65,149
97,86,113
98,72,112
99,85,112
100,65,88
101,52,93
102,68,104
103,32,17
104,38,28
105,48,41
106,68,161
107,80,41
108,73,19
109,69,2
110,46,70
111,26,80
112,75,66
113,35,62
114,79,78
115,75,101
116,16,90
117,32,84
118,42,86
119,56,84
120,66,80
121,74,76
122,89,67
123,17,105
124,28,62
125,93,109
126,73,90
127,10,82
128,79,72
129,67,105
130,40,65
131,75,96
132,16,137
133,75,63
134,82,91
135,38,169
136,40,182
137,12,112
138,28,160
139,15,63
140,70,195
141,94,111
142,66,96
143,18,73
144,53,65
145,58,65
146,62,150
147,18,121
148,86,207
149,61,198
150,51,191
151,94,18
152,104,208
153,64,65
154,69,64
155,73,63
156,22,61
157,68,59
158,62,58
159,56,58
160,51,59
161,47,61
162,10,62
163,49,65
164,99,118
165,69,123
166,77,107
167,86,119
168,96,58
169,48,179
170,59,187
171,85,200
172,31,172
173,72,61
174,84,79
175,103,201
176,72,203
177,14,130
178,77,155
179,75,156
180,74,159
181,73,163
182,77,168
183,64,140
184,62,140
185,61,139
186,55,135
187,27,122
188,84,72
189,80,58
190,75,59
191,66,140
192,28,144
193,87,59
194,74,176
195,96,79
196,89,74
197,96,72
198,78,90
199,103,191
200,103,181
201,88,181
202,55,158
203,61,112
204,63,168
205,44,112
206,55,120
207,38,126
208,86,190
209,72,95
210,50,167
211,60,176
212,48,147
213,21,136
214,39,151
215,19,146
216,49,130
217,79,84
218,78,104
219,73,106
220,82,98
221,75,54
222,64,51
223,53,51
224,45,53
225,38,57
226,33,68
227,10,96
228,39,76
229,47,77
230,57,76
231,66,74
232,73,71
233,77,69
234,11,100
235,73,108
236,83,84
237,84,104
238,89,108
239,84,106
240,75,111
241,91,108
242,92,110
243,77,63
244,81,65
245,84,66
246,45,63
247,40,61
248,103,80
249,149,64
250,106,109
251,183,39
252,129,69
253,137,70
254,144,70
255,153,67
256,123,68
257,139,52
258,131,52
259,147,53
260,152,56
261,161,71
262,136,183
263,152,63
264,189,73
265,171,68
266,142,99
267,106,126
268,106,132
269,121,129
270,131,132
271,118,133
272,127,134
273,146,151
274,104,103
275,105,95
276,162,51
277,123,81
278,126,102
279,127,98
280,167,98
281,104,87
282,142,43
283,154,46
284,173,24
285,110,49
286,124,54
287,152,141
288,188,152
289,120,107
290,113,109
291,143,139
292,141,139
293,158,42
294,128,105
295,128,44
296,129,38
297,139,4
298,167,32
299,134,19
300,168,48
301,177,44
302,106,130
303,119,131
304,129,133
305,118,108
306,142,139
307,137,146
308,140,139
309,115,104
310,126,135
311,117,134
312,106,134
313,116,171
314,109,165
315,108,161
316,108,158
317,107,156
318,127,149
319,128,150
320,130,151
321,131,153
322,141,125
323,194,112
324,133,146
325,135,146
326,111,112
327,126,110
328,112,111
329,132,85
330,146,89
331,129,102
332,159,12
333,153,24
334,145,38
335,138,159
336,111,40
337,115,18
338,118,0
339,150,69
340,171,76
341,119,66
342,160,59
343,116,77
344,120,99
345,184,84
346,165,80
347,155,82
348,140,81
349,129,78
350,120,75
351,104,67
352,185,99
353,167,59
354,102,108
355,123,88
356,193,75
357,114,71
358,130,102
359,156,64
360,120,94
361,193,131
362,119,64
363,112,90
364,172,165
365,172,178
366,193,106
367,182,155
368,183,57
369,137,193
370,101,111
371,131,93
372,178,69
373,142,65
374,136,66
375,138,147
376,186,116
377,122,206
378,148,195
379,159,188
380,130,65
381,124,64
382,121,64
383,174,58
384,126,59
385,132,58
386,138,58
387,144,59
388,148,61
389,189,55
390,146,65
391,131,121
392,120,106
393,113,118
394,160,176
395,149,184
396,122,199
397,181,167
398,121,62
399,110,78
400,136,201
401,192,124
402,118,153
403,119,154
404,120,157
405,121,160
406,128,166
407,135,136
408,137,136
409,138,135
410,148,132
411,176,118
412,110,71
413,112,59
414,117,59
415,134,136
416,178,140
417,105,58
418,132,174
419,104,73
420,117,89
421,118,180
422,151,155
423,138,109
424,143,166
425,156,108
426,146,117
427,165,122
428,121,189
429,124,93
430,158,164
431,147,174
432,158,143
433,185,131
434,168,147
435,189,141
436,154,127
437,116,83
438,117,103
439,124,105
440,112,97
441,117,53
442,129,49
443,140,48
444,149,50
445,156,54
446,162,66
447,192,89
448,157,74
449,149,75
450,139,75
451,129,73
452,121,71
453,116,69
454,194,93
455,124,107
456,110,83
457,110,103
458,106,107
459,111,105
460,122,109
461,105,108
462,104,110
463,116,64
464,112,65
465,109,66
466,150,62
467,155,59
468,58,61
469,65,60
470,58,55
471,51,62
472,59,67
473,137,61
474,145,61
475,137,55
476,130,61
477,137,66
