0,98,134
1,101,112
2,99,117
3,94,85
4,101,104
5,101,93
6,100,66
7,46,60
8,100,46
9,100,36
10,100,-2
11,98,136
12,98,139
13,98,140
14,98,140
15,98,144
16,97,148
17,97,153
18,98,165
19,100,115
20,92,114
21,16,27
22,67,66
23,60,67
24,53,67
25,42,62
26,73,65
27,56,44
28,65,45
29,48,46
30,43,49
31,36,67
32,68,175
33,43,57
34,13,61
35,27,61
36,61,99
37,88,132
38,89,138
39,79,132
40,72,133
41,81,137
42,74,136
43,62,145
44,94,111
45,94,104
46,34,44
47,76,81
48,76,106
49,75,101
50,38,97
51,94,93
52,53,37
53,42,39
54,24,15
55,84,45
56,72,49
57,56,137
58,17,132
59,81,110
60,87,113
61,62,135
62,64,136
63,39,34
64,75,108
65,67,38
66,66,33
67,56,0
68,30,24
69,61,15
70,29,40
71,22,34
72,88,135
73,80,135
74,73,135
75,82,112
76,63,135
77,67,139
78,65,136
79,85,110
80,75,137
81,82,138
82,89,139
83,87,164
84,87,152
85,88,147
86,88,143
87,89,140
88,75,138
89,74,140
90,72,142
91,71,144
92,66,126
93,10,92
94,100,116
95,70,137
96,69,138
97,89,116
98,77,112
99,88,114
100,68,84
101,56,89
102,73,104
103,37,5
104,43,17
105,51,31
106,68,153
107,83,35
108,79,16
109,77,-2
110,46,65
111,28,72
112,77,63
113,36,53
114,82,76
115,81,104
116,20,76
117,34,78
118,45,81
119,59,80
120,69,77
121,76,74
122,93,67
123,20,92
124,30,52
125,96,115
126,77,89
127,9,58
128,82,70
129,72,104
130,39,57
131,80,99
132,12,112
133,76,61
134,87,95
135,34,154
136,33,163
137,12,93
138,25,142
139,17,46
140,67,183
141,97,116
142,70,94
143,20,62
144,54,63
145,60,63
146,66,140
147,21,108
148,81,195
149,56,182
150,46,174
151,100,16
152,97,197
153,66,62
154,71,61
155,75,61
156,24,49
157,70,54
158,64,51
159,57,50
160,51,52
161,47,54
162,11,41
163,49,62
164,99,122
165,74,123
166,81,110
167,88,122
168,100,56
169,45,165
170,55,174
171,81,190
172,24,149
173,74,58
174,88,80
175,97,192
176,68,190
177,14,110
178,82,139
179,80,141
180,79,145
181,78,149
182,76,159
183,69,136
184,67,135
185,66,134
186,59,131
187,31,113
188,87,71
189,82,56
190,77,56
191,70,136
192,29,132
193,90,56
194,72,167
195,100,84
196,93,77
197,100,75
198,82,92
199,98,183
200,98,173
201,85,172
202,55,149
203,66,109
204,63,159
205,48,108
206,58,117
207,41,119
208,82,182
209,77,95
210,48,156
211,58,166
212,49,139
213,22,121
214,39,141
215,18,127
216,52,125
217,82,84
218,83,108
219,78,109
220,87,104
221,77,49
222,66,43
223,55,42
224,46,43
225,40,47
226,34,59
227,12,77
228,41,70
229,49,73
230,59,73
231,68,71
232,75,69
233,79,67
234,9,75
235,78,110
236,88,87
237,89,110
238,92,113
239,88,110
240,79,112
241,94,114
242,94,115
243,79,61
244,83,63
245,86,65
246,44,56
247,40,53
248,106,85
249,148,60
250,107,114
251,173,30
252,127,66
253,134,67
254,141,67
255,151,62
256,122,65
257,140,45
258,132,46
259,148,47
260,152,50
261,156,67
262,125,175
263,151,58
264,175,63
265,164,62
266,135,100
267,108,132
268,107,138
269,117,133
270,123,134
271,114,137
272,120,137
273,131,145
274,107,111
275,108,104
276,162,44
277,120,81
278,122,106
279,122,102
280,156,98
281,107,94
282,147,37
283,156,39
284,168,17
285,115,45
286,124,50
287,137,137
288,166,133
289,117,111
290,111,113
291,131,136
292,129,137
293,160,34
294,122,109
295,134,38
296,135,32
297,142,1
298,164,26
299,138,17
300,166,41
301,170,36
302,108,135
303,116,135
304,122,136
305,115,112
306,130,137
307,126,140
308,128,137
309,114,110
310,119,138
311,113,139
312,106,139
313,108,164
314,107,152
315,107,147
316,107,143
317,106,140
318,119,139
319,120,140
320,122,142
321,123,145
322,130,126
323,173,94
324,123,138
325,124,139
326,109,116
327,120,112
328,110,115
329,127,85
330,139,90
331,123,104
332,158,8
333,154,20
334,149,31
335,126,153
336,118,35
337,120,16
338,123,-1
339,147,65
340,163,73
341,118,64
342,158,53
343,115,77
344,118,105
345,171,78
346,158,78
347,149,81
348,136,80
349,126,77
350,119,74
351,107,68
352,170,94
353,163,52
354,104,115
355,120,89
356,176,60
357,114,71
358,124,104
359,154,58
360,118,99
361,170,113
362,118,61
363,113,96
364,154,154
365,152,162
366,174,94
367,162,143
368,173,48
369,126,183
370,103,116
371,126,94
372,169,63
373,141,62
374,135,62
375,127,141
376,169,109
377,112,195
378,133,182
379,142,173
380,129,62
381,123,61
382,120,61
383,168,50
384,125,55
385,132,52
386,138,51
387,144,52
388,148,55
389,176,43
390,145,61
391,123,123
392,117,110
393,109,122
394,145,165
395,136,174
396,113,189
397,160,149
398,121,59
399,111,80
400,124,189
401,172,111
402,113,139
403,114,142
404,115,145
405,116,149
406,118,159
407,125,137
408,126,136
409,127,135
410,135,131
411,161,114
412,111,72
413,114,56
414,118,56
415,123,137
416,161,132
417,108,57
418,121,166
419,107,77
420,116,92
421,110,172
422,137,149
423,130,110
424,130,159
425,146,108
426,136,117
427,152,120
428,112,181
429,120,95
430,143,156
431,134,166
432,143,139
433,166,122
434,152,141
435,168,127
436,142,125
437,115,84
438,116,108
439,120,109
440,113,104
441,120,49
442,132,44
443,143,42
444,151,44
445,156,48
446,158,60
447,175,78
448,152,71
449,145,73
450,135,73
451,126,71
452,120,69
453,116,67
454,174,77
455,120,110
456,112,88
457,111,110
458,108,113
459,111,111
460,118,112
461,106,114
462,105,115
463,116,62
464,112,64
465,110,66
466,150,56
467,154,53
468,55,57
469,62,56
470,55,50
471,49,57
472,55,63
473,136,57
474,143,57
475,136,50
476,129,57
477,136,63
