0,98,133
1,97,116
2,98,121
3,90,88
4,97,108
5,97,97
6,97,68
7,46,60
8,96,46
9,96,35
10,95,-2
11,98,135
12,98,136
13,98,137
14,98,146
15,98,149
16,98,153
17,98,157
18,100,164
19,98,120
20,89,118
21,17,29
22,66,67
23,59,67
24,52,67
25,43,62
26,72,65
27,54,48
28,62,48
29,47,49
30,42,51
31,36,67
32,69,175
33,43,58
34,13,62
35,27,61
36,56,100
37,86,131
38,87,135
39,76,132
40,69,132
41,79,135
42,72,134
43,58,141
44,91,116
45,90,108
46,31,46
47,74,82
48,71,108
49,70,103
50,32,97
51,90,97
52,48,40
53,38,42
54,24,17
55,80,48
56,70,51
57,51,132
58,19,133
59,76,113
60,83,116
61,59,133
62,62,134
63,34,37
64,70,110
65,61,42
66,60,36
67,52,1
68,28,25
69,56,16
70,27,41
71,22,35
72,87,134
73,77,133
74,70,133
75,78,114
76,61,134
77,65,139
78,63,134
79,81,114
80,73,135
81,80,135
82,88,136
83,87,163
84,86,156
85,86,152
86,87,148
87,88,146
88,73,141
89,72,142
90,70,144
91,68,146
92,60,125
93,13,93
94,98,121
95,69,138
96,67,138
97,86,119
98,72,113
99,85,118
100,65,86
101,52,89
102,69,106
103,34,7
104,39,18
105,45,34
106,66,150
107,77,39
108,74,16
109,71,-1
110,46,65
111,27,72
112,76,64
113,35,54
114,79,78
115,76,108
116,17,77
117,32,78
118,41,81
119,56,80
120,66,78
121,74,75
122,89,70
123,16,93
124,29,53
125,93,119
126,73,91
127,12,59
128,79,72
129,68,105
130,40,58
131,76,102
132,14,112
133,75,62
134,83,99
135,34,154
136,36,163
137,11,94
138,23,143
139,17,48
140,69,183
141,94,120
142,66,95
143,20,62
144,53,62
145,59,63
146,63,139
147,16,108
148,84,193
149,60,181
150,49,174
151,96,16
152,100,195
153,65,62
154,70,62
155,74,62
156,23,50
157,69,56
158,62,54
159,56,53
160,50,54
161,47,56
162,14,42
163,49,61
164,98,125
165,69,123
166,77,113
167,86,124
168,96,57
169,47,164
170,58,174
171,83,189
172,26,150
173,73,59
174,84,83
175,100,191
176,71,189
177,12,112
178,80,143
179,78,146
180,77,148
181,76,152
182,75,158
183,66,134
184,65,133
185,64,133
186,53,128
187,24,113
188,84,74
189,80,58
190,76,57
191,68,134
192,24,132
193,86,59
194,72,166
195,97,87
196,90,80
197,97,78
198,78,94
199,100,183
200,100,173
201,85,172
202,53,146
203,61,110
204,62,157
205,42,108
206,53,116
207,35,119
208,84,181
209,73,97
210,48,154
211,59,165
212,45,135
213,17,122
214,35,139
215,16,128
216,46,123
217,79,87
218,79,112
219,73,112
220,83,108
221,74,51
222,62,46
223,52,45
224,43,46
225,38,49
226,34,60
227,11,78
228,40,70
229,47,73
230,57,73
231,66,72
232,73,70
233,78,68
234,12,76
235,73,112
236,84,91
237,85,114
238,89,118
239,84,115
240,75,114
241,91,119
242,91,119
243,78,62
244,81,65
245,83,67
246,45,57
247,39,54
248,104,88
249,149,60
250,106,118
251,174,27
252,129,66
253,136,66
254,143,66
255,152,62
256,123,65
257,139,46
258,131,47
259,147,47
260,152,50
261,159,66
262,130,174
263,152,58
264,181,60
265,167,60
266,140,99
267,110,131
268,109,135
269,121,131
270,128,132
271,119,134
272,126,133
273,141,139
274,104,116
275,105,108
276,161,43
277,121,82
278,125,107
279,125,103
280,164,95
281,104,97
282,143,36
283,153,38
284,167,15
285,112,45
286,124,50
287,149,130
288,181,131
289,119,113
290,112,116
291,138,132
292,136,133
293,157,33
294,126,109
295,130,38
296,130,32
297,139,0
298,162,24
299,135,15
300,165,38
301,170,34
302,110,133
303,120,133
304,127,133
305,118,114
306,137,133
307,132,137
308,135,133
309,114,113
310,124,134
311,117,135
312,109,136
313,112,162
314,111,155
315,110,152
316,109,148
317,108,145
318,124,140
319,125,140
320,127,142
321,129,144
322,138,123
323,184,91
324,128,137
325,130,137
326,110,119
327,124,113
328,111,117
329,130,85
330,143,88
331,127,105
332,156,6
333,151,18
334,145,30
335,134,149
336,114,35
337,117,16
338,119,-2
339,149,65
340,167,71
341,119,64
342,159,52
343,115,78
344,119,107
345,177,75
346,162,76
347,153,80
348,139,79
349,128,77
350,121,74
351,104,70
352,179,90
353,165,51
354,102,119
355,121,90
356,181,57
357,115,71
358,128,104
359,155,58
360,119,101
361,184,111
362,119,61
363,112,98
364,166,152
365,164,161
366,185,92
367,176,141
368,175,46
369,131,182
370,101,120
371,129,94
372,174,61
373,142,62
374,136,62
375,134,138
376,181,106
377,116,193
378,140,180
379,151,172
380,130,62
381,124,61
382,121,61
383,170,48
384,126,56
385,133,54
386,139,54
387,145,54
388,148,56
389,178,40
390,146,61
391,129,122
392,119,112
393,111,124
394,153,163
395,142,172
396,117,188
397,174,148
398,122,59
399,110,82
400,129,187
401,185,110
402,117,142
403,118,144
404,120,147
405,121,151
406,125,157
407,131,133
408,133,132
409,134,132
410,146,126
411,173,111
412,109,73
413,114,56
414,118,57
415,130,134
416,174,129
417,107,57
418,128,165
419,104,79
420,116,94
421,114,171
422,146,144
423,135,109
424,138,156
425,155,106
426,144,115
427,163,117
428,116,181
429,122,96
430,152,153
431,141,164
432,154,133
433,181,120
434,164,137
435,183,126
436,152,121
437,115,86
438,116,112
439,122,111
440,112,108
441,119,49
442,130,44
443,141,43
444,149,44
445,155,47
446,160,59
447,183,76
448,155,70
449,147,72
450,138,72
451,128,71
452,122,69
453,117,67
454,183,74
455,123,112
456,110,90
457,110,114
458,107,117
459,111,115
460,121,113
461,105,119
462,104,119
463,117,62
464,113,64
465,111,66
466,150,57
467,155,53
468,58,58
469,66,58
470,58,51
471,50,58
472,58,64
473,138,57
474,147,57
475,138,50
476,130,57
477,139,65
