0,96,132
1,103,110
2,100,116
3,96,85
4,103,103
5,103,92
6,101,67
7,44,60
8,100,50
9,101,40
10,101,0
11,96,133
12,96,135
13,96,136
14,96,141
15,96,144
16,95,147
17,95,150
18,97,162
19,102,114
20,93,113
21,14,28
22,66,67
23,59,68
24,51,67
25,41,62
26,72,66
27,56,47
28,64,48
29,48,47
30,43,50
31,35,67
32,67,174
33,41,57
34,9,62
35,26,62
36,59,99
37,85,130
38,86,134
39,75,130
40,68,130
41,77,133
42,71,132
43,59,143
44,97,110
45,96,102
46,34,45
47,76,81
48,76,105
49,75,100
50,35,97
51,96,93
52,54,39
53,42,41
54,24,16
55,85,48
56,71,51
57,52,135
58,8,136
59,81,110
60,87,112
61,60,130
62,61,131
63,38,36
64,74,107
65,68,41
66,67,35
67,57,1
68,30,25
69,63,17
70,29,41
71,21,35
72,85,132
73,76,132
74,70,131
75,82,111
76,61,131
77,65,134
78,62,131
79,87,109
80,72,133
81,78,134
82,86,135
83,86,161
84,85,149
85,85,145
86,86,142
87,86,140
88,72,136
89,71,137
90,70,138
91,69,140
92,63,125
93,2,96
94,101,115
95,67,134
96,66,134
97,89,115
98,76,111
99,88,114
100,68,85
101,55,89
102,73,103
103,38,6
104,44,18
105,51,34
106,66,150
107,84,38
108,81,17
109,78,-1
110,45,66
111,27,72
112,76,64
113,35,53
114,82,77
115,82,103
116,17,78
117,33,77
118,43,81
119,57,80
120,67,77
121,75,74
122,93,69
123,16,94
124,29,52
125,98,114
126,76,89
127,4,60
128,81,71
129,71,103
130,38,58
131,81,98
132,3,115
133,75,62
134,89,95
135,30,156
136,28,165
137,6,96
138,19,145
139,14,47
140,65,183
141,98,115
142,69,93
143,18,62
144,52,63
145,59,64
146,64,135
147,15,110
148,79,195
149,54,184
150,42,176
151,101,18
152,95,197
153,65,63
154,70,62
155,73,62
156,23,50
157,69,56
158,62,53
159,56,52
160,50,53
161,46,55
162,8,42
163,48,62
164,99,121
165,72,122
166,81,109
167,88,121
168,100,58
169,42,166
170,53,175
171,80,189
172,17,153
173,73,60
174,88,81
175,96,191
176,66,190
177,6,114
178,79,138
179,78,140
180,77,142
181,76,145
182,75,157
183,66,131
184,64,131
185,63,130
186,56,129
187,26,114
188,88,73
189,82,57
190,77,57
191,67,132
192,23,133
193,90,58
194,71,165
195,102,84
196,95,77
197,101,76
198,82,91
199,96,182
200,97,171
201,84,170
202,52,148
203,64,109
204,60,158
205,46,108
206,56,116
207,37,120
208,81,181
209,77,95
210,45,156
211,56,166
212,45,138
213,16,123
214,34,141
215,10,130
216,48,124
217,83,85
218,84,107
219,78,108
220,89,103
221,77,51
222,66,46
223,55,44
224,46,45
225,39,48
226,33,60
227,6,79
228,39,70
229,48,73
230,58,73
231,67,72
232,74,70
233,79,68
234,2,77
235,77,109
236,89,88
237,91,109
238,94,112
239,90,110
240,79,111
241,96,113
242,95,114
243,78,62
244,83,64
245,86,66
246,43,56
247,39,53
248,108,85
249,145,61
250,108,113
251,166,33
252,126,67
253,133,68
254,139,68
255,147,64
256,121,66
257,139,50
258,131,51
259,145,51
260,149,53
261,152,69
262,121,174
263,148,60
264,166,66
265,157,65
266,133,100
267,106,130
268,105,135
269,115,131
270,122,131
271,113,134
272,120,134
273,129,143
274,109,110
275,110,103
276,158,49
277,119,82
278,123,105
279,123,101
280,152,98
281,109,93
282,145,42
283,153,44
284,162,21
285,116,49
286,123,53
287,135,135
288,155,136
289,117,110
290,112,112
291,131,133
292,129,133
293,156,40
294,122,108
295,133,44
296,135,38
297,139,4
298,158,29
299,135,20
300,160,46
301,163,39
302,106,133
303,114,133
304,121,133
305,116,111
306,130,133
307,126,136
308,128,134
309,115,109
310,118,135
311,112,135
312,104,136
313,107,161
314,105,149
315,105,146
316,105,143
317,104,141
318,118,137
319,119,138
320,121,140
321,122,142
322,129,125
323,161,98
324,123,136
325,124,136
326,109,115
327,120,111
328,110,114
329,125,86
330,136,90
331,123,104
332,153,11
333,149,23
334,147,37
335,123,150
336,119,40
337,120,19
338,122,0
339,144,67
340,157,74
341,118,65
342,154,56
343,115,78
344,119,104
345,164,80
346,155,79
347,148,82
348,136,81
349,126,78
350,120,75
351,107,69
352,164,96
353,158,56
354,106,113
355,119,89
356,165,64
357,115,71
358,123,103
359,150,60
360,119,98
361,159,116
362,118,62
363,114,95
364,147,155
365,144,164
366,166,98
367,155,145
368,165,51
369,122,183
370,104,115
371,125,94
372,160,66
373,139,63
374,134,63
375,127,137
376,163,111
377,109,195
378,128,182
379,135,174
380,128,63
381,123,63
382,119,62
383,160,55
384,124,58
385,130,56
386,136,55
387,142,56
388,145,57
389,167,46
390,143,62
391,122,122
392,118,109
393,110,121
394,138,165
395,130,174
396,110,189
397,150,152
398,120,60
399,111,81
400,120,189
401,164,115
402,112,139
403,113,141
404,114,143
405,114,146
406,116,157
407,125,133
408,126,133
409,127,132
410,133,129
411,157,115
412,111,73
413,114,58
414,117,58
415,123,134
416,156,133
417,109,59
418,118,165
419,107,77
420,116,92
421,108,170
422,133,148
423,128,109
424,126,157
425,144,109
426,135,117
427,149,120
428,110,180
429,120,95
430,138,155
431,129,165
432,140,138
433,161,124
434,148,141
435,161,130
436,140,125
437,115,85
438,117,107
439,121,108
440,115,103
441,120,53
442,132,48
443,142,47
444,149,48
445,153,51
446,153,62
447,167,82
448,149,72
449,143,74
450,134,74
451,126,72
452,120,70
453,116,68
454,162,81
455,120,109
456,112,88
457,113,108
458,109,112
459,112,110
460,118,111
461,108,113
462,106,114
463,116,63
464,112,65
465,111,66
466,147,59
467,151,56
468,54,58
469,61,58
470,55,52
471,48,58
472,53,64
473,134,58
474,140,58
475,134,53
476,127,59
477,134,64
