0,98,131
1,104,107
2,101,114
3,96,82
4,105,99
5,104,89
6,101,66
7,46,63
8,101,49
9,101,40
10,101,1
11,98,133
12,97,135
13,97,136
14,96,147
15,96,149
16,96,152
17,95,155
18,97,164
19,103,111
20,94,111
21,12,36
22,67,68
23,59,69
24,52,68
25,42,66
26,73,67
27,57,50
28,65,50
29,49,51
30,43,54
31,34,70
32,65,176
33,43,62
34,8,69
35,25,66
36,57,97
37,86,130
38,85,134
39,73,131
40,63,132
41,75,134
42,66,134
43,52,142
44,98,107
45,97,99
46,33,48
47,75,81
48,73,102
49,72,98
50,32,95
51,97,89
52,54,40
53,42,43
54,22,22
55,86,47
56,72,53
57,45,132
58,9,142
59,79,107
60,86,110
61,51,134
62,53,134
63,37,39
64,71,105
65,68,41
66,68,35
67,56,4
68,29,30
69,62,19
70,27,45
71,19,41
72,85,132
73,74,132
74,65,133
75,80,108
76,52,134
77,57,139
78,55,134
79,86,106
80,67,134
81,76,135
82,86,136
83,84,163
84,82,154
85,83,151
86,84,148
87,85,146
88,67,142
89,66,142
90,63,143
91,62,145
92,57,122
93,1,104
94,102,113
95,61,139
96,59,139
97,89,112
98,73,108
99,87,111
100,66,84
101,53,88
102,70,101
103,36,11
104,43,22
105,51,35
106,60,150
107,85,37
108,81,18
109,77,1
110,46,67
111,25,74
112,77,65
113,35,57
114,82,77
115,81,100
116,15,80
117,32,78
118,42,80
119,57,80
120,68,77
121,76,74
122,94,67
123,14,95
124,28,56
125,99,111
126,75,87
127,2,69
128,82,71
129,68,101
130,39,62
131,80,95
132,3,122
133,76,63
134,89,92
135,29,157
136,29,168
137,5,100
138,18,147
139,13,54
140,65,185
141,99,112
142,67,92
143,17,67
144,53,64
145,60,65
146,56,139
147,12,111
148,79,197
149,54,186
150,43,179
151,101,19
152,96,198
153,66,64
154,71,64
155,75,64
156,21,55
157,70,59
158,63,57
159,58,57
160,51,58
161,47,60
162,6,50
163,49,64
164,100,119
165,68,118
166,80,106
167,87,118
168,101,58
169,41,168
170,52,177
171,80,191
172,18,157
173,74,62
174,89,79
175,96,192
176,66,193
177,6,117
178,75,144
179,74,146
180,72,148
181,71,150
182,71,158
183,59,134
184,57,133
185,56,132
186,49,126
187,23,113
188,88,72
189,83,58
190,78,59
191,60,134
192,20,133
193,91,57
194,68,166
195,103,81
196,95,75
197,102,73
198,82,89
199,97,183
200,97,173
201,82,172
202,48,147
203,61,106
204,57,158
205,42,106
206,52,114
207,33,118
208,80,182
209,75,93
210,43,156
211,54,166
212,40,135
213,13,124
214,31,140
215,10,133
216,43,121
217,82,83
218,83,104
219,76,105
220,89,99
221,78,52
222,66,47
223,56,46
224,46,48
225,39,52
226,33,64
227,5,84
228,39,72
229,48,74
230,58,74
231,67,72
232,75,70
233,80,68
234,1,86
235,75,106
236,89,85
237,91,105
238,94,110
239,90,107
240,76,108
241,96,110
242,96,112
243,79,63
244,84,65
245,87,66
246,45,61
247,39,58
248,109,82
249,147,65
250,110,111
251,166,41
252,127,69
253,134,70
254,141,70
255,149,68
256,121,68
257,140,50
258,132,51
259,147,52
260,152,56
261,154,72
262,124,176
263,150,64
264,169,73
265,160,68
266,138,99
267,110,130
268,108,135
269,120,132
270,127,133
271,116,135
272,123,135
273,134,143
274,111,107
275,112,99
276,161,49
277,121,82
278,128,103
279,127,99
280,158,98
281,111,90
282,148,41
283,156,44
284,162,27
285,117,47
286,124,54
287,141,133
288,161,144
289,122,108
290,115,110
291,134,137
292,132,137
293,159,40
294,128,105
295,135,42
296,137,36
297,139,8
298,159,34
299,136,21
300,163,46
301,164,45
302,109,133
303,118,133
304,125,134
305,120,109
306,133,137
307,128,141
308,130,137
309,118,107
310,121,136
311,115,136
312,107,136
313,108,163
314,107,155
315,107,151
316,107,149
317,106,147
318,120,143
319,122,144
320,123,145
321,125,146
322,134,123
323,166,107
324,125,140
325,127,141
326,112,113
327,125,109
328,114,112
329,129,86
330,141,90
331,129,102
332,154,16
333,150,26
334,150,36
335,127,151
336,120,38
337,120,20
338,122,3
339,146,70
340,159,77
341,118,66
342,157,59
343,116,78
344,123,101
345,168,84
346,156,81
347,149,83
348,136,82
349,126,79
350,119,76
351,108,68
352,170,98
353,161,58
354,107,111
355,122,89
356,167,73
357,114,72
358,129,102
359,152,64
360,123,96
361,164,125
362,118,64
363,117,92
364,152,158
365,148,168
366,171,104
367,160,149
368,166,58
369,124,185
370,106,112
371,129,94
372,163,69
373,141,66
374,135,66
375,130,142
376,170,114
377,111,196
378,130,185
379,138,178
380,129,65
381,123,65
382,120,64
383,164,57
384,125,59
385,131,57
386,137,57
387,143,59
388,147,61
389,167,55
390,144,66
391,127,120
392,122,107
393,112,119
394,142,168
395,133,176
396,112,190
397,155,158
398,120,62
399,113,79
400,122,192
401,170,120
402,114,145
403,115,146
404,116,149
405,117,151
406,119,158
407,128,136
408,130,135
409,131,135
410,139,127
411,164,116
412,112,72
413,114,58
414,118,59
415,126,136
416,162,135
417,109,58
418,122,166
419,109,75
420,119,90
421,110,172
422,138,148
423,134,108
424,130,158
425,150,108
426,140,115
427,155,120
428,112,182
429,124,94
430,142,156
431,133,166
432,145,137
433,168,127
434,153,142
435,166,136
436,145,123
437,118,84
438,121,105
439,125,106
440,118,100
441,121,52
442,133,48
443,144,47
444,151,49
445,156,53
446,155,66
447,170,88
448,150,75
449,144,76
450,135,76
451,126,74
452,120,72
453,115,69
454,166,90
455,125,107
456,114,85
457,116,106
458,111,110
459,115,107
460,123,109
461,110,110
462,108,112
463,116,64
464,112,65
465,111,67
466,148,63
467,153,59
468,56,61
469,63,61
470,55,55
471,48,61
472,56,67
473,133,61
474,141,61
475,133,55
476,124,61
477,133,68
