0,97,135
1,98,112
2,98,118
3,93,84
4,99,104
5,99,93
6,99,66
7,49,59
8,99,45
9,99,34
10,100,-3
11,97,137
12,97,139
13,97,140
14,97,140
15,97,144
16,97,147
17,97,151
18,97,158
19,98,116
20,91,114
21,21,27
22,67,65
23,61,66
24,54,66
25,45,61
26,73,64
27,58,44
28,66,45
29,51,45
30,46,48
31,39,65
32,71,169
33,46,57
34,18,60
35,31,59
36,61,98
37,87,133
38,88,138
39,78,133
40,72,133
41,80,136
42,74,135
43,62,140
44,92,112
45,92,104
46,36,40
47,77,81
48,75,106
49,75,101
50,39,95
51,92,93
52,53,32
53,43,34
54,29,14
55,84,42
56,72,49
57,55,132
58,24,131
59,80,110
60,86,113
61,62,133
62,64,133
63,40,29
64,74,108
65,67,34
66,66,28
67,58,-1
68,34,23
69,62,13
70,32,36
71,26,33
72,87,136
73,79,135
74,73,134
75,81,112
76,63,133
77,67,136
78,65,134
79,84,110
80,75,136
81,81,138
82,89,139
83,87,157
84,87,150
85,87,146
86,88,142
87,88,139
88,75,136
89,73,137
90,72,139
91,71,141
92,64,124
93,17,93
94,98,117
95,70,135
96,69,135
97,88,116
98,76,112
99,87,115
100,70,84
101,57,88
102,73,104
103,40,4
104,45,15
105,51,26
106,69,147
107,82,32
108,80,14
109,78,-3
110,48,64
111,31,70
112,77,62
113,39,51
114,82,76
115,80,104
116,24,76
117,36,76
118,45,79
119,59,79
120,68,76
121,76,73
122,92,67
123,24,91
124,33,49
125,95,115
126,77,89
127,16,58
128,81,70
129,72,103
130,43,57
131,80,99
132,20,111
133,77,60
134,86,95
135,39,150
136,40,158
137,18,93
138,30,140
139,22,46
140,70,177
141,95,116
142,71,93
143,25,60
144,55,61
145,61,62
146,66,136
147,24,107
148,83,188
149,62,176
150,52,169
151,99,15
152,97,190
153,66,61
154,72,60
155,75,60
156,28,47
157,70,54
158,65,52
159,59,52
160,53,53
161,50,54
162,17,41
163,51,60
164,98,123
165,73,122
166,80,110
167,87,122
168,99,55
169,50,160
170,60,168
171,82,183
172,32,147
173,75,58
174,87,80
175,97,185
176,72,183
177,20,110
178,81,138
179,80,140
180,78,143
181,78,146
182,77,153
183,69,134
184,68,133
185,67,133
186,58,128
187,32,111
188,87,71
189,83,54
190,78,55
191,70,135
192,31,129
193,89,55
194,73,161
195,99,84
196,92,76
197,99,75
198,82,91
199,97,177
200,97,167
201,85,166
202,56,144
203,66,108
204,64,153
205,48,106
206,58,115
207,41,117
208,83,175
209,77,95
210,51,151
211,61,161
212,50,135
213,25,120
214,41,137
215,23,125
216,51,122
217,82,84
218,82,108
219,77,109
220,85,104
221,77,47
222,66,41
223,56,40
224,48,41
225,42,45
226,38,58
227,17,76
228,43,69
229,50,72
230,59,72
231,68,70
232,75,68
233,79,66
234,16,75
235,77,110
236,87,87
237,87,110
238,91,114
239,87,111
240,78,112
241,92,115
242,93,116
243,79,60
244,83,62
245,86,64
246,48,56
247,43,51
248,104,85
249,147,62
250,105,115
251,173,32
252,127,68
253,134,68
254,140,68
255,150,65
256,121,66
257,138,46
258,130,47
259,145,48
260,150,51
261,155,70
262,123,171
263,149,60
264,176,65
265,163,65
266,134,100
267,108,133
268,107,138
269,117,133
270,124,134
271,115,137
272,122,136
273,131,142
274,105,112
275,105,104
276,158,46
277,119,82
278,121,107
279,122,102
280,156,98
281,105,94
282,142,37
283,152,40
284,167,19
285,112,44
286,123,50
287,138,134
288,168,135
289,116,111
290,110,114
291,134,134
292,132,134
293,155,36
294,122,109
295,129,38
296,130,32
297,140,1
298,162,27
299,136,16
300,163,43
301,169,38
302,108,136
303,116,135
304,123,135
305,115,112
306,133,134
307,128,137
308,131,134
309,112,110
310,121,137
311,114,138
312,106,140
313,107,157
314,108,150
315,107,146
316,107,143
317,106,140
318,120,137
319,122,138
320,123,140
321,124,142
322,130,126
323,175,97
324,125,136
325,127,136
326,108,117
327,120,113
328,109,115
329,127,86
330,139,90
331,123,105
332,157,8
333,152,20
334,144,32
335,125,148
336,114,34
337,119,15
338,122,-2
339,146,67
340,162,75
341,118,64
342,156,55
343,114,77
344,117,105
345,171,80
346,157,80
347,148,82
348,135,81
349,125,78
350,119,74
351,105,68
352,171,95
353,161,55
354,102,115
355,119,90
356,178,63
357,113,70
358,124,105
359,152,61
360,117,100
361,173,116
362,118,62
363,111,96
364,153,153
365,152,162
366,176,97
367,163,143
368,173,50
369,124,179
370,101,117
371,125,95
372,169,66
373,140,64
374,134,64
375,130,137
376,170,110
377,111,189
378,131,179
379,141,172
380,128,63
381,123,62
382,119,62
383,166,53
384,124,56
385,131,53
386,136,53
387,142,54
388,146,56
389,177,45
390,144,63
391,122,123
392,116,111
393,108,123
394,143,163
395,134,171
396,112,184
397,160,150
398,120,59
399,110,80
400,122,185
401,173,114
402,114,138
403,115,141
404,116,143
405,117,147
406,117,154
407,127,135
408,128,134
409,129,134
410,135,129
411,162,115
412,110,72
413,113,55
414,117,56
415,126,136
416,161,132
417,106,55
418,120,162
419,105,77
420,115,92
421,109,167
422,137,147
423,129,110
424,129,155
425,146,109
426,136,117
427,153,120
428,111,176
429,119,96
430,142,154
431,132,163
432,143,137
433,168,123
434,152,140
435,170,129
436,142,125
437,114,85
438,115,109
439,119,110
440,111,105
441,118,49
442,129,44
443,139,43
444,147,45
445,153,49
446,157,63
447,177,81
448,151,73
449,144,74
450,135,74
451,126,72
452,120,70
453,115,67
454,177,79
455,119,111
456,110,88
457,110,110
458,106,114
459,110,111
460,117,113
461,104,115
462,104,116
463,115,62
464,112,63
465,109,64
466,148,58
467,152,55
468,59,56
469,66,56
470,60,49
471,52,56
472,59,63
473,136,58
474,143,58
475,137,52
476,130,58
477,136,64
