0,98,131
1,98,105
2,98,113
3,92,80
4,98,97
5,98,87
6,99,63
7,46,63
8,99,44
9,99,34
10,99,1
11,98,133
12,98,135
13,98,136
14,98,147
15,98,151
16,98,155
17,98,159
18,97,162
19,98,109
20,90,109
21,19,38
22,65,68
23,59,69
24,52,69
25,43,66
26,71,66
27,56,49
28,63,49
29,48,50
30,43,53
31,36,71
32,67,174
33,44,61
34,14,69
35,27,66
36,58,99
37,87,129
38,88,135
39,76,131
40,70,133
41,79,135
42,72,136
43,60,146
44,91,105
45,91,97
46,32,47
47,75,80
48,72,102
49,71,98
50,36,98
51,91,88
52,50,37
53,40,41
54,26,24
55,83,42
56,70,52
57,54,138
58,18,141
59,77,107
60,84,109
61,61,138
62,63,139
63,35,36
64,71,106
65,64,37
66,63,30
67,55,5
68,30,30
69,59,18
70,28,44
71,23,41
72,87,132
73,78,133
74,71,135
75,79,108
76,62,138
77,66,143
78,64,139
79,82,104
80,74,136
81,80,136
82,89,136
83,86,161
84,87,158
85,88,154
86,88,150
87,89,147
88,74,144
89,73,145
90,71,147
91,70,149
92,63,126
93,12,104
94,98,111
95,70,142
96,68,142
97,87,112
98,74,110
99,85,111
100,66,85
101,54,90
102,70,102
103,37,13
104,41,22
105,47,31
106,67,152
107,80,31
108,78,17
109,76,2
110,46,68
111,28,76
112,75,65
113,35,57
114,81,75
115,77,100
116,19,82
117,33,80
118,43,82
119,57,81
120,67,78
121,75,75
122,91,65
123,19,97
124,29,56
125,94,109
126,75,87
127,13,70
128,81,70
129,69,102
130,40,62
131,77,95
132,13,122
133,75,62
134,84,90
135,32,158
136,32,168
137,12,101
138,23,148
139,18,54
140,64,184
141,95,111
142,68,93
143,21,68
144,53,64
145,59,64
146,65,144
147,19,113
148,79,196
149,54,186
150,43,178
151,99,17
152,96,198
153,64,64
154,70,63
155,73,63
156,24,55
157,69,58
158,63,57
159,57,57
160,52,58
161,48,59
162,15,52
163,49,63
164,98,119
165,71,122
166,77,105
167,86,119
168,99,54
169,42,168
170,53,176
171,79,189
172,24,157
173,73,61
174,86,77
175,96,191
176,65,192
177,13,118
178,81,145
179,80,148
180,79,151
181,78,155
182,75,157
183,67,137
184,66,136
185,64,136
186,57,132
187,28,115
188,86,70
189,81,56
190,76,57
191,69,137
192,26,135
193,89,55
194,71,165
195,98,79
196,91,73
197,98,71
198,79,89
199,97,181
200,97,171
201,84,170
202,53,150
203,63,108
204,61,159
205,46,108
206,56,116
207,38,120
208,81,180
209,74,93
210,46,157
211,56,167
212,46,140
213,20,126
214,36,143
215,16,134
216,49,126
217,80,82
218,79,103
219,74,105
220,83,98
221,76,49
222,64,44
223,54,44
224,45,46
225,39,50
226,34,64
227,12,85
228,40,73
229,48,75
230,57,75
231,66,73
232,74,70
233,79,68
234,12,87
235,74,107
236,85,83
237,85,104
238,90,108
239,85,105
240,76,109
241,91,108
242,92,110
243,78,62
244,82,63
245,85,64
246,45,60
247,40,57
248,105,80
249,151,64
250,106,109
251,177,38
252,131,69
253,138,70
254,145,70
255,154,67
256,126,67
257,142,49
258,134,49
259,149,50
260,154,53
261,160,71
262,126,174
263,153,62
264,181,69
265,168,67
266,137,99
267,109,129
268,109,134
269,120,131
270,127,133
271,117,134
272,124,135
273,135,146
274,105,105
275,106,97
276,164,47
277,121,80
278,124,102
279,125,98
280,159,98
281,106,88
282,147,36
283,157,40
284,171,24
285,115,42
286,127,52
287,141,138
288,175,141
289,118,107
290,112,109
291,136,137
292,134,137
293,161,36
294,125,106
295,134,36
296,135,30
297,143,5
298,167,30
299,139,18
300,168,44
301,173,41
302,109,132
303,119,133
304,126,134
305,116,108
306,135,137
307,131,142
308,133,138
309,114,104
310,123,136
311,116,135
312,108,136
313,108,161
314,109,158
315,109,154
316,108,149
317,108,147
318,122,143
319,124,144
320,126,146
321,127,149
322,132,126
323,181,103
324,127,141
325,129,141
326,109,112
327,122,110
328,110,111
329,129,85
330,142,89
331,126,102
332,160,13
333,156,22
334,150,30
335,128,151
336,118,31
337,120,17
338,123,2
339,150,69
340,167,76
341,122,66
342,161,57
343,116,75
344,119,100
345,176,82
346,162,81
347,153,83
348,139,82
349,129,79
350,122,75
351,106,65
352,176,97
353,166,56
354,102,109
355,121,87
356,182,70
357,116,71
358,126,102
359,157,63
360,119,95
361,180,122
362,122,63
363,112,90
364,161,157
365,160,167
366,182,101
367,170,147
368,177,54
369,128,184
370,101,111
371,128,93
372,174,69
373,144,65
374,139,65
375,132,143
376,175,112
377,114,196
378,138,185
379,149,177
380,133,65
381,127,64
382,124,64
383,172,55
384,129,59
385,135,58
386,140,57
387,146,58
388,149,60
389,180,52
390,148,64
391,125,122
392,118,105
393,110,120
394,150,167
395,140,176
396,114,189
397,168,156
398,124,62
399,111,77
400,127,191
401,180,117
402,116,145
403,117,147
404,118,150
405,119,154
406,119,157
407,130,136
408,131,136
409,132,135
410,138,131
411,166,115
412,111,70
413,116,56
414,121,58
415,128,137
416,167,134
417,109,55
418,123,165
419,106,73
420,117,88
421,110,170
422,141,150
423,132,108
424,133,158
425,149,108
426,139,116
427,156,120
428,112,180
429,122,93
430,148,157
431,137,166
432,148,140
433,174,126
434,158,142
435,177,133
436,146,126
437,116,82
438,116,103
439,122,105
440,113,98
441,122,49
442,134,44
443,144,44
444,152,46
445,158,50
446,161,65
447,182,85
448,156,74
449,148,75
450,139,75
451,130,74
452,123,71
453,118,69
454,181,87
455,122,107
456,111,83
457,111,104
458,106,108
459,111,105
460,119,109
461,105,108
462,104,110
463,119,63
464,115,64
465,112,65
466,152,61
467,157,57
468,58,60
469,65,60
470,58,54
471,51,60
472,58,66
473,139,61
474,146,61
475,139,55
476,133,61
477,139,67
