0,98,136
1,97,111
2,97,116
3,90,84
4,97,103
5,97,92
6,97,66
7,49,60
8,97,48
9,96,38
10,96,1
11,98,138
12,98,140
13,98,141
14,98,144
15,98,147
16,98,150
17,98,154
18,98,163
19,97,114
20,89,113
21,22,32
22,69,65
23,63,67
24,56,67
25,46,63
26,75,64
27,56,49
28,64,49
29,50,51
30,46,53
31,40,68
32,70,174
33,46,58
34,18,63
35,31,63
36,61,99
37,89,135
38,89,139
39,81,135
40,75,136
41,82,138
42,77,138
43,64,145
44,90,110
45,89,103
46,35,51
47,76,80
48,74,105
49,74,101
50,40,97
51,90,93
52,52,46
53,42,47
54,29,21
55,83,51
56,71,51
57,58,137
58,24,133
59,79,110
60,85,112
61,68,137
62,69,137
63,38,43
64,74,108
65,65,47
66,64,41
67,56,6
68,33,30
69,60,21
70,30,47
71,26,39
72,89,137
73,82,137
74,76,137
75,81,111
76,68,137
77,72,140
78,70,138
79,83,109
80,78,139
81,83,139
82,90,140
83,88,162
84,89,153
85,89,149
86,90,146
87,90,143
88,78,140
89,77,141
90,76,143
91,75,145
92,66,126
93,17,94
94,97,115
95,74,139
96,73,139
97,87,115
98,76,112
99,86,114
100,69,84
101,57,89
102,72,104
103,39,12
104,44,24
105,49,40
106,70,152
107,80,43
108,77,20
109,74,2
110,50,66
111,32,73
112,78,63
113,39,56
114,81,76
115,78,104
116,23,78
117,38,78
118,47,81
119,61,80
120,70,76
121,77,73
122,90,67
123,24,93
124,32,56
125,93,114
126,76,88
127,16,61
128,82,70
129,72,104
130,43,59
131,78,99
132,20,112
133,77,60
134,84,95
135,38,154
136,38,163
137,17,94
138,29,143
139,22,50
140,68,183
141,94,115
142,70,93
143,25,64
144,57,62
145,63,62
146,71,141
147,24,109
148,82,196
149,59,183
150,49,174
151,96,20
152,98,197
153,68,61
154,73,60
155,76,60
156,27,53
157,71,54
158,64,52
159,58,52
160,53,53
161,49,55
162,18,45
163,52,62
164,97,122
165,73,123
166,79,109
167,87,122
168,97,56
169,47,165
170,57,174
171,81,190
172,30,149
173,75,58
174,85,80
175,98,192
176,69,190
177,19,111
178,84,142
179,83,144
180,82,146
181,81,150
182,77,158
183,73,138
184,72,137
185,71,137
186,60,131
187,34,113
188,86,71
189,82,57
190,78,57
191,74,138
192,32,132
193,88,59
194,73,166
195,97,83
196,90,76
197,97,75
198,80,91
199,98,183
200,98,172
201,85,171
202,57,149
203,66,109
204,64,158
205,49,108
206,59,117
207,43,119
208,83,181
209,76,95
210,50,156
211,60,166
212,51,139
213,26,122
214,41,141
215,22,127
216,53,125
217,81,84
218,80,108
219,76,108
220,83,103
221,77,52
222,65,49
223,55,48
224,47,50
225,41,52
226,38,61
227,17,79
228,44,71
229,52,73
230,61,72
231,70,70
232,76,68
233,80,66
234,17,77
235,76,110
236,85,87
237,85,109
238,89,112
239,85,110
240,78,111
241,90,113
242,91,114
243,80,61
244,83,63
245,86,65
246,47,57
247,43,56
248,103,84
249,147,59
250,105,113
251,176,28
252,126,65
253,132,66
254,140,66
255,150,61
256,120,64
257,138,49
258,130,49
259,145,49
260,150,52
261,156,66
262,127,174
263,150,56
264,182,60
265,166,61
266,135,98
267,107,134
268,106,139
269,115,135
270,121,136
271,113,138
272,119,138
273,133,144
274,103,110
275,104,103
276,159,49
277,119,79
278,121,105
279,122,100
280,157,95
281,103,93
282,142,45
283,152,46
284,168,17
285,111,51
286,123,51
287,139,136
288,179,130
289,116,109
290,110,112
291,129,137
292,127,137
293,156,41
294,122,107
295,128,46
296,130,41
297,138,3
298,162,26
299,133,18
300,164,45
301,171,35
302,106,137
303,114,137
304,120,137
305,114,110
306,128,137
307,124,140
308,126,138
309,112,108
310,118,139
311,112,139
312,105,140
313,108,162
314,107,153
315,107,149
316,106,146
317,106,143
318,118,140
319,119,141
320,120,143
321,121,145
322,130,125
323,185,91
324,122,139
325,123,139
326,108,115
327,120,111
328,109,113
329,127,83
330,139,87
331,123,103
332,156,8
333,150,20
334,145,39
335,127,151
336,114,43
337,116,19
338,119,1
339,146,64
340,164,70
341,117,63
342,157,54
343,114,75
344,116,103
345,175,75
346,158,76
347,148,80
348,134,79
349,124,76
350,117,73
351,104,67
352,175,91
353,163,53
354,101,114
355,119,87
356,185,57
357,112,71
358,124,103
359,153,57
360,117,98
361,183,110
362,117,60
363,110,95
364,162,152
365,163,161
366,184,91
367,171,140
368,177,46
369,129,183
370,100,115
371,126,92
372,172,61
373,139,61
374,132,61
375,125,141
376,175,106
377,115,195
378,140,181
379,151,173
380,127,61
381,122,60
382,119,60
383,169,51
384,124,54
385,130,51
386,136,51
387,143,52
388,146,54
389,182,41
390,143,60
391,123,122
392,116,108
393,108,121
394,151,164
395,141,173
396,115,189
397,172,147
398,120,58
399,109,79
400,128,189
401,182,109
402,112,141
403,113,143
404,114,146
405,115,150
406,119,158
407,123,138
408,124,137
409,125,136
410,136,130
411,164,111
412,109,71
413,112,57
414,117,57
415,122,138
416,167,130
417,106,59
418,123,165
419,104,76
420,114,91
421,111,171
422,141,148
423,130,108
424,133,157
425,147,106
426,138,115
427,154,118
428,113,181
429,119,94
430,148,154
431,138,165
432,147,137
433,174,119
434,157,139
435,179,125
436,144,124
437,114,83
438,114,107
439,119,107
440,110,103
441,118,52
442,129,49
443,139,48
444,148,48
445,153,51
446,158,59
447,184,75
448,151,69
449,143,72
450,133,72
451,125,70
452,119,68
453,114,67
454,185,74
455,119,109
456,109,87
457,109,109
458,105,112
459,109,109
460,117,111
461,103,113
462,103,114
463,115,61
464,111,64
465,108,66
466,148,55
467,153,54
468,63,57
469,69,56
470,63,50
471,56,57
472,63,63
473,135,56
474,142,56
475,135,49
476,127,55
477,135,62
