0,93,134
1,103,112
2,101,117
3,96,86
4,104,105
5,104,94
6,102,68
7,45,58
8,101,50
9,101,41
10,102,1
11,93,137
12,93,142
13,94,145
14,94,145
15,94,149
16,94,155
17,94,160
18,98,166
19,103,115
20,94,114
21,15,29
22,67,64
23,60,65
24,53,65
25,42,60
26,73,63
27,55,47
28,63,47
29,47,47
30,42,50
31,36,65
32,67,174
33,42,55
34,11,61
35,26,59
36,61,100
37,83,132
38,85,142
39,74,136
40,69,139
41,79,143
42,74,144
43,60,147
44,97,111
45,96,104
46,32,45
47,77,81
48,76,106
49,75,102
50,38,97
51,96,94
52,50,40
53,39,41
54,23,17
55,84,48
56,70,50
57,55,139
58,16,131
59,81,111
60,88,113
61,65,146
62,67,146
63,35,36
64,75,109
65,65,42
66,64,36
67,56,3
68,29,26
69,61,19
70,27,40
71,21,35
72,84,137
73,76,139
74,71,142
75,83,112
76,66,146
77,69,148
78,68,146
79,87,109
80,76,145
81,80,145
82,86,145
83,87,164
84,84,159
85,84,154
86,85,149
87,87,145
88,76,145
89,74,147
90,71,150
91,70,152
92,65,127
93,9,92
94,102,116
95,72,145
96,71,146
97,90,116
98,77,113
99,89,115
100,69,85
101,56,89
102,73,104
103,36,8
104,42,20
105,48,34
106,67,154
107,81,39
108,80,19
109,77,1
110,46,63
111,28,70
112,76,61
113,35,52
114,83,77
115,82,105
116,19,77
117,34,76
118,44,80
119,59,79
120,69,76
121,76,73
122,94,69
123,20,93
124,28,51
125,99,115
126,77,89
127,8,59
128,82,70
129,72,104
130,39,56
131,81,99
132,11,111
133,75,59
134,89,96
135,32,154
136,32,162
137,11,93
138,23,142
139,16,47
140,65,182
141,99,116
142,70,94
143,19,60
144,54,60
145,60,61
146,67,149
147,20,108
148,79,193
149,54,181
150,44,173
151,102,20
152,96,195
153,66,60
154,71,59
155,74,59
156,22,48
157,68,54
158,62,52
159,56,52
160,50,52
161,46,54
162,10,42
163,49,59
164,101,123
165,73,124
166,82,110
167,89,123
168,101,59
169,43,165
170,53,174
171,79,189
172,23,148
173,73,57
174,89,81
175,96,191
176,66,188
177,13,110
178,80,145
179,79,148
180,77,152
181,76,156
182,75,160
183,70,145
184,68,144
185,66,143
186,59,133
187,30,113
188,89,73
189,82,56
190,76,55
191,73,145
192,27,132
193,89,58
194,71,167
195,103,85
196,95,78
197,102,77
198,83,92
199,97,183
200,97,173
201,84,172
202,53,150
203,65,110
204,61,159
205,48,108
206,58,117
207,40,120
208,81,181
209,77,95
210,46,156
211,56,166
212,47,140
213,21,121
214,37,141
215,16,126
216,51,126
217,83,85
218,84,108
219,78,109
220,89,104
221,76,50
222,64,46
223,53,44
224,44,45
225,38,48
226,33,58
227,10,77
228,41,69
229,49,72
230,59,71
231,68,69
232,75,67
233,79,66
234,8,75
235,78,110
236,89,88
237,91,110
238,94,113
239,90,111
240,80,112
241,96,114
242,96,115
243,78,60
244,83,63
245,86,65
246,44,55
247,39,52
248,109,86
249,147,64
250,110,114
251,172,33
252,126,68
253,133,69
254,140,70
255,149,66
256,121,66
257,140,51
258,132,51
259,147,52
260,151,55
261,154,70
262,124,174
263,150,61
264,173,65
265,162,64
266,136,101
267,103,132
268,102,142
269,114,136
270,120,139
271,110,143
272,116,144
273,131,148
274,110,112
275,111,104
276,161,50
277,122,82
278,126,107
279,126,102
280,155,99
281,110,95
282,147,44
283,155,46
284,167,21
285,116,49
286,125,53
287,137,140
288,162,133
289,120,111
290,114,114
291,127,146
292,125,146
293,159,41
294,126,109
295,134,45
296,136,39
297,143,6
298,164,30
299,139,21
300,165,45
301,169,39
302,103,137
303,112,139
304,118,142
305,118,112
306,126,146
307,123,148
308,123,145
309,117,110
310,114,145
311,108,145
312,102,145
313,108,165
314,105,159
315,104,154
316,103,149
317,102,145
318,114,145
319,116,147
320,119,150
321,121,153
322,131,128
323,169,95
324,119,145
325,120,146
326,112,117
327,123,113
328,113,115
329,129,86
330,140,91
331,127,105
332,158,12
333,155,24
334,150,38
335,125,155
336,120,41
337,122,21
338,125,3
339,146,69
340,160,74
341,118,65
342,157,57
343,117,78
344,122,105
345,170,80
346,155,80
347,146,84
348,133,82
349,124,79
350,118,76
351,109,70
352,169,95
353,162,56
354,107,115
355,122,90
356,172,63
357,114,73
358,127,105
359,153,61
360,122,100
361,167,113
362,118,62
363,116,97
364,153,154
365,150,162
366,172,96
367,160,143
368,171,51
369,125,182
370,105,116
371,128,95
372,167,64
373,140,66
374,133,66
375,124,149
376,167,110
377,112,193
378,133,181
379,141,173
380,128,64
381,122,63
382,119,62
383,166,53
384,125,57
385,132,56
386,138,56
387,144,57
388,147,59
389,173,46
390,144,65
391,125,125
392,120,110
393,112,123
394,144,165
395,135,174
396,112,189
397,157,149
398,121,60
399,114,82
400,123,188
401,170,113
402,109,145
403,110,148
404,112,152
405,114,157
406,118,161
407,120,145
408,122,144
409,124,143
410,135,134
411,160,115
412,113,73
413,114,58
414,118,58
415,118,145
416,159,133
417,109,59
418,121,167
419,109,78
420,119,93
421,109,172
422,137,151
423,132,111
424,130,160
425,147,110
426,138,119
427,152,122
428,112,181
429,123,96
430,143,157
431,133,166
432,143,141
433,165,123
434,152,142
435,166,128
436,142,128
437,118,86
438,119,109
439,124,109
440,117,105
441,121,52
442,133,49
443,143,49
444,150,50
445,155,53
446,157,63
447,173,81
448,150,73
449,142,75
450,133,75
451,125,73
452,119,70
453,115,69
454,170,79
455,123,111
456,114,89
457,115,110
458,110,113
459,114,111
460,121,113
461,109,114
462,108,115
463,116,63
464,113,65
465,111,68
466,149,60
467,153,58
468,57,55
469,65,55
470,57,48
471,50,55
472,57,61
473,138,60
474,145,60
475,138,54
476,131,59
477,137,66
