0,91,132
1,98,112
2,98,117
3,92,85
4,98,104
5,98,93
6,98,67
7,49,61
8,99,49
9,99,40
10,100,0
11,91,135
12,91,137
13,92,139
14,93,151
15,92,154
16,92,157
17,92,161
18,97,162
19,98,115
20,90,114
21,22,30
22,68,67
23,61,68
24,55,67
25,46,63
26,74,66
27,58,49
28,66,49
29,51,50
30,46,52
31,39,68
32,70,173
33,46,59
34,18,63
35,32,63
36,61,100
37,81,131
38,83,137
39,73,133
40,68,135
41,76,137
42,72,138
43,63,147
44,92,111
45,91,104
46,37,47
47,76,81
48,73,107
49,73,102
50,40,98
51,91,94
52,54,41
53,44,43
54,29,18
55,84,48
56,72,52
57,58,141
58,22,135
59,79,111
60,85,114
61,65,141
62,67,141
63,40,38
64,73,110
65,67,42
66,66,36
67,58,3
68,34,27
69,62,18
70,33,43
71,27,37
72,81,134
73,74,135
74,70,137
75,80,113
76,66,141
77,68,145
78,69,141
79,83,110
80,74,138
81,78,138
82,84,138
83,87,161
84,82,159
85,82,156
86,83,153
87,85,150
88,74,146
89,73,147
90,71,149
91,69,151
92,66,129
93,17,95
94,98,116
95,72,144
96,70,144
97,87,117
98,75,114
99,86,115
100,69,85
101,57,90
102,72,105
103,40,9
104,45,21
105,52,35
106,70,153
107,82,38
108,79,18
109,77,0
110,49,66
111,32,73
112,77,64
113,39,55
114,82,77
115,78,105
116,23,78
117,36,78
118,45,81
119,58,81
120,68,78
121,76,75
122,91,68
123,24,94
124,34,54
125,94,115
126,76,90
127,17,61
128,81,72
129,71,105
130,43,59
131,78,100
132,18,114
133,77,62
134,85,96
135,37,155
136,37,164
137,17,96
138,28,144
139,22,49
140,67,182
141,94,116
142,70,95
143,26,63
144,56,63
145,62,63
146,67,146
147,24,110
148,81,194
149,58,183
150,48,175
151,99,19
152,97,195
153,67,63
154,72,62
155,76,62
156,29,52
157,71,57
158,65,55
159,60,55
160,54,56
161,50,57
162,18,44
163,52,62
164,98,123
165,73,125
166,79,110
167,87,124
168,99,57
169,47,166
170,56,174
171,81,187
172,29,151
173,75,60
174,86,80
175,97,189
176,68,189
177,18,113
178,79,148
179,77,150
180,75,153
181,74,156
182,77,158
183,69,139
184,67,138
185,66,138
186,61,134
187,34,115
188,87,72
189,83,57
190,78,57
191,71,139
192,32,133
193,89,58
194,73,165
195,98,84
196,91,77
197,98,76
198,81,92
199,97,180
200,97,170
201,85,170
202,56,151
203,65,111
204,64,159
205,50,109
206,59,118
207,43,121
208,82,179
209,76,96
210,50,157
211,59,166
212,50,141
213,26,123
214,41,142
215,22,129
216,53,128
217,81,85
218,81,109
219,76,110
220,84,104
221,78,51
222,66,47
223,56,46
224,48,47
225,42,50
226,38,61
227,17,79
228,43,71
229,50,74
230,60,74
231,68,72
232,75,70
233,80,68
234,17,78
235,76,111
236,86,88
237,86,110
238,90,113
239,86,111
240,78,113
241,91,114
242,92,115
243,80,62
244,84,64
245,86,66
246,48,58
247,43,55
248,104,85
249,148,62
250,106,114
251,176,30
252,129,68
253,135,68
254,142,68
255,151,64
256,124,67
257,139,49
258,131,50
259,146,50
260,150,53
261,157,69
262,124,174
263,151,59
264,179,63
265,165,64
266,134,101
267,102,131
268,101,137
269,114,134
270,123,136
271,112,138
272,120,139
273,132,147
274,104,111
275,105,104
276,159,48
277,120,82
278,123,107
279,123,102
280,155,99
281,105,94
282,142,42
283,152,43
284,169,18
285,113,50
286,125,53
287,138,141
288,176,135
289,117,111
290,111,114
291,134,142
292,132,142
293,156,39
294,123,109
295,129,44
296,130,38
297,141,3
298,164,28
299,137,19
300,164,44
301,171,37
302,102,134
303,113,136
304,121,138
305,115,112
306,133,142
307,129,146
308,131,143
309,113,110
310,119,140
311,111,139
312,101,139
313,106,162
314,104,160
315,103,156
316,103,153
317,103,151
318,120,148
319,122,149
320,123,150
321,124,152
322,130,129
323,181,96
324,126,145
325,127,146
326,108,117
327,121,114
328,110,115
329,127,86
330,138,90
331,124,105
332,158,9
333,153,22
334,144,36
335,125,153
336,114,41
337,119,19
338,123,0
339,148,67
340,165,74
341,120,65
342,157,56
343,115,77
344,118,105
345,173,79
346,159,79
347,150,82
348,136,81
349,127,78
350,120,75
351,105,68
352,173,95
353,163,55
354,102,115
355,120,90
356,181,61
357,115,72
358,125,105
359,154,60
360,118,99
361,180,115
362,121,63
363,111,96
364,159,155
365,160,164
366,180,96
367,168,144
368,175,49
369,126,182
370,101,116
371,126,95
372,172,65
373,141,64
374,135,64
375,130,147
376,172,110
377,113,194
378,137,182
379,148,175
380,130,64
381,125,63
382,122,63
383,168,53
384,127,58
385,132,56
386,138,55
387,144,56
388,147,57
389,179,44
390,145,63
391,123,125
392,117,110
393,109,124
394,148,166
395,138,174
396,113,187
397,169,151
398,123,61
399,110,81
400,126,189
401,179,113
402,113,149
403,114,151
404,114,154
405,115,157
406,117,158
407,127,140
408,129,140
409,130,139
410,135,134
411,162,115
412,110,72
413,115,59
414,120,59
415,126,141
416,164,133
417,108,60
418,120,165
419,105,77
420,115,92
421,108,170
422,139,151
423,130,111
424,130,159
425,146,109
426,137,118
427,153,121
428,111,179
429,120,96
430,145,157
431,135,166
432,145,141
433,171,124
434,155,142
435,176,129
436,142,128
437,115,85
438,115,109
439,120,109
440,112,104
441,120,53
442,130,48
443,140,47
444,148,48
445,154,50
446,159,62
447,181,79
448,153,72
449,145,74
450,136,74
451,128,73
452,122,71
453,117,69
454,181,78
455,120,111
456,110,88
457,110,110
458,106,113
459,110,111
460,118,113
461,104,114
462,104,115
463,118,64
464,114,66
465,111,67
466,149,59
467,153,56
468,62,59
469,69,59
470,62,52
471,54,59
472,62,65
473,138,59
474,144,59
475,138,53
476,131,59
477,138,66
