0,97,135
1,99,104
2,99,112
3,92,80
4,99,96
5,99,86
6,98,63
7,44,63
8,97,47
9,96,38
10,95,1
11,98,137
12,98,138
13,98,139
14,98,139
15,98,141
16,98,143
17,98,145
18,100,160
19,99,108
20,92,108
21,11,39
22,65,68
23,57,69
24,50,70
25,41,66
26,71,67
27,53,50
28,62,50
29,46,51
30,41,54
31,33,71
32,70,175
33,42,61
34,8,71
35,24,67
36,60,101
37,89,133
38,90,138
39,81,135
40,75,136
41,83,138
42,77,138
43,65,150
44,93,104
45,92,96
46,30,50
47,75,81
48,75,104
49,74,100
50,36,102
51,92,87
52,49,42
53,38,45
54,19,25
55,82,48
56,69,53
57,59,143
58,16,145
59,81,108
60,87,110
61,66,139
62,68,138
63,33,40
64,75,107
65,64,43
66,62,37
67,50,6
68,25,32
69,56,20
70,24,46
71,17,43
72,89,136
73,82,136
74,76,137
75,83,109
76,67,138
77,71,139
78,69,138
79,84,104
80,78,138
81,84,138
82,90,139
83,90,160
84,90,145
85,90,142
86,90,140
87,91,139
88,78,138
89,77,139
90,76,140
91,76,142
92,67,129
93,8,107
94,99,110
95,74,138
96,73,139
97,90,113
98,77,112
99,88,111
100,67,86
101,54,92
102,73,104
103,31,14
104,37,24
105,46,36
106,72,154
107,80,39
108,74,19
109,71,2
110,44,68
111,25,77
112,75,65
113,33,58
114,80,76
115,79,100
116,15,85
117,31,82
118,41,85
119,56,83
120,66,79
121,74,76
122,90,65
123,17,101
124,26,57
125,95,108
126,76,88
127,6,72
128,80,72
129,72,104
130,38,62
131,79,96
132,10,126
133,75,62
134,85,91
135,34,161
136,34,171
137,9,104
138,24,151
139,12,56
140,68,184
141,96,110
142,69,95
143,17,68
144,51,65
145,57,65
146,71,140
147,19,117
148,83,195
149,58,186
150,47,180
151,96,18
152,101,196
153,63,64
154,69,63
155,73,63
156,20,56
157,68,57
158,61,55
159,55,55
160,49,57
161,45,59
162,7,54
163,47,64
164,99,119
165,75,124
166,81,106
167,89,120
168,97,55
169,45,170
170,56,177
171,83,188
172,25,160
173,72,60
174,86,77
175,101,189
176,70,191
177,12,121
178,84,138
179,83,140
180,83,141
181,82,144
182,80,157
183,72,138
184,71,138
185,70,137
186,62,136
187,30,119
188,85,70
189,81,58
190,75,58
191,74,138
192,29,139
193,88,58
194,75,166
195,99,78
196,91,73
197,98,71
198,81,89
199,101,180
200,100,169
201,87,169
202,56,154
203,66,111
204,65,161
205,48,111
206,59,119
207,41,124
208,84,179
209,76,94
210,48,160
211,59,168
212,50,145
213,21,130
214,39,147
215,16,137
216,53,130
217,81,83
218,82,103
219,77,106
220,85,98
221,75,52
222,63,48
223,52,47
224,43,49
225,36,52
226,32,64
227,8,87
228,38,74
229,46,76
230,56,76
231,65,74
232,73,71
233,78,69
234,6,89
235,78,108
236,86,84
237,87,103
238,92,107
239,87,105
240,80,111
241,93,108
242,94,109
243,77,63
244,82,65
245,84,66
246,43,60
247,38,57
248,105,79
249,151,62
250,106,108
251,180,35
252,130,67
253,137,68
254,144,68
255,155,64
256,124,66
257,142,48
258,133,49
259,150,49
260,155,52
261,161,69
262,131,173
263,154,60
264,185,68
265,170,64
266,137,100
267,107,133
268,106,137
269,115,135
270,122,136
271,114,137
272,120,137
273,135,148
274,106,104
275,107,96
276,165,47
277,121,80
278,123,103
279,124,99
280,160,99
281,106,87
282,147,41
283,158,42
284,171,22
285,113,48
286,126,52
287,140,141
288,183,142
289,117,107
290,111,109
291,131,138
292,130,138
293,162,37
294,123,106
295,132,42
296,134,36
297,139,4
298,166,29
299,135,18
300,170,43
301,174,40
302,107,136
303,115,136
304,121,137
305,115,108
306,131,138
307,126,139
308,129,138
309,114,104
310,119,138
311,113,138
312,106,138
313,110,159
314,107,145
315,107,142
316,106,140
317,106,138
318,119,138
319,120,139
320,121,140
321,122,142
322,131,127
323,189,103
324,124,138
325,125,138
326,109,112
327,121,111
328,110,111
329,129,85
330,142,90
331,125,102
332,158,11
333,153,22
334,150,34
335,128,152
336,116,39
337,116,18
338,119,1
339,151,67
340,169,75
341,120,64
342,162,55
343,115,75
344,119,99
345,179,81
346,164,80
347,154,83
348,139,82
349,128,79
350,120,75
351,105,65
352,179,98
353,168,55
354,103,108
355,121,87
356,188,68
357,115,72
358,125,103
359,158,60
360,119,95
361,187,122
362,120,62
363,112,90
364,166,158
365,167,168
366,187,101
367,176,148
368,180,53
369,133,182
370,102,110
371,127,93
372,177,65
373,144,63
374,137,64
375,127,140
376,179,113
377,119,194
378,144,184
379,155,177
380,131,63
381,126,62
382,122,62
383,174,53
384,127,56
385,134,54
386,141,54
387,147,55
388,151,57
389,185,50
390,148,63
391,124,122
392,117,106
393,110,119
394,156,168
395,145,175
396,119,187
397,176,157
398,122,60
399,111,76
400,132,189
401,186,118
402,113,138
403,114,139
404,115,141
405,115,143
406,120,156
407,126,138
408,127,137
409,127,137
410,137,134
411,167,117
412,110,69
413,114,57
414,119,58
415,124,138
416,170,136
417,107,58
418,126,165
419,105,72
420,116,88
421,113,168
422,143,152
423,132,110
424,135,159
425,149,109
426,139,118
427,157,122
428,117,179
429,121,93
430,152,158
431,141,166
432,149,143
433,178,127
434,160,144
435,183,134
436,146,128
437,115,82
438,116,103
439,121,105
440,113,97
441,120,51
442,133,47
443,144,46
444,153,47
445,159,50
446,163,62
447,187,84
448,157,73
449,148,75
450,138,74
451,129,72
452,122,70
453,117,68
454,188,86
455,120,107
456,111,83
457,111,103
458,107,107
459,111,104
460,118,110
461,106,107
462,105,109
463,117,62
464,113,65
465,110,66
466,153,58
467,158,56
468,56,60
469,63,59
470,56,53
471,49,60
472,57,66
473,139,58
474,146,58
475,139,52
476,132,58
477,139,65
