0,99,132
1,98,111
2,97,117
3,90,84
4,97,103
5,97,92
6,96,66
7,43,60
8,96,49
9,96,39
10,95,0
11,99,134
12,99,136
13,99,137
14,98,149
15,98,152
16,98,156
17,98,160
18,98,167
19,97,115
20,89,114
21,12,34
22,65,64
23,58,65
24,50,65
25,39,63
26,71,63
27,54,50
28,62,50
29,46,51
30,41,53
31,32,67
32,66,178
33,40,60
34,7,66
35,23,63
36,54,99
37,86,130
38,87,135
39,74,130
40,67,130
41,77,134
42,70,133
43,54,143
44,91,111
45,90,103
46,30,48
47,73,81
48,69,105
49,69,100
50,30,96
51,90,93
52,50,43
53,38,45
54,20,21
55,82,50
56,69,52
57,47,133
58,12,140
59,75,110
60,82,113
61,57,132
62,59,133
63,34,40
64,68,107
65,64,45
66,63,39
67,52,4
68,27,30
69,57,19
70,25,45
71,18,40
72,86,133
73,75,132
74,68,132
75,76,111
76,58,132
77,63,139
78,60,133
79,80,110
80,71,134
81,78,135
82,87,136
83,85,166
84,86,158
85,86,154
86,87,151
87,88,148
88,71,142
89,70,143
90,68,145
91,67,147
92,57,124
93,5,100
94,97,116
95,66,138
96,65,138
97,85,116
98,70,111
99,83,114
100,64,84
101,51,88
102,67,103
103,33,11
104,39,23
105,47,38
106,62,152
107,80,41
108,75,18
109,72,1
110,43,65
111,24,71
112,75,62
113,33,56
114,78,77
115,75,104
116,14,79
117,29,76
118,39,79
119,54,78
120,65,75
121,73,72
122,89,68
123,13,94
124,26,55
125,93,115
126,72,89
127,5,65
128,79,69
129,65,103
130,36,60
131,75,98
132,7,120
133,74,60
134,83,95
135,29,157
136,30,168
137,6,98
138,18,147
139,13,52
140,65,187
141,94,116
142,64,93
143,16,64
144,52,61
145,58,60
146,61,139
147,12,110
148,80,198
149,55,187
150,44,179
151,96,19
152,97,200
153,64,60
154,69,60
155,73,60
156,20,53
157,68,58
158,62,58
159,56,59
160,50,59
161,45,59
162,7,47
163,47,60
164,98,122
165,66,121
166,75,109
167,84,121
168,96,57
169,42,168
170,53,177
171,80,193
172,20,156
173,72,59
174,84,80
175,98,194
176,67,194
177,6,116
178,79,146
179,77,147
180,76,150
181,75,154
182,72,160
183,64,133
184,62,132
185,61,131
186,50,127
187,22,113
188,84,72
189,80,57
190,75,57
191,65,133
192,20,134
193,87,58
194,68,168
195,97,83
196,90,76
197,97,75
198,77,91
199,98,186
200,98,175
201,83,174
202,49,148
203,59,108
204,58,159
205,40,107
206,51,115
207,32,119
208,80,184
209,72,95
210,43,157
211,54,168
212,41,137
213,13,124
214,31,141
215,10,133
216,43,123
217,78,84
218,78,108
219,72,108
220,82,104
221,75,52
222,63,48
223,52,47
224,43,48
225,36,51
226,31,61
227,6,82
228,37,70
229,45,71
230,55,71
231,65,70
232,72,68
233,77,66
234,5,82
235,71,109
236,84,87
237,84,110
238,88,113
239,84,111
240,73,111
241,90,114
242,91,115
243,77,60
244,81,63
245,83,65
246,43,60
247,37,56
248,103,84
249,148,61
250,106,114
251,177,34
252,128,65
253,135,65
254,142,66
255,152,64
256,122,64
257,139,51
258,131,51
259,146,52
260,151,54
261,158,68
262,128,177
263,151,60
264,182,66
265,167,64
266,139,98
267,112,130
268,111,135
269,123,130
270,130,130
271,120,134
272,127,133
273,140,142
274,104,111
275,105,103
276,161,50
277,120,81
278,125,105
279,125,100
280,162,95
281,104,93
282,143,44
283,153,45
284,169,21
285,112,49
286,124,53
287,148,132
288,177,139
289,119,110
290,112,113
291,139,132
292,137,133
293,157,41
294,126,107
295,130,44
296,131,39
297,138,4
298,163,30
299,133,19
300,166,46
301,171,40
302,111,133
303,122,132
304,129,132
305,118,111
306,138,132
307,134,139
308,136,133
309,114,110
310,126,134
311,119,135
312,110,136
313,111,165
314,111,158
315,110,154
316,110,151
317,109,148
318,125,142
319,126,143
320,128,144
321,129,147
322,138,123
323,183,100
324,130,138
325,132,138
326,110,115
327,124,111
328,111,114
329,128,84
330,142,88
331,127,103
332,157,11
333,151,23
334,145,38
335,133,152
336,114,41
337,116,18
338,119,1
339,148,65
340,166,72
341,119,63
342,159,57
343,114,77
344,119,104
345,177,79
346,161,77
347,152,79
348,137,78
349,127,75
350,119,73
351,104,68
352,178,93
353,165,56
354,102,115
355,121,88
356,183,65
357,114,70
358,128,102
359,155,61
360,119,98
361,181,119
362,120,61
363,112,95
364,162,156
365,160,166
366,184,98
367,172,146
368,177,52
369,129,186
370,101,116
371,128,93
372,174,65
373,140,61
374,135,61
375,135,139
376,179,109
377,114,198
378,137,185
379,147,177
380,129,61
381,124,61
382,121,61
383,170,54
384,126,58
385,132,57
386,137,57
387,143,58
388,147,59
389,181,47
390,145,61
391,128,121
392,119,109
393,111,121
394,150,167
395,140,176
396,115,192
397,169,155
398,122,60
399,109,80
400,127,192
401,183,115
402,118,145
403,119,147
404,121,150
405,121,154
406,123,160
407,133,133
408,135,132
409,136,131
410,145,127
411,170,113
412,109,72
413,113,57
414,118,57
415,132,133
416,171,132
417,106,58
418,126,168
419,104,76
420,116,91
421,113,174
422,145,147
423,135,108
424,136,158
425,153,106
426,143,115
427,160,118
428,114,184
429,122,94
430,149,156
431,139,167
432,152,136
433,178,123
434,161,140
435,179,131
436,151,122
437,115,84
438,116,108
439,122,108
440,112,103
441,119,52
442,130,49
443,140,48
444,149,49
445,155,52
446,160,62
447,183,82
448,154,70
449,146,72
450,136,71
451,127,70
452,121,68
453,116,67
454,183,82
455,123,109
456,110,87
457,110,110
458,106,113
459,111,111
460,121,111
461,105,114
462,104,115
463,117,61
464,112,63
465,109,65
466,149,60
467,154,57
468,67,60
469,73,60
470,66,55
471,60,60
472,67,65
473,134,59
474,141,59
475,134,54
476,128,59
477,134,65
