0,101,128
1,107,100
2,102,109
3,96,76
4,107,91
5,105,82
6,100,61
7,42,58
8,98,42
9,98,32
10,97,-1
11,101,131
12,100,134
13,99,136
14,99,141
15,100,143
16,100,147
17,99,151
18,99,161
19,106,105
20,96,106
21,5,36
22,63,64
23,55,65
24,48,65
25,38,61
26,69,62
27,52,43
28,61,43
29,44,44
30,39,48
31,30,67
32,66,175
33,38,56
34,0,70
35,20,62
36,56,97
37,88,127
38,88,133
39,74,130
40,64,133
41,77,134
42,68,135
43,53,145
44,100,100
45,99,92
46,28,42
47,73,79
48,74,100
49,73,96
50,30,98
51,98,83
52,49,33
53,37,36
54,16,21
55,83,40
56,68,47
57,45,137
58,2,145
59,81,105
60,88,107
61,52,138
62,54,138
63,32,32
64,72,104
65,64,34
66,63,28
67,53,2
68,23,26
69,58,14
70,22,39
71,12,39
72,88,130
73,76,132
74,66,134
75,82,106
76,53,138
77,59,140
78,55,138
79,87,102
80,69,136
81,78,135
82,88,135
83,86,161
84,87,151
85,87,147
86,88,143
87,88,140
88,69,139
89,68,141
90,66,143
91,65,145
92,58,123
93,-6,106
94,104,107
95,62,139
96,61,140
97,90,110
98,74,108
99,89,108
100,64,83
101,51,88
102,70,100
103,32,9
104,38,18
105,46,28
106,61,152
107,81,30
108,77,13
109,74,-1
110,42,64
111,21,73
112,73,61
113,30,52
114,79,74
115,82,97
116,9,82
117,28,79
118,39,81
119,54,79
120,65,75
121,73,71
122,92,63
123,8,98
124,23,51
125,101,105
126,74,86
127,-5,71
128,79,67
129,68,101
130,35,57
131,80,92
132,-4,125
133,73,58
134,89,87
135,25,160
136,24,171
137,-2,103
138,13,151
139,6,54
140,65,184
141,101,107
142,66,91
143,12,64
144,49,60
145,56,61
146,57,142
147,8,114
148,81,194
149,53,185
150,40,180
151,98,14
152,98,194
153,62,60
154,67,59
155,71,59
156,16,50
157,66,52
158,59,50
159,53,50
160,47,51
161,43,53
162,-1,52
163,45,60
164,101,115
165,69,119
166,81,103
167,88,116
168,98,52
169,39,169
170,51,177
171,81,188
172,12,160
173,71,56
174,87,74
175,99,189
176,66,190
177,0,121
178,78,140
179,77,142
180,76,145
181,75,148
182,72,157
183,60,136
184,58,136
185,57,135
186,50,129
187,20,116
188,86,68
189,80,52
190,74,53
191,61,137
192,17,137
193,88,52
194,68,166
195,103,75
196,94,70
197,102,68
198,81,86
199,99,181
200,99,170
201,83,170
202,47,150
203,61,107
204,57,160
205,41,107
206,51,115
207,32,120
208,82,180
209,74,91
210,41,158
211,53,167
212,39,140
213,9,128
214,29,144
215,3,137
216,43,125
217,81,80
218,85,100
219,77,103
220,90,94
221,74,45
222,62,40
223,51,39
224,42,41
225,35,45
226,28,59
227,-1,86
228,35,70
229,44,72
230,54,72
231,64,69
232,71,67
233,76,64
234,-7,89
235,76,105
236,89,80
237,93,100
238,96,104
239,92,102
240,78,107
241,98,105
242,98,107
243,76,58
244,81,60
245,84,61
246,40,55
247,35,52
248,109,76
249,140,65
250,111,105
251,154,40
252,124,70
253,129,70
254,135,70
255,143,68
256,119,69
257,132,49
258,126,50
259,138,51
260,142,54
261,147,72
262,125,173
263,143,63
264,158,71
265,153,68
266,135,96
267,111,127
268,109,133
269,120,129
270,124,132
271,115,134
272,120,135
273,132,143
274,113,100
275,113,92
276,149,49
277,119,78
278,126,99
279,126,95
280,154,96
281,112,83
282,136,40
283,144,43
284,150,25
285,112,46
286,120,54
287,137,134
288,153,142
289,121,104
290,115,106
291,127,138
292,125,138
293,147,40
294,126,102
295,126,41
296,127,35
297,131,5
298,150,31
299,130,17
300,153,47
301,154,42
302,110,130
303,118,132
304,122,133
305,119,105
306,126,138
307,124,140
308,124,138
309,119,101
310,117,136
311,113,135
312,107,135
313,109,160
314,110,151
315,109,146
316,109,143
317,107,140
318,117,139
319,119,141
320,121,143
321,123,145
322,131,121
323,155,105
324,120,139
325,122,139
326,112,109
327,123,107
328,113,108
329,127,83
330,138,87
331,127,98
332,143,14
333,142,22
334,138,35
335,126,150
336,113,36
337,115,15
338,117,0
339,140,69
340,153,77
341,116,67
342,148,58
343,115,74
344,123,96
345,161,82
346,150,81
347,143,82
348,132,80
349,123,78
350,117,75
351,106,63
352,163,96
353,151,58
354,109,104
355,121,85
356,155,72
357,113,71
358,127,99
359,145,64
360,122,91
361,155,123
362,116,65
363,117,86
364,149,157
365,144,167
366,163,102
367,155,147
368,156,56
369,126,181
370,107,107
371,127,90
372,157,70
373,134,66
374,129,66
375,126,142
376,164,112
377,113,192
378,130,182
379,137,176
380,125,66
381,120,66
382,117,66
383,155,58
384,121,59
385,125,56
386,131,55
387,136,56
388,139,59
389,156,54
390,138,66
391,125,117
392,121,102
393,112,115
394,140,166
395,133,174
396,114,187
397,149,157
398,117,63
399,112,74
400,123,188
401,162,118
402,113,140
403,115,142
404,117,145
405,118,148
406,119,156
407,123,136
408,125,136
409,127,135
410,136,126
411,159,114
412,110,68
413,112,58
414,115,60
415,121,137
416,157,134
417,106,57
418,123,164
419,108,70
420,118,85
421,112,169
422,136,148
423,131,106
424,130,157
425,146,105
426,137,113
427,151,118
428,114,179
429,122,90
430,140,156
431,133,165
432,142,137
433,161,125
434,149,141
435,160,134
436,142,122
437,116,80
438,121,99
439,124,101
440,119,93
441,116,52
442,126,47
443,134,46
444,141,48
445,146,52
446,148,66
447,161,86
448,144,74
449,138,75
450,131,75
451,123,74
452,118,72
453,114,69
454,154,89
455,123,103
456,114,80
457,117,99
458,112,104
459,116,101
460,121,106
461,111,104
462,109,106
463,114,65
464,111,66
465,109,66
466,141,61
467,145,59
468,56,56
469,63,56
470,56,49
471,48,56
472,56,63
473,133,61
474,138,61
475,132,55
476,128,61
477,134,67
