0,96,128
1,101,98
2,99,110
3,93,76
4,101,90
5,100,81
6,99,62
7,42,64
8,98,42
9,98,32
10,97,3
11,96,132
12,96,136
13,96,139
14,96,148
15,96,150
16,96,153
17,96,158
18,98,170
19,100,104
20,93,105
21,13,44
22,63,70
23,55,71
24,48,71
25,38,67
26,69,67
27,52,45
28,61,46
29,44,47
30,39,51
31,32,73
32,67,182
33,39,62
34,8,76
35,23,69
36,58,101
37,86,127
38,87,136
39,76,132
40,70,138
41,80,138
42,75,141
43,60,156
44,94,98
45,93,91
46,28,44
47,74,81
48,73,101
49,72,98
50,35,103
51,93,82
52,47,31
53,36,36
54,21,28
55,80,36
56,68,50
57,55,148
58,14,152
59,80,105
60,86,108
61,65,148
62,67,148
63,31,32
64,73,106
65,61,30
66,60,24
67,53,7
68,27,31
69,57,17
70,23,43
71,18,45
72,87,132
73,78,135
74,73,139
75,82,107
76,66,148
77,70,150
78,68,148
79,84,100
80,77,142
81,82,140
82,88,139
83,87,170
84,87,157
85,87,153
86,88,150
87,88,148
88,76,148
89,75,149
90,74,151
91,72,153
92,64,130
93,5,114
94,100,107
95,73,148
96,71,149
97,89,111
98,76,112
99,88,109
100,65,87
101,53,92
102,71,102
103,33,15
104,39,22
105,44,26
106,67,161
107,78,25
108,76,17
109,73,3
110,42,70
111,24,80
112,73,65
113,31,57
114,80,76
115,79,96
116,15,87
117,30,84
118,40,85
119,55,83
120,65,79
121,74,75
122,91,64
123,16,103
124,25,57
125,96,103
126,75,88
127,5,79
128,80,69
129,70,104
130,35,63
131,78,92
132,8,132
133,73,62
134,85,86
135,32,167
136,31,179
137,7,109
138,22,157
139,13,59
140,64,192
141,97,107
142,67,95
143,16,73
144,49,66
145,55,66
146,68,151
147,17,119
148,79,204
149,53,194
150,42,188
151,97,17
152,98,206
153,61,65
154,67,64
155,71,63
156,19,57
157,67,58
158,61,56
159,54,56
160,48,57
161,44,59
162,8,60
163,45,65
164,99,118
165,72,124
166,80,103
167,88,119
168,98,53
169,42,177
170,52,184
171,80,197
172,22,168
173,71,60
174,86,75
175,98,198
176,65,200
177,9,126
178,82,148
179,81,149
180,79,152
181,79,156
182,76,166
183,70,145
184,68,144
185,67,143
186,59,138
187,29,121
188,86,69
189,80,54
190,75,56
191,72,145
192,27,143
193,88,52
194,71,174
195,100,75
196,92,70
197,99,68
198,80,87
199,98,189
200,98,179
201,84,178
202,52,159
203,64,111
204,60,168
205,46,111
206,57,120
207,40,126
208,81,187
209,75,93
210,45,166
211,55,175
212,47,149
213,19,134
214,36,151
215,14,143
216,51,132
217,80,81
218,82,99
219,76,103
220,86,93
221,74,46
222,61,40
223,50,39
224,41,42
225,34,48
226,30,66
227,7,92
228,36,76
229,44,77
230,55,77
231,64,74
232,72,71
233,77,68
234,5,97
235,76,106
236,86,80
237,88,98
238,92,103
239,88,100
240,78,109
241,94,103
242,94,106
243,76,61
244,81,63
245,84,63
246,41,61
247,35,56
248,106,76
249,150,62
250,106,105
251,172,46
252,130,68
253,137,69
254,143,70
255,153,66
256,125,66
257,140,43
258,132,44
259,147,45
260,153,49
261,158,73
262,129,182
263,153,61
264,178,78
265,167,69
266,137,102
267,106,127
268,105,136
269,117,132
270,124,138
271,113,139
272,120,142
273,134,156
274,107,98
275,108,91
276,162,42
277,122,82
278,125,102
279,125,98
280,159,104
281,107,83
282,145,29
283,155,34
284,165,30
285,114,35
286,125,48
287,139,148
288,172,153
289,118,106
290,111,108
291,130,150
292,128,149
293,159,30
294,124,106
295,132,28
296,133,22
297,138,9
298,162,33
299,135,18
300,166,41
301,169,46
302,106,132
303,115,136
304,122,140
305,116,108
306,129,150
307,126,151
308,127,149
309,115,101
310,118,143
311,112,140
312,105,139
313,109,170
314,106,158
315,106,153
316,105,150
317,104,148
318,118,149
319,119,150
320,121,152
321,122,155
322,131,131
323,178,115
324,122,149
325,124,150
326,109,111
327,121,112
328,110,110
329,130,87
330,142,93
331,126,103
332,155,17
333,152,23
334,147,23
335,128,161
336,116,23
337,118,17
338,119,4
339,149,69
340,166,80
341,121,64
342,160,55
343,116,76
344,120,97
345,175,89
346,160,85
347,150,86
348,137,83
349,127,79
350,120,75
351,106,64
352,175,105
353,165,55
354,104,103
355,122,88
356,178,81
357,115,69
358,126,105
359,156,61
360,120,93
361,176,133
362,121,61
363,114,87
364,160,167
365,159,177
366,180,110
367,168,157
368,173,61
369,131,191
370,103,107
371,128,95
372,174,72
373,143,64
374,137,64
375,127,153
376,174,120
377,116,204
378,140,193
379,149,187
380,132,64
381,127,63
382,123,62
383,171,55
384,127,56
385,133,54
386,138,54
387,144,55
388,148,57
389,175,62
390,147,63
391,125,124
392,118,104
393,110,119
394,151,176
395,141,183
396,117,196
397,166,167
398,123,59
399,112,75
400,129,199
401,179,127
402,112,148
403,113,150
404,114,153
405,115,157
406,120,166
407,125,146
408,127,145
409,128,144
410,136,139
411,164,122
412,111,69
413,115,53
414,120,55
415,123,146
416,165,143
417,108,51
418,125,173
419,106,70
420,118,87
421,112,178
422,142,160
423,132,112
424,134,168
425,148,112
426,138,121
427,154,127
428,115,187
429,122,93
430,148,166
431,139,174
432,147,149
433,172,134
434,156,151
435,175,143
436,144,133
437,116,82
438,117,99
439,122,104
440,114,93
441,120,44
442,132,38
443,142,38
444,150,41
445,156,46
446,161,65
447,180,94
448,154,76
449,147,77
450,137,76
451,129,73
452,122,70
453,117,67
454,178,98
455,121,107
456,112,81
457,112,98
458,107,103
459,111,100
460,119,110
461,106,103
462,105,106
463,118,61
464,114,62
465,111,62
466,151,59
467,156,55
468,54,61
469,62,60
470,54,54
471,47,61
472,55,67
473,140,59
474,148,60
475,141,52
476,133,59
477,139,66
