0,101,138
1,88,105
2,94,113
3,84,80
4,87,97
5,88,87
6,93,62
7,55,65
8,93,42
9,92,32
10,91,-4
11,101,140
12,102,141
13,102,143
14,103,143
15,102,145
16,102,148
17,103,151
18,104,161
19,90,109
20,85,110
21,36,38
22,72,69
23,66,71
24,60,71
25,53,67
26,77,67
27,60,48
28,68,48
29,54,50
30,50,54
31,49,72
32,82,175
33,53,63
34,39,70
35,44,67
36,64,100
37,91,136
38,93,141
39,84,137
40,80,138
41,87,141
42,83,140
43,73,147
44,83,105
45,81,97
46,42,49
47,77,80
48,71,104
49,71,99
50,47,100
51,82,88
52,52,39
53,45,42
54,38,24
55,79,42
56,75,50
57,67,139
58,55,140
59,77,108
60,82,110
61,74,140
62,76,140
63,43,38
64,72,107
65,63,38
66,61,32
67,55,3
68,39,30
69,58,17
70,40,46
71,36,42
72,92,139
73,86,139
74,81,139
75,79,109
76,75,140
77,78,142
78,77,140
79,78,106
80,84,141
81,89,142
82,95,142
83,95,161
84,94,150
85,94,147
86,94,145
87,95,142
88,84,141
89,83,142
90,82,144
91,81,146
92,70,126
93,48,103
94,92,111
95,81,141
96,79,141
97,85,113
98,76,111
99,84,112
100,70,85
101,60,91
102,71,103
103,44,12
104,46,22
105,50,33
106,79,152
107,75,32
108,73,15
109,70,-1
110,55,70
111,44,78
112,81,64
113,46,58
114,81,75
115,73,101
116,38,84
117,46,83
118,52,85
119,63,82
120,72,79
121,78,74
122,87,64
123,38,99
124,43,57
125,87,109
126,76,88
127,42,70
128,82,70
129,72,103
130,51,63
131,74,96
132,51,121
133,82,62
134,78,91
135,59,157
136,65,166
137,40,102
138,53,147
139,37,55
140,82,183
141,89,111
142,71,94
143,41,69
144,60,67
145,65,67
146,77,143
147,41,114
148,96,194
149,79,184
150,72,176
151,91,13
152,110,196
153,71,66
154,76,64
155,80,63
156,40,56
157,76,56
158,70,55
159,63,55
160,58,57
161,55,59
162,38,52
163,57,66
164,96,119
165,75,122
166,76,107
167,86,119
168,94,52
169,67,167
170,74,175
171,93,189
172,60,155
173,80,59
174,82,77
175,108,190
176,86,190
177,43,118
178,89,142
179,88,144
180,87,146
181,86,149
182,86,157
183,79,140
184,78,140
185,77,139
186,67,132
187,45,117
188,84,69
189,83,55
190,81,56
191,81,141
192,49,136
193,86,53
194,84,166
195,90,78
196,85,73
197,91,70
198,77,89
199,106,182
200,105,171
201,94,170
202,69,151
203,68,110
204,76,159
205,55,110
206,64,118
207,52,122
208,92,180
209,75,93
210,66,158
211,74,167
212,62,141
213,44,127
214,56,144
215,47,133
216,61,127
217,79,82
218,75,104
219,73,106
220,77,99
221,77,48
222,66,44
223,56,45
224,50,47
225,46,52
226,48,65
227,39,86
228,51,75
229,56,77
230,64,76
231,72,74
232,78,70
233,82,67
234,46,86
235,74,108
236,80,84
237,79,104
238,84,108
239,80,106
240,77,110
241,85,109
242,87,111
243,83,62
244,85,63
245,85,63
246,54,61
247,49,58
248,97,79
249,152,58
250,100,109
251,191,23
252,131,63
253,138,64
254,145,64
255,157,60
256,125,62
257,139,42
258,131,43
259,148,43
260,154,46
261,164,64
262,139,174
263,155,56
264,197,58
265,175,58
266,139,95
267,111,135
268,112,140
269,123,136
270,131,136
271,121,139
272,129,138
273,145,144
274,95,104
275,95,96
276,165,39
277,121,77
278,120,101
279,122,96
280,165,93
281,96,87
282,141,32
283,154,34
284,178,9
285,109,42
286,125,47
287,151,135
288,203,135
289,115,106
290,108,109
291,142,137
292,140,137
293,159,28
294,122,104
295,125,34
296,126,28
297,137,-5
298,170,17
299,132,9
300,172,35
301,182,28
302,112,138
303,122,138
304,130,137
305,114,107
306,141,137
307,136,139
308,139,138
309,108,104
310,128,139
311,120,140
312,112,141
313,116,160
314,114,150
315,113,147
316,112,144
317,112,142
318,128,140
319,129,140
320,131,142
321,132,143
322,137,123
323,209,94
324,134,139
325,135,139
326,106,112
327,121,109
328,107,110
329,130,81
330,144,85
331,124,100
332,160,0
333,154,11
334,143,25
335,137,150
336,109,32
337,112,11
338,115,-6
339,152,63
340,174,69
341,121,60
342,163,49
343,115,73
344,113,98
345,187,73
346,166,74
347,154,77
348,139,76
349,129,74
350,121,71
351,101,63
352,187,90
353,171,48
354,94,109
355,120,85
356,206,57
357,115,67
358,127,100
359,160,55
360,114,93
361,208,114
362,122,58
363,105,89
364,179,155
365,183,166
366,200,92
367,190,144
368,190,42
369,142,184
370,95,111
371,129,90
372,185,59
373,144,60
374,137,60
375,138,140
376,189,106
377,127,195
378,156,185
379,168,177
380,132,59
381,127,59
382,124,58
383,179,46
384,128,53
385,134,50
386,140,50
387,146,51
388,150,53
389,200,38
390,148,59
391,127,119
392,114,105
393,108,118
394,167,167
395,155,176
396,126,189
397,194,153
398,124,56
399,106,75
400,142,191
401,200,110
402,120,141
403,122,142
404,122,144
405,123,147
406,128,156
407,135,138
408,136,137
409,137,136
410,146,128
411,176,110
412,107,68
413,114,53
414,120,53
415,134,138
416,182,131
417,105,53
418,134,165
419,99,72
420,113,87
421,120,170
422,153,148
423,135,106
424,145,158
425,154,104
426,144,113
427,164,117
428,123,180
429,120,91
430,161,156
431,151,166
432,159,137
433,189,121
434,171,140
435,198,128
436,153,123
437,113,80
438,110,102
439,118,104
440,104,97
441,118,46
442,129,40
443,139,38
444,149,39
445,158,43
446,166,57
447,199,75
448,159,67
449,150,70
450,139,70
451,130,68
452,123,66
453,118,64
454,208,75
455,119,106
456,105,82
457,102,103
458,99,108
459,103,105
460,118,108
461,97,108
462,98,110
463,119,58
464,114,60
465,110,62
466,153,54
467,159,50
468,68,61
469,75,60
470,67,54
471,61,61
472,69,67
473,144,55
474,151,55
475,144,48
476,136,54
477,144,61
