0,98,132
1,103,111
2,101,117
3,95,85
4,103,103
5,103,93
6,101,68
7,44,61
8,100,50
9,100,40
10,100,0
11,98,134
12,98,136
13,98,137
14,98,152
15,98,155
16,99,158
17,99,162
18,99,171
19,103,115
20,94,114
21,15,32
22,65,67
23,58,68
24,50,68
25,40,63
26,71,66
27,54,48
28,63,49
29,46,49
30,41,52
31,34,68
32,68,180
33,41,59
34,11,66
35,26,63
36,59,100
37,86,131
38,86,135
39,74,132
40,65,134
41,76,135
42,69,135
43,58,147
44,97,111
45,96,103
46,31,46
47,76,82
48,74,106
49,73,101
50,35,98
51,96,93
52,50,39
53,39,41
54,23,19
55,84,47
56,70,52
57,51,137
58,15,140
59,80,111
60,87,113
61,55,137
62,57,138
63,35,36
64,73,108
65,65,41
66,64,34
67,56,2
68,29,27
69,60,18
70,27,42
71,21,37
72,86,133
73,75,134
74,67,135
75,81,112
76,56,138
77,61,143
78,58,138
79,86,109
80,70,136
81,78,136
82,87,136
83,87,170
84,86,160
85,87,157
86,87,154
87,88,151
88,71,146
89,69,147
90,68,148
91,67,150
92,61,127
93,8,99
94,102,116
95,65,143
96,63,143
97,89,116
98,74,112
99,88,115
100,67,86
101,55,90
102,71,104
103,36,9
104,42,20
105,48,33
106,65,156
107,82,37
108,79,18
109,76,0
110,44,66
111,26,73
112,75,65
113,33,54
114,82,78
115,80,104
116,18,80
117,31,78
118,41,81
119,56,81
120,66,78
121,74,75
122,93,69
123,17,95
124,28,53
125,98,115
126,76,90
127,8,64
128,80,72
129,70,104
130,37,59
131,80,99
132,10,119
133,75,62
134,88,95
135,33,159
136,33,169
137,9,99
138,23,148
139,16,50
140,67,188
141,99,116
142,68,95
143,19,63
144,51,63
145,58,64
146,60,144
147,17,112
148,81,200
149,57,188
150,46,180
151,100,19
152,97,202
153,64,63
154,70,63
155,73,62
156,22,51
157,68,58
158,62,56
159,55,55
160,49,56
161,45,57
162,10,46
163,47,62
164,101,123
165,70,123
166,80,110
167,88,122
168,100,59
169,45,170
170,55,179
171,81,195
172,24,157
173,73,60
174,88,81
175,98,197
176,68,195
177,11,116
178,78,149
179,77,150
180,76,153
181,76,156
182,74,164
183,62,136
184,60,136
185,59,135
186,55,131
187,27,115
188,88,73
189,82,58
190,76,58
191,63,137
192,26,136
193,89,58
194,71,171
195,102,84
196,94,78
197,101,76
198,82,92
199,98,189
200,99,179
201,84,178
202,52,152
203,63,110
204,61,162
205,45,109
206,55,118
207,38,121
208,82,187
209,76,96
210,47,159
211,57,170
212,45,140
213,18,126
214,36,144
215,15,133
216,48,126
217,82,85
218,83,108
219,77,109
220,88,103
221,76,51
222,64,46
223,53,45
224,43,46
225,37,49
226,32,61
227,9,82
228,38,71
229,46,74
230,57,74
231,66,72
232,73,70
233,78,69
234,8,81
235,76,110
236,89,88
237,90,109
238,94,113
239,90,110
240,78,112
241,96,114
242,96,115
243,78,63
244,82,65
245,85,67
246,43,58
247,37,55
248,108,85
249,145,62
250,110,114
251,169,35
252,128,67
253,134,68
254,140,68
255,148,65
256,123,66
257,138,52
258,131,52
259,144,53
260,148,55
261,154,70
262,126,180
263,148,61
264,172,69
265,162,66
266,138,101
267,109,131
268,108,136
269,119,133
270,125,135
271,116,136
272,121,137
273,136,148
274,109,111
275,110,103
276,158,50
277,122,83
278,127,106
279,127,102
280,158,100
281,110,93
282,143,44
283,152,46
284,164,22
285,114,50
286,125,54
287,142,138
288,166,141
289,121,111
290,115,113
291,131,139
292,129,139
293,155,41
294,127,109
295,130,45
296,131,38
297,140,5
298,161,30
299,136,20
300,161,46
301,167,41
302,109,134
303,117,135
304,123,136
305,120,112
306,130,139
307,127,144
308,128,139
309,118,110
310,120,137
311,114,136
312,107,137
313,111,170
314,110,161
315,109,157
316,108,154
317,107,151
318,119,146
319,121,147
320,123,149
321,125,151
322,135,127
323,170,102
324,123,144
325,125,144
326,113,116
327,125,113
328,114,115
329,129,87
330,141,91
331,128,105
332,155,12
333,151,23
334,145,38
335,130,157
336,116,40
337,119,19
338,122,1
339,145,67
340,161,75
341,120,64
342,155,58
343,117,79
344,122,104
345,169,83
346,157,80
347,149,83
348,137,82
349,127,79
350,121,75
351,107,70
352,171,98
353,160,57
354,107,115
355,122,90
356,171,67
357,116,72
358,129,104
359,151,62
360,122,99
361,169,121
362,120,62
363,116,95
364,155,160
365,153,170
366,174,101
367,164,150
368,169,54
369,126,188
370,105,116
371,129,95
372,167,67
373,139,63
374,134,63
375,128,145
376,171,113
377,113,200
378,134,188
379,143,180
380,129,63
381,124,62
382,121,62
383,164,55
384,126,59
385,131,58
386,136,58
387,141,59
388,145,60
389,171,50
390,143,63
391,128,123
392,121,110
393,113,123
394,145,170
395,136,179
396,113,195
397,160,158
398,122,60
399,113,81
400,124,195
401,173,118
402,114,149
403,116,151
404,117,154
405,119,157
406,122,165
407,126,138
408,127,137
409,129,137
410,140,131
411,164,117
412,112,74
413,115,58
414,119,58
415,124,138
416,164,137
417,109,59
418,124,172
419,108,78
420,119,93
421,112,178
422,140,152
423,134,110
424,133,163
425,149,110
426,140,118
427,155,122
428,113,187
429,124,96
430,145,160
431,135,170
432,147,141
433,169,127
434,155,145
435,170,135
436,146,127
437,117,86
438,120,108
439,125,109
440,116,103
441,120,53
442,130,49
443,140,49
444,147,50
445,153,53
446,156,64
447,173,85
448,151,73
449,144,75
450,136,74
451,128,73
452,121,70
453,117,68
454,170,85
455,124,110
456,114,88
457,115,109
458,110,113
459,115,111
460,122,112
461,109,114
462,108,115
463,118,62
464,114,65
465,112,67
466,146,61
467,151,58
468,57,59
469,64,59
470,57,53
471,49,59
472,56,65
473,136,59
474,143,60
475,136,53
476,130,59
477,136,65
