0,99,133
1,98,112
2,98,118
3,92,85
4,98,104
5,98,93
6,99,67
7,49,62
8,99,49
9,99,39
10,99,0
11,99,135
12,99,137
13,99,139
14,98,148
15,98,151
16,98,155
17,98,159
18,98,170
19,98,116
20,90,115
21,21,34
22,68,67
23,61,68
24,54,68
25,45,65
26,74,66
27,58,50
28,66,51
29,51,51
30,46,54
31,38,70
32,68,181
33,46,61
34,17,67
35,30,65
36,59,101
37,87,131
38,88,136
39,77,132
40,70,134
41,79,136
42,73,136
43,60,149
44,91,112
45,91,104
46,36,49
47,76,83
48,72,107
49,72,103
50,37,99
51,91,94
52,54,42
53,44,44
54,28,21
55,85,48
56,72,53
57,54,139
58,21,141
59,78,112
60,84,114
61,61,138
62,63,138
63,40,40
64,72,110
65,68,43
66,67,37
67,57,4
68,33,30
69,61,19
70,32,46
71,25,40
72,88,134
73,78,134
74,71,135
75,80,113
76,62,138
77,65,143
78,64,138
79,82,110
80,74,137
81,81,137
82,89,138
83,86,169
84,86,159
85,87,154
86,88,150
87,89,147
88,74,144
89,72,145
90,70,147
91,69,150
92,63,128
93,16,101
94,98,117
95,69,142
96,67,142
97,87,117
98,74,114
99,86,116
100,68,87
101,55,91
102,70,105
103,39,11
104,44,22
105,52,36
106,66,157
107,83,39
108,79,19
109,76,1
110,48,67
111,30,75
112,78,64
113,39,57
114,81,78
115,78,105
116,22,81
117,35,80
118,44,83
119,58,82
120,68,79
121,76,75
122,92,69
123,21,97
124,33,56
125,94,115
126,75,91
127,15,66
128,82,72
129,70,105
130,43,61
131,77,100
132,17,120
133,77,62
134,84,96
135,36,160
136,37,170
137,15,100
138,27,149
139,21,52
140,67,190
141,95,117
142,68,96
143,24,67
144,55,64
145,61,64
146,64,144
147,21,113
148,81,203
149,58,190
150,48,181
151,99,19
152,98,204
153,67,63
154,72,62
155,76,62
156,28,54
157,71,58
158,65,57
159,59,56
160,53,57
161,50,59
162,17,48
163,52,63
164,98,124
165,71,125
166,78,111
167,86,124
168,99,58
169,46,171
170,56,181
171,81,196
172,28,157
173,75,60
174,86,81
175,98,199
176,68,197
177,17,117
178,81,146
179,79,148
180,77,151
181,76,155
182,75,164
183,67,137
184,66,137
185,64,136
186,56,133
187,30,117
188,87,73
189,83,58
190,79,58
191,69,138
192,29,136
193,90,58
194,71,172
195,98,84
196,92,78
197,98,76
198,80,93
199,98,190
200,98,179
201,84,178
202,54,153
203,63,111
204,62,163
205,46,110
206,56,119
207,39,122
208,82,188
209,75,97
210,48,161
211,58,171
212,48,142
213,22,127
214,38,145
215,20,134
216,50,127
217,81,86
218,80,109
219,75,110
220,84,104
221,78,52
222,67,48
223,56,47
224,48,49
225,42,52
226,37,63
227,15,83
228,42,73
229,50,75
230,59,74
231,68,73
232,75,70
233,80,68
234,15,83
235,75,111
236,86,88
237,86,110
238,90,114
239,86,111
240,77,113
241,91,115
242,92,116
243,80,62
244,84,65
245,86,66
246,48,60
247,43,57
248,105,85
249,151,60
250,106,115
251,177,34
252,129,66
253,137,66
254,144,67
255,154,63
256,123,65
257,143,47
258,133,48
259,151,49
260,155,52
261,159,68
262,127,181
263,154,59
264,182,67
265,167,63
266,138,101
267,111,130
268,110,136
269,122,131
270,129,132
271,119,135
272,125,135
273,138,148
274,104,111
275,105,104
276,165,47
277,121,83
278,124,107
279,125,102
280,160,99
281,105,94
282,149,40
283,159,42
284,171,21
285,115,46
286,125,51
287,145,139
288,177,141
289,118,111
290,112,114
291,136,136
292,134,136
293,163,38
294,125,109
295,135,40
296,137,35
297,142,4
298,165,29
299,137,19
300,169,44
301,173,40
302,111,133
303,121,133
304,127,134
305,117,113
306,135,136
307,131,141
308,133,137
309,114,110
310,124,136
311,117,136
312,109,137
313,110,169
314,109,158
315,109,153
316,109,149
317,108,146
318,123,142
319,124,143
320,126,145
321,127,148
322,135,128
323,183,101
324,127,140
325,129,140
326,109,117
327,123,113
328,111,116
329,129,86
330,142,91
331,126,105
332,159,11
333,154,22
334,152,34
335,131,156
336,119,36
337,120,19
338,123,1
339,150,66
340,167,74
341,119,63
342,161,55
343,116,78
344,119,105
345,176,81
346,162,79
347,153,82
348,139,81
349,128,77
350,120,74
351,106,69
352,176,96
353,167,54
354,102,115
355,121,90
356,183,66
357,115,71
358,127,105
359,157,59
360,119,99
361,181,120
362,119,61
363,112,96
364,161,160
365,160,170
366,183,99
367,171,149
368,177,52
369,129,190
370,101,117
371,129,95
372,173,65
373,143,62
374,137,62
375,133,142
376,176,112
377,114,203
378,138,190
379,148,182
380,131,61
381,125,61
382,121,61
383,171,53
384,127,56
385,134,54
386,140,54
387,147,55
388,150,57
389,181,48
390,148,61
391,127,124
392,118,111
393,111,124
394,150,171
395,140,181
396,114,197
397,169,158
398,121,59
399,111,81
400,127,197
401,181,117
402,116,144
403,117,147
404,119,150
405,119,154
406,122,164
407,130,136
408,132,135
409,134,134
410,142,132
411,168,116
412,111,73
413,114,56
414,118,56
415,128,136
416,169,136
417,108,57
418,125,172
419,105,77
420,117,93
421,112,178
422,143,152
423,133,111
424,135,163
425,151,110
426,141,118
427,158,122
428,113,188
429,122,96
430,148,160
431,138,171
432,150,141
433,175,126
434,159,144
435,178,134
436,148,127
437,116,86
438,116,109
439,122,110
440,112,104
441,121,50
442,134,45
443,145,45
444,154,47
445,160,50
446,161,61
447,183,83
448,155,71
449,148,73
450,138,73
451,128,71
452,121,69
453,116,67
454,183,83
455,122,111
456,111,88
457,110,110
458,106,114
459,110,111
460,120,113
461,105,115
462,104,116
463,116,61
464,113,64
465,111,65
466,152,58
467,158,55
468,60,59
469,67,59
470,60,53
471,53,59
472,60,65
473,139,57
474,146,57
475,139,50
476,131,56
477,139,63
