0,95,126
1,97,105
2,97,114
3,90,82
4,97,97
5,97,88
6,97,66
7,40,64
8,96,46
9,96,35
10,96,1
11,95,129
12,95,132
13,96,134
14,96,153
15,96,156
16,96,160
17,97,164
18,97,172
19,97,110
20,89,110
21,10,40
22,61,71
23,53,71
24,46,71
25,36,67
26,68,69
27,50,49
28,59,50
29,42,50
30,36,53
31,29,72
32,65,180
33,37,63
34,5,73
35,20,66
36,52,101
37,82,124
38,83,131
39,69,125
40,61,128
41,73,130
42,65,131
43,53,148
44,91,105
45,90,97
46,25,46
47,71,84
48,70,103
49,69,100
50,27,100
51,90,89
52,44,37
53,33,40
54,18,25
55,78,43
56,67,53
57,46,137
58,13,147
59,76,108
60,83,111
61,53,134
62,55,135
63,28,35
64,69,107
65,58,37
66,57,31
67,50,5
68,23,30
69,55,17
70,20,43
71,15,42
72,82,128
73,71,128
74,63,129
75,78,110
76,54,135
77,59,142
78,56,135
79,81,106
80,67,132
81,74,132
82,84,133
83,83,171
84,84,162
85,84,158
86,84,154
87,85,152
88,68,145
89,67,146
90,65,148
91,64,150
92,56,125
93,4,109
94,97,112
95,63,141
96,61,141
97,85,113
98,71,111
99,84,112
100,62,87
101,47,91
102,67,103
103,31,13
104,36,21
105,41,31
106,60,157
107,75,33
108,74,17
109,71,1
110,40,69
111,20,77
112,73,67
113,28,57
114,77,79
115,76,101
116,10,85
117,25,82
118,36,84
119,51,83
120,63,80
121,71,77
122,89,68
123,9,99
124,22,55
125,93,110
126,71,90
127,3,74
128,78,73
129,65,104
130,33,63
131,75,96
132,7,127
133,73,65
134,83,92
135,30,162
136,32,173
137,3,105
138,19,152
139,10,57
140,65,188
141,94,112
142,63,95
143,14,68
144,47,66
145,53,67
146,57,143
147,9,115
148,80,200
149,55,189
150,45,182
151,96,18
152,97,202
153,60,67
154,66,66
155,71,65
156,16,54
157,66,60
158,59,58
159,53,57
160,46,58
161,42,60
162,6,56
163,43,65
164,97,119
165,66,121
166,76,107
167,84,119
168,96,57
169,42,171
170,53,180
171,79,194
172,21,162
173,71,63
174,83,80
175,97,196
176,67,195
177,5,122
178,76,149
179,74,151
180,73,153
181,73,157
182,70,166
183,59,132
184,57,132
185,56,131
186,49,129
187,19,118
188,83,73
189,78,58
190,74,59
191,61,133
192,20,138
193,85,57
194,67,172
195,97,81
196,90,76
197,97,74
198,77,91
199,97,189
200,97,180
201,81,179
202,48,152
203,58,110
204,57,163
205,38,109
206,50,117
207,31,122
208,80,187
209,71,95
210,43,160
211,54,170
212,41,140
213,12,129
214,31,145
215,10,139
216,43,125
217,78,85
218,78,104
219,73,106
220,83,99
221,72,50
222,59,45
223,48,44
224,38,46
225,31,50
226,28,64
227,4,89
228,33,74
229,41,76
230,52,77
231,62,75
232,70,73
233,76,70
234,3,92
235,72,108
236,84,85
237,85,104
238,89,109
239,85,106
240,74,110
241,91,109
242,91,111
243,76,65
244,80,66
245,82,67
246,39,61
247,33,57
248,104,82
249,153,67
250,104,110
251,175,43
252,132,72
253,139,73
254,146,73
255,156,69
256,125,70
257,142,51
258,133,51
259,150,52
260,156,55
261,162,73
262,128,180
263,156,65
264,180,75
265,169,68
266,139,101
267,108,125
268,108,132
269,121,129
270,129,132
271,118,133
272,125,135
273,139,148
274,104,105
275,105,97
276,164,47
277,121,84
278,123,104
279,124,100
280,164,101
281,104,89
282,147,39
283,157,42
284,168,28
285,114,45
286,126,55
287,145,137
288,174,149
289,117,109
290,110,111
291,138,139
292,135,139
293,160,37
294,124,107
295,133,40
296,134,34
297,140,7
298,164,32
299,136,19
300,167,44
301,171,45
302,108,129
303,120,131
304,127,133
305,115,110
306,137,139
307,132,146
308,134,139
309,112,106
310,124,135
311,116,134
312,107,134
313,110,171
314,110,163
315,109,159
316,108,156
317,107,153
318,123,149
319,125,150
320,127,151
321,129,153
322,136,125
323,180,111
324,128,145
325,130,145
326,108,114
327,121,112
328,109,112
329,130,88
330,144,92
331,125,104
332,157,15
333,153,24
334,149,33
335,132,157
336,116,35
337,118,18
338,120,2
339,152,72
340,169,78
341,121,68
342,162,58
343,115,79
344,118,101
345,177,87
346,165,83
347,156,86
348,142,84
349,131,81
350,122,78
351,104,69
352,179,101
353,167,57
354,101,110
355,121,90
356,180,77
357,116,74
358,126,104
359,159,65
360,118,97
361,179,129
362,121,66
363,111,92
364,160,162
365,157,173
366,184,107
367,170,153
368,176,59
369,128,188
370,100,112
371,129,96
372,174,69
373,146,68
374,139,68
375,134,147
376,180,117
377,113,200
378,136,188
379,145,182
380,133,68
381,127,67
382,123,66
383,171,56
384,127,61
385,134,60
386,141,59
387,147,60
388,151,62
389,179,58
390,150,68
391,127,121
392,117,108
393,110,119
394,148,172
395,138,180
396,114,194
397,166,163
398,123,64
399,110,80
400,125,195
401,182,124
402,116,151
403,118,153
404,119,156
405,121,160
406,123,166
407,131,137
408,133,136
409,134,135
410,142,130
411,171,119
412,109,74
413,115,59
414,119,61
415,130,137
416,170,139
417,107,58
418,126,172
419,104,76
420,116,91
421,112,179
422,143,153
423,133,111
424,135,163
425,153,110
426,142,118
427,160,123
428,114,187
429,121,95
430,148,161
431,138,171
432,150,141
433,177,131
434,159,146
435,178,140
436,149,126
437,115,85
438,115,105
439,120,107
440,112,99
441,121,52
442,133,47
443,144,46
444,153,48
445,160,52
446,163,66
447,183,91
448,158,76
449,151,78
450,141,78
451,131,76
452,123,74
453,118,71
454,180,94
455,120,109
456,110,86
457,109,105
458,105,109
459,109,107
460,118,111
461,103,109
462,102,112
463,118,66
464,114,67
465,111,68
466,154,64
467,159,59
468,55,62
469,63,62
470,54,55
471,46,62
472,55,69
473,139,63
474,149,64
475,139,57
476,130,63
477,139,70
