0,96,134
1,88,107
2,94,115
3,85,83
4,87,99
5,89,89
6,94,65
7,52,65
8,95,43
9,94,32
10,93,-4
11,96,137
12,97,139
13,98,141
14,98,142
15,98,146
16,98,150
17,99,155
18,102,164
19,90,111
20,86,112
21,38,38
22,70,72
23,63,73
24,57,72
25,50,68
26,76,69
27,59,48
28,68,49
29,52,50
30,48,54
31,46,73
32,82,175
33,50,63
34,39,71
35,42,68
36,64,103
37,89,132
38,91,139
39,83,134
40,80,136
41,86,139
42,83,139
43,73,150
44,83,107
45,81,100
46,40,48
47,77,83
48,72,106
49,73,102
50,46,104
51,83,91
52,51,38
53,43,42
54,40,24
55,80,43
56,75,52
57,67,142
58,55,139
59,78,110
60,84,113
61,76,139
62,78,139
63,41,37
64,74,110
65,63,38
66,61,32
67,56,3
68,40,30
69,59,18
70,38,45
71,38,42
72,89,136
73,84,137
74,81,137
75,80,112
76,77,139
77,79,141
78,79,139
79,79,108
80,84,140
81,88,140
82,92,141
83,94,163
84,91,154
85,91,149
86,91,145
87,92,141
88,84,140
89,83,142
90,81,144
91,81,146
92,70,129
93,48,103
94,92,113
95,82,140
96,80,140
97,86,115
98,77,114
99,85,114
100,71,88
101,60,94
102,73,106
103,45,12
104,47,22
105,49,33
106,78,155
107,77,33
108,74,15
109,72,-1
110,52,71
111,41,79
112,80,67
113,44,58
114,81,78
115,74,103
116,37,85
117,42,85
118,48,87
119,61,85
120,70,82
121,77,77
122,88,67
123,37,101
124,41,57
125,87,111
126,77,91
127,44,70
128,82,72
129,74,106
130,48,63
131,75,98
132,51,121
133,81,64
134,78,94
135,60,158
136,66,165
137,39,103
138,53,148
139,38,55
140,83,182
141,89,113
142,72,97
143,39,70
144,57,68
145,63,68
146,78,142
147,40,116
148,96,192
149,80,181
150,74,174
151,93,13
152,110,194
153,69,68
154,75,66
155,79,65
156,39,57
157,75,58
158,69,56
159,62,56
160,56,58
161,53,60
162,40,52
163,54,66
164,95,122
165,75,125
166,77,109
167,86,122
168,95,54
169,68,167
170,76,174
171,93,187
172,60,154
173,79,61
174,83,80
175,107,189
176,87,187
177,42,119
178,88,141
179,86,143
180,85,147
181,85,151
182,85,160
183,80,139
184,79,138
185,78,137
186,67,135
187,44,120
188,85,72
189,84,57
190,81,58
191,82,139
192,49,138
193,87,56
194,83,167
195,91,81
196,86,75
197,92,73
198,78,92
199,105,182
200,104,173
201,93,172
202,68,153
203,69,113
204,75,161
205,54,113
206,64,121
207,52,125
208,92,181
209,76,96
210,66,159
211,74,167
212,62,144
213,44,129
214,56,146
215,47,134
216,60,131
217,80,85
218,76,107
219,74,109
220,77,101
221,78,49
222,66,45
223,55,45
224,48,47
225,44,51
226,45,66
227,38,87
228,48,77
229,54,79
230,62,78
231,71,76
232,77,73
233,82,70
234,47,86
235,76,111
236,81,87
237,79,107
238,84,111
239,81,108
240,78,113
241,85,111
242,87,113
243,83,64
244,85,65
245,85,66
246,51,61
247,47,58
248,98,82
249,158,57
250,99,111
251,197,23
252,134,67
253,142,67
254,151,66
255,162,60
256,126,65
257,143,39
258,133,41
259,153,40
260,160,44
261,170,65
262,136,175
263,161,54
264,202,58
265,180,57
266,140,99
267,105,132
268,106,139
269,116,135
270,123,137
271,114,139
272,121,139
273,141,148
274,95,107
275,95,99
276,171,36
277,123,80
278,119,104
279,121,100
280,168,97
281,96,90
282,147,28
283,160,30
284,184,9
285,111,39
286,125,46
287,147,140
288,204,133
289,113,109
290,107,112
291,134,139
292,132,140
293,165,24
294,121,108
295,131,30
296,131,24
297,142,-6
298,175,17
299,136,9
300,176,32
301,187,28
302,106,136
303,115,137
304,122,138
305,112,111
306,133,139
307,129,141
308,131,140
309,107,107
310,121,140
311,114,140
312,106,141
313,114,163
314,109,154
315,108,149
316,107,145
317,106,142
318,121,140
319,122,142
320,123,144
321,125,146
322,133,128
323,211,93
324,126,140
325,127,141
326,104,115
327,119,113
328,105,114
329,132,84
330,146,89
331,123,104
332,166,0
333,158,10
334,150,21
335,134,154
336,112,28
337,115,11
338,118,-7
339,158,64
340,180,70
341,121,64
342,169,48
343,116,75
344,112,101
345,191,75
346,174,76
347,162,80
348,145,80
349,133,78
350,123,75
351,102,66
352,191,92
353,176,46
354,94,111
355,121,88
356,210,57
357,116,71
358,126,104
359,165,54
360,114,96
361,210,113
362,121,61
363,105,92
364,178,156
365,181,164
366,205,93
367,190,144
368,195,42
369,139,182
370,95,113
371,129,93
372,188,58
373,149,61
374,142,62
375,130,142
376,192,109
377,126,193
378,153,182
379,166,175
380,135,62
381,128,62
382,123,61
383,183,43
384,128,53
385,136,49
386,143,48
387,151,49
388,155,51
389,205,38
390,154,59
391,124,124
392,112,108
393,106,122
394,165,166
395,153,174
396,124,188
397,194,151
398,123,58
399,107,78
400,140,188
401,204,111
402,114,141
403,115,143
404,116,147
405,118,150
406,125,159
407,127,139
408,128,139
409,129,138
410,142,133
411,177,114
412,109,70
413,114,54
414,119,55
415,126,140
416,182,133
417,105,54
418,131,167
419,100,74
420,114,90
421,118,172
422,150,152
423,133,110
424,142,161
425,155,108
426,142,118
427,164,121
428,121,181
429,120,94
430,159,158
431,148,167
432,156,142
433,191,122
434,169,143
435,200,128
436,151,127
437,114,83
438,109,105
439,116,107
440,104,100
441,119,45
442,132,38
443,145,35
444,156,37
445,164,41
446,171,56
447,204,76
448,165,69
449,156,72
450,144,73
451,133,72
452,125,70
453,118,67
454,211,74
455,117,109
456,106,85
457,102,106
458,99,110
459,103,107
460,116,112
461,97,111
462,97,113
463,118,61
464,113,63
465,110,65
466,158,53
467,164,48
468,69,62
469,78,62
470,69,53
471,59,62
472,69,70
473,145,55
474,154,54
475,144,46
476,135,55
477,145,63
