0,99,131
1,100,108
2,99,114
3,94,83
4,100,100
5,100,90
6,100,65
7,43,59
8,101,44
9,101,34
10,102,-4
11,99,134
12,99,138
13,99,140
14,99,150
15,99,154
16,99,159
17,99,164
18,97,166
19,99,111
20,93,111
21,14,26
22,64,68
23,57,68
24,49,67
25,40,61
26,71,66
27,54,43
28,63,44
29,46,44
30,40,47
31,33,66
32,69,171
33,40,56
34,10,59
35,25,59
36,61,99
37,91,130
38,92,138
39,83,134
40,78,137
41,86,139
42,81,140
43,65,148
44,94,107
45,93,100
46,30,41
47,76,80
48,77,105
49,76,101
50,38,98
51,94,91
52,49,35
53,38,36
54,22,13
55,83,43
56,71,48
57,61,140
58,17,129
59,82,109
60,88,111
61,72,143
62,74,143
63,34,31
64,76,108
65,64,36
66,63,30
67,56,-2
68,29,21
69,61,13
70,26,37
71,20,31
72,92,134
73,85,136
74,80,139
75,84,110
76,73,143
77,76,147
78,75,143
79,86,106
80,82,141
81,87,140
82,92,139
83,87,165
84,90,163
85,90,158
86,91,153
87,92,149
88,82,146
89,81,148
90,79,150
91,77,153
92,69,127
93,8,90
94,99,113
95,79,145
96,77,146
97,90,114
98,79,112
99,89,113
100,68,84
101,56,89
102,75,104
103,36,3
104,42,15
105,47,29
106,70,155
107,82,33
108,80,13
109,78,-4
110,43,65
111,25,71
112,75,64
113,33,50
114,82,75
115,81,102
116,17,76
117,30,77
118,39,81
119,54,81
120,65,78
121,74,75
122,93,66
123,19,92
124,27,49
125,96,111
126,77,88
127,7,57
128,80,71
129,74,104
130,37,56
131,81,97
132,11,109
133,76,61
134,87,93
135,37,151
136,36,157
137,10,92
138,27,140
139,15,44
140,67,177
141,96,112
142,70,93
143,19,60
144,50,63
145,57,64
146,74,148
147,21,107
148,79,187
149,57,175
150,47,168
151,102,14
152,95,190
153,63,63
154,70,62
155,74,62
156,22,47
157,69,53
158,63,50
159,56,49
160,49,50
161,44,52
162,9,39
163,46,61
164,99,120
165,76,123
166,83,108
167,89,121
168,100,54
169,47,161
170,56,169
171,80,184
172,26,145
173,74,58
174,88,78
175,96,186
176,67,182
177,13,109
178,87,148
179,85,151
180,84,155
181,82,159
182,77,161
183,77,142
184,76,141
185,75,140
186,64,133
187,32,113
188,88,70
189,82,55
190,77,56
191,79,142
192,32,130
193,89,56
194,73,165
195,100,82
196,93,75
197,100,74
198,82,90
199,96,180
200,97,172
201,84,171
202,57,150
203,67,110
204,64,158
205,50,108
206,60,117
207,44,120
208,81,178
209,78,94
210,50,154
211,59,163
212,52,140
213,23,120
214,42,140
215,18,124
216,56,127
217,83,83
218,84,105
219,79,107
220,87,101
221,77,48
222,64,42
223,52,40
224,43,41
225,36,45
226,32,58
227,9,75
228,37,70
229,45,73
230,55,74
231,65,72
232,73,70
233,78,68
234,7,73
235,79,109
236,88,86
237,89,106
238,92,109
239,89,107
240,81,111
241,94,110
242,94,112
243,78,62
244,83,64
245,85,66
246,42,54
247,37,51
248,106,83
249,152,61
250,105,111
251,179,30
252,130,68
253,138,69
254,145,69
255,155,64
256,124,66
257,143,45
258,134,46
259,151,46
260,156,50
261,160,69
262,122,171
263,155,58
264,180,63
265,168,62
266,134,101
267,107,130
268,106,137
269,114,133
270,119,136
271,112,138
272,116,139
273,128,149
274,105,107
275,107,101
276,166,43
277,120,81
278,120,106
279,121,101
280,156,100
281,107,91
282,150,36
283,160,38
284,173,17
285,117,44
286,126,50
287,133,141
288,166,131
289,114,110
290,109,112
291,124,142
292,122,142
293,164,33
294,120,109
295,136,38
296,138,31
297,146,0
298,168,26
299,141,16
300,170,39
301,174,36
302,107,134
303,113,136
304,117,138
305,112,111
306,123,142
307,121,146
308,121,142
309,112,107
310,114,140
311,110,140
312,105,139
313,107,165
314,107,163
315,107,158
316,106,153
317,106,149
318,114,146
319,116,148
320,118,150
321,119,152
322,127,128
323,176,94
324,117,144
325,119,145
326,107,114
327,117,113
328,108,113
329,128,85
330,140,91
331,122,105
332,163,7
333,158,19
334,153,30
335,123,155
336,120,34
337,123,15
338,126,-3
339,151,67
340,167,74
341,120,64
342,162,53
343,116,76
344,117,103
345,174,79
346,163,80
347,154,83
348,140,82
349,129,79
350,122,75
351,107,67
352,172,95
353,168,52
354,103,111
355,119,89
356,181,61
357,116,71
358,122,105
359,158,59
360,117,98
361,172,112
362,120,61
363,113,94
364,150,152
365,149,158
366,177,95
367,159,141
368,178,49
369,122,177
370,102,112
371,125,94
372,173,63
373,145,65
374,138,65
375,122,147
376,169,110
377,109,188
378,130,175
379,138,168
380,132,64
381,126,63
382,122,62
383,172,50
384,127,55
385,133,52
386,141,52
387,147,53
388,151,55
389,181,44
390,149,63
391,120,124
392,114,108
393,108,121
394,141,161
395,132,169
396,111,184
397,157,147
398,122,59
399,112,79
400,120,182
401,173,112
402,111,148
403,112,150
404,113,154
405,114,158
406,116,161
407,119,141
408,121,140
409,122,139
410,131,134
411,159,115
412,111,71
413,115,56
414,119,56
415,118,141
416,158,132
417,109,56
418,119,166
419,107,75
420,116,91
421,108,171
422,135,150
423,128,111
424,128,159
425,145,110
426,134,118
427,149,122
428,110,178
429,119,95
430,140,155
431,131,163
432,140,141
433,165,123
434,149,141
435,168,127
436,138,128
437,115,84
438,114,106
439,118,108
440,112,101
441,122,48
442,135,43
443,146,42
444,155,44
445,160,47
446,162,60
447,180,79
448,156,72
449,149,75
450,139,75
451,130,73
452,122,70
453,118,68
454,178,77
455,117,110
456,112,86
457,110,106
458,106,110
459,110,107
460,115,112
461,105,110
462,104,112
463,117,62
464,114,64
465,112,65
466,153,57
467,159,53
468,59,55
469,68,55
470,59,46
471,49,55
472,58,64
473,135,57
474,144,57
475,135,49
476,126,56
477,135,64
