0,107,136
1,97,107
2,98,114
3,92,82
4,97,99
5,97,89
6,98,64
7,53,59
8,97,48
9,97,39
10,96,0
11,107,138
12,106,140
13,105,142
14,106,142
15,106,144
16,106,146
17,106,149
18,100,163
19,98,111
20,91,111
21,27,34
22,73,66
23,66,67
24,59,67
25,51,62
26,78,64
27,60,48
28,68,48
29,54,49
30,50,52
31,46,67
32,75,175
33,50,57
34,26,66
35,38,62
36,66,100
37,99,136
38,99,141
39,90,138
40,83,141
41,91,142
42,85,143
43,70,150
44,92,107
45,91,100
46,41,49
47,79,80
48,76,104
49,76,100
50,48,99
51,91,90
52,55,45
53,46,46
54,33,21
55,84,51
56,74,50
57,65,143
58,34,137
59,81,108
60,87,111
61,75,145
62,76,145
63,43,41
64,76,107
65,67,46
66,66,41
67,59,5
68,37,29
69,63,19
70,37,45
71,31,39
72,99,138
73,91,140
74,84,142
75,83,110
76,76,145
77,79,146
78,77,145
79,84,106
80,86,143
81,92,142
82,99,142
83,91,163
84,98,149
85,98,146
86,99,144
87,99,142
88,86,143
89,85,144
90,84,146
91,83,148
92,71,129
93,27,99
94,98,113
95,81,144
96,81,145
97,89,114
98,79,112
99,88,112
100,72,85
101,62,90
102,75,103
103,43,11
104,47,22
105,53,39
106,76,155
107,81,43
108,78,19
109,76,1
110,54,65
111,39,73
112,81,62
113,44,55
114,83,76
115,80,102
116,31,80
117,44,79
118,52,83
119,64,81
120,73,77
121,79,74
122,91,66
123,32,96
124,39,54
125,94,111
126,79,88
127,24,65
128,84,71
129,75,104
130,48,57
131,80,97
132,29,118
133,80,59
134,86,93
135,46,156
136,47,165
137,27,98
138,39,146
139,28,51
140,73,183
141,95,112
142,73,94
143,32,62
144,60,63
145,66,63
146,78,147
147,34,112
148,85,196
149,64,184
150,56,176
151,96,19
152,100,197
153,71,62
154,76,60
155,79,60
156,34,51
157,74,53
158,68,50
159,62,50
160,56,52
161,53,54
162,24,48
163,56,61
164,99,120
165,77,124
166,81,107
167,89,121
168,97,56
169,54,167
170,63,175
171,85,189
172,40,153
173,78,57
174,87,78
175,100,191
176,74,191
177,29,115
178,92,143
179,91,144
180,91,146
181,90,149
182,83,160
183,80,144
184,79,143
185,78,143
186,67,136
187,43,116
188,87,70
189,84,56
190,80,56
191,81,144
192,42,135
193,89,59
194,79,167
195,97,81
196,92,74
197,97,73
198,82,90
199,100,182
200,100,172
201,89,171
202,63,153
203,70,110
204,70,161
205,57,109
206,65,118
207,51,122
208,87,181
209,78,94
210,57,158
211,66,167
212,58,143
213,36,125
214,50,144
215,33,131
216,60,129
217,83,83
218,82,105
219,78,107
220,85,100
221,79,51
222,68,48
223,58,47
224,51,49
225,46,51
226,44,60
227,25,82
228,49,71
229,56,74
230,65,73
231,73,71
232,79,68
233,83,67
234,25,82
235,79,109
236,87,85
237,87,106
238,91,109
239,87,107
240,80,111
241,92,110
242,93,112
243,82,60
244,85,63
245,87,66
246,52,56
247,48,54
248,103,82
249,143,61
250,105,111
251,170,33
252,121,67
253,129,68
254,136,68
255,145,64
256,116,65
257,136,49
258,127,49
259,143,51
260,147,54
261,150,69
262,125,176
263,146,59
264,174,66
265,158,64
266,131,99
267,114,135
268,112,140
269,120,137
270,123,139
271,117,140
272,120,141
273,130,149
274,103,107
275,104,100
276,156,51
277,118,80
278,120,104
279,121,100
280,150,98
281,103,90
282,142,45
283,151,47
284,163,20
285,111,50
286,119,51
287,135,142
288,170,139
289,115,108
290,110,111
291,126,143
292,125,143
293,155,43
294,121,107
295,129,46
296,131,40
297,135,4
298,157,29
299,130,19
300,160,47
301,165,39
302,113,138
303,118,139
304,122,140
305,114,110
306,125,143
307,124,144
308,124,143
309,112,106
310,119,142
311,115,141
312,111,142
313,109,163
314,112,148
315,112,146
316,112,143
317,111,142
318,119,142
319,120,143
320,121,144
321,122,146
322,128,128
323,176,100
324,121,142
325,122,143
326,108,114
327,119,112
328,109,112
329,124,84
330,135,89
331,122,103
332,151,10
333,146,22
334,145,40
335,125,155
336,115,42
337,114,18
338,117,1
339,142,67
340,157,74
341,112,63
342,153,57
343,113,75
344,116,102
345,167,80
346,152,79
347,143,82
348,130,81
349,121,77
350,114,74
351,104,66
352,167,96
353,158,56
354,101,111
355,118,88
356,176,65
357,109,71
358,122,103
359,148,60
360,116,96
361,174,119
362,112,60
363,110,92
364,156,158
365,156,167
366,174,98
367,163,147
368,170,51
369,128,185
370,101,112
371,124,93
372,163,65
373,135,64
374,129,64
375,125,145
376,166,112
377,115,196
378,137,186
379,146,178
380,123,63
381,117,61
382,114,61
383,162,54
384,120,54
385,126,52
386,133,52
387,139,54
388,143,56
389,174,47
390,140,63
391,121,123
392,115,107
393,109,121
394,147,169
395,138,177
396,115,190
397,163,155
398,115,58
399,108,78
400,127,192
401,173,116
402,115,142
403,117,143
404,117,145
405,118,147
406,118,159
407,123,142
408,124,142
409,125,141
410,132,135
411,157,115
412,108,70
413,109,57
414,113,56
415,121,142
416,159,135
417,104,58
418,122,167
419,104,74
420,113,90
421,111,171
422,137,153
423,128,109
424,130,161
425,142,108
426,134,118
427,148,121
428,114,181
429,118,94
430,144,159
431,135,168
432,142,143
433,165,125
434,151,144
435,170,132
436,139,128
437,113,83
438,113,105
439,118,107
440,110,100
441,115,52
442,128,48
443,138,48
444,146,50
445,151,53
446,152,62
447,175,82
448,146,72
449,139,74
450,129,74
451,121,71
452,115,69
453,110,67
454,176,82
455,118,109
456,108,85
457,108,106
458,105,110
459,109,107
460,116,111
461,104,110
462,103,112
463,110,61
464,107,63
465,106,66
466,144,58
467,149,56
468,66,55
469,72,54
470,65,47
471,59,55
472,66,62
473,131,57
474,138,58
475,131,51
476,124,57
477,131,64
