0,100,133
1,100,106
2,100,115
3,94,81
4,101,98
5,100,88
6,100,64
7,48,61
8,100,48
9,100,38
10,100,0
11,99,135
12,99,136
13,99,137
14,100,147
15,100,149
16,100,151
17,100,154
18,99,167
19,100,111
20,92,111
21,18,38
22,68,67
23,61,68
24,54,68
25,45,65
26,74,65
27,56,48
28,64,48
29,49,49
30,44,52
31,38,70
32,68,181
33,46,60
34,13,72
35,28,65
36,59,101
37,88,131
38,89,135
39,78,132
40,71,134
41,80,135
42,73,136
43,61,150
44,94,106
45,93,98
46,32,47
47,76,82
48,74,104
49,73,100
50,36,101
51,93,89
52,49,37
53,39,41
54,26,24
55,83,42
56,72,50
57,54,142
58,15,148
59,80,109
60,86,111
61,62,138
62,64,138
63,35,36
64,73,108
65,64,37
66,62,31
67,57,5
68,31,30
69,61,18
70,27,44
71,23,42
72,89,134
73,79,134
74,72,135
75,81,110
76,63,138
77,67,141
78,65,138
79,84,106
80,75,136
81,82,136
82,90,136
83,88,166
84,89,153
85,89,150
86,90,148
87,90,146
88,75,142
89,74,143
90,73,144
91,72,146
92,64,128
93,9,108
94,100,113
95,70,141
96,69,141
97,89,114
98,75,112
99,88,113
100,68,86
101,55,91
102,71,104
103,38,12
104,44,22
105,46,31
106,67,157
107,80,32
108,79,18
109,77,1
110,48,67
111,30,76
112,78,63
113,37,56
114,82,77
115,79,101
116,18,84
117,35,81
118,45,83
119,59,82
120,69,78
121,77,74
122,92,67
123,18,100
124,30,55
125,96,110
126,76,89
127,11,72
128,83,70
129,70,104
130,42,61
131,79,96
132,10,128
133,77,60
134,86,92
135,32,164
136,32,175
137,10,105
138,22,154
139,18,56
140,66,191
141,97,112
142,69,95
143,21,67
144,55,63
145,61,63
146,66,142
147,17,117
148,81,204
149,55,193
150,44,186
151,100,18
152,98,206
153,67,63
154,72,61
155,76,61
156,24,54
157,71,56
158,64,55
159,59,55
160,53,56
161,49,58
162,13,53
163,51,62
164,100,121
165,72,124
166,80,107
167,88,121
168,99,56
169,43,175
170,54,183
171,81,197
172,22,164
173,75,58
174,87,78
175,98,199
176,67,200
177,11,123
178,82,144
179,81,145
180,80,147
181,80,150
182,76,162
183,68,137
184,66,137
185,65,136
186,57,134
187,28,119
188,87,71
189,83,54
190,78,56
191,69,137
192,25,140
193,90,54
194,72,172
195,100,80
196,93,74
197,100,72
198,81,90
199,98,189
200,99,177
201,85,176
202,53,155
203,64,111
204,62,164
205,46,111
206,57,119
207,38,124
208,82,187
209,76,95
210,46,163
211,57,173
212,47,144
213,18,131
214,36,148
215,14,140
216,49,129
217,82,84
218,82,105
219,76,107
220,86,99
221,77,48
222,64,44
223,54,44
224,45,46
225,39,50
226,36,63
227,10,88
228,42,73
229,50,75
230,60,74
231,69,72
232,76,69
233,81,67
234,10,90
235,76,109
236,87,85
237,88,105
238,92,109
239,88,107
240,78,111
241,94,110
242,94,112
243,80,60
244,84,62
245,87,64
246,47,59
247,41,56
248,106,81
249,149,61
250,108,110
251,176,38
252,128,67
253,136,67
254,143,67
255,152,64
256,122,65
257,142,47
258,133,48
259,150,49
260,154,52
261,158,69
262,128,181
263,152,59
264,181,71
265,165,64
266,138,101
267,110,132
268,109,136
269,120,134
270,126,136
271,117,137
272,123,138
273,137,149
274,107,106
275,108,98
276,165,46
277,122,82
278,125,104
279,126,99
280,160,100
281,107,89
282,151,37
283,160,40
284,170,24
285,117,42
286,124,50
287,143,141
288,176,147
289,120,108
290,113,111
291,134,141
292,131,141
293,163,36
294,126,107
295,137,37
296,139,31
297,142,5
298,165,31
299,137,19
300,169,43
301,172,42
302,110,134
303,118,136
304,125,137
305,118,110
306,133,141
307,129,144
308,130,141
309,116,106
310,121,138
311,115,137
312,108,137
313,110,166
314,110,154
315,110,151
316,109,148
317,109,146
318,122,144
319,123,145
320,124,146
321,126,148
322,135,128
323,182,107
324,126,143
325,127,143
326,111,114
327,123,112
328,112,113
329,130,86
330,142,91
331,127,103
332,159,12
333,154,23
334,154,32
335,130,156
336,120,33
337,120,18
338,123,1
339,149,66
340,166,75
341,118,63
342,160,55
343,117,77
344,120,101
345,176,84
346,162,80
347,154,83
348,139,81
349,128,78
350,120,74
351,107,66
352,176,99
353,166,54
354,104,110
355,122,89
356,182,72
357,115,70
358,128,104
359,155,59
360,121,96
361,180,127
362,117,61
363,114,92
364,161,163
365,160,174
366,182,104
367,171,153
368,177,56
369,129,191
370,103,112
371,129,94
372,170,66
373,143,63
374,136,63
375,130,145
376,176,116
377,115,204
378,138,192
379,148,185
380,130,63
381,123,62
382,119,61
383,169,53
384,124,56
385,131,55
386,139,55
387,145,56
388,148,57
389,180,53
390,147,62
391,127,123
392,120,107
393,112,121
394,151,174
395,140,182
396,115,197
397,169,162
398,120,59
399,112,78
400,127,199
401,181,122
402,116,145
403,117,147
404,118,149
405,119,152
406,121,162
407,128,139
408,129,139
409,131,139
410,141,133
411,167,118
412,111,71
413,113,55
414,117,56
415,126,139
416,168,139
417,108,55
418,125,171
419,107,74
420,118,90
421,112,176
422,143,154
423,134,110
424,134,164
425,150,110
426,141,118
427,157,123
428,114,187
429,123,94
430,149,162
431,138,172
432,150,143
433,175,130
434,159,147
435,178,138
436,147,128
437,117,83
438,118,104
439,123,106
440,114,99
441,120,48
442,134,44
443,146,44
444,154,46
445,159,49
446,159,62
447,182,88
448,155,72
449,148,74
450,138,74
451,128,72
452,120,69
453,115,67
454,182,89
455,123,108
456,112,85
457,112,105
458,108,109
459,112,106
460,121,111
461,107,110
462,106,112
463,115,61
464,112,63
465,110,65
466,150,58
467,156,55
468,60,59
469,67,58
470,59,53
471,53,59
472,60,65
473,134,58
474,142,58
475,134,52
476,126,58
477,134,64
