0,94,134
1,92,109
2,95,117
3,86,84
4,91,101
5,91,91
6,93,66
7,50,63
8,93,50
9,93,40
10,92,1
11,94,137
12,95,139
13,96,140
14,96,141
15,96,144
16,96,147
17,97,151
18,99,164
19,93,114
20,86,114
21,27,42
22,68,68
23,61,69
24,55,70
25,47,67
26,73,66
27,58,51
28,65,51
29,51,53
30,47,56
31,41,73
32,73,179
33,48,62
34,25,75
35,34,69
36,59,103
37,84,134
38,86,139
39,76,136
40,71,138
41,80,139
42,74,140
43,64,150
44,86,110
45,84,102
46,37,52
47,74,84
48,70,107
49,69,103
50,40,103
51,85,92
52,52,43
53,43,46
54,31,28
55,81,48
56,71,53
57,57,142
58,34,149
59,75,112
60,81,114
61,65,140
62,67,140
63,40,42
64,69,110
65,65,43
66,63,37
67,55,8
68,35,35
69,59,22
70,33,49
71,30,47
72,85,137
73,78,138
74,73,139
75,77,113
76,66,140
77,69,142
78,68,140
79,79,110
80,76,140
81,81,140
82,88,140
83,89,164
84,87,150
85,87,147
86,87,144
87,88,141
88,76,141
89,75,142
90,73,144
91,72,146
92,63,130
93,27,111
94,94,115
95,72,141
96,71,141
97,84,117
98,72,114
99,83,115
100,67,88
101,56,93
102,68,106
103,40,16
104,45,27
105,50,37
106,70,156
107,78,39
108,74,20
109,71,3
110,50,69
111,34,79
112,76,65
113,40,60
114,79,79
115,74,105
116,27,88
117,38,83
118,46,85
119,59,83
120,68,80
121,75,76
122,86,68
123,27,103
124,35,60
125,89,114
126,73,91
127,26,75
128,79,72
129,68,107
130,45,63
131,74,100
132,30,130
133,76,62
134,79,95
135,45,164
136,48,174
137,24,108
138,36,154
139,27,60
140,73,188
141,90,115
142,67,97
143,29,71
144,56,64
145,62,64
146,68,143
147,27,119
148,87,199
149,66,190
150,58,184
151,92,19
152,102,200
153,67,64
154,72,63
155,75,62
156,31,59
157,71,58
158,65,57
159,60,57
160,54,58
161,51,60
162,25,57
163,53,64
164,95,122
165,70,126
166,75,111
167,84,123
168,93,58
169,54,173
170,64,180
171,85,192
172,40,164
173,75,60
174,82,81
175,101,193
176,75,195
177,26,125
178,81,141
179,80,143
180,79,146
181,79,149
182,78,161
183,70,140
184,69,140
185,67,139
186,58,136
187,34,121
188,83,73
189,81,57
190,77,58
191,72,140
192,36,141
193,86,57
194,76,170
195,92,82
196,86,76
197,92,74
198,77,93
199,100,184
200,100,173
201,87,173
202,59,155
203,63,113
204,67,163
205,48,113
206,57,121
207,43,126
208,86,184
209,72,97
210,55,162
211,64,171
212,52,145
213,30,133
214,44,148
215,30,141
216,52,131
217,78,86
218,76,109
219,72,110
220,79,103
221,76,52
222,65,48
223,56,48
224,48,50
225,43,54
226,40,66
227,23,91
228,45,75
229,51,77
230,60,76
231,68,74
232,74,71
233,78,68
234,27,93
235,72,112
236,81,88
237,81,109
238,85,113
239,81,111
240,74,114
241,87,113
242,88,115
243,79,62
244,82,64
245,83,66
246,49,61
247,44,59
248,98,83
249,145,59
250,102,113
251,176,32
252,125,65
253,132,65
254,139,65
255,149,61
256,119,63
257,135,47
258,127,48
259,143,48
260,148,51
261,156,66
262,129,177
263,148,57
264,182,66
265,166,62
266,134,98
267,105,132
268,105,138
269,117,134
270,126,135
271,115,138
272,123,137
273,139,145
274,98,109
275,99,101
276,158,46
277,117,81
278,120,104
279,121,99
280,157,96
281,98,91
282,138,39
283,150,41
284,166,19
285,107,47
286,120,51
287,145,136
288,185,142
289,115,109
290,109,112
291,137,137
292,135,138
293,154,37
294,122,107
295,124,41
296,125,35
297,133,2
298,159,28
299,128,18
300,164,43
301,169,38
302,105,135
303,116,136
304,124,136
305,114,110
306,136,138
307,131,140
308,134,138
309,109,108
310,122,138
311,114,139
312,105,139
313,111,163
314,108,150
315,107,146
316,106,143
317,105,140
318,122,139
319,123,140
320,125,142
321,127,143
322,134,125
323,190,102
324,128,138
325,129,139
326,106,115
327,121,111
328,108,113
329,125,85
330,138,88
331,123,102
332,153,9
333,146,21
334,141,34
335,131,152
336,109,38
337,111,18
338,114,0
339,145,64
340,165,71
341,116,62
342,156,54
343,111,77
344,114,102
345,175,79
346,159,76
347,148,79
348,134,79
349,124,76
350,116,73
351,100,68
352,176,94
353,163,53
354,97,113
355,118,88
356,187,66
357,111,70
358,125,103
359,152,58
360,114,97
361,190,122
362,116,59
363,106,93
364,166,159
365,167,170
366,186,99
367,176,148
368,176,51
369,131,186
370,97,115
371,125,93
372,173,63
373,137,60
374,131,61
375,133,140
376,178,111
377,118,198
378,142,188
379,154,181
380,126,60
381,121,60
382,118,60
383,169,52
384,122,55
385,128,54
386,134,53
387,140,54
388,144,55
389,183,47
390,142,60
391,125,122
392,114,108
393,108,121
394,154,169
395,143,178
396,117,191
397,177,159
398,118,58
399,105,79
400,131,194
401,186,117
402,114,140
403,116,141
404,117,144
405,118,147
406,122,159
407,130,137
408,131,137
409,132,136
410,141,130
411,167,113
412,105,72
413,110,56
414,115,56
415,128,138
416,171,134
417,102,57
418,126,167
419,99,76
420,112,91
421,113,172
422,144,150
423,131,108
424,136,160
425,148,107
426,139,116
427,157,119
428,115,183
429,118,94
430,151,158
431,140,168
432,151,139
433,178,125
434,161,142
435,184,133
436,147,124
437,111,84
438,111,106
439,118,107
440,106,101
441,114,50
442,126,45
443,136,44
444,145,45
445,152,49
446,158,60
447,185,82
448,151,69
449,143,72
450,133,71
451,124,70
452,118,68
453,113,66
454,189,84
455,119,109
456,105,86
457,105,108
458,102,112
459,106,109
460,118,111
461,100,112
462,100,114
463,113,60
464,109,63
465,106,65
466,146,56
467,151,54
468,62,60
469,69,59
470,62,54
471,56,61
472,63,66
473,119,56
474,123,56
475,118,51
476,114,56
477,119,62
