0,98,135
1,111,102
2,105,111
3,101,78
4,111,94
5,110,85
6,105,62
7,42,59
8,103,43
9,103,33
10,103,-2
11,98,138
12,98,141
13,98,143
14,98,144
15,98,147
16,98,151
17,98,155
18,97,161
19,109,106
20,99,107
21,5,29
22,63,66
23,55,66
24,48,66
25,37,62
26,69,64
27,55,43
28,63,45
29,46,44
30,40,47
31,30,67
32,63,172
33,39,57
34,1,62
35,20,62
36,59,97
37,88,133
38,89,140
39,78,135
40,70,137
41,80,140
42,73,140
43,56,146
44,104,102
45,103,95
46,30,40
47,76,78
48,78,101
49,77,97
50,33,96
51,102,86
52,52,31
53,40,34
54,16,16
55,85,40
56,69,48
57,50,138
58,2,134
59,84,105
60,91,107
61,61,140
62,63,140
63,35,29
64,77,104
65,67,33
66,66,26
67,55,0
68,24,22
69,61,12
70,24,37
71,13,33
72,88,137
73,79,137
74,72,138
75,86,107
76,62,140
77,66,142
78,64,140
79,91,102
80,74,141
81,81,142
82,89,142
83,85,160
84,88,154
85,88,150
86,88,146
87,89,143
88,74,141
89,73,143
90,72,144
91,71,147
92,64,124
93,-5,96
94,107,109
95,69,141
96,68,141
97,94,110
98,78,109
99,93,109
100,67,82
101,53,87
102,74,100
103,32,5
104,40,15
105,49,25
106,63,151
107,84,30
108,81,13
109,78,-3
110,41,65
111,20,72
112,73,62
113,31,51
114,82,73
115,86,97
116,10,77
117,27,77
118,38,80
119,53,78
120,64,75
121,73,72
122,96,64
123,11,93
124,24,50
125,105,106
126,77,85
127,-5,62
128,80,68
129,72,101
130,35,57
131,84,93
132,-3,114
133,73,60
134,93,88
135,25,154
136,22,163
137,0,95
138,14,143
139,7,47
140,61,179
141,104,108
142,69,91
143,12,64
144,49,61
145,56,62
146,65,143
147,11,108
148,75,189
149,48,180
150,36,173
151,103,15
152,92,190
153,62,62
154,67,61
155,71,60
156,17,50
157,67,55
158,61,53
159,55,52
160,48,53
161,44,54
162,-1,44
163,45,60
164,104,117
165,74,120
166,85,104
167,92,118
168,103,53
169,36,164
170,48,172
171,76,184
172,11,151
173,71,58
174,91,75
175,94,185
176,61,186
177,1,112
178,81,142
179,80,144
180,79,147
181,79,151
182,73,157
183,67,140
184,66,139
185,65,138
186,55,130
187,24,112
188,89,68
189,81,54
190,75,55
191,69,141
192,20,132
193,90,53
194,67,164
195,108,77
196,98,71
197,106,70
198,85,87
199,95,178
200,96,169
201,82,168
202,48,149
203,64,107
204,56,158
205,45,106
206,56,115
207,36,118
208,79,177
209,78,91
210,40,155
211,51,164
212,42,139
213,12,122
214,31,140
215,5,128
216,47,125
217,84,80
218,89,101
219,81,103
220,94,96
221,76,46
222,65,40
223,54,39
224,44,40
225,36,44
226,29,59
227,0,78
228,35,70
229,43,72
230,54,72
231,64,70
232,71,68
233,77,65
234,-5,78
235,80,105
236,93,82
237,97,101
238,100,105
239,95,103
240,82,108
241,102,106
242,101,108
243,76,60
244,82,61
245,85,62
246,41,56
247,36,51
248,114,78
249,144,64
250,114,107
251,160,37
252,128,70
253,134,71
254,139,70
255,146,67
256,123,68
257,137,48
258,130,49
259,143,49
260,146,53
261,150,72
262,120,170
263,146,63
264,160,68
265,155,67
266,136,98
267,108,133
268,106,140
269,116,135
270,121,137
271,113,140
272,118,140
273,129,145
274,117,102
275,118,95
276,154,46
277,122,79
278,129,101
279,129,97
280,153,98
281,117,86
282,142,37
283,150,40
284,158,23
285,117,43
286,124,52
287,135,138
288,146,134
289,123,105
290,117,108
291,126,141
292,125,141
293,152,35
294,128,104
295,132,37
296,133,31
297,140,4
298,157,29
299,138,17
300,156,44
301,160,40
302,107,137
303,114,138
304,119,139
305,121,107
306,125,141
307,122,143
308,124,141
309,122,103
310,116,141
311,111,142
312,105,143
313,107,160
314,107,155
315,107,150
316,106,146
317,105,143
318,116,142
319,118,143
320,119,145
321,120,148
322,131,125
323,152,100
324,119,141
325,121,142
326,115,111
327,124,109
328,116,109
329,129,84
330,140,89
331,129,101
332,152,12
333,150,21
334,144,31
335,123,151
336,119,33
337,123,16
338,124,0
339,144,69
340,156,77
341,119,66
342,151,57
343,118,74
344,126,98
345,162,81
346,153,81
347,147,83
348,136,82
349,128,78
350,121,75
351,111,64
352,163,96
353,155,56
354,112,106
355,123,86
356,155,68
357,117,70
358,128,101
359,148,63
360,126,93
361,150,116
362,119,63
363,121,89
364,142,152
365,137,159
366,161,98
367,149,142
368,160,53
369,120,176
370,110,108
371,129,92
372,159,69
373,139,66
374,134,67
375,124,144
376,160,110
377,106,187
378,123,176
379,130,169
380,129,66
381,124,65
382,121,64
383,158,55
384,124,58
385,129,56
386,135,56
387,140,57
388,143,59
389,159,51
390,142,66
391,126,120
392,124,104
393,114,118
394,135,161
395,127,168
396,109,183
397,142,149
398,121,61
399,116,76
400,116,182
401,158,114
402,111,143
403,113,145
404,114,148
405,115,152
406,116,156
407,121,140
408,123,140
409,124,139
410,134,131
411,155,114
412,114,69
413,115,56
414,118,58
415,120,141
416,152,132
417,111,55
418,118,162
419,113,72
420,122,87
421,108,167
422,133,148
423,132,108
424,126,156
425,145,107
426,137,116
427,149,120
428,109,176
429,125,92
430,136,153
431,128,162
432,140,139
433,157,123
434,145,140
435,154,128
436,140,125
437,120,81
438,124,101
439,127,103
440,123,96
441,120,49
442,130,44
443,139,43
444,146,45
445,150,50
446,151,65
447,161,83
448,148,74
449,142,76
450,135,76
451,127,74
452,122,71
453,118,68
454,153,84
455,125,106
456,118,82
457,121,101
458,115,106
459,119,103
460,123,108
461,114,106
462,112,108
463,117,63
464,114,64
465,113,64
466,145,61
467,149,57
468,54,56
469,61,57
470,55,51
471,48,56
472,54,62
473,131,61
474,138,61
475,131,54
476,125,60
477,131,67
