0,97,136
1,93,114
2,95,119
3,89,88
4,93,107
5,94,96
6,96,69
7,48,61
8,97,46
9,97,35
10,98,-1
11,97,138
12,97,139
13,97,141
14,97,141
15,97,144
16,97,148
17,97,152
18,97,159
19,94,118
20,88,116
21,29,27
22,68,69
23,61,70
24,55,69
25,46,63
26,74,68
27,57,46
28,66,47
29,50,47
30,45,49
31,42,67
32,73,167
33,46,58
34,27,59
35,35,60
36,62,100
37,88,133
38,89,138
39,81,133
40,76,133
41,83,137
42,78,136
43,67,140
44,87,114
45,86,107
46,37,42
47,77,83
48,74,108
49,74,103
50,42,97
51,87,97
52,51,37
53,43,38
54,33,15
55,81,48
56,73,51
57,62,133
58,38,124
59,79,112
60,84,115
61,69,133
62,71,134
63,40,32
64,75,110
65,64,40
66,63,34
67,57,1
68,36,23
69,59,16
70,35,37
71,31,33
72,88,136
73,82,135
74,77,134
75,81,114
76,70,133
77,73,136
78,72,134
79,81,112
80,80,137
81,84,138
82,90,139
83,88,157
84,88,150
85,88,146
86,89,143
87,90,140
88,80,137
89,78,138
90,77,140
91,75,142
92,68,125
93,32,88
94,94,119
95,76,135
96,75,136
97,87,118
98,77,114
99,85,117
100,70,86
101,58,90
102,74,106
103,41,6
104,44,17
105,50,31
106,72,147
107,79,38
108,77,17
109,75,-1
110,49,67
111,35,72
112,78,66
113,40,52
114,82,79
115,77,107
116,30,76
117,38,78
118,46,83
119,59,82
120,69,80
121,76,77
122,90,70
123,30,91
124,36,50
125,90,117
126,77,91
127,28,56
128,81,74
129,74,105
130,44,57
131,78,101
132,34,106
133,78,63
134,82,98
135,47,146
136,50,152
137,27,90
138,40,136
139,29,45
140,73,173
141,91,118
142,71,95
143,31,60
144,55,65
145,61,66
146,72,137
147,31,105
148,85,183
149,67,171
150,60,163
151,97,17
152,98,186
153,67,65
154,73,64
155,77,64
156,32,47
157,72,56
158,65,53
159,59,52
160,53,53
161,49,55
162,27,40
163,51,63
164,96,124
165,74,123
166,79,112
167,86,124
168,97,57
169,57,156
170,65,164
171,84,180
172,43,140
173,76,61
174,85,83
175,98,182
176,75,178
177,30,106
178,84,138
179,83,140
180,82,143
181,81,147
182,79,153
183,75,135
184,74,134
185,73,133
186,63,129
187,38,111
188,86,74
189,82,59
190,79,59
191,76,135
192,39,127
193,88,60
194,76,160
195,94,87
196,89,80
197,95,78
198,80,94
199,97,176
200,97,167
201,86,165
202,62,144
203,68,110
204,68,152
205,51,108
206,61,116
207,46,118
208,84,173
209,77,97
210,57,149
211,65,158
212,55,134
213,34,117
214,47,136
215,34,121
216,56,124
217,81,87
218,79,111
219,76,111
220,81,107
221,77,51
222,65,45
223,55,43
224,47,44
225,42,46
226,40,59
227,26,75
228,45,71
229,51,75
230,60,75
231,69,74
232,75,72
233,80,70
234,30,71
235,77,112
236,84,90
237,83,112
238,87,115
239,84,113
240,79,114
241,88,116
242,89,117
243,80,64
244,83,67
245,85,69
246,47,56
247,43,53
248,101,88
249,152,61
250,102,117
251,187,28
252,130,70
253,138,70
254,145,69
255,155,63
256,124,68
257,141,44
258,132,46
259,150,45
260,155,49
261,162,68
262,126,169
263,155,58
264,190,61
265,172,61
266,136,102
267,107,134
268,106,139
269,116,135
270,123,135
271,115,138
272,121,137
273,134,142
274,99,114
275,100,107
276,166,40
277,120,83
278,119,109
279,120,104
280,160,99
281,100,97
282,147,33
283,158,34
284,178,15
285,113,44
286,125,50
287,141,135
288,183,128
289,113,113
290,107,116
291,133,135
292,132,136
293,162,28
294,120,111
295,132,35
296,133,29
297,144,1
298,171,24
299,138,16
300,171,35
301,180,34
302,107,137
303,115,136
304,122,136
305,112,114
306,133,135
307,128,138
308,131,136
309,109,113
310,120,138
311,114,139
312,106,140
313,108,158
314,107,151
315,107,147
316,106,143
317,106,140
318,120,138
319,121,139
320,123,141
321,124,143
322,130,127
323,192,91
324,125,137
325,127,138
326,105,118
327,118,115
328,106,117
329,128,87
330,141,92
331,121,107
332,165,6
333,158,18
334,149,26
335,127,149
336,115,33
337,119,17
338,123,-1
339,152,67
340,171,73
341,119,66
342,163,52
343,115,79
344,113,108
345,181,78
346,165,80
347,155,84
348,140,83
349,129,80
350,121,77
351,103,70
352,180,94
353,170,50
354,97,117
355,119,91
356,194,57
357,115,74
358,123,106
359,158,58
360,114,102
361,189,109
362,119,64
363,107,99
364,162,150
365,163,157
366,189,93
367,173,140
368,185,47
369,127,176
370,97,118
371,126,96
372,179,61
373,144,65
374,138,66
375,129,139
376,179,109
377,113,185
378,137,174
379,149,167
380,131,65
381,125,64
382,121,64
383,176,47
384,127,57
385,134,53
386,140,53
387,147,54
388,151,56
389,192,41
390,149,63
391,122,124
392,113,113
393,106,124
394,150,160
395,139,168
396,113,181
397,174,144
398,122,61
399,108,83
400,125,180
401,187,110
402,114,139
403,115,141
404,116,144
405,116,148
406,118,154
407,127,136
408,128,136
409,129,135
410,137,130
411,168,114
412,109,74
413,114,57
414,118,58
415,125,137
416,169,131
417,107,58
418,123,161
419,102,80
420,113,95
421,110,166
422,141,146
423,130,111
424,132,155
425,149,110
426,138,118
427,157,120
428,112,175
429,118,98
430,147,152
431,137,161
432,148,137
433,177,121
434,158,139
435,182,125
436,145,125
437,114,87
438,111,111
439,116,112
440,107,107
441,120,49
442,132,42
443,143,40
444,153,42
445,159,45
446,164,59
447,190,77
448,158,72
449,149,75
450,139,76
451,129,74
452,122,72
453,117,70
454,194,73
455,116,113
456,107,91
457,105,113
458,102,116
459,106,114
460,115,114
461,100,117
462,100,118
463,117,64
464,113,66
465,110,68
466,153,57
467,159,53
468,62,59
469,69,59
470,62,51
471,54,58
472,61,66
473,139,59
474,147,59
475,139,51
476,131,59
477,139,66
