0,96,130
1,101,105
2,98,113
3,93,80
4,101,97
5,100,87
6,99,64
7,41,61
8,98,45
9,98,34
10,98,-2
11,96,132
12,96,134
13,95,135
14,96,151
15,96,154
16,96,156
17,96,160
18,96,165
19,100,110
20,91,110
21,10,36
22,63,66
23,55,67
24,47,67
25,37,64
26,69,65
27,51,47
28,60,48
29,43,49
30,37,52
31,30,69
32,65,176
33,37,60
34,5,70
35,20,65
36,56,99
37,85,128
38,85,134
39,73,130
40,65,133
41,76,134
42,68,135
43,55,146
44,94,105
45,93,97
46,27,46
47,73,81
48,72,103
49,71,99
50,31,98
51,93,88
52,47,37
53,35,40
54,19,21
55,82,43
56,68,50
57,49,137
58,10,145
59,78,107
60,84,110
61,56,137
62,58,137
63,31,36
64,71,106
65,62,38
66,61,32
67,52,1
68,26,28
69,58,15
70,22,42
71,17,40
72,85,131
73,74,132
74,67,134
75,79,109
76,57,137
77,61,143
78,59,138
79,83,106
80,70,135
81,77,135
82,86,135
83,84,164
84,84,158
85,84,155
86,85,153
87,86,150
88,70,145
89,69,146
90,67,147
91,65,149
92,59,125
93,1,106
94,99,112
95,65,142
96,63,142
97,87,113
98,72,110
99,86,111
100,64,85
101,51,89
102,69,102
103,33,9
104,39,19
105,44,32
106,63,153
107,79,33
108,77,15
109,73,-1
110,41,66
111,21,75
112,74,63
113,29,55
114,79,76
115,78,100
116,12,82
117,26,79
118,37,82
119,53,80
120,64,77
121,73,74
122,91,66
123,12,98
124,23,54
125,96,110
126,73,88
127,1,70
128,79,70
129,68,102
130,34,60
131,78,95
132,3,125
133,74,61
134,86,91
135,29,160
136,29,172
137,3,103
138,18,151
139,11,54
140,64,185
141,96,112
142,65,93
143,13,66
144,49,63
145,55,63
146,60,143
147,12,114
148,79,197
149,53,188
150,42,181
151,98,15
152,95,198
153,62,62
154,68,61
155,72,61
156,17,53
157,66,56
158,60,55
159,53,55
160,46,56
161,42,58
162,4,51
163,44,62
164,98,118
165,68,120
166,78,106
167,85,118
168,98,54
169,41,170
170,52,178
171,79,191
172,19,161
173,71,59
174,86,77
175,96,192
176,65,193
177,5,120
178,77,148
179,76,150
180,74,152
181,74,155
182,72,160
183,62,136
184,61,135
185,60,135
186,52,130
187,23,116
188,85,70
189,80,55
190,75,56
191,64,136
192,21,137
193,88,55
194,69,168
195,100,79
196,92,73
197,99,72
198,79,89
199,96,183
200,96,173
201,82,173
202,49,151
203,60,109
204,58,160
205,42,108
206,52,116
207,34,121
208,80,182
209,73,93
210,43,159
211,54,168
212,42,140
213,13,128
214,32,144
215,9,137
216,45,125
217,80,83
218,81,104
219,75,105
220,86,99
221,74,49
222,61,44
223,50,44
224,40,45
225,33,49
226,28,62
227,3,86
228,34,72
229,43,74
230,54,73
231,64,71
232,71,69
233,77,67
234,0,88
235,74,107
236,86,84
237,88,105
238,91,109
239,87,106
240,76,109
241,93,109
242,93,111
243,77,61
244,81,63
245,84,64
246,39,59
247,34,56
248,106,80
249,147,62
250,107,110
251,171,36
252,128,68
253,134,68
254,141,68
255,150,65
256,123,67
257,138,47
258,130,48
259,145,48
260,150,51
261,156,70
262,125,176
263,150,60
264,175,70
265,164,65
266,137,99
267,107,128
268,106,134
269,117,131
270,124,133
271,114,134
272,120,135
273,133,146
274,107,105
275,108,97
276,159,45
277,120,81
278,124,103
279,124,99
280,159,98
281,107,88
282,142,36
283,152,39
284,165,22
285,113,44
286,124,51
287,139,137
288,168,145
289,118,108
290,111,110
291,131,138
292,129,139
293,156,34
294,124,106
295,130,38
296,131,32
297,139,2
298,161,28
299,135,16
300,163,42
301,168,40
302,107,132
303,116,133
304,122,134
305,116,109
306,130,139
307,127,144
308,128,139
309,115,106
310,118,136
311,112,135
312,105,135
313,108,164
314,108,159
315,108,155
316,107,153
317,106,151
318,119,146
319,121,147
320,123,148
321,124,150
322,132,124
323,174,106
324,123,143
325,125,143
326,109,113
327,121,110
328,110,111
329,128,85
330,141,89
331,125,102
332,155,10
333,151,20
334,145,31
335,127,153
336,115,35
337,118,15
338,121,-1
339,146,67
340,163,75
341,119,65
342,156,55
343,115,76
344,120,100
345,172,82
346,158,80
347,149,82
348,136,81
349,126,78
350,120,75
351,106,66
352,173,97
353,162,54
354,104,110
355,121,88
356,175,70
357,114,71
358,126,102
359,153,60
360,120,95
361,172,125
362,120,63
363,113,91
364,156,159
365,153,170
366,177,102
367,165,150
368,171,54
369,125,185
370,102,112
371,127,93
372,170,66
373,140,64
374,135,64
375,128,144
376,173,113
377,112,197
378,133,186
379,143,180
380,129,64
381,125,63
382,121,63
383,167,53
384,125,57
385,131,55
386,137,55
387,142,56
388,146,57
389,174,52
390,144,63
391,125,120
392,118,107
393,110,118
394,145,169
395,136,177
396,112,190
397,161,160
398,121,61
399,111,77
400,124,192
401,175,120
402,113,149
403,115,150
404,116,152
405,117,155
406,119,159
407,125,137
408,127,136
409,128,136
410,137,130
411,165,116
412,110,70
413,114,57
414,119,58
415,124,137
416,164,136
417,107,56
418,122,167
419,106,73
420,117,89
421,110,172
422,138,150
423,132,108
424,131,160
425,149,108
426,139,116
427,155,121
428,112,182
429,121,93
430,144,158
431,134,167
432,145,140
433,171,127
434,154,143
435,172,136
436,144,125
437,115,83
438,117,104
439,121,106
440,114,99
441,119,49
442,130,44
443,140,43
444,148,44
445,154,48
446,157,62
447,177,86
448,152,73
449,144,75
450,135,74
451,127,72
452,121,70
453,117,68
454,174,88
455,121,107
456,112,84
457,112,105
458,107,109
459,112,106
460,119,109
461,106,109
462,105,111
463,117,63
464,113,64
465,110,65
466,148,59
467,153,55
468,54,58
469,62,58
470,53,51
471,45,59
472,54,65
473,133,59
474,140,60
475,133,53
476,126,59
477,133,65
