0,98,135
1,105,108
2,101,114
3,97,83
4,105,100
5,104,90
6,101,66
7,46,59
8,100,45
9,100,35
10,100,0
11,98,137
12,98,139
13,97,141
14,98,141
15,98,144
16,98,148
17,98,152
18,97,162
19,104,112
20,95,111
21,11,25
22,65,66
23,58,66
24,52,66
25,42,61
26,71,65
27,57,44
28,65,45
29,49,45
30,44,47
31,34,66
32,65,174
33,43,57
34,6,58
35,24,60
36,59,97
37,88,133
38,88,139
39,78,134
40,71,135
41,80,138
42,73,137
43,57,142
44,98,108
45,98,100
46,32,39
47,76,80
48,76,103
49,75,98
50,34,94
51,97,91
52,53,32
53,42,34
54,22,13
55,84,41
56,71,49
57,50,134
58,5,131
59,81,107
60,88,110
61,61,136
62,63,137
63,37,29
64,75,105
65,67,33
66,67,27
67,57,0
68,29,21
69,62,14
70,26,36
71,19,31
72,88,136
73,79,136
74,72,136
75,83,109
76,62,137
77,66,139
78,64,137
79,87,106
80,74,138
81,81,139
82,89,140
83,85,161
84,87,151
85,88,148
86,88,144
87,89,140
88,74,139
89,73,140
90,72,142
91,70,144
92,62,123
93,-1,90
94,103,113
95,69,138
96,68,138
97,90,113
98,76,109
99,89,112
100,67,83
101,54,87
102,73,101
103,37,4
104,43,15
105,50,25
106,64,150
107,83,31
108,80,16
109,78,-1
110,45,64
111,25,71
112,75,63
113,35,51
114,82,76
115,82,101
116,14,74
117,32,76
118,43,79
119,57,78
120,67,76
121,75,73
122,94,67
123,14,90
124,28,49
125,100,111
126,76,87
127,0,55
128,81,69
129,71,101
130,39,57
131,81,96
132,0,110
133,75,61
134,89,93
135,26,153
136,24,163
137,3,91
138,15,142
139,12,43
140,62,183
141,99,113
142,69,91
143,16,61
144,53,62
145,59,62
146,65,140
147,13,106
148,77,195
149,50,183
150,38,174
151,101,17
152,94,197
153,64,62
154,69,61
155,73,61
156,20,47
157,69,55
158,63,52
159,58,52
160,52,53
161,48,54
162,4,38
163,49,60
164,101,119
165,72,120
166,82,106
167,89,119
168,100,56
169,38,164
170,49,174
171,78,189
172,13,149
173,73,58
174,89,79
175,95,192
176,63,190
177,3,109
178,81,139
179,80,142
180,79,145
181,78,148
182,73,156
183,68,137
184,66,136
185,65,135
186,55,127
187,25,110
188,88,71
189,81,55
190,76,55
191,69,138
192,21,130
193,89,54
194,68,164
195,103,82
196,95,76
197,102,75
198,83,89
199,96,183
200,96,172
201,82,170
202,50,147
203,64,106
204,58,157
205,45,105
206,55,113
207,36,117
208,80,180
209,77,93
210,42,154
211,53,165
212,43,136
213,14,120
214,32,139
215,7,126
216,47,122
217,83,83
218,85,105
219,79,105
220,90,101
221,76,47
222,66,41
223,56,39
224,47,40
225,39,44
226,32,58
227,4,75
228,39,69
229,47,71
230,57,72
231,66,71
232,73,68
233,78,66
234,0,72
235,78,107
236,90,86
237,92,106
238,95,110
239,91,107
240,79,109
241,97,111
242,97,112
243,77,61
244,82,62
245,85,64
246,45,56
247,39,51
248,109,83
249,145,62
250,110,111
251,163,33
252,126,67
253,133,68
254,139,68
255,147,64
256,121,65
257,138,48
258,130,49
259,145,50
260,149,52
261,151,69
262,122,174
263,147,60
264,165,65
265,158,64
266,134,99
267,107,133
268,106,139
269,115,133
270,119,134
271,112,137
272,117,137
273,129,143
274,111,108
275,112,101
276,157,46
277,120,81
278,124,104
279,124,100
280,153,98
281,111,91
282,145,39
283,153,42
284,159,20
285,116,45
286,123,52
287,135,135
288,157,134
289,119,108
290,113,111
291,124,135
292,123,135
293,156,37
294,124,106
295,133,40
296,134,34
297,138,4
298,157,28
299,135,18
300,160,43
301,161,38
302,107,136
303,114,136
304,118,135
305,117,109
306,124,135
307,122,138
308,122,135
309,117,107
310,115,138
311,111,139
312,105,140
313,107,161
314,107,151
315,107,147
316,106,143
317,105,140
318,115,138
319,117,139
320,119,141
321,120,143
322,129,124
323,162,96
324,118,137
325,120,137
326,111,114
327,121,110
328,112,112
329,127,85
330,138,89
331,125,102
332,151,11
333,148,21
334,147,34
335,123,151
336,119,36
337,119,18
338,121,1
339,144,67
340,157,74
341,118,64
342,154,55
343,115,77
344,121,102
345,164,80
346,154,79
347,146,82
348,134,80
349,125,77
350,119,74
351,107,68
352,166,95
353,158,54
354,107,112
355,121,88
356,163,63
357,114,70
358,125,102
359,150,60
360,121,97
361,160,115
362,118,61
363,116,93
364,149,155
365,146,164
366,167,96
367,157,144
368,163,50
369,122,183
370,106,113
371,126,93
372,161,66
373,139,64
374,133,64
375,123,139
376,165,110
377,109,195
378,129,182
379,137,175
380,128,63
381,123,62
382,119,62
383,161,53
384,124,57
385,130,56
386,136,55
387,141,56
388,144,58
389,165,46
390,143,63
391,124,121
392,120,107
393,111,119
394,140,165
395,131,174
396,110,189
397,152,151
398,120,60
399,112,80
400,120,190
401,166,113
402,111,139
403,113,142
404,114,145
405,115,148
406,116,157
407,120,136
408,121,135
409,122,134
410,134,129
411,158,114
412,111,72
413,114,56
414,117,57
415,118,137
416,157,133
417,109,56
418,119,165
419,108,76
420,118,90
421,108,170
422,134,148
423,130,108
424,127,157
425,145,108
426,136,116
427,150,120
428,110,180
429,121,94
430,139,156
431,131,165
432,141,138
433,163,123
434,149,141
435,163,129
436,140,124
437,116,84
438,119,106
439,122,106
440,117,101
441,120,50
442,131,46
443,141,45
444,148,46
445,153,50
446,153,62
447,167,81
448,148,72
449,142,74
450,134,74
451,126,72
452,119,69
453,115,67
454,162,79
455,122,108
456,114,86
457,115,107
458,111,110
459,115,108
460,119,110
461,110,111
462,108,112
463,115,61
464,112,63
465,111,65
466,146,59
467,151,55
468,56,57
469,63,57
470,56,50
471,49,57
472,56,63
473,134,59
474,141,59
475,134,53
476,127,58
477,134,65
