0,100,134
1,93,107
2,96,114
3,88,81
4,93,99
5,93,88
6,95,63
7,49,63
8,95,44
9,95,34
10,95,-2
11,100,136
12,100,137
13,101,138
14,102,144
15,102,146
16,102,148
17,102,151
18,102,161
19,94,111
20,88,111
21,27,36
22,68,68
23,61,69
24,55,69
25,46,65
26,73,66
27,57,48
28,64,48
29,50,50
30,45,53
31,41,70
32,75,174
33,46,61
34,26,68
35,34,65
36,61,100
37,90,133
38,91,137
39,80,135
40,74,136
41,83,138
42,77,138
43,66,145
44,87,107
45,86,99
46,36,48
47,76,80
48,72,105
49,72,100
50,42,99
51,87,90
52,51,40
53,42,43
54,31,23
55,81,45
56,71,51
57,60,137
58,40,139
59,78,109
60,84,111
61,66,138
62,68,139
63,39,38
64,73,107
65,64,40
66,62,35
67,55,3
68,35,30
69,59,17
70,33,45
71,30,41
72,90,136
73,81,136
74,75,137
75,80,110
76,67,138
77,72,142
78,69,139
79,81,107
80,78,138
81,84,138
82,91,138
83,91,161
84,92,151
85,92,148
86,92,146
87,93,144
88,79,143
89,78,143
90,77,144
91,76,146
92,66,126
93,31,101
94,95,113
95,74,141
96,73,141
97,86,114
98,75,111
99,85,112
100,69,85
101,58,90
102,71,103
103,40,11
104,44,22
105,49,35
106,73,152
107,78,36
108,75,16
109,73,0
110,49,68
111,35,75
112,77,64
113,40,56
114,81,75
115,76,102
116,29,81
117,39,80
118,47,83
119,60,81
120,69,77
121,76,74
122,88,65
123,30,97
124,35,56
125,91,111
126,76,88
127,27,68
128,81,70
129,71,103
130,43,61
131,76,97
132,35,120
133,77,61
134,81,92
135,48,155
136,52,164
137,28,100
138,41,146
139,28,53
140,75,182
141,92,113
142,70,94
143,29,67
144,55,65
145,61,65
146,71,142
147,31,112
148,89,192
149,70,182
150,62,174
151,95,15
152,104,194
153,66,64
154,72,62
155,75,62
156,31,54
157,71,56
158,65,54
159,59,54
160,53,56
161,50,58
162,26,50
163,51,64
164,97,120
165,73,122
166,78,108
167,86,120
168,95,53
169,58,165
170,66,173
171,87,187
172,45,154
173,75,59
174,84,78
175,103,188
176,78,188
177,31,116
178,85,144
179,84,145
180,83,147
181,83,149
182,81,157
183,72,138
184,71,138
185,70,137
186,61,131
187,38,115
188,85,70
189,82,56
190,78,56
191,73,139
192,40,134
193,87,55
194,78,165
195,94,80
196,88,73
197,94,71
198,79,90
199,102,180
200,102,170
201,89,170
202,62,149
203,66,109
204,69,158
205,51,109
206,60,117
207,46,121
208,87,179
209,75,94
210,57,156
211,67,165
212,55,139
213,34,125
214,48,142
215,35,132
216,55,126
217,80,83
218,78,106
219,75,107
220,80,101
221,76,50
222,64,46
223,54,45
224,46,47
225,41,51
226,39,63
227,26,84
228,45,73
229,51,75
230,60,74
231,69,72
232,75,69
233,79,67
234,29,84
235,75,109
236,83,85
237,83,106
238,87,110
239,83,108
240,77,111
241,88,111
242,90,112
243,79,61
244,83,63
245,85,64
246,48,59
247,43,57
248,100,80
249,152,59
250,103,110
251,185,28
252,131,64
253,138,65
254,145,65
255,156,62
256,125,63
257,141,46
258,133,46
259,149,47
260,155,50
261,163,66
262,133,172
263,155,58
264,190,61
265,172,61
266,138,96
267,111,132
268,111,136
269,122,132
270,129,133
271,120,135
272,127,135
273,141,142
274,100,107
275,101,99
276,165,44
277,121,78
278,122,102
279,123,98
280,163,93
281,100,89
282,144,36
283,155,39
284,175,15
285,111,43
286,126,49
287,148,133
288,187,134
289,117,107
290,110,110
291,139,134
292,138,134
293,160,34
294,123,105
295,129,37
296,130,31
297,140,0
298,168,23
299,135,13
300,170,40
301,178,34
302,111,134
303,121,134
304,128,134
305,115,108
306,138,134
307,134,138
308,137,135
309,111,106
310,126,136
311,119,136
312,111,137
313,113,160
314,112,150
315,112,147
316,112,145
317,111,143
318,126,140
319,127,141
320,129,142
321,130,143
322,136,123
323,194,95
324,131,138
325,133,138
326,108,113
327,122,109
328,109,111
329,129,82
330,143,86
331,125,101
332,161,5
333,154,16
334,146,30
335,134,149
336,113,33
337,116,14
338,119,-3
339,152,64
340,171,71
341,121,61
342,163,53
343,115,74
344,116,100
345,181,75
346,165,76
347,154,78
348,140,77
349,129,74
350,121,71
351,103,64
352,181,90
353,169,52
354,98,111
355,120,86
356,194,60
357,115,68
358,126,101
359,159,58
360,116,95
361,192,114
362,122,59
363,108,91
364,168,152
365,169,162
366,190,93
367,178,141
368,184,46
369,134,181
370,99,112
371,128,91
372,180,62
373,144,61
374,138,61
375,135,139
376,182,106
377,120,192
378,145,180
379,156,173
380,132,60
381,127,59
382,123,59
383,176,50
384,128,55
385,135,53
386,140,53
387,147,54
388,151,55
389,191,42
390,148,60
391,127,120
392,116,106
393,110,119
394,157,163
395,146,172
396,120,187
397,179,150
398,124,57
399,108,76
400,133,187
401,189,111
402,119,142
403,120,143
404,121,145
405,122,147
406,125,156
407,133,134
408,134,134
409,135,133
410,144,127
411,171,110
412,108,68
413,115,54
414,120,54
415,132,135
416,174,129
417,106,54
418,129,164
419,102,73
420,114,88
421,116,169
422,147,146
423,134,106
424,139,156
425,152,104
426,142,113
427,161,116
428,118,179
429,120,92
430,154,153
431,143,163
432,154,135
433,181,120
434,164,137
435,186,127
436,150,121
437,114,81
438,113,104
439,119,105
440,108,99
441,120,48
442,131,43
443,142,42
444,151,44
445,159,47
446,165,59
447,191,77
448,158,69
449,150,71
450,139,71
451,130,69
452,123,67
453,118,65
454,195,77
455,120,107
456,107,84
457,106,105
458,103,109
459,107,107
460,119,109
461,101,110
462,101,112
463,118,59
464,114,61
465,110,62
466,153,57
467,159,53
468,62,60
469,70,59
470,61,52
471,54,60
472,62,67
473,143,57
474,151,57
475,143,51
476,136,57
477,143,64
