0,100,136
1,100,109
2,99,115
3,93,83
4,99,101
5,99,91
6,98,65
7,48,59
8,98,44
9,98,34
10,98,-1
11,100,138
12,100,140
13,100,141
14,100,141
15,100,144
16,101,148
17,101,152
18,99,161
19,99,112
20,92,112
21,24,29
22,70,67
23,62,68
24,55,67
25,46,61
26,76,64
27,57,43
28,66,44
29,49,44
30,45,47
31,41,66
32,73,169
33,46,56
34,21,61
35,34,59
36,63,100
37,92,135
38,93,140
39,85,137
40,79,139
41,87,140
42,81,141
43,67,146
44,94,108
45,92,101
46,35,41
47,77,81
48,77,105
49,76,101
50,43,98
51,93,91
52,49,33
53,40,36
54,30,16
55,82,41
56,74,47
57,62,138
58,29,129
59,82,110
60,87,112
61,71,141
62,73,141
63,37,30
64,76,108
65,63,34
66,61,28
67,58,1
68,35,24
69,61,15
70,32,36
71,28,34
72,93,138
73,86,139
74,80,140
75,83,111
76,72,141
77,76,143
78,74,141
79,85,108
80,82,141
81,87,141
82,93,141
83,90,160
84,92,152
85,92,148
86,93,144
87,93,141
88,82,141
89,81,143
90,80,144
91,79,147
92,70,127
93,21,92
94,99,114
95,78,141
96,77,142
97,90,115
98,79,113
99,89,114
100,70,85
101,59,90
102,75,104
103,41,7
104,45,17
105,47,27
106,73,151
107,78,31
108,78,15
109,76,-1
110,50,65
111,34,71
112,80,62
113,39,50
114,82,76
115,81,103
116,26,77
117,39,78
118,47,82
119,61,81
120,71,78
121,78,74
122,91,67
123,28,93
124,34,49
125,96,112
126,78,89
127,19,59
128,83,70
129,74,104
130,43,56
131,80,98
132,24,110
133,80,59
134,86,94
135,44,150
136,44,158
137,22,93
138,36,140
139,24,47
140,72,176
141,96,114
142,72,94
143,29,60
144,55,63
145,62,63
146,75,144
147,30,108
148,85,185
149,64,175
150,55,168
151,98,16
152,100,187
153,68,63
154,74,61
155,78,60
156,30,46
157,73,53
158,66,50
159,59,50
160,53,51
161,49,53
162,20,42
163,51,61
164,99,121
165,76,123
166,82,109
167,89,121
168,98,54
169,53,160
170,62,168
171,84,181
172,36,146
173,78,57
174,87,79
175,100,183
176,74,181
177,25,109
178,87,141
179,86,143
180,85,146
181,85,150
182,80,156
183,77,141
184,76,141
185,75,140
186,65,132
187,38,113
188,87,71
189,84,54
190,80,54
191,78,141
192,38,130
193,89,54
194,76,163
195,99,82
196,92,75
197,99,74
198,82,91
199,100,177
200,100,168
201,87,167
202,61,148
203,68,110
204,68,156
205,53,108
206,62,117
207,48,119
208,85,175
209,78,95
210,55,153
211,64,162
212,55,139
213,32,120
214,47,139
215,29,125
216,57,126
217,83,84
218,83,106
219,79,108
220,86,102
221,78,46
222,65,40
223,54,39
224,46,41
225,41,45
226,39,58
227,21,77
228,45,70
229,52,73
230,61,74
231,71,72
232,77,69
233,82,66
234,20,75
235,79,110
236,87,86
237,88,107
238,92,111
239,88,108
240,81,112
241,94,112
242,94,113
243,82,60
244,86,62
245,87,64
246,47,55
247,43,51
248,105,83
249,149,62
250,106,112
251,168,31
252,129,67
253,136,68
254,142,68
255,151,64
256,123,66
257,139,45
258,131,46
259,147,47
260,152,50
261,155,69
262,125,169
263,152,59
264,171,63
265,162,63
266,133,100
267,108,134
268,108,139
269,116,136
270,121,137
271,114,139
272,119,139
273,131,145
274,105,108
275,106,101
276,158,44
277,119,81
278,121,105
279,121,101
280,152,98
281,106,91
282,144,36
283,153,39
284,162,18
285,114,42
286,124,50
287,136,138
288,163,130
289,116,110
290,110,112
291,129,138
292,128,138
293,155,34
294,121,108
295,131,36
296,132,30
297,137,2
298,159,26
299,133,16
300,161,41
301,165,36
302,108,137
303,115,137
304,120,138
305,114,111
306,128,138
307,125,140
308,127,138
309,113,108
310,118,139
311,113,140
312,107,140
313,109,160
314,109,151
315,109,147
316,108,143
317,107,140
318,118,139
319,120,140
320,121,142
321,122,145
322,128,126
323,170,93
324,122,139
325,124,139
326,108,115
327,119,112
328,109,113
329,126,85
330,137,90
331,122,104
332,153,8
333,149,19
334,145,31
335,125,151
336,116,32
337,117,16
338,119,0
339,148,67
340,162,74
341,119,64
342,157,54
343,114,76
344,117,103
345,167,78
346,158,79
347,150,82
348,137,81
349,127,78
350,120,75
351,105,67
352,166,94
353,161,53
354,103,112
355,119,89
356,172,61
357,115,71
358,123,104
359,154,60
360,117,98
361,167,111
362,119,62
363,112,94
364,151,150
365,150,157
366,171,94
367,159,139
368,168,49
369,126,176
370,102,114
371,125,94
372,167,64
373,142,64
374,136,64
375,126,141
376,165,108
377,114,185
378,133,174
379,141,167
380,130,63
381,125,62
382,121,62
383,164,51
384,126,56
385,132,53
386,138,52
387,145,54
388,148,56
389,171,44
390,146,63
391,122,123
392,116,108
393,109,121
394,143,160
395,135,168
396,114,181
397,157,145
398,121,59
399,110,79
400,124,180
401,168,110
402,113,140
403,114,142
404,115,145
405,116,148
406,118,156
407,124,138
408,125,138
409,126,137
410,133,131
411,157,113
412,109,71
413,114,55
414,118,56
415,122,139
416,157,130
417,107,55
418,122,162
419,105,75
420,115,91
421,111,167
422,136,148
423,128,110
424,130,156
425,143,108
426,135,117
427,148,119
428,113,175
429,119,95
430,141,153
431,133,161
432,142,138
433,163,121
434,149,139
435,165,125
436,139,126
437,114,84
438,115,106
439,119,108
440,112,102
441,119,48
442,131,43
443,141,42
444,149,44
445,155,48
446,157,61
447,172,78
448,152,72
449,145,74
450,136,74
451,128,72
452,121,70
453,117,68
454,171,77
455,118,110
456,110,86
457,110,107
458,106,111
459,110,108
460,116,112
461,105,112
462,104,113
463,117,62
464,113,64
465,111,65
466,150,58
467,154,54
468,61,56
469,69,56
470,60,49
471,52,56
472,61,64
473,137,58
474,145,58
475,137,51
476,129,58
477,137,65
