0,93,138
1,108,106
2,103,113
3,100,82
4,109,99
5,108,89
6,103,65
7,44,56
8,102,47
9,102,38
10,102,3
11,93,140
12,93,141
13,93,141
14,93,141
15,93,143
16,93,145
17,93,147
18,95,159
19,107,110
20,97,110
21,12,29
22,67,63
23,60,64
24,52,64
25,41,59
26,73,61
27,55,42
28,64,43
29,47,44
30,42,47
31,35,64
32,65,171
33,41,54
34,8,62
35,25,58
36,61,98
37,84,136
38,84,139
39,75,136
40,69,135
41,77,138
42,71,137
43,56,143
44,102,106
45,101,99
46,33,41
47,77,80
48,78,103
49,77,99
50,38,96
51,101,90
52,52,35
53,41,37
54,24,17
55,86,43
56,72,47
57,50,135
58,6,132
59,83,107
60,89,110
61,60,134
62,61,134
63,37,32
64,76,106
65,67,37
66,66,31
67,59,3
68,31,25
69,65,18
70,28,37
71,20,35
72,84,138
73,76,137
74,70,136
75,84,109
76,61,134
77,65,137
78,62,135
79,90,106
80,71,137
81,77,139
82,84,140
83,84,158
84,84,145
85,84,143
86,84,142
87,85,140
88,72,137
89,71,138
90,70,139
91,69,140
92,63,124
93,0,93
94,105,112
95,67,136
96,66,136
97,92,113
98,77,110
99,91,111
100,69,83
101,57,88
102,74,102
103,39,8
104,46,19
105,50,30
106,64,149
107,85,34
108,83,18
109,80,2
110,45,62
111,26,69
112,77,60
113,34,50
114,83,76
115,85,101
116,17,76
117,32,76
118,43,79
119,58,78
120,69,75
121,76,72
122,96,67
123,17,92
124,28,49
125,103,110
126,78,87
127,1,59
128,83,69
129,72,102
130,37,54
131,84,96
132,1,112
133,76,57
134,92,92
135,28,153
136,26,162
137,5,94
138,18,142
139,14,47
140,63,179
141,102,111
142,70,92
143,18,58
144,53,59
145,60,59
146,64,137
147,17,107
148,77,189
149,51,180
150,39,173
151,102,20
152,93,190
153,66,59
154,71,58
155,75,57
156,22,46
157,69,51
158,63,49
159,56,48
160,49,50
161,45,51
162,5,42
163,48,58
164,101,119
165,73,120
166,84,106
167,90,119
168,102,56
169,40,163
170,50,172
171,78,184
172,15,149
173,74,55
174,91,78
175,94,185
176,64,185
177,6,111
178,78,139
179,77,140
180,76,141
181,75,143
182,73,155
183,66,136
184,65,135
185,64,134
186,55,129
187,28,112
188,90,71
189,83,54
190,78,53
191,67,136
192,24,131
193,92,55
194,68,163
195,106,81
196,98,75
197,105,73
198,85,89
199,95,177
200,95,167
201,82,167
202,50,147
203,65,107
204,58,156
205,48,106
206,57,115
207,39,118
208,79,176
209,78,93
210,43,154
211,54,163
212,44,137
213,17,121
214,34,139
215,10,127
216,49,124
217,85,83
218,88,104
219,81,106
220,93,100
221,78,47
222,66,42
223,54,40
224,45,41
225,38,44
226,32,56
227,5,77
228,39,68
229,48,71
230,59,70
231,68,68
232,75,66
233,80,65
234,0,76
235,80,107
236,92,85
237,95,105
238,98,109
239,94,106
240,81,109
241,100,110
242,99,111
243,79,58
244,84,61
245,87,64
246,42,53
247,38,50
248,111,82
249,140,60
250,112,110
251,154,36
252,123,66
253,130,67
254,135,67
255,142,63
256,118,65
257,134,47
258,126,47
259,140,48
260,143,51
261,146,68
262,118,170
263,142,58
264,154,67
265,150,63
266,131,99
267,102,137
268,101,141
269,110,138
270,116,138
271,108,140
272,114,140
273,125,144
274,114,106
275,115,99
276,150,46
277,119,81
278,125,104
279,124,100
280,147,98
281,114,90
282,140,38
283,147,40
284,152,24
285,115,44
286,120,50
287,130,137
288,142,132
289,120,108
290,114,110
291,124,139
292,122,139
293,149,36
294,124,107
295,130,39
296,131,33
297,135,8
298,151,31
299,133,21
300,152,43
301,154,41
302,102,139
303,109,139
304,115,139
305,118,109
306,123,139
307,119,141
308,122,139
309,118,106
310,113,141
311,107,141
312,101,141
313,104,158
314,102,147
315,102,145
316,102,143
317,101,141
318,113,141
319,114,141
320,115,142
321,116,143
322,126,125
323,147,97
324,117,140
325,118,141
326,112,113
327,121,111
328,113,112
329,125,85
330,134,90
331,124,103
332,146,15
333,144,24
334,141,33
335,119,150
336,117,35
337,119,20
338,121,4
339,139,66
340,151,74
341,115,63
342,147,54
343,115,76
344,122,101
345,155,80
346,149,79
347,143,82
348,132,81
349,124,77
350,118,74
351,109,67
352,156,95
353,150,54
354,110,110
355,120,88
356,150,65
357,114,70
358,124,103
359,144,59
360,122,96
361,145,114
362,115,60
363,118,92
364,139,151
365,135,159
366,155,97
367,145,141
368,154,53
369,118,177
370,108,112
371,124,93
372,152,65
373,135,62
374,130,62
375,120,141
376,154,110
377,107,188
378,123,177
379,129,169
380,124,62
381,119,61
382,116,61
383,152,53
384,120,55
385,126,53
386,132,53
387,137,54
388,140,56
389,154,49
390,138,61
391,121,121
392,120,107
393,111,120
394,132,161
395,126,169
396,108,183
397,139,147
398,117,58
399,114,79
400,116,183
401,153,112
402,107,141
403,109,142
404,109,144
405,110,145
406,113,155
407,118,140
408,119,139
409,120,139
410,129,130
411,149,114
412,112,71
413,112,55
414,115,56
415,117,140
416,147,131
417,109,56
418,115,162
419,110,75
420,118,90
421,106,166
422,129,147
423,128,109
424,123,156
425,140,108
426,132,116
427,143,120
428,108,176
429,121,94
430,133,153
431,125,162
432,135,138
433,151,122
434,141,139
435,150,127
436,135,125
437,117,83
438,121,105
439,123,106
440,119,100
441,117,49
442,127,44
443,136,44
444,143,45
445,147,49
446,147,61
447,155,82
448,144,72
449,138,74
450,131,73
451,123,71
452,118,69
453,114,67
454,148,81
455,122,108
456,115,85
457,117,105
458,113,109
459,116,107
460,119,110
461,112,110
462,110,111
463,113,61
464,111,63
465,111,65
466,141,57
467,145,54
468,56,53
469,65,53
470,56,47
471,48,54
472,57,60
473,128,58
474,135,58
475,128,52
476,122,57
477,128,64
