0,99,134
1,102,109
2,101,116
3,95,84
4,102,102
5,102,91
6,101,66
7,51,61
8,100,46
9,100,36
10,100,0
11,99,136
12,99,138
13,99,139
14,99,139
15,99,141
16,99,144
17,99,147
18,99,157
19,102,113
20,94,113
21,26,31
22,70,66
23,63,67
24,57,68
25,48,63
26,76,65
27,59,47
28,67,47
29,52,48
30,47,51
31,42,68
32,73,169
33,48,59
34,23,64
35,35,63
36,65,100
37,91,132
38,91,137
39,82,134
40,76,136
41,84,137
42,78,137
43,67,146
44,96,109
45,95,102
46,38,45
47,80,82
48,79,106
49,78,102
50,45,99
51,95,92
52,54,38
53,45,40
54,33,19
55,85,44
56,74,50
57,61,139
58,28,133
59,84,110
60,89,113
61,69,139
62,70,139
63,41,36
64,78,109
65,68,38
66,66,32
67,60,3
68,37,27
69,64,17
70,35,42
71,31,37
72,91,135
73,83,136
74,77,137
75,85,112
76,69,139
77,73,140
78,71,139
79,88,109
80,79,138
81,85,138
82,92,139
83,90,156
84,91,146
85,91,143
86,92,141
87,92,139
88,80,138
89,79,139
90,78,141
91,77,143
92,70,128
93,21,95
94,101,115
95,75,138
96,74,139
97,92,116
98,81,113
99,91,114
100,72,86
101,61,90
102,77,105
103,43,9
104,48,20
105,52,32
106,73,150
107,83,34
108,81,17
109,78,0
110,51,66
111,35,74
112,79,63
113,41,54
114,84,77
115,83,104
116,28,79
117,40,80
118,48,83
119,62,81
120,71,78
121,78,74
122,94,68
123,29,95
124,36,53
125,98,113
126,80,89
127,21,62
128,84,70
129,76,105
130,45,59
131,83,99
132,24,114
133,79,60
134,89,95
135,42,153
136,42,161
137,22,96
138,34,143
139,26,49
140,72,177
141,98,114
142,74,95
143,30,64
144,57,63
145,63,63
146,72,141
147,30,110
148,85,187
149,63,177
150,53,171
151,100,18
152,99,188
153,69,62
154,74,61
155,78,61
156,32,51
157,73,55
158,67,54
159,61,54
160,55,55
161,52,56
162,22,45
163,53,62
164,101,122
165,77,124
166,84,109
167,91,122
168,100,56
169,52,163
170,61,170
171,84,182
172,34,149
173,77,58
174,90,80
175,99,183
176,73,183
177,24,112
178,85,138
179,85,140
180,84,142
181,84,145
182,81,154
183,74,138
184,73,138
185,71,137
186,65,133
187,39,115
188,89,72
189,85,55
190,80,56
191,75,138
192,37,132
193,91,55
194,77,162
195,101,83
196,95,76
197,101,75
198,84,92
199,99,175
200,99,165
201,88,165
202,60,149
203,70,110
204,68,156
205,54,109
206,63,118
207,48,121
208,85,174
209,80,95
210,54,154
211,64,162
212,55,140
213,31,123
214,46,141
215,27,128
216,57,127
217,85,84
218,86,107
219,81,109
220,89,103
221,79,49
222,68,44
223,57,43
224,49,45
225,44,49
226,41,61
227,22,80
228,46,72
229,53,74
230,62,74
231,71,72
232,77,69
233,82,67
234,21,78
235,81,110
236,90,87
237,91,108
238,94,112
239,90,109
240,83,112
241,96,112
242,96,114
243,82,61
244,86,63
245,88,64
246,50,58
247,45,54
248,107,84
249,146,60
250,108,113
251,169,30
252,126,67
253,133,67
254,140,67
255,148,62
256,121,64
257,137,45
258,129,46
259,144,46
260,148,49
261,154,67
262,124,169
263,148,57
264,173,63
265,161,61
266,134,100
267,108,133
268,106,138
269,115,135
270,119,137
271,112,138
272,116,139
273,130,145
274,108,109
275,108,102
276,157,44
277,120,81
278,123,106
279,123,101
280,153,98
281,108,92
282,142,37
283,151,39
284,164,18
285,113,44
286,122,49
287,135,138
288,167,132
289,118,110
290,112,112
291,124,141
292,123,141
293,154,35
294,123,108
295,130,38
296,131,32
297,139,2
298,160,26
299,135,17
300,161,41
301,166,36
302,107,136
303,113,137
304,118,138
305,116,111
306,123,141
307,121,142
308,122,141
309,115,108
310,115,140
311,111,139
312,105,139
313,108,156
314,107,147
315,106,144
316,106,141
317,105,139
318,115,140
319,116,141
320,117,142
321,118,144
322,128,127
323,173,95
324,118,140
325,119,141
326,110,115
327,120,113
328,111,114
329,127,85
330,138,90
331,124,104
332,154,8
333,150,19
334,144,31
335,124,149
336,116,35
337,119,17
338,121,0
339,145,66
340,161,73
341,117,63
342,154,53
343,116,77
344,119,103
345,168,78
346,157,79
347,149,82
348,136,81
349,126,78
350,119,74
351,107,68
352,168,94
353,159,52
354,105,113
355,120,89
356,174,61
357,114,70
358,124,104
359,151,58
360,119,98
361,171,113
362,117,60
363,114,94
364,154,152
365,153,160
366,173,95
367,162,141
368,170,48
369,126,176
370,104,114
371,126,94
372,166,63
373,139,63
374,133,63
375,122,143
376,167,109
377,113,186
378,134,176
379,143,170
380,127,62
381,122,61
382,118,60
383,163,50
384,123,54
385,129,52
386,135,51
387,141,53
388,145,55
389,172,44
390,143,62
391,122,123
392,118,109
393,110,122
394,144,162
395,135,169
396,114,181
397,161,148
398,119,58
399,112,80
400,124,182
401,172,112
402,111,139
403,112,141
404,113,143
405,113,146
406,116,153
407,120,140
408,121,140
409,122,139
410,133,132
411,159,114
412,111,72
413,113,55
414,116,55
415,118,140
416,159,131
417,108,55
418,121,161
419,107,76
420,117,91
421,110,165
422,136,148
423,130,110
424,129,156
425,144,108
426,135,117
427,150,120
428,112,174
429,121,95
430,142,154
431,133,162
432,142,139
433,165,122
434,151,140
435,169,127
436,140,127
437,116,84
438,117,107
439,121,108
440,114,102
441,118,48
442,129,43
443,139,42
444,147,44
445,152,47
446,155,59
447,174,79
448,150,71
449,144,74
450,135,74
451,126,71
452,120,69
453,115,67
454,173,77
455,120,110
456,112,87
457,112,108
458,109,111
459,112,109
460,119,112
461,107,112
462,107,114
463,115,60
464,112,63
465,110,65
466,146,56
467,151,53
468,60,57
469,67,57
470,60,51
471,54,58
472,61,64
473,135,57
474,142,57
475,135,50
476,128,57
477,135,64
