0,98,132
1,100,105
2,99,111
3,93,82
4,99,99
5,99,89
6,98,66
7,50,60
8,98,49
9,97,40
10,97,10
11,98,135
12,98,137
13,98,139
14,98,139
15,98,143
16,98,147
17,98,151
18,99,157
19,99,109
20,91,108
21,24,39
22,70,65
23,63,67
24,56,67
25,47,63
26,76,64
27,58,49
28,66,49
29,51,50
30,47,53
31,41,68
32,71,165
33,47,58
34,20,67
35,32,64
36,61,97
37,87,130
38,89,137
39,78,132
40,71,134
41,81,137
42,74,137
43,63,140
44,93,105
45,92,99
46,36,48
47,76,80
48,73,102
49,73,98
50,41,95
51,92,90
52,53,42
53,43,44
54,30,29
55,84,49
56,73,51
57,57,133
58,25,129
59,79,106
60,85,108
61,63,138
62,65,138
63,39,40
64,73,104
65,66,43
66,65,38
67,56,14
68,34,35
69,60,26
70,31,45
71,28,44
72,88,134
73,79,135
74,73,136
75,80,107
76,64,138
77,68,140
78,66,138
79,84,104
80,76,138
81,82,138
82,89,139
83,88,156
84,88,151
85,88,147
86,89,142
87,89,139
88,76,138
89,74,140
90,72,142
91,71,144
92,65,122
93,19,95
94,99,110
95,71,138
96,69,139
97,88,111
98,75,108
99,86,109
100,69,84
101,58,88
102,71,101
103,40,20
104,44,29
105,50,37
106,69,146
107,81,40
108,77,25
109,75,11
110,51,65
111,33,73
112,79,62
113,40,56
114,81,76
115,79,100
116,25,80
117,39,78
118,49,81
119,62,79
120,71,76
121,78,73
122,91,68
123,26,93
124,33,55
125,95,109
126,76,87
127,19,66
128,83,69
129,71,100
130,44,59
131,78,95
132,20,112
133,79,60
134,85,92
135,39,147
136,40,154
137,19,95
138,31,137
139,24,54
140,69,173
141,96,110
142,69,92
143,26,65
144,58,62
145,63,63
146,66,141
147,26,107
148,83,183
149,60,172
150,51,164
151,97,25
152,99,184
153,69,62
154,74,60
155,77,60
156,28,54
157,72,56
158,65,54
159,60,54
160,54,56
161,51,57
162,20,51
163,53,62
164,99,116
165,72,118
166,79,105
167,87,117
168,98,57
169,49,156
170,59,164
171,83,178
172,32,143
173,76,58
174,86,79
175,99,180
176,71,179
177,21,110
178,82,139
179,81,141
180,79,145
181,78,148
182,77,152
183,69,138
184,68,137
185,66,136
186,60,127
187,35,110
188,86,72
189,83,56
190,79,56
191,71,138
192,33,127
193,89,57
194,74,158
195,99,81
196,92,75
197,99,74
198,81,89
199,99,172
200,99,164
201,87,163
202,57,143
203,65,106
204,64,151
205,50,105
206,59,113
207,44,116
208,84,171
209,76,92
210,51,148
211,61,157
212,51,133
213,27,118
214,42,135
215,24,124
216,53,121
217,81,83
218,81,103
219,76,104
220,85,99
221,78,51
222,66,47
223,56,47
224,48,48
225,42,51
226,39,62
227,19,81
228,45,71
229,53,73
230,62,72
231,70,70
232,77,68
233,81,66
234,19,80
235,76,105
236,87,85
237,87,104
238,91,107
239,87,105
240,77,107
241,93,108
242,93,109
243,81,60
244,85,62
245,87,64
246,49,58
247,44,56
248,105,82
249,147,58
250,107,108
251,168,36
252,127,63
253,134,64
254,140,64
255,150,60
256,121,62
257,138,47
258,130,48
259,145,48
260,150,50
261,155,65
262,126,163
263,150,56
264,171,63
265,163,61
266,135,95
267,108,130
268,107,137
269,117,132
270,124,133
271,115,136
272,121,136
273,134,138
274,106,105
275,107,98
276,159,46
277,119,79
278,124,100
279,124,96
280,154,92
281,106,90
282,143,40
283,152,42
284,162,25
285,112,47
286,123,50
287,140,130
288,166,124
289,119,104
290,113,107
291,132,136
292,130,137
293,156,38
294,124,103
295,129,41
296,130,36
297,137,12
298,159,32
299,133,24
300,163,43
301,164,40
302,108,134
303,116,134
304,122,135
305,117,106
306,131,137
307,127,139
308,129,137
309,114,103
310,119,137
311,113,138
312,106,138
313,110,156
314,109,150
315,108,146
316,107,142
317,106,138
318,119,138
319,121,139
320,123,141
321,124,143
322,132,120
323,171,91
324,124,137
325,125,138
326,110,110
327,122,107
328,111,109
329,126,82
330,138,86
331,125,99
332,153,17
333,149,26
334,145,35
335,128,145
336,114,38
337,116,24
338,118,10
339,146,63
340,162,70
341,118,60
342,156,53
343,114,75
344,119,99
345,167,76
346,158,74
347,149,77
348,136,77
349,126,74
350,119,71
351,105,67
352,167,89
353,161,53
354,103,108
355,120,86
356,172,62
357,114,68
358,126,99
359,153,57
360,119,94
361,169,107
362,118,58
363,113,91
364,155,143
365,153,150
366,172,90
367,162,133
368,168,51
369,128,171
370,103,110
371,126,90
372,167,62
373,140,60
374,134,60
375,129,140
376,167,102
377,115,182
378,135,169
379,144,161
380,128,59
381,123,59
382,120,58
383,165,51
384,124,54
385,130,53
386,136,52
387,142,53
388,146,54
389,171,47
390,144,59
391,125,117
392,118,104
393,111,116
394,146,153
395,137,162
396,115,177
397,160,139
398,120,56
399,110,78
400,126,176
401,171,105
402,113,138
403,115,140
404,117,144
405,118,147
406,120,151
407,125,136
408,127,136
409,128,135
410,137,124
411,159,107
412,110,71
413,113,55
414,117,55
415,124,137
416,160,123
417,107,56
418,123,156
419,105,75
420,116,88
421,112,162
422,140,140
423,131,104
424,132,149
425,145,102
426,137,111
427,151,112
428,114,170
429,121,91
430,145,145
431,136,155
432,145,131
433,166,114
434,153,131
435,168,119
436,143,119
437,115,82
438,117,102
439,122,103
440,113,98
441,118,49
442,129,45
443,140,44
444,148,46
445,154,48
446,157,59
447,172,77
448,151,68
449,144,70
450,135,70
451,126,68
452,120,66
453,115,64
454,171,76
455,122,104
456,111,84
457,111,103
458,107,107
459,111,104
460,120,106
461,106,108
462,105,109
463,116,59
464,112,61
465,110,63
466,148,56
467,153,53
468,61,58
469,68,57
470,61,51
471,54,58
472,62,64
473,137,57
474,143,57
475,137,52
476,130,57
477,137,63
