0,104,137
1,108,110
2,104,115
3,100,83
4,108,102
5,107,92
6,104,66
7,47,56
8,103,47
9,103,38
10,103,0
11,103,139
12,102,141
13,101,142
14,101,141
15,101,144
16,100,147
17,100,149
18,98,159
19,107,113
20,97,112
21,14,25
22,68,64
23,61,64
24,54,64
25,44,58
26,74,63
27,59,42
28,67,44
29,51,43
30,45,45
31,37,63
32,68,172
33,44,53
34,9,59
35,28,57
36,63,97
37,93,134
38,91,139
39,80,133
40,71,132
41,81,137
42,72,135
43,59,141
44,102,109
45,101,102
46,35,39
47,79,79
48,79,104
49,78,99
50,39,94
51,101,92
52,55,33
53,44,34
54,25,13
55,87,43
56,73,48
57,52,133
58,6,132
59,84,108
60,90,111
61,58,131
62,60,132
63,40,29
64,77,106
65,70,35
66,69,30
67,61,0
68,34,23
69,67,15
70,30,35
71,23,32
72,92,137
73,81,135
74,72,134
75,85,110
76,59,131
77,64,134
78,61,132
79,90,108
80,73,136
81,81,138
82,91,140
83,87,158
84,89,148
85,90,145
86,90,142
87,91,140
88,73,136
89,72,137
90,71,138
91,70,139
92,65,123
93,0,91
94,105,114
95,67,134
96,66,134
97,93,114
98,78,110
99,92,112
100,71,82
101,59,86
102,76,102
103,40,4
104,48,17
105,53,27
106,66,148
107,86,34
108,84,16
109,81,-1
110,47,61
111,29,68
112,78,62
113,37,48
114,85,75
115,86,102
116,19,74
117,35,73
118,45,77
119,60,76
120,70,74
121,77,71
122,97,67
123,18,90
124,31,47
125,103,113
126,80,87
127,2,55
128,83,69
129,74,101
130,41,53
131,85,97
132,1,111
133,77,59
134,93,94
135,29,153
136,26,163
137,6,92
138,18,142
139,15,44
140,66,181
141,102,114
142,72,91
143,20,58
144,55,59
145,62,60
146,63,135
147,17,106
148,80,192
149,54,182
150,41,174
151,103,18
152,96,194
153,67,60
154,72,60
155,76,60
156,24,45
157,71,53
158,65,50
159,59,49
160,53,49
161,49,51
162,6,38
163,51,58
164,103,120
165,74,120
166,85,108
167,91,120
168,103,56
169,41,164
170,53,173
171,81,187
172,15,149
173,75,57
174,92,79
175,97,188
176,66,188
177,6,109
178,81,138
179,80,139
180,80,142
181,79,144
182,76,154
183,65,133
184,64,132
185,63,131
186,57,127
187,28,111
188,91,71
189,84,55
190,79,55
191,66,134
192,24,130
193,92,55
194,71,163
195,106,83
196,98,76
197,105,74
198,86,90
199,98,179
200,98,169
201,85,168
202,52,146
203,67,107
204,61,155
205,49,105
206,58,114
207,39,117
208,83,178
209,80,93
210,45,154
211,56,164
212,46,135
213,17,120
214,35,138
215,9,126
216,50,122
217,86,83
218,88,106
219,82,107
220,94,102
221,79,47
222,68,41
223,58,39
224,49,40
225,42,43
226,35,55
227,7,75
228,42,66
229,50,69
230,60,70
231,69,69
232,76,67
233,81,65
234,0,73
235,81,108
236,93,86
237,95,108
238,98,111
239,94,109
240,82,110
241,100,112
242,99,113
243,80,60
244,84,62
245,88,64
246,46,52
247,42,48
248,111,84
249,143,59
250,112,112
251,161,32
252,125,65
253,132,66
254,137,66
255,145,61
256,120,63
257,136,46
258,129,47
259,142,47
260,146,50
261,149,66
262,122,171
263,145,57
264,162,64
265,154,61
266,134,99
267,113,136
268,110,140
269,119,136
270,123,136
271,116,139
272,120,139
273,129,141
274,113,109
275,115,102
276,153,44
277,120,80
278,126,104
279,125,100
280,152,97
281,113,92
282,142,38
283,149,40
284,157,20
285,116,45
286,122,49
287,135,134
288,152,133
289,121,109
290,115,111
291,128,138
292,126,138
293,152,35
294,125,107
295,131,39
296,132,34
297,137,4
298,155,28
299,135,19
300,156,41
301,159,38
302,112,138
303,118,138
304,122,138
305,119,110
306,127,138
307,124,140
308,125,139
309,119,108
310,118,140
311,114,140
312,108,141
313,107,158
314,108,149
315,109,146
316,109,143
317,108,141
318,118,140
319,120,141
320,120,142
321,121,144
322,130,124
323,157,95
324,122,139
325,123,140
326,113,114
327,123,110
328,114,113
329,126,84
330,137,89
331,126,103
332,150,11
333,147,22
334,144,33
335,123,148
336,118,36
337,121,18
338,122,1
339,142,64
340,155,72
341,117,61
342,150,52
343,116,76
344,123,103
345,162,78
346,152,77
347,146,80
348,134,79
349,126,76
350,120,72
351,109,67
352,163,93
353,154,52
354,110,113
355,121,88
356,160,61
357,115,69
358,126,102
359,147,57
360,122,97
361,156,113
362,117,59
363,118,94
364,147,152
365,143,161
366,163,95
367,154,142
368,161,50
369,122,180
370,108,114
371,126,93
372,157,62
373,137,61
374,132,62
375,125,141
376,162,109
377,110,192
378,128,180
379,135,172
380,126,61
381,121,60
382,118,59
383,157,50
384,122,54
385,128,53
386,134,52
387,139,53
388,142,55
389,162,45
390,140,60
391,124,121
392,121,108
393,113,120
394,138,163
395,130,171
396,111,186
397,148,149
398,119,57
399,114,79
400,120,186
401,162,112
402,114,140
403,115,142
404,116,144
405,116,147
406,116,154
407,123,139
408,125,138
409,126,137
410,134,128
411,156,113
412,113,71
413,113,54
414,117,55
415,122,139
416,155,131
417,110,55
418,119,162
419,111,76
420,119,91
421,109,167
422,133,146
423,130,108
424,127,155
425,144,107
426,136,115
427,149,118
428,111,178
429,122,94
430,138,153
431,130,163
432,140,136
433,159,122
434,147,139
435,159,127
436,140,123
437,118,84
438,121,107
439,124,107
440,119,102
441,119,48
442,129,44
443,138,43
444,145,44
445,149,47
446,150,59
447,163,79
448,147,70
449,141,72
450,133,72
451,125,70
452,119,67
453,116,65
454,158,78
455,123,108
456,116,87
457,118,108
458,113,111
459,117,109
460,121,110
461,112,112
462,111,113
463,115,59
464,113,62
465,112,63
466,144,56
467,147,53
468,58,55
469,65,55
470,58,48
471,50,54
472,57,61
473,133,56
474,139,56
475,133,49
476,126,55
477,133,62
