0,99,134
1,90,107
2,94,114
3,86,80
4,90,99
5,90,88
6,93,61
7,53,61
8,94,42
9,93,32
10,94,-3
11,99,137
12,99,140
13,99,142
14,99,143
15,99,146
16,99,150
17,99,155
18,98,162
19,91,111
20,86,111
21,30,32
22,71,66
23,65,67
24,59,68
25,51,63
26,76,64
27,60,45
28,67,45
29,54,47
30,50,50
31,46,68
32,75,173
33,51,59
34,30,64
35,39,62
36,64,99
37,91,133
38,92,139
39,83,135
40,79,138
41,86,140
42,82,141
43,70,148
44,85,107
45,83,99
46,42,43
47,77,78
48,73,104
49,73,99
50,47,98
51,84,89
52,55,35
53,47,37
54,33,19
55,82,42
56,74,48
57,64,141
58,45,136
59,78,108
60,83,111
61,74,143
62,75,143
63,44,32
64,73,107
65,67,36
66,65,29
67,56,1
68,36,26
69,59,15
70,38,38
71,32,37
72,91,136
73,85,138
74,80,140
75,80,110
76,74,143
77,77,145
78,76,143
79,80,107
80,83,142
81,88,141
82,93,141
83,89,161
84,91,154
85,91,150
86,92,145
87,93,142
88,83,142
89,82,144
90,80,146
91,79,149
92,69,128
93,37,97
94,93,113
95,80,142
96,78,143
97,85,114
98,77,111
99,84,112
100,71,83
101,60,88
102,73,103
103,42,8
104,44,19
105,53,28
106,74,153
107,80,31
108,75,14
109,73,-2
110,54,66
111,40,73
112,79,62
113,45,53
114,80,73
115,75,101
116,33,79
117,44,79
118,51,82
119,63,80
120,71,77
121,77,73
122,87,63
123,35,95
124,40,52
125,88,111
126,76,86
127,32,63
128,82,69
129,73,103
130,48,59
131,76,96
132,40,116
133,79,59
134,80,92
135,51,155
136,55,164
137,33,96
138,45,144
139,31,49
140,75,181
141,90,112
142,71,92
143,34,63
144,60,63
145,65,63
146,76,146
147,38,110
148,88,192
149,69,181
150,62,174
151,93,13
152,103,194
153,70,62
154,75,60
155,78,60
156,36,49
157,73,54
158,67,52
159,62,52
160,57,54
161,54,56
162,30,46
163,56,62
164,94,121
165,74,123
166,78,107
167,85,121
168,94,51
169,59,165
170,66,173
171,86,187
172,49,152
173,77,57
174,83,76
175,101,188
176,77,188
177,36,113
178,87,142
179,86,145
180,85,148
181,84,152
182,81,158
183,78,142
184,77,141
185,75,141
186,66,134
187,44,114
188,84,67
189,83,53
190,79,54
191,80,142
192,45,133
193,88,53
194,78,165
195,91,79
196,86,72
197,92,70
198,79,88
199,99,180
200,99,170
201,88,169
202,64,151
203,68,109
204,70,159
205,55,108
206,63,117
207,51,120
208,86,178
209,76,93
210,59,156
211,67,165
212,58,141
213,40,123
214,52,142
215,40,129
216,59,127
217,80,81
218,77,105
219,75,107
220,79,100
221,78,47
222,67,42
223,58,41
224,51,43
225,47,47
226,44,60
227,31,80
228,49,71
229,56,73
230,64,73
231,71,71
232,77,68
233,81,66
234,35,80
235,75,109
236,82,83
237,80,106
238,85,110
239,81,107
240,78,111
241,86,110
242,87,112
243,81,59
244,84,61
245,85,63
246,52,57
247,48,54
248,98,79
249,147,55
250,100,110
251,184,24
252,127,63
253,134,63
254,141,63
255,151,58
256,121,61
257,137,42
258,129,43
259,144,43
260,150,45
261,158,63
262,128,173
263,150,53
264,188,58
265,168,58
266,132,97
267,107,133
268,106,139
269,116,135
270,121,138
271,113,140
272,118,141
273,133,147
274,97,107
275,97,99
276,160,40
277,117,77
278,117,103
279,118,98
280,155,95
281,97,88
282,141,32
283,152,35
284,173,11
285,110,40
286,123,46
287,138,140
288,189,134
289,112,108
290,106,110
291,128,143
292,126,143
293,157,30
294,118,106
295,127,33
296,128,27
297,138,-3
298,165,20
299,132,11
300,166,36
301,175,30
302,107,136
303,114,138
304,120,140
305,110,109
306,127,143
307,123,145
308,125,143
309,107,106
310,117,142
311,112,141
312,106,141
313,108,161
314,107,154
315,107,150
316,106,145
317,106,142
318,117,142
319,118,144
320,120,146
321,121,148
322,127,127
323,195,93
324,120,143
325,122,143
326,104,113
327,116,111
328,105,112
329,125,81
330,137,86
331,120,102
332,158,1
333,151,13
334,144,26
335,126,153
336,111,30
337,113,12
338,117,-4
339,147,61
340,167,69
341,118,59
342,158,49
343,112,72
344,111,100
345,178,74
346,160,75
347,149,78
348,134,77
349,125,73
350,117,70
351,100,62
352,177,91
353,165,48
354,95,111
355,116,85
356,194,56
357,112,66
358,121,102
359,154,53
360,112,95
361,194,112
362,118,56
363,104,91
364,167,154
365,170,164
366,189,92
367,177,143
368,182,42
369,132,181
370,96,112
371,123,91
372,176,59
373,139,59
374,133,59
375,125,146
376,177,107
377,119,193
378,146,182
379,157,174
380,128,59
381,123,57
382,120,57
383,172,46
384,124,51
385,130,49
386,136,49
387,142,49
388,146,51
389,190,38
390,144,57
391,119,123
392,111,107
393,104,121
394,156,165
395,145,173
396,117,187
397,181,151
398,120,54
399,105,75
400,133,188
401,188,110
402,112,142
403,113,144
404,114,148
405,115,152
406,118,158
407,122,142
408,124,142
409,125,141
410,133,133
411,164,112
412,106,67
413,112,51
414,117,52
415,121,143
416,169,131
417,104,52
418,123,165
419,99,71
420,110,88
421,111,169
422,141,150
423,128,108
424,134,159
425,144,106
426,135,116
427,153,119
428,114,179
429,116,92
430,150,156
431,140,165
432,147,140
433,177,121
434,158,141
435,185,127
436,142,126
437,111,80
438,109,104
439,114,106
440,104,99
441,117,44
442,128,39
443,138,38
444,147,40
445,154,43
446,160,55
447,189,75
448,153,67
449,145,69
450,135,69
451,126,68
452,119,65
453,114,63
454,195,74
455,115,108
456,104,83
457,103,105
458,100,109
459,103,107
460,114,110
461,98,110
462,98,111
463,115,57
464,111,59
465,107,61
466,148,52
467,153,49
468,63,57
469,68,57
470,62,50
471,57,58
472,63,64
473,133,54
474,139,54
475,133,48
476,127,54
477,133,60
