0,101,134
1,97,112
2,97,117
3,91,85
4,97,105
5,97,94
6,98,66
7,52,59
8,98,48
9,98,38
10,99,0
11,101,136
12,101,138
13,100,140
14,101,140
15,101,143
16,101,147
17,101,151
18,97,159
19,97,115
20,90,114
21,24,27
22,70,65
23,64,66
24,58,66
25,49,61
26,76,63
27,60,46
28,67,47
29,54,48
30,50,50
31,43,66
32,70,172
33,49,56
34,21,60
35,34,61
36,63,99
37,91,132
38,92,138
39,83,133
40,77,135
41,85,138
42,80,138
43,67,145
44,91,112
45,90,104
46,41,47
47,78,80
48,75,106
49,75,102
50,43,97
51,91,94
52,58,41
53,48,43
54,30,16
55,85,47
56,74,49
57,61,139
58,26,130
59,80,111
60,85,113
61,70,139
62,71,139
63,45,38
64,75,108
65,70,42
66,69,36
67,58,2
68,35,25
69,62,17
70,37,43
71,28,34
72,92,135
73,84,136
74,78,137
75,82,112
76,70,139
77,74,141
78,72,139
79,83,110
80,81,139
81,86,139
82,93,139
83,88,158
84,92,151
85,92,146
86,93,142
87,93,139
88,81,139
89,80,140
90,78,142
91,77,145
92,69,127
93,21,91
94,97,116
95,77,139
96,75,140
97,88,116
98,77,113
99,87,115
100,71,84
101,60,89
102,74,104
103,41,7
104,45,19
105,56,35
106,72,150
107,84,38
108,79,18
109,77,0
110,52,64
111,35,72
112,79,62
113,43,54
114,82,76
115,79,105
116,27,76
117,41,78
118,50,81
119,62,80
120,71,76
121,78,73
122,91,68
123,27,92
124,37,53
125,93,115
126,78,89
127,20,57
128,83,70
129,73,104
130,46,57
131,79,99
132,23,109
133,78,59
134,85,96
135,39,152
136,39,160
137,21,92
138,31,140
139,24,46
140,68,181
141,94,116
142,72,94
143,28,62
144,59,62
145,65,62
146,73,142
147,28,107
148,81,193
149,59,180
150,49,172
151,99,18
152,97,196
153,70,61
154,74,60
155,77,59
156,31,51
157,72,54
158,67,51
159,61,51
160,56,52
161,53,54
162,21,40
163,55,60
164,98,123
165,75,124
166,80,110
167,88,123
168,98,57
169,48,163
170,58,172
171,81,187
172,32,147
173,76,57
174,86,80
175,97,190
176,69,188
177,23,109
178,87,139
179,86,141
180,85,144
181,84,148
182,79,155
183,75,138
184,74,138
185,72,137
186,64,132
187,37,113
188,87,72
189,84,55
190,79,55
191,77,139
192,35,130
193,90,56
194,75,163
195,97,84
196,91,77
197,98,76
198,81,92
199,97,180
200,97,169
201,86,168
202,59,148
203,68,110
204,66,157
205,52,108
206,61,117
207,46,119
208,82,178
209,77,95
210,52,154
211,61,164
212,53,139
213,29,120
214,43,140
215,25,125
216,56,126
217,82,84
218,81,108
219,77,109
220,84,104
221,79,50
222,69,46
223,60,45
224,52,46
225,46,49
226,41,59
227,20,76
228,47,70
229,54,72
230,63,72
231,71,70
232,77,68
233,81,66
234,21,73
235,77,110
236,86,88
237,86,110
238,90,113
239,86,111
240,79,112
241,91,114
242,92,115
243,81,60
244,84,62
245,86,64
246,51,55
247,47,53
248,104,85
249,147,61
250,105,114
251,180,28
252,127,67
253,134,68
254,140,68
255,150,64
256,121,65
257,137,47
258,130,47
259,144,48
260,149,51
261,157,68
262,125,173
263,150,59
264,183,62
265,166,63
266,134,100
267,109,132
268,108,138
269,117,134
270,123,135
271,115,138
272,120,138
273,131,146
274,103,112
275,104,104
276,159,47
277,119,81
278,121,107
279,121,102
280,155,98
281,104,94
282,140,39
283,151,42
284,173,17
285,110,46
286,123,50
287,137,140
288,177,132
289,116,111
290,110,113
291,128,139
292,127,139
293,155,37
294,121,109
295,127,40
296,128,34
297,142,2
298,166,26
299,137,18
300,164,43
301,174,36
302,109,135
303,116,136
304,121,137
305,114,112
306,128,139
307,125,141
308,126,139
309,112,110
310,118,139
311,113,139
312,107,139
313,106,159
314,109,151
315,109,147
316,108,142
317,108,139
318,118,139
319,120,141
320,121,143
321,123,145
322,128,128
323,184,93
324,122,139
325,123,140
326,107,117
327,119,113
328,109,115
329,127,85
330,138,90
331,123,105
332,161,8
333,155,20
334,143,34
335,124,151
336,112,36
337,119,18
338,122,0
339,146,67
340,165,74
341,118,63
342,157,55
343,114,76
344,116,105
345,174,78
346,159,79
347,149,82
348,135,80
349,126,77
350,119,74
351,105,68
352,173,94
353,163,54
354,101,115
355,119,89
356,186,58
357,114,70
358,123,104
359,153,59
360,117,100
361,182,112
362,118,61
363,110,96
364,160,154
365,161,162
366,182,94
367,169,143
368,179,47
369,127,182
370,100,116
371,125,94
372,174,65
373,139,64
374,133,64
375,126,142
376,172,109
377,113,194
378,138,182
379,149,174
380,128,63
381,123,62
382,120,61
383,170,52
384,125,54
385,130,52
386,136,52
387,142,53
388,146,55
389,185,41
390,144,63
391,121,124
392,116,110
393,108,123
394,149,165
395,139,174
396,113,188
397,170,149
398,120,58
399,109,80
400,126,189
401,180,111
402,113,139
403,115,142
404,116,145
405,117,149
406,116,156
407,123,138
408,125,138
409,126,137
410,134,133
411,162,114
412,110,72
413,113,55
414,117,56
415,122,139
416,164,132
417,106,56
418,121,164
419,104,77
420,114,92
421,109,168
422,139,150
423,129,110
424,130,158
425,145,109
426,136,118
427,152,121
428,111,179
429,119,95
430,146,156
431,136,165
432,145,141
433,171,122
434,155,142
435,177,127
436,142,127
437,114,85
438,114,109
439,119,109
440,111,105
441,117,49
442,128,45
443,138,44
444,147,46
445,153,50
446,158,61
447,183,78
448,152,72
449,144,74
450,135,74
451,126,72
452,120,69
453,116,67
454,185,75
455,119,111
456,109,88
457,109,110
458,105,114
459,109,111
460,117,113
461,104,114
462,103,115
463,116,61
464,112,63
465,109,65
466,148,57
467,152,55
468,61,55
469,68,54
470,61,48
471,55,55
472,61,61
473,137,58
474,143,58
475,137,51
476,130,57
477,136,65
