0,96,132
1,99,104
2,99,112
3,92,80
4,99,97
5,99,87
6,99,63
7,41,64
8,98,42
9,98,31
10,97,-4
11,96,134
12,97,136
13,97,138
14,97,138
15,97,141
16,97,144
17,97,148
18,101,161
19,99,108
20,92,108
21,11,32
22,64,71
23,55,72
24,48,71
25,37,67
26,71,69
27,51,46
28,61,47
29,42,48
30,36,52
31,31,71
32,72,171
33,38,62
34,11,65
35,23,65
36,59,100
37,88,130
38,90,136
39,80,132
40,76,134
41,84,136
42,79,137
43,65,147
44,92,104
45,91,97
46,24,44
47,74,81
48,74,103
49,73,99
50,35,99
51,91,88
52,43,35
53,31,37
54,17,18
55,80,42
56,70,51
57,59,139
58,25,134
59,80,107
60,87,109
61,70,139
62,72,139
63,27,32
64,74,107
65,58,36
66,57,29
67,48,0
68,22,24
69,53,13
70,20,40
71,15,36
72,88,133
73,82,134
74,77,136
75,83,108
76,71,139
77,74,140
78,73,139
79,84,104
80,80,137
81,85,137
82,91,137
83,90,160
84,89,147
85,89,144
86,89,140
87,90,137
88,80,137
89,79,139
90,77,140
91,76,143
92,67,126
93,14,98
94,99,110
95,77,138
96,76,139
97,89,112
98,77,111
99,88,111
100,66,85
101,53,91
102,72,103
103,28,7
104,34,16
105,40,28
106,72,152
107,76,31
108,74,13
109,70,-3
110,41,70
111,24,76
112,76,66
113,29,55
114,80,76
115,79,100
116,17,80
117,28,82
118,38,84
119,53,83
120,65,80
121,74,77
122,91,65
123,19,96
124,23,54
125,95,108
126,75,88
127,9,65
128,81,72
129,72,103
130,34,62
131,78,95
132,19,116
133,77,64
134,84,91
135,41,153
136,43,160
137,14,97
138,32,142
139,13,50
140,71,178
141,96,110
142,68,94
143,17,67
144,48,67
145,55,68
146,73,141
147,22,111
148,85,189
149,63,177
150,54,170
151,97,13
152,102,190
153,62,67
154,69,65
155,74,64
156,19,52
157,69,58
158,61,55
159,54,55
160,46,57
161,42,59
162,9,47
163,43,66
164,100,118
165,74,122
166,80,106
167,89,119
168,99,53
169,51,162
170,61,170
171,85,184
172,34,149
173,74,61
174,86,77
175,102,186
176,73,184
177,18,114
178,85,137
179,83,139
180,82,142
181,82,145
182,80,157
183,75,138
184,74,137
185,72,137
186,62,132
187,31,115
188,86,70
189,81,56
190,77,58
191,77,138
192,33,133
193,88,55
194,76,164
195,99,79
196,91,73
197,99,71
198,80,89
199,101,178
200,101,169
201,88,168
202,58,150
203,65,109
204,66,158
205,47,109
206,58,117
207,42,121
208,85,177
209,76,94
210,52,155
211,62,163
212,52,140
213,26,123
214,42,141
215,24,129
216,53,127
217,81,83
218,81,103
219,77,105
220,84,98
221,74,49
222,60,43
223,47,42
224,37,44
225,31,48
226,29,64
227,11,81
228,35,75
229,44,77
230,54,77
231,65,75
232,73,72
233,79,70
234,11,81
235,77,107
236,86,84
237,87,103
238,91,107
239,87,104
240,80,110
241,93,108
242,94,109
243,79,64
244,83,65
245,85,66
246,40,61
247,33,56
248,106,80
249,158,62
250,106,108
251,187,31
252,134,70
253,143,71
254,151,70
255,161,65
256,127,68
257,146,44
258,136,45
259,156,46
260,161,49
261,167,69
262,131,171
263,160,60
264,189,64
265,176,63
266,140,99
267,106,130
268,105,136
269,115,133
270,122,135
271,113,136
272,119,137
273,137,146
274,105,104
275,107,97
276,173,41
277,124,81
278,124,103
279,125,99
280,165,99
281,106,88
282,153,32
283,165,35
284,180,17
285,117,41
286,128,49
287,143,139
288,178,133
289,118,107
290,111,109
291,131,140
292,129,139
293,169,29
294,124,106
295,138,34
296,139,27
297,146,0
298,175,23
299,142,12
300,177,37
301,182,35
302,106,133
303,114,135
304,121,136
305,116,108
306,130,139
307,126,140
308,128,139
309,114,104
310,118,138
311,112,137
312,105,137
313,112,160
314,107,147
315,106,144
316,106,140
317,105,138
318,118,138
319,120,139
320,121,141
321,122,143
322,133,126
323,187,97
324,123,138
325,124,139
326,109,112
327,121,111
328,110,111
329,133,85
330,146,90
331,126,103
332,167,6
333,163,15
334,156,25
335,130,152
336,119,30
337,121,13
338,124,-3
339,157,68
340,176,75
341,122,66
342,169,53
343,118,75
344,119,100
345,183,79
346,171,80
347,161,83
348,145,83
349,133,80
350,124,76
351,107,65
352,181,95
353,175,51
354,103,108
355,123,88
356,190,63
357,117,72
358,127,103
359,164,60
360,120,95
361,183,115
362,121,63
363,113,90
364,162,152
365,161,159
366,187,96
367,171,141
368,186,49
369,132,178
370,102,110
371,130,93
372,183,64
373,150,66
374,143,67
375,127,141
376,179,110
377,118,188
378,141,176
379,150,169
380,136,66
381,128,65
382,124,64
383,180,49
384,129,56
385,137,54
386,144,53
387,152,55
388,156,57
389,190,46
390,155,64
391,125,122
392,118,106
393,110,119
394,152,162
395,143,169
396,119,184
397,170,148
398,124,60
399,112,77
400,130,183
401,183,112
402,112,137
403,113,140
404,114,142
405,115,146
406,122,156
407,124,138
408,126,138
409,127,138
410,139,132
411,169,114
412,112,70
413,116,55
414,120,57
415,123,138
416,169,132
417,109,55
418,127,163
419,106,73
420,118,89
421,115,168
422,144,149
423,134,109
424,136,157
425,153,108
426,142,117
427,159,120
428,118,177
429,123,93
430,151,154
431,141,163
432,150,140
433,176,122
434,160,140
435,179,127
436,148,126
437,117,82
438,117,103
439,121,105
440,113,98
441,123,47
442,137,41
443,149,40
444,159,42
445,166,46
446,169,61
447,189,80
448,163,73
449,155,76
450,144,76
451,133,74
452,125,72
453,119,69
454,189,80
455,121,107
456,112,84
457,111,103
458,106,107
459,111,104
460,119,110
461,105,107
462,104,109
463,118,63
464,115,64
465,113,65
466,158,58
467,165,54
468,56,60
469,67,60
470,56,52
471,46,61
472,57,69
473,141,59
474,152,59
475,141,50
476,131,59
477,142,68
