0,96,123
1,98,98
2,96,109
3,90,78
4,98,90
5,97,82
6,95,65
7,41,66
8,94,46
9,94,36
10,93,6
11,96,126
12,96,130
13,96,133
14,95,155
15,95,158
16,95,162
17,94,167
18,95,172
19,97,103
20,90,104
21,9,45
22,61,73
23,54,73
24,47,73
25,37,69
26,67,72
27,52,47
28,60,49
29,44,49
30,38,53
31,30,74
32,65,180
33,38,64
34,5,77
35,21,70
36,56,100
37,86,123
38,86,131
39,75,128
40,68,134
41,78,134
42,72,138
43,59,153
44,92,98
45,91,91
46,28,47
47,71,83
48,72,100
49,71,97
50,33,101
51,91,83
52,46,35
53,35,39
54,18,29
55,77,40
56,67,53
57,54,144
58,11,152
59,78,104
60,84,107
61,61,148
62,64,148
63,31,36
64,71,104
65,59,34
66,58,28
67,50,9
68,24,33
69,55,19
70,22,45
71,15,46
72,86,127
73,76,131
74,70,136
75,79,106
76,63,148
77,65,153
78,65,148
79,82,100
80,74,139
81,80,135
82,87,134
83,84,171
84,83,166
85,84,162
86,85,157
87,87,154
88,74,153
89,72,154
90,69,156
91,67,159
92,62,127
93,1,114
94,97,106
95,70,151
96,67,152
97,86,109
98,73,110
99,85,108
100,63,87
101,51,92
102,69,101
103,31,17
104,37,23
105,43,30
106,64,160
107,75,30
108,73,19
109,70,5
110,41,72
111,21,80
112,71,70
113,30,58
114,77,78
115,77,95
116,12,87
117,27,84
118,38,86
119,53,84
120,63,81
121,71,78
122,88,67
123,13,102
124,24,58
125,94,103
126,72,89
127,0,80
128,77,73
129,68,103
130,34,65
131,76,92
132,4,132
133,71,68
134,84,87
135,31,165
136,29,177
137,4,109
138,21,156
139,10,61
140,63,189
141,94,106
142,65,94
143,14,72
144,48,68
145,54,69
146,63,153
147,15,118
148,77,201
149,52,192
150,41,186
151,94,21
152,94,203
153,60,69
154,65,69
155,69,68
156,17,58
157,66,60
158,60,57
159,54,56
160,47,57
161,43,60
162,3,61
163,44,67
164,96,115
165,70,121
166,78,102
167,85,116
168,94,57
169,41,174
170,52,182
171,78,194
172,20,167
173,70,65
174,83,77
175,95,196
176,63,197
177,6,126
178,80,154
179,78,156
180,75,160
181,74,163
182,72,167
183,67,143
184,65,142
185,63,141
186,57,134
187,27,120
188,82,72
189,77,59
190,73,61
191,69,143
192,25,141
193,84,56
194,68,173
195,96,77
196,89,73
197,96,71
198,78,88
199,95,188
200,95,179
201,82,178
202,52,157
203,62,110
204,59,166
205,45,110
206,55,118
207,38,124
208,79,186
209,72,93
210,45,164
211,54,173
212,46,146
213,17,132
214,36,149
215,11,142
216,50,129
217,78,83
218,80,98
219,75,102
220,84,93
221,71,49
222,60,43
223,49,42
224,40,45
225,34,50
226,28,67
227,3,93
228,35,77
229,43,78
230,53,78
231,62,77
232,70,75
233,75,72
234,0,97
235,74,105
236,84,82
237,86,98
238,90,102
239,86,100
240,76,108
241,91,103
242,92,105
243,74,67
244,78,68
245,81,67
246,40,62
247,34,59
248,102,78
249,142,68
250,102,105
251,160,50
252,123,72
253,129,74
254,135,74
255,144,70
256,118,70
257,133,48
258,126,48
259,140,50
260,144,54
261,148,76
262,122,180
263,145,65
264,165,82
265,156,71
266,131,102
267,107,123
268,105,131
269,117,129
270,122,135
271,112,134
272,117,139
273,128,154
274,103,98
275,105,91
276,152,48
277,116,84
278,119,101
279,119,98
280,151,105
281,104,84
282,136,35
283,145,40
284,154,35
285,109,39
286,120,52
287,133,145
288,159,155
289,113,105
290,107,107
291,127,149
292,124,149
293,149,36
294,118,106
295,125,34
296,126,28
297,131,13
298,152,38
299,128,23
300,156,46
301,158,51
302,106,127
303,114,132
304,120,137
305,111,107
306,126,149
307,123,153
308,123,149
309,110,101
310,115,139
311,110,136
312,104,134
313,106,171
314,105,166
315,105,162
316,104,157
317,103,154
318,115,153
319,117,154
320,119,156
321,121,159
322,126,128
323,164,119
324,119,151
325,121,152
326,105,110
327,116,111
328,106,109
329,123,89
330,135,94
331,120,103
332,146,22
333,143,28
334,138,29
335,123,161
336,111,28
337,112,21
338,114,8
339,140,73
340,154,82
341,115,68
342,150,59
343,111,79
344,115,97
345,164,92
346,149,87
347,140,89
348,128,86
349,120,82
350,114,78
351,102,68
352,165,107
353,155,59
354,100,103
355,116,90
356,164,85
357,109,73
358,120,104
359,147,65
360,115,93
361,163,136
362,116,65
363,109,88
364,149,166
365,147,177
366,168,113
367,156,158
368,161,66
369,123,188
370,99,106
371,122,96
372,162,73
373,135,70
374,129,70
375,125,154
376,164,122
377,110,201
378,130,191
379,138,185
380,124,69
381,120,67
382,117,66
383,160,58
384,122,60
385,127,57
386,132,57
387,138,58
388,141,61
389,162,66
390,139,69
391,120,122
392,113,103
393,107,116
394,140,175
395,132,181
396,111,194
397,153,169
398,117,63
399,107,78
400,121,196
401,167,130
402,110,154
403,112,156
404,114,159
405,115,163
406,116,167
407,121,144
408,124,143
409,126,142
410,131,136
411,156,123
412,106,73
413,110,57
414,115,59
415,119,144
416,155,144
417,103,56
418,119,173
419,102,73
420,112,89
421,108,178
422,134,158
423,126,111
424,127,166
425,142,112
426,132,120
427,147,126
428,110,186
429,117,94
430,139,165
431,131,173
432,139,147
433,162,136
434,147,150
435,163,145
436,137,131
437,111,84
438,112,99
439,116,103
440,110,93
441,115,48
442,125,43
443,134,43
444,141,46
445,147,51
446,151,68
447,168,97
448,144,79
449,137,80
450,129,79
451,122,77
452,116,74
453,112,71
454,164,102
455,116,106
456,108,83
457,108,98
458,103,103
459,107,101
460,113,109
461,102,103
462,101,106
463,113,65
464,109,66
465,106,67
466,143,63
467,147,59
468,63,62
469,69,62
470,62,56
471,57,62
472,64,68
473,139,64
474,142,64
475,137,58
476,135,64
477,141,70
