0,96,135
1,99,117
2,99,121
3,92,89
4,99,109
5,99,98
6,98,68
7,48,60
8,98,47
9,98,37
10,98,0
11,96,138
12,97,140
13,97,142
14,98,142
15,98,146
16,98,149
17,98,153
18,99,159
19,99,120
20,91,118
21,19,28
22,69,67
23,61,67
24,54,67
25,45,62
26,75,65
27,56,46
28,65,47
29,48,47
30,44,50
31,38,66
32,71,168
33,45,57
34,17,60
35,30,60
36,59,100
37,85,133
38,87,139
39,76,133
40,70,132
41,79,137
42,73,135
43,60,138
44,92,117
45,91,109
46,32,43
47,76,82
48,73,109
49,73,104
50,37,95
51,92,98
52,49,38
53,39,39
54,25,17
55,82,46
56,72,50
57,53,130
58,26,125
59,78,113
60,85,116
61,61,130
62,63,131
63,34,34
64,72,110
65,63,40
66,61,34
67,54,2
68,30,26
69,59,18
70,28,39
71,24,35
72,86,136
73,77,135
74,71,134
75,80,114
76,62,130
77,67,135
78,64,131
79,83,114
80,74,136
81,80,139
82,88,141
83,87,159
84,87,152
85,87,148
86,87,144
87,88,141
88,75,137
89,73,138
90,72,139
91,70,141
92,62,124
93,18,88
94,99,121
95,70,134
96,68,134
97,87,119
98,74,113
99,86,118
100,68,85
101,55,89
102,71,106
103,36,8
104,41,20
105,46,32
106,67,146
107,79,37
108,77,18
109,74,0
110,48,65
111,30,70
112,79,64
113,37,52
114,81,78
115,78,108
116,22,75
117,36,77
118,45,80
119,59,80
120,70,77
121,77,75
122,91,70
123,22,90
124,31,51
125,95,120
126,76,90
127,15,56
128,82,71
129,70,104
130,42,57
131,78,102
132,21,106
133,79,61
134,85,100
135,40,146
136,43,153
137,17,90
138,31,136
139,20,47
140,71,176
141,95,120
142,69,94
143,24,60
144,55,62
145,61,63
146,66,135
147,22,105
148,85,186
149,64,173
150,54,164
151,98,18
152,100,188
153,67,63
154,73,62
155,77,62
156,25,48
157,71,55
158,65,53
159,58,52
160,52,53
161,48,55
162,16,40
163,51,61
164,99,125
165,71,123
166,78,113
167,86,124
168,98,57
169,51,157
170,61,166
171,84,182
172,34,141
173,76,59
174,86,83
175,99,184
176,73,181
177,19,106
178,81,139
179,79,141
180,78,144
181,78,147
182,76,154
183,68,133
184,67,132
185,65,131
186,56,126
187,30,110
188,87,74
189,83,57
190,79,57
191,70,134
192,31,126
193,89,58
194,73,160
195,99,88
196,92,80
197,98,79
198,81,94
199,99,177
200,99,167
201,86,166
202,55,142
203,64,109
204,64,152
205,46,107
206,56,115
207,39,116
208,84,175
209,76,97
210,51,148
211,61,159
212,48,132
213,24,117
214,40,134
215,23,122
216,49,121
217,81,86
218,81,113
219,75,112
220,84,109
221,77,50
222,64,45
223,53,44
224,44,45
225,39,48
226,36,59
227,16,75
228,43,70
229,50,72
230,60,73
231,69,71
232,76,69
233,81,68
234,16,72
235,75,112
236,86,91
237,87,115
238,90,118
239,86,115
240,76,114
241,92,119
242,93,119
243,81,62
244,84,64
245,87,66
246,46,56
247,41,53
248,105,88
249,150,59
250,107,118
251,176,27
252,129,66
253,136,66
254,144,65
255,153,61
256,122,66
257,140,46
258,131,47
259,149,46
260,154,49
261,159,65
262,127,168
263,152,57
264,180,58
265,167,59
266,138,98
267,108,133
268,108,139
269,119,133
270,126,132
271,117,137
272,124,134
273,137,136
274,105,116
275,106,109
276,164,42
277,121,81
278,124,108
279,125,103
280,160,93
281,105,98
282,147,36
283,157,37
284,170,15
285,114,46
286,123,51
287,144,127
288,173,124
289,119,112
290,113,115
291,139,129
292,137,130
293,161,32
294,125,109
295,133,38
296,135,32
297,142,2
298,166,25
299,138,17
300,168,38
301,172,34
302,108,136
303,118,135
304,126,133
305,118,113
306,138,130
307,133,134
308,136,131
309,115,113
310,124,136
311,116,138
312,108,140
313,110,158
314,110,152
315,109,148
316,109,144
317,108,141
318,124,136
319,125,137
320,127,139
321,128,141
322,135,122
323,180,87
324,129,134
325,131,134
326,110,118
327,123,112
328,111,117
329,129,84
330,142,88
331,126,104
332,160,7
333,155,19
334,150,30
335,130,145
336,117,36
337,120,18
338,122,0
339,149,64
340,167,69
341,118,65
342,160,51
343,116,77
344,119,108
345,175,74
346,163,74
347,154,78
348,140,78
349,129,76
350,121,74
351,106,70
352,175,88
353,166,50
354,103,119
355,121,89
356,181,54
357,115,71
358,127,103
359,156,57
360,119,101
361,178,105
362,117,62
363,112,99
364,159,145
365,157,152
366,181,88
367,168,134
368,176,45
369,128,175
370,102,120
371,128,93
372,173,59
373,142,61
374,136,62
375,134,134
376,175,103
377,114,185
378,136,172
379,145,163
380,130,62
381,123,62
382,119,62
383,171,47
384,125,56
385,132,53
386,139,52
387,145,53
388,149,54
389,180,39
390,147,60
391,126,121
392,119,112
393,111,124
394,148,156
395,138,165
396,115,182
397,166,139
398,120,60
399,111,82
400,126,180
401,179,105
402,116,139
403,118,141
404,119,144
405,120,147
406,121,153
407,131,132
408,132,131
409,133,130
410,141,124
411,167,108
412,110,73
413,113,57
414,117,57
415,130,133
416,167,124
417,107,58
418,124,159
419,105,80
420,117,94
421,112,166
422,142,140
423,133,108
424,134,151
425,151,105
426,141,114
427,158,115
428,114,175
429,122,96
430,147,147
431,137,157
432,149,130
433,174,115
434,158,132
435,175,120
436,148,119
437,116,86
438,117,112
439,122,111
440,113,108
441,119,50
442,132,44
443,143,42
444,152,43
445,158,46
446,161,58
447,181,73
448,155,68
449,148,71
450,138,72
451,128,71
452,121,70
453,116,68
454,181,70
455,122,111
456,111,91
457,111,114
458,107,117
459,111,115
460,121,113
461,106,119
462,105,119
463,115,63
464,112,65
465,110,66
466,151,56
467,156,52
468,61,57
469,69,56
470,61,49
471,52,57
472,61,64
473,136,57
474,144,56
475,136,50
476,128,57
477,137,64
