0,95,132
1,100,103
2,99,111
3,93,78
4,101,95
5,100,85
6,99,61
7,45,59
8,99,42
9,99,32
10,99,-1
11,95,134
12,94,136
13,94,137
14,95,156
15,95,158
16,94,160
17,94,162
18,97,167
19,100,107
20,91,107
21,14,31
22,66,64
23,59,64
24,52,65
25,41,61
26,72,62
27,56,44
28,64,45
29,48,46
30,42,49
31,34,66
32,66,175
33,42,57
34,10,64
35,25,61
36,57,96
37,84,131
38,85,136
39,74,134
40,67,137
41,77,137
42,71,138
43,56,147
44,94,103
45,93,95
46,32,42
47,74,78
48,72,100
49,72,96
50,34,94
51,93,86
52,51,34
53,40,37
54,23,18
55,83,39
56,70,47
57,50,137
58,14,137
59,78,105
60,85,107
61,60,142
62,62,142
63,36,32
64,71,104
65,65,34
66,64,28
67,55,0
68,29,24
69,60,14
70,27,39
71,20,35
72,84,134
73,75,136
74,69,137
75,80,106
76,61,142
77,64,147
78,63,142
79,83,103
80,72,139
81,78,138
82,86,137
83,85,166
84,83,161
85,83,159
86,84,157
87,85,155
88,72,150
89,70,151
90,68,152
91,67,153
92,60,123
93,6,98
94,99,109
95,68,147
96,66,147
97,87,110
98,73,108
99,86,109
100,66,82
101,53,86
102,70,100
103,36,7
104,41,17
105,49,28
106,63,154
107,81,30
108,78,14
109,75,-1
110,45,64
111,26,71
112,76,60
113,34,52
114,80,73
115,78,98
116,16,77
117,32,76
118,43,78
119,57,77
120,67,74
121,75,70
122,91,63
123,16,92
124,28,51
125,96,107
126,74,85
127,7,63
128,81,67
129,68,100
130,38,57
131,78,93
132,9,117
133,75,57
134,85,88
135,32,155
136,31,165
137,8,96
138,22,145
139,15,48
140,64,183
141,96,109
142,67,90
143,17,62
144,53,60
145,59,60
146,63,148
147,16,108
148,79,195
149,54,184
150,43,176
151,99,15
152,96,197
153,65,59
154,70,58
155,74,58
156,21,49
157,69,54
158,63,53
159,57,53
160,51,54
161,47,55
162,9,45
163,48,60
164,99,117
165,69,119
166,79,104
167,86,117
168,99,52
169,42,166
170,53,175
171,79,189
172,22,153
173,73,56
174,86,75
175,96,191
176,65,190
177,10,113
178,78,153
179,76,154
180,75,156
181,74,158
182,72,161
183,66,140
184,64,140
185,63,139
186,54,129
187,27,112
188,86,67
189,81,52
190,76,53
191,67,140
192,25,132
193,89,52
194,69,168
195,100,77
196,92,71
197,99,69
198,80,86
199,96,183
200,97,174
201,82,173
202,50,150
203,61,106
204,59,160
205,44,105
206,54,114
207,37,118
208,80,182
209,74,91
210,45,156
211,55,166
212,44,138
213,18,122
214,35,141
215,14,130
216,47,123
217,80,80
218,81,101
219,75,103
220,85,96
221,76,45
222,64,41
223,54,40
224,45,42
225,38,46
226,32,59
227,8,79
228,39,69
229,47,71
230,58,70
231,67,68
232,74,66
233,79,63
234,6,80
235,75,105
236,86,81
237,87,102
238,91,106
239,87,103
240,76,107
241,93,107
242,93,108
243,78,57
244,82,59
245,85,61
246,44,57
247,38,52
248,106,78
249,146,58
250,107,107
251,171,33
252,127,63
253,133,64
254,139,64
255,149,61
256,122,61
257,138,46
258,131,46
259,144,47
260,148,50
261,155,66
262,125,175
263,149,57
264,175,65
265,163,62
266,137,97
267,106,131
268,105,136
269,117,134
270,124,137
271,114,137
272,120,139
273,135,146
274,107,103
275,108,95
276,159,45
277,121,78
278,125,101
279,125,97
280,157,96
281,107,86
282,142,38
283,152,40
284,165,20
285,113,42
286,124,48
287,141,137
288,169,138
289,119,105
290,112,107
291,132,143
292,130,143
293,156,36
294,125,104
295,130,38
296,131,32
297,139,2
298,161,27
299,136,16
300,163,42
301,168,37
302,105,134
303,115,136
304,122,138
305,117,107
306,131,143
307,127,148
308,129,143
309,115,103
310,119,139
311,112,138
312,104,137
313,109,166
314,106,161
315,106,159
316,106,157
317,105,156
318,119,151
319,121,151
320,122,152
321,124,154
322,133,124
323,175,99
324,124,148
325,126,148
326,110,110
327,122,108
328,111,109
329,129,82
330,141,87
331,126,100
332,155,10
333,151,19
334,145,32
335,128,154
336,116,32
337,119,15
338,121,0
339,145,63
340,162,72
341,118,59
342,156,53
343,115,73
344,120,98
345,172,79
346,157,77
347,148,79
348,135,78
349,125,74
350,119,70
351,106,63
352,172,94
353,162,53
354,104,107
355,121,85
356,175,65
357,114,66
358,127,100
359,152,57
360,120,93
361,173,118
362,119,56
363,114,89
364,156,155
365,154,165
366,177,97
367,164,145
368,172,50
369,126,183
370,103,109
371,128,91
372,169,63
373,138,59
374,133,59
375,129,149
376,172,109
377,112,195
378,135,183
379,144,175
380,128,58
381,123,57
382,120,57
383,167,51
384,125,54
385,130,53
386,136,54
387,141,55
388,144,56
389,175,47
390,142,59
391,126,119
392,119,104
393,111,117
394,146,166
395,136,174
396,113,189
397,162,154
398,121,55
399,111,75
400,125,189
401,176,114
402,113,154
403,114,154
404,115,156
405,116,158
406,120,161
407,126,141
408,128,140
409,129,140
410,138,130
411,163,113
412,111,68
413,114,52
414,118,52
415,124,141
416,163,132
417,108,52
418,123,167
419,106,71
420,117,87
421,110,173
422,140,149
423,133,106
424,132,159
425,148,106
426,139,114
427,154,118
428,112,182
429,122,91
430,145,156
431,135,166
432,146,139
433,170,123
434,154,141
435,172,130
436,144,124
437,116,80
438,117,102
439,122,103
440,114,96
441,119,46
442,130,43
443,139,43
444,147,45
445,153,48
446,156,59
447,177,81
448,150,69
449,143,71
450,134,70
451,126,68
452,120,65
453,116,63
454,175,82
455,122,105
456,112,82
457,112,102
458,108,106
459,112,104
460,120,107
461,106,107
462,105,108
463,117,57
464,113,59
465,110,61
466,147,57
467,151,53
468,63,57
469,70,57
470,64,51
471,57,58
472,63,63
473,131,57
474,137,57
475,131,50
476,125,56
477,131,63
