0,100,135
1,100,108
2,100,113
3,94,84
4,100,101
5,100,91
6,99,68
7,52,65
8,99,51
9,99,43
10,99,13
11,100,138
12,100,140
13,100,141
14,99,141
15,99,143
16,99,146
17,99,148
18,100,153
19,100,111
20,93,110
21,25,39
22,70,70
23,64,71
24,57,71
25,48,67
26,76,69
27,60,55
28,67,55
29,53,56
30,49,58
31,42,72
32,73,164
33,49,64
34,22,67
35,34,67
36,65,99
37,91,134
38,92,139
39,83,136
40,78,137
41,85,139
42,80,139
43,68,142
44,94,107
45,93,101
46,39,54
47,79,82
48,77,104
49,77,100
50,45,97
51,94,92
52,56,48
53,46,50
54,32,28
55,85,55
56,74,57
57,63,136
58,27,129
59,82,108
60,88,110
61,70,139
62,72,139
63,42,46
64,77,107
65,69,50
66,68,44
67,60,15
68,37,35
69,63,27
70,35,50
71,30,43
72,91,137
73,84,138
74,79,138
75,84,109
76,71,139
77,74,141
78,73,140
79,86,106
80,81,140
81,86,140
82,92,141
83,91,153
84,90,148
85,91,145
86,91,143
87,92,141
88,81,140
89,80,141
90,78,142
91,77,144
92,70,125
93,20,95
94,100,112
95,77,140
96,76,140
97,90,113
98,79,110
99,89,111
100,72,85
101,61,90
102,76,103
103,43,20
104,47,29
105,53,43
106,74,146
107,83,46
108,80,27
109,78,13
110,52,70
111,35,76
112,79,67
113,42,61
114,84,78
115,82,102
116,27,80
117,40,81
118,49,83
119,62,82
120,71,80
121,78,77
122,93,69
123,29,94
124,36,60
125,96,111
126,79,89
127,19,65
128,83,74
129,75,103
130,46,64
131,81,97
132,22,111
133,79,65
134,87,94
135,41,148
136,40,156
137,21,95
138,33,138
139,26,54
140,70,172
141,97,112
142,73,94
143,28,68
144,58,66
145,64,66
146,73,141
147,30,108
148,83,183
149,60,173
150,51,166
151,99,28
152,99,185
153,69,66
154,74,65
155,77,65
156,31,58
157,72,61
158,67,60
159,61,59
160,56,60
161,52,62
162,21,50
163,55,66
164,100,118
165,77,121
166,83,107
167,90,119
168,99,59
169,50,157
170,59,165
171,84,177
172,33,144
173,77,63
174,88,80
175,99,179
176,71,179
177,23,110
178,86,140
179,85,142
180,84,144
181,83,146
182,82,150
183,76,139
184,75,139
185,74,138
186,66,130
187,39,112
188,88,73
189,84,62
190,79,62
191,77,140
192,37,128
193,91,62
194,77,157
195,100,83
196,93,77
197,100,76
198,83,91
199,100,170
200,100,161
201,89,160
202,60,144
203,69,108
204,68,151
205,54,106
206,63,115
207,48,117
208,86,169
209,79,95
210,53,149
211,63,158
212,55,136
213,31,119
214,45,136
215,27,124
216,58,124
217,84,84
218,84,105
219,79,106
220,87,101
221,79,57
222,68,53
223,58,52
224,50,54
225,45,56
226,41,66
227,20,80
228,46,74
229,54,76
230,63,76
231,71,74
232,77,72
233,82,71
234,20,80
235,80,108
236,88,87
237,89,106
238,92,109
239,89,107
240,81,110
241,94,110
242,94,111
243,81,66
244,85,68
245,87,69
246,50,63
247,46,61
248,106,84
249,145,64
250,107,110
251,169,40
252,127,69
253,133,69
254,139,70
255,147,66
256,122,67
257,138,52
258,130,52
259,144,53
260,148,56
261,153,71
262,125,164
263,147,62
264,173,68
265,161,67
266,133,99
267,108,134
268,107,139
269,116,135
270,121,136
271,113,138
272,118,138
273,131,141
274,106,107
275,107,101
276,157,52
277,119,82
278,122,104
279,122,100
280,152,98
281,107,92
282,141,46
283,150,48
284,163,30
285,113,51
286,124,54
287,136,136
288,168,130
289,117,108
290,112,110
291,128,138
292,126,138
293,154,44
294,122,107
295,129,46
296,130,41
297,137,16
298,159,36
299,133,28
300,161,49
301,165,45
302,108,137
303,114,137
304,119,137
305,115,109
306,127,138
307,124,139
308,125,138
309,114,107
310,117,139
311,112,140
312,106,140
313,109,153
314,107,148
315,107,145
316,107,142
317,106,140
318,117,139
319,118,140
320,120,141
321,121,142
322,129,124
323,173,96
324,121,138
325,122,139
326,110,113
327,120,110
328,111,111
329,126,86
330,137,90
331,123,103
332,153,21
333,149,30
334,144,40
335,125,146
336,116,42
337,117,28
338,120,13
339,144,69
340,159,76
341,119,65
342,154,59
343,115,78
344,118,102
345,168,81
346,155,81
347,146,83
348,134,82
349,125,78
350,119,75
351,106,69
352,167,95
353,159,59
354,104,111
355,119,89
356,174,67
357,114,72
358,124,103
359,150,63
360,118,97
361,172,112
362,119,63
363,112,94
364,156,148
365,155,156
366,174,96
367,163,138
368,170,55
369,128,172
370,103,112
371,125,94
372,166,68
373,138,66
374,133,66
375,125,140
376,167,108
377,115,183
378,137,172
379,146,166
380,128,65
381,124,64
382,120,63
383,164,57
384,125,58
385,130,56
386,136,56
387,141,58
388,144,60
389,173,52
390,142,65
391,123,121
392,117,107
393,110,119
394,147,158
395,138,165
396,115,177
397,162,144
398,121,61
399,111,80
400,127,179
401,172,111
402,112,140
403,113,141
404,114,143
405,115,145
406,118,150
407,122,138
408,123,137
409,125,137
410,133,130
411,158,112
412,110,73
413,114,59
414,118,59
415,121,138
416,160,128
417,108,60
418,122,157
419,106,77
420,115,91
421,111,160
422,138,144
423,129,108
424,130,151
425,143,107
426,135,115
427,149,118
428,113,169
429,119,95
430,144,150
431,135,157
432,143,136
433,165,120
434,152,137
435,169,125
436,140,124
437,115,85
438,116,105
439,120,106
440,113,101
441,119,54
442,130,50
443,139,50
444,146,51
445,152,54
446,155,65
447,174,82
448,149,74
449,142,76
450,134,75
451,126,73
452,120,71
453,116,69
454,174,81
455,120,108
456,111,87
457,111,106
458,108,109
459,111,107
460,118,110
461,106,110
462,106,111
463,117,63
464,113,65
465,111,67
466,146,61
467,150,59
468,60,63
469,67,63
470,60,57
471,53,63
472,60,69
473,134,60
474,140,61
475,134,55
476,127,60
477,134,66
