0,92,133
1,101,108
2,98,115
3,94,83
4,101,100
5,101,90
6,100,66
7,43,58
8,100,49
9,101,40
10,102,1
11,92,135
12,92,137
13,92,138
14,92,142
15,91,144
16,91,147
17,91,150
18,95,165
19,100,112
20,92,111
21,17,29
22,65,65
23,58,65
24,51,65
25,40,61
26,71,63
27,55,45
28,64,47
29,47,46
30,42,48
31,35,65
32,65,175
33,40,56
34,11,62
35,26,59
36,59,98
37,83,132
38,83,136
39,74,133
40,68,134
41,76,136
42,70,136
43,57,146
44,95,108
45,94,100
46,34,44
47,76,80
48,75,104
49,74,100
50,36,96
51,94,91
52,53,38
53,42,39
54,27,16
55,85,45
56,70,50
57,51,137
58,11,136
59,80,109
60,86,111
61,61,138
62,62,138
63,39,35
64,73,107
65,67,39
66,67,34
67,60,2
68,33,25
69,65,17
70,29,40
71,23,35
72,83,134
73,75,135
74,69,135
75,81,110
76,62,138
77,65,140
78,63,138
79,85,107
80,72,137
81,77,137
82,84,138
83,84,164
84,81,148
85,82,146
86,83,143
87,84,141
88,72,140
89,71,140
90,69,142
91,68,143
92,62,125
93,5,96
94,99,114
95,68,139
96,67,139
97,88,114
98,75,111
99,87,113
100,68,84
101,55,88
102,72,103
103,41,7
104,47,19
105,52,32
106,64,153
107,84,36
108,82,18
109,80,0
110,44,64
111,27,70
112,75,62
113,35,51
114,82,76
115,80,102
116,18,77
117,32,76
118,42,79
119,56,79
120,66,76
121,74,73
122,93,67
123,17,93
124,29,50
125,96,112
126,76,88
127,7,61
128,80,70
129,70,103
130,37,56
131,80,97
132,6,115
133,74,59
134,87,93
135,30,155
136,29,165
137,8,95
138,20,144
139,17,47
140,63,184
141,96,113
142,69,93
143,20,60
144,51,61
145,58,61
146,64,141
147,17,108
148,77,195
149,53,184
150,42,176
151,102,19
152,93,197
153,64,61
154,69,60
155,73,60
156,24,48
157,68,55
158,62,53
159,56,52
160,49,53
161,45,54
162,10,43
163,47,60
164,97,121
165,71,121
166,80,108
167,86,120
168,100,57
169,41,166
170,52,175
171,77,190
172,19,152
173,72,58
174,88,79
175,94,192
176,64,190
177,9,112
178,77,140
179,76,142
180,75,144
181,74,146
182,73,159
183,66,137
184,65,136
185,63,136
186,55,130
187,28,113
188,87,71
189,82,55
190,76,55
191,68,137
192,25,132
193,89,56
194,68,167
195,101,82
196,94,75
197,100,74
198,82,90
199,94,183
200,94,173
201,81,172
202,51,149
203,64,108
204,59,159
205,46,107
206,56,116
207,38,119
208,79,182
209,76,94
210,44,156
211,55,166
212,45,139
213,18,122
214,35,141
215,12,129
216,48,125
217,82,83
218,83,105
219,77,107
220,87,101
221,77,49
222,65,44
223,55,43
224,45,44
225,39,46
226,33,58
227,9,78
228,39,69
229,47,71
230,57,71
231,66,70
232,73,68
233,78,66
234,5,78
235,76,108
236,88,86
237,89,106
238,92,110
239,88,108
240,78,110
241,94,111
242,94,113
243,77,60
244,82,62
245,85,64
246,42,55
247,38,52
248,107,83
249,144,64
250,106,112
251,169,38
252,126,70
253,133,71
254,139,71
255,147,67
256,121,68
257,137,51
258,129,52
259,143,53
260,148,55
261,152,72
262,121,177
263,147,63
264,170,71
265,160,68
266,133,102
267,102,133
268,101,137
269,112,135
270,118,137
271,109,138
272,115,139
273,128,148
274,107,108
275,108,101
276,157,51
277,119,83
278,121,106
279,122,102
280,153,102
281,107,91
282,143,43
283,151,46
284,164,26
285,114,48
286,122,54
287,134,140
288,161,141
289,116,110
290,110,112
291,124,141
292,123,141
293,155,41
294,121,109
295,130,43
296,132,38
297,140,7
298,160,33
299,136,22
300,161,48
301,165,44
302,102,135
303,110,137
304,116,138
305,114,111
306,124,141
307,120,143
308,122,141
309,113,108
310,113,140
311,107,139
312,100,139
313,105,164
314,100,149
315,100,147
316,100,144
317,100,142
318,113,142
319,114,143
320,115,144
321,116,146
322,127,128
323,167,103
324,117,142
325,118,142
326,108,115
327,119,113
328,109,114
329,126,87
330,137,92
331,123,105
332,155,15
333,150,26
334,145,38
335,122,155
336,116,40
337,120,20
338,124,3
339,144,70
340,159,77
341,117,66
342,154,59
343,114,78
344,118,103
345,167,84
346,155,82
347,147,85
348,134,83
349,125,80
350,118,76
351,106,68
352,167,100
353,159,58
354,104,112
355,119,90
356,170,70
357,113,72
358,123,105
359,150,63
360,118,98
361,165,122
362,117,63
363,113,94
364,150,159
365,148,169
366,170,102
367,158,149
368,168,56
369,122,185
370,102,113
371,125,96
372,165,69
373,138,66
374,133,67
375,121,144
376,166,115
377,108,196
378,129,185
379,138,179
380,127,66
381,122,65
382,119,64
383,163,57
384,123,59
385,129,58
386,134,58
387,140,59
388,143,60
389,171,52
390,142,65
391,121,124
392,116,109
393,108,121
394,140,169
395,131,177
396,109,190
397,155,157
398,119,62
399,111,80
400,120,192
401,168,119
402,107,142
403,108,144
404,108,146
405,109,148
406,115,161
407,119,140
408,121,140
409,122,139
410,132,133
411,158,119
412,110,72
413,113,58
414,116,59
415,118,140
416,157,137
417,108,58
418,118,168
419,107,76
420,116,92
421,107,173
422,134,152
423,128,111
424,127,161
425,144,111
426,134,119
427,149,124
428,109,182
429,119,96
430,139,160
431,130,169
432,140,142
433,163,128
434,149,145
435,165,135
436,139,129
437,115,85
438,116,107
439,119,108
440,113,102
441,118,53
442,129,49
443,139,48
444,147,50
445,152,53
446,154,65
447,171,86
448,149,75
449,142,77
450,134,76
451,125,74
452,119,72
453,115,69
454,169,86
455,119,110
456,111,87
457,111,107
458,107,111
459,111,109
460,117,112
461,106,112
462,105,113
463,115,64
464,111,65
465,110,67
466,145,62
467,150,59
468,53,56
469,60,56
470,54,50
471,46,56
472,52,62
473,134,62
474,141,62
475,134,56
476,127,62
477,134,68
