0,98,135
1,107,117
2,102,122
3,98,89
4,107,110
5,106,98
6,102,68
7,50,60
8,101,45
9,101,35
10,100,-8
11,98,137
12,98,138
13,97,139
14,96,151
15,97,153
16,97,156
17,97,158
18,97,166
19,106,121
20,96,120
21,13,22
22,71,66
23,64,67
24,57,67
25,46,62
26,76,64
27,60,46
28,68,47
29,53,48
30,48,51
31,39,68
32,69,175
33,47,58
34,9,58
35,28,62
36,60,102
37,87,134
38,87,138
39,76,135
40,69,135
41,78,137
42,71,137
43,57,145
44,100,117
45,100,110
46,38,46
47,77,83
48,78,110
49,77,105
50,36,99
51,99,99
52,58,40
53,47,42
54,23,10
55,88,47
56,74,49
57,51,137
58,13,130
59,83,115
60,89,118
61,58,137
62,60,137
63,42,37
64,76,112
65,72,41
66,71,35
67,56,-4
68,30,22
69,62,13
70,31,42
71,20,31
72,87,136
73,77,136
74,70,136
75,84,116
76,59,137
77,64,143
78,61,138
79,89,116
80,72,137
81,79,138
82,87,139
83,86,165
84,86,158
85,86,155
86,87,153
87,87,151
88,72,146
89,71,147
90,69,148
91,68,150
92,63,129
93,4,88
94,104,122
95,67,143
96,65,143
97,92,121
98,77,116
99,90,119
100,69,86
101,56,91
102,75,108
103,36,1
104,44,16
105,56,34
106,65,154
107,87,38
108,80,13
109,76,-7
110,50,66
111,29,73
112,80,62
113,39,54
114,83,79
115,84,110
116,17,76
117,37,79
118,48,83
119,62,81
120,72,78
121,79,74
122,95,70
123,17,93
124,32,53
125,102,121
126,78,91
127,4,52
128,84,71
129,73,106
130,43,58
131,83,104
132,7,108
133,79,60
134,91,101
135,33,154
136,32,162
137,7,92
138,22,143
139,14,43
140,68,182
141,101,121
142,70,96
143,19,63
144,59,63
145,65,63
146,62,144
147,17,109
148,81,192
149,57,181
150,46,173
151,101,13
152,95,192
153,70,62
154,75,61
155,78,60
156,24,50
157,72,54
158,67,51
159,61,51
160,55,53
161,51,55
162,7,35
163,54,62
164,101,126
165,72,126
166,84,115
167,90,126
168,101,56
169,45,165
170,56,174
171,81,187
172,22,148
173,77,58
174,90,84
175,96,188
176,68,188
177,9,110
178,79,149
179,78,150
180,77,153
181,76,155
182,74,161
183,65,137
184,63,136
185,62,136
186,55,132
187,27,115
188,89,74
189,85,56
190,80,55
191,66,137
192,26,133
193,92,57
194,71,167
195,105,88
196,97,80
197,104,79
198,84,95
199,96,181
200,97,173
201,84,172
202,52,149
203,65,112
204,61,159
205,46,111
206,57,119
207,39,122
208,82,181
209,79,98
210,47,156
211,58,166
212,46,139
213,18,122
214,36,142
215,13,127
216,49,127
217,84,87
218,87,114
219,81,114
220,92,110
221,80,50
222,70,45
223,60,44
224,51,46
225,44,49
226,37,60
227,7,75
228,44,71
229,53,74
230,63,73
231,71,71
232,77,69
233,82,67
234,4,69
235,80,114
236,92,92
237,94,116
238,97,119
239,93,117
240,81,116
241,99,120
242,98,121
243,81,60
244,85,63
245,89,66
246,49,56
247,44,54
248,110,89
249,146,55
250,111,119
251,163,17
252,128,63
253,134,63
254,140,63
255,148,57
256,123,63
257,137,42
258,129,44
259,143,42
260,148,45
261,153,61
262,119,170
263,148,52
264,163,51
265,159,54
266,134,98
267,108,133
268,106,136
269,115,132
270,120,131
271,113,134
272,117,133
273,127,140
274,112,117
275,113,109
276,156,39
277,120,80
278,124,108
279,124,103
280,152,92
281,112,98
282,142,35
283,150,35
284,159,6
285,115,45
286,123,48
287,133,131
288,150,119
289,120,113
290,115,117
291,125,131
292,123,132
293,153,30
294,124,110
295,130,37
296,131,31
297,138,-6
298,157,16
299,135,10
300,158,34
301,161,25
302,107,135
303,114,133
304,118,132
305,118,114
306,124,132
307,121,138
308,122,132
309,118,114
310,116,134
311,111,135
312,105,137
313,107,163
314,106,156
315,106,153
316,105,151
317,104,149
318,115,142
319,116,142
320,118,144
321,119,145
322,128,124
323,156,80
324,118,138
325,119,138
326,112,120
327,122,113
328,113,118
329,126,83
330,137,86
331,124,105
332,152,-1
333,149,11
334,143,29
335,122,149
336,116,35
337,120,12
338,122,-8
339,145,60
340,160,65
341,119,61
342,153,47
343,116,77
344,122,108
345,162,69
346,157,71
347,149,76
348,137,76
349,128,74
350,121,72
351,108,69
352,163,85
353,158,45
354,109,120
355,120,89
356,161,46
357,117,69
358,124,104
359,150,52
360,121,101
361,154,99
362,119,59
363,117,99
364,143,145
365,139,151
366,163,83
367,150,132
368,163,37
369,119,176
370,107,121
371,126,93
372,164,54
373,140,58
374,134,59
375,122,138
376,161,100
377,108,189
378,124,173
379,131,164
380,129,59
381,124,59
382,121,59
383,161,43
384,124,51
385,129,48
386,135,47
387,141,47
388,144,49
389,163,30
390,143,57
391,123,123
392,120,112
393,111,125
394,134,156
395,126,166
396,109,185
397,145,137
398,121,56
399,113,82
400,117,182
401,161,100
402,110,146
403,112,147
404,113,149
405,113,152
406,116,157
407,120,132
408,122,132
409,123,131
410,132,127
411,156,107
412,112,73
413,115,55
414,118,54
415,119,133
416,152,124
417,110,57
418,117,163
419,109,80
420,118,94
421,108,170
422,131,143
423,129,109
424,124,153
425,144,105
426,135,115
427,148,115
428,109,178
429,121,96
430,134,148
431,126,159
432,137,132
433,158,113
434,144,133
435,156,117
436,138,121
437,117,86
438,120,112
439,123,111
440,118,108
441,119,48
442,129,42
443,139,40
444,146,40
445,151,43
446,154,53
447,164,67
448,150,65
449,144,68
450,135,69
451,127,68
452,121,67
453,118,65
454,158,63
455,122,112
456,115,91
457,116,115
458,112,118
459,116,115
460,120,114
461,111,119
462,110,120
463,117,60
464,114,62
465,113,65
466,146,50
467,150,48
468,57,56
469,64,55
470,56,48
471,49,56
472,57,63
473,132,53
474,139,53
475,131,47
476,125,54
477,132,60
