0,105,127
1,94,108
2,96,112
3,90,85
4,94,101
5,95,92
6,97,71
7,53,66
8,98,55
9,99,47
10,101,17
11,105,130
12,105,133
13,105,135
14,106,136
15,107,139
16,107,142
17,107,145
18,95,152
19,94,111
20,87,110
21,39,42
22,73,69
23,67,70
24,60,71
25,51,67
26,78,67
27,62,54
28,69,54
29,55,55
30,51,57
31,47,71
32,71,160
33,50,64
34,35,68
35,41,66
36,64,97
37,95,126
38,96,132
39,85,128
40,79,131
41,88,133
42,82,133
43,65,137
44,88,107
45,87,101
46,43,52
47,79,82
48,73,103
49,73,99
50,47,95
51,89,93
52,56,47
53,48,48
54,44,32
55,83,53
56,75,56
57,60,130
58,38,126
59,78,107
60,83,109
61,72,136
62,74,136
63,46,44
64,73,105
65,68,48
66,66,43
67,65,20
68,46,39
69,67,32
70,41,48
71,41,46
72,96,129
73,87,131
74,81,132
75,80,108
76,73,136
77,77,137
78,75,136
79,81,106
80,84,134
81,89,134
82,97,134
83,86,151
84,97,145
85,97,141
86,98,138
87,98,135
88,84,135
89,83,137
90,81,138
91,80,140
92,67,120
93,36,94
94,95,112
95,79,136
96,78,136
97,86,111
98,75,108
99,84,110
100,72,85
101,62,89
102,73,101
103,52,25
104,54,34
105,55,42
106,70,142
107,81,45
108,82,32
109,81,18
110,55,70
111,42,75
112,81,66
113,46,59
114,83,79
115,77,102
116,37,80
117,45,80
118,52,82
119,64,81
120,73,78
121,79,75
122,91,72
123,36,92
124,42,58
125,91,110
126,78,89
127,37,66
128,84,73
129,72,101
130,48,63
131,78,97
132,36,110
133,81,64
134,83,94
135,45,144
136,46,152
137,33,94
138,39,134
139,38,56
140,68,168
141,92,111
142,72,93
143,38,67
144,60,67
145,66,67
146,75,138
147,35,105
148,80,180
149,61,169
150,54,162
151,100,32
152,95,182
153,72,66
154,77,65
155,80,64
156,39,56
157,75,62
158,69,61
159,63,61
160,58,62
161,54,63
162,37,52
163,56,67
164,96,116
165,72,117
166,78,106
167,85,116
168,98,63
169,53,153
170,60,161
171,80,174
172,42,141
173,79,63
174,86,82
175,94,176
176,69,175
177,33,108
178,90,135
179,90,137
180,89,140
181,88,142
182,77,147
183,78,135
184,76,134
185,74,133
186,62,125
187,42,109
188,87,75
189,85,60
190,81,60
191,79,135
192,41,125
193,90,61
194,74,153
195,96,85
196,90,79
197,96,78
198,81,91
199,94,168
200,95,159
201,84,158
202,60,139
203,67,106
204,66,147
205,54,104
206,62,112
207,49,114
208,81,166
209,77,94
210,55,145
211,62,153
212,55,131
213,36,116
214,47,132
215,35,121
216,57,119
217,82,85
218,79,105
219,75,105
220,82,101
221,79,55
222,69,52
223,59,51
224,52,52
225,48,55
226,46,65
227,34,81
228,51,74
229,57,76
230,65,75
231,73,73
232,79,71
233,83,69
234,37,80
235,75,106
236,85,88
237,83,106
238,87,109
239,84,107
240,77,108
241,88,110
242,89,111
243,83,64
244,86,66
245,87,68
246,52,64
247,48,60
248,102,85
249,143,65
250,103,110
251,175,42
252,126,70
253,131,70
254,138,70
255,147,68
256,121,69
257,135,55
258,128,56
259,141,56
260,146,58
261,154,72
262,123,162
263,147,64
264,179,69
265,163,69
266,134,97
267,114,127
268,112,133
269,121,129
270,126,131
271,118,133
272,122,134
273,132,137
274,100,107
275,101,101
276,156,55
277,119,82
278,120,102
279,121,99
280,154,96
281,101,93
282,137,49
283,148,51
284,168,32
285,110,55
286,123,58
287,138,130
288,176,129
289,115,106
290,109,109
291,129,136
292,127,136
293,152,47
294,121,104
295,125,51
296,126,46
297,140,19
298,162,39
299,135,31
300,161,52
301,170,46
302,113,130
303,120,131
304,124,133
305,114,107
306,128,136
307,127,137
308,126,136
309,110,106
310,120,134
311,116,134
312,111,135
313,106,151
314,116,145
315,115,142
316,114,138
317,113,136
318,121,136
319,123,137
320,125,139
321,127,141
322,130,120
323,182,96
324,124,136
325,125,137
326,107,111
327,119,108
328,108,110
329,127,85
330,138,89
331,123,101
332,157,24
333,151,33
334,140,45
335,125,143
336,112,48
337,118,31
338,122,17
339,143,70
340,162,77
341,118,68
342,154,61
343,114,79
344,115,102
345,172,81
346,155,81
347,145,83
348,132,81
349,124,79
350,117,76
351,104,72
352,172,93
353,160,61
354,99,110
355,119,89
356,182,67
357,113,73
358,124,101
359,150,65
360,116,97
361,181,112
362,119,66
363,108,94
364,159,146
365,160,154
366,180,95
367,168,136
368,174,56
369,125,170
370,98,111
371,126,92
372,171,70
373,136,66
374,131,66
375,129,138
376,172,106
377,111,181
378,136,171
379,148,164
380,127,66
381,123,66
382,120,66
383,167,60
384,124,61
385,129,60
386,134,59
387,139,60
388,142,62
389,180,53
390,140,66
391,122,117
392,115,106
393,107,116
394,148,155
395,137,163
396,110,175
397,169,143
398,120,64
399,108,82
400,124,177
401,179,110
402,118,136
403,120,138
404,121,140
405,123,143
406,117,148
407,125,135
408,127,134
409,128,133
410,135,124
411,162,110
412,109,75
413,113,62
414,118,63
415,123,135
416,164,126
417,106,63
418,120,154
419,103,79
420,114,91
421,107,158
422,139,140
423,130,105
424,130,148
425,145,105
426,136,112
427,152,115
428,109,167
429,119,94
430,145,146
431,134,155
432,145,132
433,171,118
434,155,133
435,176,123
436,142,120
437,114,85
438,112,105
439,118,105
440,108,101
441,117,58
442,127,54
443,135,53
444,143,54
445,150,57
446,156,67
447,180,82
448,149,75
449,141,76
450,132,75
451,125,74
452,119,72
453,115,71
454,182,81
455,118,106
456,108,88
457,106,106
458,103,109
459,107,107
460,117,107
461,101,110
462,101,111
463,116,66
464,112,68
465,109,69
466,145,63
467,150,61
468,59,61
469,66,61
470,60,56
471,54,61
472,58,66
473,131,62
474,136,62
475,131,57
476,125,62
477,130,66
