0,99,130
1,100,106
2,99,113
3,93,80
4,100,98
5,100,88
6,99,64
7,45,62
8,99,49
9,99,40
10,98,2
11,99,133
12,99,136
13,99,138
14,98,138
15,99,142
16,98,146
17,98,151
18,97,162
19,100,110
20,91,110
21,14,36
22,66,68
23,58,68
24,51,68
25,41,64
26,72,66
27,55,49
28,64,49
29,48,50
30,42,53
31,34,69
32,66,176
33,42,60
34,10,69
35,25,65
36,58,99
37,88,129
38,88,136
39,76,131
40,68,134
41,79,136
42,71,137
43,59,147
44,94,106
45,93,98
46,31,48
47,75,80
48,73,103
49,72,99
50,35,98
51,93,88
52,51,41
53,39,43
54,22,23
55,84,48
56,71,52
57,52,139
58,13,142
59,78,108
60,85,110
61,58,139
62,60,139
63,35,39
64,72,106
65,65,42
66,64,36
67,55,5
68,29,30
69,60,19
70,26,45
71,20,41
72,88,133
73,77,134
74,69,135
75,80,109
76,59,139
77,64,141
78,61,139
79,84,105
80,73,138
81,80,138
82,89,138
83,86,161
84,87,150
85,87,145
86,88,141
87,89,138
88,73,138
89,71,140
90,69,142
91,68,145
92,62,126
93,6,104
94,100,112
95,67,139
96,66,139
97,88,113
98,74,111
99,86,112
100,66,85
101,54,89
102,70,102
103,36,12
104,42,23
105,48,35
106,66,152
107,81,38
108,78,19
109,75,2
110,45,67
111,26,75
112,76,65
113,34,56
114,80,76
115,78,100
116,16,81
117,31,79
118,42,82
119,56,81
120,67,78
121,75,74
122,91,66
123,16,97
124,27,56
125,96,110
126,75,88
127,6,69
128,81,71
129,69,103
130,39,61
131,78,95
132,8,123
133,76,63
134,86,91
135,31,159
136,31,169
137,8,101
138,21,148
139,15,54
140,65,185
141,96,111
142,67,93
143,18,67
144,52,64
145,58,64
146,62,142
147,16,113
148,79,196
149,54,186
150,44,179
151,99,19
152,96,197
153,64,64
154,70,63
155,74,63
156,21,55
157,69,57
158,63,55
159,57,54
160,50,55
161,46,57
162,9,51
163,48,63
164,99,119
165,71,122
166,79,106
167,87,120
168,99,56
169,42,169
170,53,177
171,79,190
172,22,158
173,74,60
174,86,77
175,97,191
176,66,192
177,10,118
178,80,138
179,79,140
180,77,144
181,76,148
182,75,158
183,65,138
184,63,137
185,62,136
186,56,132
187,27,116
188,86,70
189,82,57
190,77,58
191,67,138
192,25,136
193,89,57
194,71,166
195,100,79
196,92,73
197,99,72
198,80,89
199,97,182
200,97,171
201,84,171
202,52,151
203,62,109
204,60,160
205,45,108
206,55,117
207,37,121
208,81,181
209,74,93
210,45,159
211,56,168
212,45,141
213,18,126
214,35,143
215,13,134
216,48,126
217,81,83
218,81,104
219,75,106
220,85,99
221,77,51
222,65,47
223,54,46
224,44,47
225,38,51
226,33,63
227,8,85
228,39,72
229,47,74
230,57,74
231,66,72
232,74,70
233,79,68
234,6,86
235,75,108
236,87,84
237,87,104
238,91,109
239,87,106
240,77,110
241,93,109
242,93,111
243,78,63
244,83,64
245,85,65
246,44,59
247,39,56
248,106,81
249,146,63
250,107,110
251,171,39
252,127,68
253,134,69
254,141,69
255,149,67
256,122,67
257,138,51
258,130,52
259,145,53
260,149,55
261,155,71
262,126,175
263,149,62
264,175,71
265,163,68
266,136,100
267,111,129
268,109,136
269,122,132
270,128,135
271,118,137
272,124,138
273,134,147
274,107,106
275,108,98
276,159,52
277,120,81
278,125,103
279,125,99
280,157,99
281,107,89
282,143,44
283,153,47
284,164,26
285,112,49
286,123,54
287,141,139
288,170,143
289,119,108
290,112,110
291,136,140
292,134,140
293,157,42
294,125,106
295,130,44
296,131,38
297,138,7
298,161,33
299,134,21
300,163,49
301,167,44
302,110,133
303,120,135
304,127,136
305,117,109
306,135,140
307,131,141
308,133,140
309,115,106
310,122,139
311,116,138
312,108,138
313,108,161
314,109,150
315,109,145
316,108,141
317,108,138
318,122,139
319,124,140
320,126,143
321,127,145
322,132,126
323,175,106
324,127,139
325,129,140
326,110,113
327,122,111
328,111,112
329,128,85
330,139,90
331,126,102
332,154,15
333,150,26
334,146,38
335,127,152
336,115,40
337,118,20
338,121,3
339,146,68
340,163,77
341,118,65
342,156,59
343,115,76
344,120,101
345,171,83
346,158,81
347,150,83
348,136,81
349,126,78
350,119,75
351,106,66
352,172,98
353,162,59
354,104,110
355,121,88
356,175,71
357,114,71
358,126,103
359,152,63
360,120,96
361,174,124
362,118,63
363,113,91
364,157,158
365,155,169
366,177,103
367,166,149
368,171,56
369,127,184
370,103,111
371,127,94
372,169,70
373,140,64
374,134,64
375,132,143
376,172,114
377,112,196
378,135,185
379,144,178
380,129,64
381,123,64
382,120,64
383,166,58
384,124,58
385,130,56
386,136,56
387,142,57
388,145,59
389,174,53
390,144,64
391,125,122
392,119,107
393,110,120
394,147,168
395,137,176
396,113,190
397,163,158
398,120,61
399,111,78
400,125,191
401,175,120
402,116,138
403,117,141
404,118,144
405,119,148
406,119,158
407,130,139
408,132,138
409,133,137
410,138,132
411,163,117
412,110,71
413,113,58
414,117,59
415,127,139
416,164,136
417,107,58
418,122,166
419,106,74
420,117,89
421,110,171
422,140,151
423,132,109
424,132,160
425,148,109
426,139,117
427,154,122
428,113,181
429,121,94
430,145,158
431,136,167
432,147,141
433,170,127
434,155,144
435,172,135
436,145,127
437,115,83
438,117,104
439,122,106
440,114,99
441,118,53
442,130,49
443,140,48
444,148,50
445,154,54
446,157,66
447,177,87
448,152,74
449,145,75
450,135,75
451,127,73
452,120,71
453,115,69
454,175,88
455,122,108
456,112,84
457,112,105
458,108,109
459,112,106
460,120,110
461,106,109
462,105,111
463,115,63
464,112,65
465,110,66
466,147,61
467,152,59
468,59,59
469,67,59
470,59,53
471,51,59
472,59,66
473,134,60
474,141,60
475,134,54
476,127,60
477,134,66
