0,95,136
1,101,103
2,98,112
3,94,79
4,101,95
5,101,86
6,98,64
7,44,56
8,97,46
9,98,37
10,97,-1
11,95,139
12,94,141
13,94,143
14,94,150
15,95,152
16,95,156
17,95,160
18,96,164
19,100,108
20,93,108
21,11,33
22,64,63
23,57,64
24,50,64
25,40,60
26,69,61
27,54,42
28,62,43
29,46,44
30,41,47
31,33,67
32,68,178
33,41,55
34,7,69
35,24,63
36,61,101
37,87,135
38,87,141
39,78,138
40,72,141
41,80,142
42,75,143
43,61,152
44,95,103
45,94,95
46,31,43
47,75,81
48,76,103
49,75,99
50,38,101
51,94,87
52,50,34
53,39,37
54,22,19
55,81,40
56,68,46
57,56,144
58,10,147
59,82,108
60,87,110
61,65,146
62,67,146
63,34,32
64,75,107
65,64,34
66,62,28
67,57,1
68,30,27
69,62,16
70,26,40
71,19,38
72,87,138
73,79,140
74,74,142
75,83,109
76,66,146
77,69,148
78,68,146
79,86,104
80,76,144
81,81,143
82,87,143
83,86,164
84,86,159
85,87,155
86,87,151
87,87,149
88,76,148
89,75,149
90,73,151
91,72,153
92,66,128
93,1,106
94,99,110
95,72,147
96,71,148
97,89,112
98,77,112
99,88,111
100,67,86
101,56,91
102,73,103
103,37,8
104,44,19
105,47,28
106,68,157
107,79,30
108,79,15
109,76,-1
110,44,63
111,25,74
112,73,59
113,33,52
114,80,76
115,81,100
116,17,83
117,31,79
118,42,82
119,56,79
120,66,75
121,73,71
122,91,65
123,18,100
124,27,52
125,97,108
126,76,88
127,1,68
128,79,67
129,72,104
130,37,55
131,80,95
132,4,126
133,73,56
134,87,90
135,32,164
136,30,175
137,6,103
138,21,154
139,13,52
140,66,187
141,97,110
142,69,94
143,16,65
144,52,58
145,57,58
146,68,149
147,18,117
148,80,197
149,54,190
150,43,184
151,97,16
152,95,198
153,63,58
154,67,57
155,71,56
156,20,51
157,67,51
158,61,50
159,56,50
160,50,51
161,46,52
162,4,49
163,48,57
164,98,118
165,73,123
166,82,106
167,88,119
168,97,55
169,43,174
170,54,181
171,80,191
172,19,163
173,71,54
174,87,77
175,95,192
176,66,194
177,8,122
178,81,148
179,80,150
180,79,153
181,79,156
182,76,161
183,70,145
184,69,144
185,68,143
186,59,136
187,30,120
188,86,70
189,79,51
190,74,52
191,71,145
192,28,140
193,86,52
194,71,170
195,100,78
196,92,73
197,99,71
198,81,89
199,96,183
200,96,173
201,83,173
202,54,156
203,65,111
204,62,164
205,49,111
206,58,119
207,41,125
208,81,183
209,76,94
210,47,163
211,57,172
212,48,146
213,20,131
214,38,149
215,13,139
216,52,130
217,81,83
218,84,103
219,79,106
220,88,97
221,74,44
222,62,40
223,52,39
224,43,41
225,37,45
226,31,59
227,6,86
228,38,70
229,46,72
230,56,71
231,65,69
232,71,66
233,76,63
234,0,87
235,78,108
236,87,83
237,90,103
238,93,107
239,89,105
240,80,110
241,94,107
242,94,109
243,75,56
244,80,59
245,83,61
246,43,54
247,38,51
248,105,79
249,140,60
250,105,108
251,158,36
252,122,64
253,128,65
254,134,66
255,142,64
256,117,62
257,133,48
258,126,48
259,139,49
260,143,52
261,147,69
262,120,176
263,142,60
264,162,69
265,153,65
266,129,100
267,102,135
268,101,141
269,109,138
270,114,141
271,107,142
272,111,144
273,124,150
274,106,103
275,107,95
276,151,47
277,116,81
278,118,103
279,119,99
280,148,100
281,106,87
282,138,38
283,147,41
284,153,22
285,111,42
286,119,50
287,129,143
288,155,144
289,113,107
290,108,109
291,118,148
292,116,148
293,149,37
294,118,107
295,127,38
296,128,32
297,132,3
298,151,29
299,129,18
300,154,45
301,156,40
302,102,138
303,108,140
304,112,143
305,111,109
306,117,148
307,115,150
308,116,148
309,112,104
310,109,145
311,105,144
312,100,143
313,104,163
314,103,159
315,102,155
316,102,152
317,101,149
318,110,149
319,111,150
320,113,152
321,114,154
322,123,127
323,159,104
324,112,148
325,114,149
326,106,112
327,115,111
328,107,111
329,122,85
330,133,91
331,119,103
332,145,11
333,142,22
334,141,33
335,119,156
336,113,33
337,115,17
338,117,0
339,139,65
340,154,75
341,114,61
342,149,56
343,111,76
344,116,99
345,160,82
346,150,79
347,143,81
348,131,79
349,122,76
350,115,72
351,104,65
352,161,99
353,153,56
354,103,107
355,116,88
356,160,69
357,111,68
358,119,104
359,145,60
360,116,95
361,158,123
362,114,58
363,111,90
364,146,161
365,145,171
366,164,102
367,153,151
368,159,53
369,121,184
370,102,110
371,121,94
372,157,68
373,134,60
374,129,60
375,116,151
376,159,115
377,109,196
378,128,186
379,136,180
380,124,59
381,119,59
382,116,58
383,156,55
384,120,57
385,125,57
386,130,58
387,135,58
388,139,59
389,160,50
390,137,60
391,118,122
392,113,106
393,106,119
394,138,170
395,130,177
396,110,190
397,151,160
398,116,58
399,109,77
400,120,192
401,162,119
402,106,149
403,107,151
404,108,154
405,109,157
406,113,160
407,114,146
408,115,145
409,117,144
410,127,134
411,152,118
412,107,70
413,110,53
414,114,54
415,113,146
416,152,138
417,105,53
418,117,168
419,105,73
420,113,89
421,107,172
422,130,154
423,124,110
424,124,162
425,139,110
426,130,118
427,144,123
428,109,182
429,116,94
430,136,161
431,128,169
432,136,144
433,157,129
434,144,146
435,159,136
436,134,129
437,112,82
438,114,103
439,116,105
440,112,97
441,115,48
442,126,44
443,135,44
444,143,46
445,147,50
446,148,63
447,163,85
448,144,72
449,138,73
450,130,72
451,122,70
452,116,67
453,112,65
454,159,86
455,116,108
456,110,83
457,110,102
458,106,107
459,110,104
460,113,110
461,105,107
462,104,109
463,112,58
464,109,61
465,107,62
466,141,60
467,146,56
468,55,53
469,61,53
470,54,47
471,49,54
472,56,60
473,127,59
474,133,59
475,128,54
476,122,59
477,127,64
