0,98,135
1,96,115
2,97,121
3,90,86
4,96,107
5,96,95
6,97,66
7,48,60
8,97,44
9,97,33
10,98,-7
11,98,136
12,98,137
13,98,138
14,98,157
15,97,160
16,97,163
17,97,166
18,98,174
19,96,119
20,88,118
21,21,29
22,68,65
23,61,66
24,54,66
25,44,63
26,73,64
27,58,48
28,65,49
29,51,49
30,46,52
31,37,68
32,70,181
33,45,59
34,17,64
35,30,65
36,58,102
37,86,132
38,87,136
39,75,131
40,68,132
41,77,134
42,70,134
43,60,150
44,89,115
45,88,107
46,36,48
47,75,82
48,71,109
49,70,104
50,37,99
51,89,96
52,54,40
53,44,43
54,28,15
55,84,47
56,72,51
57,54,140
58,26,138
59,76,114
60,83,117
61,59,134
62,61,135
63,40,38
64,70,112
65,67,41
66,66,35
67,55,-2
68,32,25
69,59,13
70,32,44
71,25,36
72,86,134
73,76,133
74,69,133
75,78,115
76,60,135
77,63,143
78,61,135
79,81,114
80,71,134
81,79,135
82,87,137
83,86,173
84,85,165
85,85,161
86,86,158
87,87,155
88,72,147
89,70,148
90,68,150
91,67,152
92,62,130
93,18,97
94,97,120
95,67,142
96,65,142
97,85,120
98,72,116
99,84,118
100,67,86
101,55,91
102,69,107
103,38,4
104,43,17
105,52,34
106,67,159
107,82,37
108,77,13
109,74,-6
110,48,65
111,29,74
112,77,63
113,38,56
114,80,78
115,76,108
116,22,79
117,34,79
118,43,81
119,57,80
120,67,78
121,75,74
122,90,68
123,22,95
124,33,55
125,92,119
126,74,91
127,17,61
128,81,71
129,68,107
130,42,60
131,76,102
132,21,116
133,77,61
134,82,98
135,40,159
136,42,168
137,17,97
138,30,148
139,21,48
140,69,189
141,93,120
142,67,96
143,24,67
144,55,60
145,61,60
146,62,143
147,22,111
148,82,201
149,61,188
150,53,179
151,97,13
152,97,203
153,67,60
154,72,60
155,75,61
156,28,54
157,71,57
158,65,56
159,60,56
160,54,56
161,50,58
162,18,43
163,51,60
164,97,126
165,70,127
166,77,113
167,85,126
168,97,55
169,50,170
170,59,179
171,82,196
172,33,155
173,75,59
174,85,82
175,97,198
176,71,195
177,19,115
178,79,152
179,77,154
180,76,157
181,75,160
182,75,167
183,65,134
184,63,133
185,62,132
186,56,134
187,31,116
188,85,72
189,83,56
190,78,57
191,66,134
192,31,136
193,89,57
194,72,173
195,96,85
196,90,78
197,97,76
198,79,94
199,97,190
200,98,181
201,84,180
202,56,153
203,63,112
204,63,164
205,46,110
206,56,120
207,40,122
208,82,188
209,74,97
210,51,160
211,60,171
212,49,142
213,25,125
214,41,144
215,23,132
216,50,128
217,80,86
218,78,112
219,73,112
220,82,107
221,77,50
222,66,46
223,56,45
224,48,46
225,42,50
226,36,62
227,16,80
228,41,71
229,49,73
230,59,73
231,68,71
232,75,69
233,79,67
234,17,78
235,73,114
236,84,90
237,84,114
238,88,117
239,84,115
240,75,115
241,89,118
242,90,119
243,79,61
244,83,63
245,85,65
246,47,59
247,42,55
248,103,86
249,150,57
250,105,118
251,182,26
252,130,64
253,137,64
254,144,64
255,154,60
256,124,62
257,141,46
258,133,47
259,148,47
260,153,50
261,162,66
262,128,181
263,153,56
264,186,61
265,171,60
266,139,101
267,111,133
268,110,136
269,121,133
270,128,134
271,119,136
272,126,136
273,139,149
274,103,115
275,104,107
276,163,45
277,122,82
278,124,109
279,125,104
280,162,97
281,103,96
282,144,40
283,155,41
284,174,12
285,112,48
286,126,49
287,146,140
288,180,136
289,119,114
290,112,117
291,137,137
292,135,138
293,159,35
294,125,111
295,130,41
296,131,35
297,142,-4
298,168,22
299,137,12
300,168,40
301,176,33
302,110,135
303,120,135
304,127,135
305,117,115
306,136,137
307,132,144
308,134,138
309,113,113
310,124,136
311,118,136
312,109,137
313,110,173
314,110,165
315,110,161
316,109,158
317,108,156
318,124,149
319,125,149
320,127,151
321,128,153
322,136,129
323,188,95
324,128,144
325,130,144
326,109,120
327,123,115
328,111,118
329,130,85
330,143,89
331,127,107
332,161,2
333,155,15
334,146,33
335,132,158
336,114,37
337,119,12
338,122,-7
339,151,63
340,170,71
341,121,61
342,161,52
343,116,77
344,118,107
345,180,77
346,165,77
347,155,81
348,140,80
349,130,76
350,122,73
351,105,68
352,180,93
353,168,51
354,101,119
355,122,90
356,188,58
357,116,70
358,128,106
359,157,56
360,119,101
361,186,115
362,121,58
363,111,98
364,163,158
365,162,167
366,187,95
367,173,147
368,181,45
369,128,189
370,100,120
371,129,95
372,178,61
373,143,59
374,137,59
375,133,145
376,180,110
377,114,201
378,138,187
379,149,179
380,131,59
381,126,58
382,122,58
383,173,48
384,127,55
385,133,54
386,139,55
387,145,55
388,149,56
389,186,40
390,147,58
391,127,126
392,118,113
393,110,126
394,151,170
395,140,179
396,114,196
397,172,154
398,123,56
399,110,81
400,127,195
401,185,113
402,117,153
403,118,154
404,120,157
405,120,160
406,122,167
407,131,136
408,132,136
409,134,135
410,143,133
411,170,115
412,110,72
413,115,54
414,120,54
415,130,137
416,171,134
417,108,56
418,125,173
419,104,78
420,116,94
421,112,180
422,144,153
423,135,112
424,136,164
425,152,109
426,142,119
427,159,121
428,113,189
429,122,97
430,149,160
431,139,171
432,151,141
433,178,124
434,160,144
435,181,131
436,149,127
437,116,86
438,116,112
439,122,112
440,111,107
441,120,49
442,131,45
443,142,44
444,150,45
445,157,48
446,163,59
447,187,78
448,157,69
449,149,72
450,139,71
451,130,70
452,123,67
453,118,65
454,188,76
455,122,113
456,110,89
457,109,113
458,105,117
459,110,114
460,121,115
461,103,118
462,103,119
463,118,59
464,114,62
465,112,64
466,151,56
467,156,53
468,62,57
469,70,57
470,62,50
471,54,57
472,62,64
473,137,57
474,145,57
475,137,50
476,130,57
477,137,63
