0,94,126
1,92,111
2,95,118
3,87,84
4,92,102
5,93,92
6,95,66
7,50,60
8,96,42
9,96,31
10,96,-3
11,94,128
12,94,131
13,95,132
14,96,160
15,96,162
16,96,165
17,96,169
18,97,173
19,93,115
20,86,114
21,25,32
22,68,66
23,61,66
24,55,66
25,47,63
26,73,64
27,58,45
28,66,45
29,51,46
30,47,49
31,40,68
32,71,179
33,48,58
34,23,66
35,34,63
36,60,101
37,83,125
38,84,131
39,73,128
40,67,132
41,77,132
42,71,134
43,64,152
44,86,110
45,85,102
46,38,42
47,75,82
48,71,107
49,70,102
50,40,99
51,86,92
52,52,32
53,44,36
54,30,18
55,82,39
56,72,48
57,59,143
58,35,139
59,76,112
60,82,114
61,64,142
62,66,142
63,40,30
64,71,110
65,65,33
66,64,26
67,55,0
68,33,25
69,58,13
70,34,38
71,28,36
72,83,128
73,74,130
74,69,133
75,78,113
76,65,142
77,67,149
78,67,142
79,79,110
80,74,135
81,79,133
82,86,132
83,86,171
84,84,168
85,85,164
86,86,161
87,87,159
88,74,153
89,73,153
90,71,154
91,69,156
92,64,129
93,27,100
94,94,117
95,71,148
96,69,148
97,84,117
98,73,114
99,83,116
100,67,86
101,56,91
102,70,105
103,39,7
104,42,17
105,50,26
106,70,159
107,80,28
108,75,13
109,73,-3
110,50,65
111,33,74
112,77,63
113,40,53
114,80,77
115,74,104
116,26,80
117,37,79
118,44,82
119,57,81
120,67,78
121,75,74
122,88,67
123,26,96
124,35,51
125,89,115
126,74,90
127,24,65
128,80,70
129,69,106
130,44,59
131,75,99
132,30,119
133,77,60
134,80,95
135,45,158
136,47,167
137,23,98
138,37,148
139,25,50
140,70,187
141,91,116
142,68,95
143,29,64
144,56,61
145,61,61
146,66,149
147,28,112
148,83,199
149,63,186
150,56,178
151,96,14
152,98,202
153,67,61
154,72,60
155,76,60
156,31,50
157,71,55
158,65,54
159,60,53
160,54,55
161,51,56
162,23,47
163,53,60
164,96,123
165,71,125
166,76,110
167,84,123
168,96,55
169,53,169
170,61,178
171,82,194
172,40,156
173,75,58
174,83,80
175,98,196
176,72,193
177,26,116
178,80,156
179,78,158
180,76,160
181,75,163
182,76,166
183,68,137
184,66,137
185,64,136
186,60,135
187,36,116
188,84,72
189,82,54
190,78,55
191,70,137
192,37,136
193,87,53
194,74,172
195,93,83
196,88,76
197,94,75
198,77,92
199,97,188
200,97,180
201,85,178
202,59,154
203,64,112
204,66,164
205,49,110
206,58,119
207,45,122
208,83,186
209,74,96
210,54,160
211,63,169
212,53,143
213,31,126
214,45,145
215,30,132
216,54,129
217,79,85
218,77,108
219,73,109
220,79,103
221,77,46
222,65,40
223,56,40
224,48,42
225,43,46
226,40,60
227,22,82
228,44,71
229,50,73
230,59,73
231,68,71
232,75,69
233,79,67
234,26,82
235,73,111
236,82,87
237,81,109
238,86,113
239,82,111
240,75,113
241,87,114
242,88,116
243,79,60
244,83,62
245,84,64
246,49,58
247,44,53
248,100,84
249,149,59
250,102,115
251,184,32
252,129,66
253,136,66
254,143,66
255,153,63
256,123,65
257,139,44
258,131,45
259,147,45
260,152,49
261,160,69
262,128,181
263,152,58
264,188,67
265,169,64
266,137,102
267,106,125
268,106,131
269,119,128
270,128,132
271,116,132
272,125,134
273,137,154
274,99,111
275,100,103
276,162,42
277,120,83
278,121,107
279,122,103
280,160,101
281,100,92
282,143,33
283,154,36
284,175,18
285,111,40
286,124,48
287,143,145
288,186,144
289,115,112
290,109,115
291,138,141
292,136,141
293,158,31
294,122,111
295,129,34
296,130,27
297,141,0
298,168,25
299,136,14
300,167,39
301,177,37
302,106,128
303,118,130
304,126,133
305,114,114
306,137,141
307,133,149
308,135,141
309,110,111
310,123,135
311,115,133
312,106,132
313,109,172
314,109,168
315,108,165
316,108,161
317,107,159
318,124,153
319,125,154
320,127,155
321,129,157
322,133,131
323,193,103
324,129,149
325,131,149
326,106,118
327,120,115
328,108,116
329,129,87
330,141,92
331,124,106
332,161,6
333,155,17
334,145,26
335,130,161
336,113,30
337,117,14
338,120,-3
339,149,65
340,169,75
341,119,63
342,160,53
343,114,78
344,115,105
345,180,82
346,164,80
347,153,83
348,138,81
349,128,78
350,120,74
351,103,68
352,180,99
353,166,52
354,97,115
355,120,90
356,192,66
357,114,70
358,125,106
359,156,58
360,116,99
361,191,123
362,119,60
363,108,95
364,165,164
365,167,174
366,190,102
367,176,153
368,183,51
369,130,190
370,97,116
371,127,96
372,177,66
373,141,61
374,135,61
375,135,150
376,180,115
377,115,201
378,142,191
379,153,184
380,130,61
381,124,61
382,121,61
383,173,51
384,126,55
385,132,53
386,138,52
387,144,53
388,148,55
389,190,47
390,145,60
391,125,126
392,115,111
393,108,124
394,154,174
395,142,182
396,115,195
397,177,162
398,121,58
399,108,80
400,129,197
401,189,120
402,116,157
403,118,158
404,119,161
405,120,164
406,121,168
407,131,137
408,133,137
409,134,136
410,140,137
411,168,119
412,108,72
413,113,54
414,118,55
415,130,137
416,171,140
417,105,54
418,125,174
419,101,76
420,114,92
421,111,179
422,144,157
423,132,113
424,136,166
425,149,112
426,140,121
427,157,125
428,113,187
429,120,97
430,150,164
431,140,173
432,150,146
433,179,130
434,160,148
435,185,137
436,146,131
437,114,85
438,112,109
439,118,110
440,107,104
441,118,46
442,130,41
443,140,40
444,149,41
445,156,46
446,162,61
447,189,84
448,156,72
449,148,74
450,137,73
451,128,71
452,121,69
453,116,67
454,193,84
455,119,112
456,107,87
457,105,110
458,102,114
459,106,112
460,117,114
461,100,115
462,100,116
463,116,61
464,112,63
465,109,64
466,150,56
467,155,53
468,64,58
469,71,58
470,64,51
471,57,57
472,64,64
473,140,57
474,147,57
475,140,50
476,133,57
477,140,64
