0,101,136
1,102,104
2,101,112
3,95,78
4,102,96
5,102,85
6,100,62
7,51,58
8,100,46
9,100,37
10,99,2
11,101,138
12,101,139
13,101,140
14,100,141
15,100,143
16,100,145
17,100,148
18,102,155
19,102,108
20,94,108
21,17,35
22,68,63
23,62,64
24,55,64
25,46,61
26,74,61
27,58,48
28,66,48
29,52,49
30,47,52
31,39,67
32,71,171
33,48,57
34,12,68
35,29,62
36,62,98
37,91,135
38,92,139
39,83,136
40,77,138
41,85,139
42,79,140
43,65,145
44,96,103
45,95,96
46,36,48
47,78,79
48,77,102
49,76,98
50,39,97
51,95,86
52,55,41
53,44,44
54,26,22
55,86,46
56,72,50
57,59,138
58,14,142
59,82,106
60,89,109
61,69,141
62,71,141
63,40,39
64,76,105
65,69,42
66,68,36
67,58,5
68,33,30
69,63,19
70,31,45
71,23,40
72,92,137
73,84,138
74,78,139
75,84,108
76,70,141
77,73,142
78,72,141
79,87,104
80,80,141
81,86,140
82,93,140
83,92,155
84,92,148
85,92,145
86,92,143
87,93,141
88,80,141
89,79,142
90,78,143
91,77,145
92,68,125
93,7,103
94,102,110
95,76,141
96,75,142
97,91,112
98,79,110
99,90,110
100,70,83
101,57,88
102,75,101
103,39,11
104,45,22
105,53,36
106,72,149
107,84,37
108,80,18
109,77,2
110,50,63
111,30,72
112,77,60
113,39,55
114,83,74
115,82,99
116,19,80
117,36,77
118,46,80
119,60,78
120,70,75
121,77,71
122,93,63
123,20,96
124,32,54
125,98,108
126,78,86
127,7,68
128,82,68
129,74,102
130,44,58
131,82,94
132,9,122
133,77,57
134,88,89
135,34,157
136,33,168
137,10,100
138,23,148
139,17,53
140,69,181
141,98,109
142,71,92
143,20,64
144,57,59
145,63,59
146,72,143
147,20,112
148,85,192
149,58,184
150,46,177
151,100,18
152,102,193
153,68,58
154,72,58
155,75,58
156,25,52
157,71,53
158,65,52
159,60,53
160,55,54
161,51,56
162,11,50
163,54,59
164,102,118
165,76,121
166,83,105
167,91,118
168,100,54
169,45,167
170,56,174
171,84,185
172,22,157
173,75,56
174,89,75
175,102,186
176,71,188
177,12,117
178,86,141
179,85,142
180,84,144
181,83,146
182,81,153
183,75,140
184,73,140
185,72,140
186,62,131
187,31,115
188,88,68
189,83,54
190,78,54
191,76,141
192,29,135
193,91,55
194,76,162
195,101,77
196,94,71
197,101,70
198,83,87
199,102,176
200,102,165
201,89,165
202,57,149
203,67,108
204,66,157
205,50,107
206,60,116
207,42,120
208,86,176
209,79,92
210,49,156
211,60,165
212,50,140
213,21,126
214,39,142
215,15,133
216,53,126
217,84,81
218,85,102
219,79,104
220,88,97
221,78,49
222,67,46
223,58,46
224,49,47
225,43,50
226,37,60
227,10,83
228,43,69
229,51,71
230,60,71
231,69,68
232,76,66
233,80,64
234,7,86
235,79,106
236,89,82
237,90,103
238,94,107
239,90,104
240,81,109
241,95,107
242,96,109
243,79,58
244,84,61
245,87,63
246,49,57
247,44,55
248,107,78
249,146,61
250,108,108
251,174,38
252,127,65
253,133,66
254,140,67
255,149,64
256,121,63
257,138,50
258,130,49
259,145,51
260,149,54
261,156,69
262,130,171
263,149,60
264,179,70
265,165,66
266,137,99
267,110,134
268,109,139
269,118,135
270,124,136
271,116,138
272,122,138
273,136,145
274,108,104
275,109,96
276,160,51
277,121,79
278,124,102
279,124,98
280,158,99
281,108,86
282,142,44
283,152,47
284,167,25
285,112,49
286,124,51
287,142,138
288,175,143
289,119,106
290,113,109
291,132,138
292,130,138
293,157,42
294,124,105
295,129,44
296,130,39
297,139,7
298,162,32
299,135,20
300,165,48
301,170,43
302,109,137
303,117,137
304,123,137
305,117,108
306,131,138
307,127,140
308,129,138
309,115,104
310,121,139
311,115,139
312,108,140
313,111,155
314,109,147
315,109,144
316,109,142
317,108,140
318,120,139
319,122,140
320,123,141
321,124,143
322,133,126
323,180,105
324,125,139
325,126,139
326,111,112
327,122,110
328,112,110
329,129,84
330,141,89
331,126,102
332,156,14
333,151,24
334,145,39
335,129,149
336,114,40
337,118,19
338,121,3
339,145,66
340,164,75
341,118,61
342,156,58
343,116,74
344,120,99
345,174,82
346,158,80
347,148,82
348,134,80
349,125,76
350,118,73
351,107,64
352,174,98
353,163,57
354,106,108
355,121,87
356,180,71
357,113,69
358,126,102
359,152,60
360,120,94
361,178,124
362,118,59
363,114,89
364,162,158
365,161,168
366,180,102
367,170,148
368,175,55
369,132,180
370,105,109
371,128,93
372,172,67
373,139,62
374,133,61
375,129,141
376,174,113
377,118,191
378,141,183
379,150,177
380,128,61
381,123,59
382,120,59
383,169,56
384,125,55
385,131,54
386,136,54
387,142,56
388,145,57
389,178,53
390,143,61
391,126,121
392,119,105
393,112,119
394,152,167
395,142,174
396,118,185
397,169,158
398,120,57
399,112,76
400,130,188
401,179,119
402,115,139
403,116,141
404,117,143
405,117,145
406,121,153
407,126,138
408,128,138
409,129,137
410,139,131
411,165,116
412,111,68
413,113,55
414,117,55
415,125,139
416,167,135
417,107,56
418,126,162
419,107,71
420,117,88
421,114,165
422,143,149
423,132,108
424,135,157
425,149,108
426,140,116
427,156,121
428,117,176
429,122,92
430,149,157
431,140,165
432,149,140
433,173,127
434,158,143
435,177,135
436,146,126
437,116,81
438,118,103
439,122,105
440,115,97
441,118,51
442,129,48
443,139,48
444,147,50
445,153,53
446,158,63
447,181,86
448,151,72
449,144,73
450,134,72
451,126,70
452,119,67
453,115,65
454,180,88
455,122,107
456,113,82
457,113,103
458,109,107
459,113,104
460,120,109
461,108,107
462,107,109
463,116,60
464,112,62
465,110,64
466,147,59
467,152,57
468,61,55
469,68,55
470,60,49
471,54,56
472,62,61
473,136,58
474,143,58
475,137,51
476,129,57
477,135,64
