0,104,133
1,88,105
2,96,113
3,85,81
4,86,97
5,88,87
6,94,63
7,60,60
8,96,42
9,95,32
10,94,-2
11,105,136
12,106,138
13,107,140
14,107,140
15,106,142
16,106,144
17,107,147
18,105,161
19,90,110
20,86,110
21,51,39
22,76,66
23,70,67
24,64,67
25,60,63
26,81,64
27,63,47
28,71,47
29,58,48
30,55,51
31,57,70
32,85,173
33,59,58
34,54,70
35,56,65
36,68,101
37,95,133
38,98,139
39,88,135
40,84,138
41,92,140
42,88,140
43,76,147
44,82,106
45,81,98
46,49,46
47,80,81
48,73,104
49,74,100
50,54,101
51,82,89
52,54,39
53,49,41
54,51,25
55,79,44
56,78,50
57,71,140
58,69,138
59,79,109
60,84,111
61,81,142
62,82,141
63,49,36
64,74,108
65,63,39
66,61,33
67,63,5
68,50,31
69,65,18
70,49,43
71,49,42
72,96,136
73,90,138
74,86,139
75,80,110
76,82,142
77,84,143
78,83,141
79,79,107
80,90,141
81,94,141
82,100,140
83,96,161
84,98,147
85,98,145
86,98,142
87,99,140
88,90,141
89,88,142
90,87,144
91,86,146
92,73,127
93,65,102
94,93,112
95,87,141
96,85,142
97,86,113
98,78,112
99,85,112
100,75,86
101,65,91
102,74,104
103,54,14
104,55,23
105,53,32
106,81,153
107,75,34
108,77,16
109,76,0
110,61,66
111,55,76
112,84,62
113,54,55
114,84,76
115,75,102
116,49,84
117,53,81
118,56,84
119,66,82
120,75,78
121,80,74
122,89,65
123,48,99
124,53,55
125,87,110
126,79,88
127,60,69
128,84,70
129,75,104
130,58,59
131,75,96
132,66,119
133,85,59
134,79,92
135,67,156
136,74,165
137,53,101
138,62,146
139,51,55
140,86,180
141,90,112
142,74,94
143,57,66
144,64,62
145,69,62
146,83,144
147,50,114
148,97,190
149,83,180
150,79,174
151,94,14
152,110,192
153,75,61
154,80,60
155,83,60
156,54,54
157,79,55
158,73,53
159,67,52
160,61,54
161,59,56
162,54,53
163,61,61
164,97,118
165,77,122
166,78,108
167,87,119
168,96,53
169,74,165
170,80,173
171,95,186
172,71,153
173,83,57
174,84,78
175,108,187
176,89,186
177,55,117
178,94,141
179,92,143
180,91,145
181,91,147
182,87,158
183,85,141
184,83,140
185,82,140
186,70,132
187,52,117
188,86,70
189,86,54
190,84,55
191,87,141
192,57,136
193,87,54
194,86,165
195,90,79
196,87,73
197,92,71
198,79,90
199,107,179
200,106,170
201,95,169
202,73,151
203,71,110
204,80,159
205,60,110
206,68,118
207,58,123
208,94,178
209,77,94
210,71,157
211,78,165
212,67,141
213,53,127
214,63,143
215,58,133
216,65,128
217,82,83
218,77,105
219,75,107
220,77,100
221,80,48
222,68,44
223,59,44
224,53,46
225,52,49
226,57,62
227,53,85
228,58,73
229,61,75
230,68,74
231,76,71
232,82,69
233,85,66
234,63,85
235,76,109
236,82,84
237,79,105
238,85,109
239,81,107
240,79,111
241,85,110
242,88,111
243,86,60
244,88,62
245,86,64
246,59,57
247,56,55
248,97,79
249,151,54
250,101,109
251,195,20
252,133,60
253,139,61
254,146,61
255,158,57
256,128,59
257,139,41
258,132,42
259,147,42
260,153,44
261,166,61
262,139,172
263,155,52
264,202,56
265,178,55
266,141,95
267,114,131
268,116,137
269,127,131
270,136,132
271,125,136
272,134,135
273,149,143
274,94,105
275,94,97
276,164,38
277,123,77
278,122,101
279,124,96
280,167,91
281,96,87
282,139,32
283,152,33
284,181,8
285,110,43
286,127,45
287,155,134
288,210,132
289,117,106
290,110,109
291,149,133
292,147,133
293,157,28
294,125,104
295,125,35
296,125,29
297,139,-5
298,172,16
299,134,9
300,172,33
301,185,26
302,115,134
303,126,134
304,135,133
305,116,108
306,148,133
307,142,135
308,146,133
309,108,104
310,133,136
311,125,137
312,116,138
313,117,160
314,118,145
315,117,143
316,116,140
317,116,138
318,133,136
319,134,137
320,136,138
321,137,139
322,140,122
323,217,90
324,139,135
325,141,135
326,108,112
327,124,108
328,109,111
329,133,80
330,146,84
331,127,99
332,163,-1
333,156,10
334,141,25
335,140,150
336,110,33
337,115,11
338,117,-5
339,153,59
340,177,66
341,124,58
342,164,47
343,117,73
344,113,99
345,191,71
346,168,72
347,156,76
348,141,75
349,131,73
350,124,70
351,103,64
352,191,88
353,172,46
354,94,109
355,123,85
356,212,53
357,117,66
358,130,99
359,160,52
360,115,93
361,216,111
362,125,55
363,105,90
364,182,153
365,187,163
366,207,90
367,194,141
368,194,40
369,142,181
370,96,111
371,131,89
372,189,56
373,143,55
374,138,56
375,144,136
376,193,104
377,127,191
378,157,182
379,170,174
380,133,56
381,129,55
382,127,55
383,182,43
384,130,51
385,135,49
386,140,49
387,145,49
388,150,50
389,205,35
390,147,55
391,129,119
392,115,105
393,110,118
394,168,164
395,156,173
396,125,186
397,200,150
398,127,54
399,108,76
400,142,187
401,207,108
402,125,137
403,126,138
404,127,140
405,128,143
406,130,156
407,141,134
408,142,133
409,144,132
410,149,127
411,179,109
412,109,68
413,117,51
414,123,51
415,140,134
416,185,129
417,108,53
418,135,164
419,100,72
420,115,87
421,120,169
422,156,147
423,137,105
424,147,157
425,156,103
426,146,112
427,166,115
428,123,178
429,122,90
430,163,154
431,152,164
432,162,136
433,194,119
434,174,138
435,203,125
436,156,121
437,115,80
438,110,103
439,119,104
440,104,98
441,120,45
442,129,40
443,138,38
444,148,38
445,157,41
446,168,54
447,205,72
448,160,65
449,151,67
450,141,68
451,132,66
452,126,64
453,121,62
454,215,72
455,121,106
456,106,82
457,102,104
458,100,108
459,104,105
460,120,108
461,97,109
462,99,111
463,122,56
464,117,59
465,113,61
466,152,51
467,158,47
468,67,57
469,71,57
470,68,52
471,63,57
472,67,62
473,143,52
474,149,51
475,143,45
476,138,52
477,143,58
