0,93,135
1,92,116
2,96,120
3,86,87
4,91,108
5,91,96
6,94,66
7,52,55
8,93,46
9,93,36
10,92,-3
11,93,137
12,94,139
13,95,141
14,96,141
15,96,144
16,96,147
17,97,151
18,104,158
19,93,119
20,86,117
21,27,25
22,71,61
23,65,63
24,58,63
25,49,58
26,76,60
27,58,46
28,66,46
29,52,47
30,49,49
31,44,63
32,80,170
33,49,53
34,27,58
35,37,57
36,64,100
37,85,134
38,87,139
39,78,135
40,75,136
41,82,139
42,79,139
43,73,145
44,86,115
45,84,108
46,39,44
47,77,80
48,72,109
49,72,104
50,46,97
51,85,97
52,52,41
53,44,41
54,31,14
55,81,48
56,72,48
57,67,140
58,41,126
59,78,113
60,83,116
61,73,139
62,75,139
63,41,35
64,73,111
65,65,43
66,63,36
67,53,0
68,34,25
69,56,16
70,35,38
71,30,33
72,86,137
73,80,137
74,77,138
75,79,114
76,74,139
77,76,141
78,76,139
79,80,113
80,81,140
81,84,140
82,89,141
83,96,157
84,88,150
85,88,147
86,89,143
87,90,141
88,82,140
89,80,141
90,78,143
91,77,144
92,71,130
93,33,87
94,95,119
95,79,139
96,77,140
97,86,119
98,76,115
99,85,118
100,71,84
101,60,89
102,72,106
103,39,6
104,42,19
105,50,34
106,80,150
107,79,39
108,73,16
109,70,-2
110,53,61
111,37,68
112,79,58
113,43,50
114,80,76
115,75,108
116,30,75
117,41,75
118,49,80
119,62,79
120,71,75
121,77,72
122,87,67
123,32,91
124,37,49
125,89,118
126,76,89
127,29,54
128,81,69
129,73,105
130,47,53
131,76,101
132,36,106
133,78,55
134,80,98
135,51,149
136,54,156
137,29,90
138,43,138
139,28,44
140,79,178
141,91,119
142,71,94
143,32,57
144,59,58
145,65,58
146,75,141
147,34,106
148,93,190
149,73,177
150,64,168
151,92,16
152,108,193
153,70,57
154,75,55
155,77,55
156,33,45
157,72,52
158,66,52
159,61,52
160,55,52
161,52,53
162,26,38
163,55,57
164,97,125
165,76,126
166,77,113
167,87,126
168,94,55
169,60,160
170,69,169
171,91,185
172,47,142
173,76,54
174,83,81
175,107,187
176,82,185
177,32,107
178,85,140
179,84,142
180,82,145
181,82,148
182,87,154
183,77,139
184,75,138
185,73,138
186,68,134
187,42,112
188,84,71
189,82,53
190,78,52
191,79,139
192,44,129
193,87,56
194,84,162
195,92,86
196,87,77
197,93,76
198,79,93
199,106,178
200,105,167
201,94,166
202,66,148
203,68,111
204,75,156
205,54,109
206,63,118
207,50,120
208,92,176
209,76,96
210,61,153
211,71,162
212,59,140
213,37,119
214,52,139
215,36,122
216,60,128
217,80,85
218,77,112
219,74,112
220,79,108
221,77,49
222,66,45
223,56,44
224,49,45
225,45,47
226,42,55
227,27,74
228,48,67
229,54,70
230,63,70
231,71,67
232,77,65
233,81,63
234,31,70
235,75,113
236,82,89
237,81,113
238,86,117
239,82,114
240,77,115
241,87,118
242,88,118
243,80,56
244,83,60
245,85,64
246,50,53
247,47,51
248,99,86
249,150,55
250,103,117
251,186,20
252,128,61
253,136,62
254,143,62
255,155,58
256,123,61
257,138,45
258,130,45
259,146,45
260,151,48
261,163,64
262,135,172
263,153,54
264,192,54
265,173,59
266,137,99
267,103,134
268,103,139
269,114,134
270,122,135
271,112,138
272,119,138
273,139,146
274,99,115
275,99,107
276,162,43
277,120,79
278,121,108
279,121,103
280,160,95
281,99,96
282,140,36
283,152,38
284,175,9
285,108,45
286,124,48
287,145,140
288,196,126
289,116,113
290,110,116
291,133,137
292,131,137
293,157,33
294,122,110
295,125,38
296,126,32
297,138,-3
298,167,20
299,132,13
300,168,39
301,178,29
302,103,136
303,113,136
304,121,136
305,114,114
306,131,137
307,127,139
308,129,137
309,110,113
310,119,138
311,112,139
312,104,140
313,114,157
314,106,150
315,105,146
316,105,143
317,104,140
318,119,139
319,120,140
320,122,142
321,124,143
322,133,129
323,200,85
324,124,138
325,126,139
326,107,119
327,121,114
328,108,117
329,128,83
330,141,88
331,124,105
332,160,0
333,152,15
334,143,30
335,132,150
336,109,35
337,113,14
338,116,-4
339,150,61
340,172,69
341,119,60
342,161,51
343,114,75
344,114,107
345,182,72
346,166,75
347,155,78
348,139,77
349,128,74
350,120,72
351,101,67
352,182,89
353,169,50
354,98,118
355,119,88
356,198,49
357,114,68
358,125,105
359,157,54
360,115,101
361,200,105
362,120,57
363,107,98
364,174,152
365,178,159
366,194,88
367,184,139
368,185,40
369,139,181
370,98,119
371,127,93
372,182,60
373,141,56
374,135,56
375,129,140
376,183,105
377,125,192
378,152,180
379,164,172
380,129,56
381,124,56
382,121,57
383,176,48
384,126,54
385,132,54
386,137,53
387,144,54
388,148,54
389,193,32
390,146,56
391,124,126
392,115,112
393,108,125
394,163,164
395,152,173
396,124,186
397,188,145
398,122,56
399,107,80
400,140,188
401,194,106
402,112,139
403,113,142
404,115,144
405,116,147
406,124,155
407,125,137
408,127,137
409,128,136
410,140,134
411,170,111
412,107,71
413,112,53
414,118,53
415,124,138
416,176,129
417,105,55
418,130,163
419,100,77
420,113,93
421,117,167
422,148,149
423,133,110
424,140,157
425,150,107
426,140,117
427,159,119
428,121,177
429,119,96
430,157,155
431,147,164
432,154,140
433,183,118
434,166,140
435,192,123
436,148,127
437,113,84
438,112,111
439,118,111
440,107,107
441,117,48
442,128,43
443,138,41
444,148,42
445,156,45
446,164,57
447,194,71
448,157,67
449,149,69
450,138,69
451,128,68
452,121,66
453,116,64
454,199,66
455,119,112
456,106,89
457,105,113
458,103,117
459,106,114
460,118,114
461,101,118
462,101,118
463,117,58
464,112,61
465,109,63
466,151,54
467,156,51
468,63,54
469,69,54
470,63,48
471,56,55
472,63,61
473,134,55
474,141,55
475,134,49
476,128,55
477,135,60
