0,99,138
1,99,106
2,99,114
3,93,81
4,99,98
5,99,88
6,99,63
7,49,60
8,99,48
9,99,39
10,99,4
11,99,141
12,99,143
13,100,144
14,100,144
15,100,146
16,100,149
17,100,152
18,100,160
19,99,110
20,92,110
21,23,38
22,69,65
23,63,66
24,56,66
25,47,63
26,75,63
27,58,48
28,66,49
29,51,50
30,46,52
31,41,69
32,71,174
33,47,59
34,20,69
35,32,65
36,64,100
37,91,137
38,92,142
39,83,138
40,78,139
41,85,142
42,80,142
43,66,147
44,93,106
45,92,98
46,36,49
47,79,80
48,76,104
49,76,100
50,43,99
51,92,89
52,52,41
53,42,44
54,30,25
55,85,46
56,73,51
57,60,140
58,25,140
59,81,108
60,87,110
61,71,142
62,72,142
63,39,40
64,76,107
65,66,41
66,65,35
67,59,8
68,35,33
69,63,22
70,32,46
71,28,43
72,91,140
73,84,140
74,79,141
75,83,109
76,72,142
77,75,143
78,73,142
79,85,106
80,81,142
81,86,143
82,92,144
83,90,160
84,92,151
85,92,148
86,92,146
87,93,143
88,81,143
89,80,143
90,79,145
91,78,146
92,68,127
93,19,103
94,99,112
95,77,142
96,76,143
97,90,113
98,78,111
99,88,112
100,71,85
101,60,90
102,74,103
103,42,15
104,46,25
105,50,36
106,72,152
107,82,37
108,80,21
109,77,5
110,50,65
111,33,75
112,78,62
113,39,56
114,83,75
115,81,101
116,25,82
117,38,79
118,47,81
119,61,79
120,71,76
121,78,73
122,93,65
123,26,97
124,33,56
125,95,110
126,79,88
127,18,69
128,83,69
129,74,103
130,44,60
131,80,96
132,21,121
133,77,59
134,86,92
135,39,157
136,39,167
137,19,101
138,31,147
139,24,55
140,69,183
141,96,112
142,72,94
143,26,67
144,56,61
145,62,61
146,74,144
147,27,113
148,83,195
149,60,184
150,50,177
151,99,21
152,100,196
153,68,61
154,73,60
155,76,60
156,29,55
157,72,55
158,66,54
159,60,54
160,54,55
161,50,57
162,19,52
163,52,60
164,100,120
165,75,123
166,81,107
167,89,121
168,99,56
169,48,167
170,58,175
171,83,188
172,32,156
173,76,58
174,88,77
175,100,190
176,71,190
177,21,117
178,86,143
179,85,144
180,85,147
181,84,149
182,80,156
183,76,142
184,75,141
185,74,141
186,63,133
187,36,116
188,88,70
189,84,55
190,79,55
191,77,142
192,34,135
193,90,55
194,76,165
195,99,79
196,93,73
197,99,71
198,83,89
199,100,180
200,100,170
201,87,169
202,58,151
203,68,110
204,66,159
205,52,109
206,61,117
207,46,121
208,84,179
209,78,94
210,51,157
211,61,166
212,52,141
213,28,126
214,43,143
215,24,133
216,55,127
217,83,83
218,83,104
219,78,106
220,86,99
221,78,49
222,66,46
223,56,46
224,47,47
225,42,51
226,39,62
227,19,85
228,45,71
229,52,73
230,62,72
231,70,70
232,77,68
233,81,66
234,18,86
235,78,108
236,88,84
237,88,105
238,92,109
239,88,106
240,80,110
241,93,110
242,94,111
243,80,60
244,85,62
245,87,63
246,48,58
247,43,56
248,106,81
249,147,62
250,107,110
251,179,38
252,128,66
253,134,67
254,141,68
255,150,64
256,123,64
257,138,49
258,131,50
259,145,51
260,150,54
261,156,70
262,128,174
263,150,60
264,183,70
265,166,65
266,136,100
267,108,137
268,108,142
269,117,138
270,123,139
271,115,142
272,120,142
273,134,146
274,106,106
275,106,98
276,160,50
277,121,80
278,123,104
279,124,100
280,157,99
281,106,89
282,142,43
283,152,45
284,171,25
285,112,48
286,125,52
287,140,139
288,176,141
289,118,108
290,112,110
291,131,141
292,129,142
293,157,41
294,124,107
295,129,43
296,130,38
297,141,8
298,166,33
299,136,21
300,166,46
301,174,43
302,108,140
303,116,140
304,122,141
305,116,109
306,130,142
307,126,143
308,128,142
309,114,106
310,119,142
311,114,143
312,107,144
313,110,160
314,108,151
315,108,148
316,108,146
317,107,143
318,119,143
319,120,143
320,122,145
321,123,146
322,131,127
323,183,103
324,124,142
325,125,143
326,109,113
327,121,111
328,111,112
329,129,85
330,140,90
331,125,103
332,159,15
333,154,25
334,145,37
335,128,152
336,115,39
337,119,20
338,122,4
339,146,67
340,164,75
341,119,63
342,157,57
343,116,75
344,118,101
345,176,82
346,158,80
347,147,82
348,134,80
349,126,77
350,119,73
351,106,65
352,174,98
353,164,57
354,103,110
355,121,88
356,185,70
357,114,69
358,125,103
359,153,61
360,119,96
361,181,122
362,120,61
363,112,92
364,160,157
365,160,167
366,182,101
367,169,147
368,179,55
369,130,183
370,102,112
371,127,94
372,174,67
373,140,63
374,134,63
375,127,144
376,173,113
377,117,195
378,140,184
379,149,177
380,129,62
381,125,61
382,121,61
383,171,55
384,126,56
385,132,54
386,137,55
387,143,56
388,146,58
389,183,52
390,144,63
391,124,123
392,118,107
393,110,121
394,151,167
395,141,176
396,117,189
397,169,156
398,122,59
399,111,77
400,129,191
401,180,118
402,114,143
403,115,145
404,115,147
405,116,149
406,120,156
407,125,141
408,126,141
409,127,140
410,137,133
411,164,116
412,111,70
413,115,56
414,119,56
415,124,142
416,165,135
417,108,57
418,124,165
419,106,73
420,116,89
421,112,169
422,141,151
423,131,110
424,133,159
425,148,109
426,138,117
427,154,121
428,115,180
429,121,94
430,148,158
431,138,167
432,147,141
433,172,126
434,156,143
435,176,133
436,144,127
437,116,82
438,116,104
439,121,106
440,113,99
441,119,51
442,130,48
443,139,47
444,148,49
445,154,52
446,159,63
447,183,85
448,152,72
449,144,74
450,135,73
451,127,71
452,121,68
453,117,66
454,184,87
455,121,108
456,111,84
457,111,105
458,107,109
459,111,106
460,119,110
461,106,109
462,105,111
463,117,61
464,113,63
465,110,64
466,148,59
467,153,57
468,62,57
469,69,57
470,62,52
471,54,57
472,62,63
473,135,58
474,141,58
475,135,52
476,128,57
477,134,64
