0,97,134
1,109,108
2,105,115
3,100,82
4,110,101
5,109,91
6,105,65
7,47,59
8,104,45
9,104,35
10,104,1
11,97,136
12,97,139
13,97,140
14,97,140
15,97,143
16,97,146
17,97,150
18,100,156
19,108,112
20,98,111
21,13,27
22,67,66
23,60,67
24,53,66
25,43,61
26,72,64
27,60,44
28,67,46
29,52,45
30,46,47
31,36,65
32,68,168
33,44,57
34,9,59
35,27,60
36,62,97
37,87,132
38,88,138
39,77,134
40,71,136
41,80,138
42,73,138
43,59,142
44,102,108
45,102,101
46,37,40
47,78,79
48,78,103
49,77,99
50,38,94
51,101,91
52,58,32
53,47,35
54,23,15
55,89,41
56,73,49
57,53,134
58,10,128
59,84,108
60,90,111
61,62,139
62,63,139
63,42,29
64,77,106
65,73,34
66,72,28
67,59,1
68,31,23
69,64,15
70,31,37
71,21,33
72,87,135
73,79,136
74,72,137
75,85,110
76,62,139
77,67,140
78,64,139
79,90,107
80,74,139
81,81,139
82,88,139
83,89,155
84,87,149
85,88,145
86,88,142
87,89,139
88,75,139
89,73,140
90,72,142
91,71,144
92,66,124
93,3,90
94,106,114
95,70,139
96,68,139
97,93,114
98,78,111
99,92,112
100,70,83
101,57,87
102,75,102
103,38,6
104,44,17
105,56,26
106,68,147
107,89,31
108,84,16
109,80,0
110,47,64
111,28,70
112,76,63
113,37,51
114,85,75
115,85,102
116,17,74
117,34,76
118,45,79
119,59,78
120,69,76
121,76,73
122,97,66
123,18,89
124,31,49
125,103,112
126,79,87
127,4,57
128,83,69
129,73,102
130,40,56
131,84,96
132,5,108
133,76,60
134,93,93
135,30,148
136,29,157
137,8,90
138,20,137
139,15,45
140,66,176
141,103,113
142,71,92
143,19,61
144,54,62
145,61,63
146,66,141
147,18,104
148,80,186
149,54,175
150,42,168
151,104,18
152,96,187
153,66,62
154,71,61
155,74,61
156,24,47
157,70,56
158,65,54
159,59,53
160,53,54
161,49,55
162,7,40
163,50,61
164,104,121
165,75,121
166,84,107
167,92,120
168,104,55
169,42,159
170,53,168
171,81,181
172,18,144
173,74,58
174,92,78
175,98,182
176,66,182
177,9,107
178,81,139
179,80,141
180,79,143
181,79,147
182,77,152
183,68,138
184,67,138
185,65,137
186,58,129
187,29,109
188,91,70
189,84,54
190,78,55
191,69,139
192,25,127
193,93,55
194,72,160
195,107,82
196,99,75
197,106,74
198,86,89
199,99,175
200,99,165
201,86,164
202,52,145
203,66,107
204,61,153
205,49,105
206,58,114
207,40,116
208,83,174
209,79,93
210,45,151
211,56,160
212,46,135
213,18,117
214,36,136
215,12,122
216,50,122
217,86,82
218,88,105
219,81,106
220,93,101
221,80,47
222,70,41
223,60,40
224,50,41
225,42,44
226,34,58
227,8,74
228,41,69
229,49,71
230,59,72
231,68,70
232,75,68
233,80,66
234,3,73
235,80,108
236,93,85
237,95,107
238,98,110
239,94,108
240,82,110
241,101,111
242,100,113
243,79,60
244,84,62
245,88,64
246,46,56
247,41,51
248,113,83
249,145,62
250,113,112
251,162,37
252,128,68
253,134,69
254,140,69
255,147,65
256,124,66
257,138,49
258,131,49
259,144,50
260,148,53
261,151,70
262,124,168
263,147,61
264,163,67
265,158,66
266,136,100
267,107,132
268,106,138
269,115,134
270,121,136
271,113,138
272,118,138
273,131,143
274,115,108
275,116,101
276,156,47
277,122,81
278,129,106
279,128,101
280,154,99
281,115,91
282,143,38
283,151,41
284,160,25
285,117,43
286,125,52
287,137,137
288,152,131
289,123,110
290,117,112
291,129,138
292,127,138
293,154,36
294,128,108
295,132,38
296,133,32
297,141,7
298,159,31
299,139,20
300,159,44
301,162,41
302,106,136
303,114,136
304,120,137
305,121,111
306,128,138
307,124,140
308,126,138
309,121,108
310,117,139
311,112,139
312,105,139
313,109,156
314,107,149
315,106,145
316,106,142
317,105,139
318,117,139
319,119,140
320,120,142
321,121,144
322,132,126
323,157,97
324,121,139
325,123,139
326,115,115
327,125,112
328,116,113
329,129,85
330,139,90
331,129,104
332,153,15
333,151,24
334,145,32
335,125,148
336,119,33
337,123,19
338,125,3
339,144,68
340,157,76
341,120,64
342,153,56
343,118,77
344,126,103
345,163,81
346,154,81
347,146,83
348,136,82
349,127,78
350,121,75
351,111,67
352,164,96
353,157,55
354,111,112
355,123,89
356,160,66
357,117,70
358,128,104
359,149,61
360,125,98
361,155,114
362,120,61
363,120,94
364,147,150
365,142,157
366,163,97
367,153,140
368,163,53
369,124,175
370,109,114
371,129,94
372,162,67
373,139,64
374,134,64
375,125,141
376,162,110
377,111,186
378,128,174
379,134,167
380,130,63
381,125,62
382,122,62
383,161,54
384,126,58
385,131,57
386,136,57
387,141,58
388,144,59
389,162,50
390,142,63
391,127,123
392,123,109
393,114,121
394,139,160
395,132,167
396,113,181
397,147,146
398,122,60
399,116,79
400,121,181
401,161,112
402,112,139
403,113,141
404,114,144
405,115,147
406,118,153
407,123,138
408,124,137
409,125,137
410,136,131
411,157,114
412,115,71
413,116,55
414,120,57
415,121,138
416,155,131
417,112,55
418,121,160
419,112,75
420,121,91
421,111,164
422,136,147
423,133,110
424,129,154
425,146,108
426,138,117
427,150,120
428,113,174
429,125,95
430,140,152
431,131,160
432,142,138
433,159,122
434,148,139
435,158,127
436,142,126
437,120,84
438,123,107
439,127,108
440,122,102
441,121,49
442,131,45
443,140,45
444,147,46
445,151,50
446,153,63
447,164,82
448,148,73
449,143,75
450,135,75
451,128,73
452,122,70
453,118,67
454,158,81
455,126,110
456,118,86
457,119,107
458,115,111
459,119,109
460,123,112
461,113,112
462,112,113
463,118,61
464,115,63
465,114,64
466,146,60
467,150,56
468,56,57
469,63,57
470,56,51
471,49,57
472,56,64
473,134,59
474,141,60
475,134,53
476,127,59
477,134,65
