0,98,133
1,98,116
2,98,120
3,92,88
4,98,108
5,98,97
6,98,68
7,50,59
8,98,48
9,98,38
10,99,1
11,98,135
12,98,136
13,98,137
14,97,142
15,97,144
16,97,146
17,97,149
18,98,159
19,98,119
20,89,117
21,20,31
22,68,65
23,62,65
24,56,66
25,46,62
26,74,64
27,59,48
28,66,49
29,52,49
30,47,52
31,40,67
32,70,170
33,47,58
34,17,62
35,31,62
36,59,99
37,87,132
38,87,135
39,77,131
40,70,130
41,79,133
42,72,132
43,60,140
44,91,116
45,91,108
46,38,48
47,76,81
48,72,108
49,72,103
50,38,95
51,91,97
52,56,42
53,46,44
54,27,19
55,85,49
56,72,52
57,53,132
58,24,130
59,77,113
60,84,115
61,60,129
62,62,130
63,42,39
64,71,109
65,69,43
66,68,38
67,56,5
68,33,29
69,61,19
70,34,44
71,26,38
72,87,134
73,78,132
74,71,131
75,79,114
76,61,129
77,66,134
78,63,130
79,82,113
80,73,133
81,80,134
82,88,136
83,87,159
84,87,148
85,87,145
86,87,143
87,88,141
88,74,136
89,72,137
90,71,138
91,70,140
92,62,125
93,17,92
94,98,120
95,69,134
96,67,134
97,86,118
98,73,113
99,85,117
100,68,85
101,56,88
102,70,105
103,39,10
104,44,22
105,54,37
106,67,147
107,83,40
108,78,19
109,76,2
110,50,64
111,32,72
112,77,63
113,40,55
114,82,78
115,78,107
116,23,76
117,37,77
118,47,79
119,60,79
120,69,76
121,76,73
122,91,69
123,22,91
124,34,54
125,94,119
126,76,90
127,15,59
128,81,70
129,70,104
130,44,58
131,78,101
132,19,110
133,76,61
134,84,99
135,37,150
136,39,158
137,17,92
138,28,139
139,21,49
140,69,179
141,94,119
142,69,94
143,24,64
144,57,61
145,63,61
146,64,134
147,22,106
148,83,190
149,61,178
150,51,169
151,98,20
152,99,191
153,68,61
154,72,60
155,75,61
156,28,52
157,70,56
158,65,53
159,59,53
160,54,54
161,51,56
162,16,43
163,53,60
164,98,124
165,70,123
166,78,112
167,86,123
168,98,57
169,48,160
170,58,170
171,82,185
172,31,146
173,74,59
174,86,82
175,98,186
176,71,185
177,19,109
178,80,139
179,79,140
180,78,142
181,77,145
182,76,154
183,67,131
184,66,130
185,65,129
186,55,127
187,30,111
188,86,73
189,82,57
190,77,57
191,68,131
192,29,128
193,89,58
194,73,162
195,98,87
196,91,79
197,98,78
198,80,94
199,98,178
200,98,168
201,85,167
202,55,144
203,63,109
204,63,154
205,46,106
206,56,115
207,39,117
208,83,177
209,75,96
210,50,151
211,60,161
212,48,134
213,24,119
214,39,136
215,22,125
216,49,122
217,81,86
218,80,112
219,74,111
220,84,108
221,78,52
222,67,47
223,58,46
224,50,47
225,44,50
226,38,61
227,16,77
228,44,70
229,52,72
230,61,72
231,69,70
232,75,68
233,79,67
234,16,75
235,74,112
236,86,90
237,86,114
238,89,117
239,85,115
240,76,113
241,91,118
242,91,119
243,79,61
244,83,64
245,86,66
246,49,57
247,44,55
248,104,88
249,148,61
250,107,117
251,177,30
252,128,67
253,135,67
254,141,67
255,152,63
256,123,65
257,138,48
258,130,49
259,145,49
260,150,52
261,157,68
262,127,170
263,152,59
264,180,61
265,166,63
266,137,98
267,109,132
268,108,135
269,119,132
270,125,131
271,117,134
272,123,133
273,137,138
274,105,116
275,105,108
276,159,48
277,120,81
278,124,107
279,124,102
280,158,94
281,105,97
282,140,42
283,151,44
284,170,19
285,111,49
286,124,52
287,144,130
288,174,129
289,119,112
290,112,115
291,134,131
292,132,131
293,154,40
294,125,109
295,127,43
296,128,38
297,141,4
298,164,28
299,136,19
300,164,45
301,171,37
302,109,134
303,118,133
304,124,132
305,117,113
306,133,131
307,129,135
308,131,131
309,114,113
310,122,133
311,115,135
312,107,136
313,109,158
314,108,148
315,108,145
316,107,143
317,107,141
318,121,137
319,122,138
320,124,139
321,125,140
322,134,123
323,180,91
324,125,135
325,127,135
326,110,118
327,123,112
328,111,116
329,127,84
330,140,88
331,126,104
332,158,10
333,153,22
334,142,37
335,130,146
336,112,41
337,119,19
338,122,2
339,148,66
340,165,72
341,119,64
342,157,55
343,115,77
344,118,107
345,174,76
346,159,77
347,149,79
348,136,79
349,127,76
350,120,73
351,105,69
352,174,90
353,163,55
354,102,119
355,120,89
356,182,58
357,115,70
358,126,103
359,154,59
360,118,101
361,178,110
362,119,62
363,112,99
364,160,149
365,158,158
366,179,92
367,169,138
368,176,48
369,128,179
370,102,119
371,127,93
372,173,64
373,140,63
374,134,63
375,130,135
376,174,105
377,114,190
378,137,177
379,147,169
380,129,63
381,124,62
382,121,62
383,169,53
384,126,56
385,132,54
386,137,53
387,143,54
388,147,56
389,180,42
390,145,62
391,126,122
392,118,112
393,110,123
394,149,160
395,139,169
396,114,185
397,167,146
398,121,60
399,110,82
400,126,185
401,178,108
402,115,140
403,116,141
404,117,143
405,117,145
406,121,153
407,128,132
408,129,131
409,130,131
410,141,126
411,166,110
412,110,73
413,114,58
414,118,58
415,126,132
416,167,127
417,107,58
418,124,161
419,105,79
420,116,93
421,111,167
422,142,143
423,133,108
424,133,153
425,150,106
426,140,114
427,157,116
428,113,177
429,121,96
430,147,150
431,137,161
432,149,133
433,173,118
434,158,135
435,175,124
436,147,121
437,115,86
438,116,111
439,122,110
440,112,108
441,118,52
442,129,47
443,138,46
444,147,47
445,153,50
446,159,61
447,180,76
448,153,70
449,145,72
450,136,72
451,127,71
452,121,69
453,117,67
454,181,74
455,122,111
456,110,90
457,111,114
458,107,117
459,111,114
460,120,112
461,105,118
462,105,118
463,117,62
464,113,64
465,110,66
466,150,57
467,153,55
468,60,57
469,65,57
470,59,52
471,54,57
472,60,63
473,146,57
474,151,57
475,146,52
476,140,57
477,146,63
