0,111,131
1,96,109
2,99,115
3,91,85
4,95,102
5,96,93
6,98,68
7,55,65
8,98,47
9,98,37
10,97,1
11,111,134
12,111,136
13,110,138
14,110,138
15,110,141
16,110,144
17,110,148
18,102,157
19,97,113
20,91,112
21,39,33
22,75,70
23,68,71
24,61,71
25,54,67
26,81,68
27,60,51
28,69,52
29,54,53
30,50,56
31,50,71
32,81,164
33,53,63
34,39,63
35,46,66
36,68,100
37,102,130
38,102,136
39,92,132
40,84,134
41,94,136
42,87,137
43,74,143
44,90,109
45,89,103
46,42,50
47,81,82
48,77,106
49,77,101
50,51,98
51,90,93
52,52,44
53,45,46
54,41,21
55,81,49
56,77,54
57,69,137
58,52,125
59,82,110
60,87,112
61,75,138
62,77,138
63,43,41
64,78,108
65,63,45
66,61,39
67,60,6
68,43,29
69,63,20
70,41,46
71,40,38
72,102,133
73,93,134
74,86,135
75,84,111
76,76,138
77,80,139
78,78,138
79,84,108
80,88,138
81,94,138
82,102,138
83,94,156
84,100,147
85,101,144
86,102,141
87,102,138
88,88,138
89,87,139
90,85,141
91,84,143
92,73,126
93,45,90
94,98,114
95,83,138
96,82,139
97,89,114
98,80,112
99,88,113
100,74,86
101,64,90
102,77,104
103,48,12
104,50,23
105,50,38
106,79,148
107,77,40
108,79,20
109,76,3
110,56,70
111,46,76
112,84,66
113,47,58
114,85,78
115,80,104
116,40,79
117,47,82
118,52,85
119,64,84
120,74,80
121,80,77
122,92,69
123,41,93
124,44,57
125,93,112
126,80,90
127,42,60
128,85,73
129,77,104
130,51,63
131,80,99
132,48,107
133,84,63
134,85,95
135,58,146
136,61,152
137,40,92
138,52,136
139,39,50
140,80,171
141,95,114
142,75,94
143,45,66
144,61,67
145,67,67
146,79,140
147,43,107
148,92,182
149,75,170
150,68,163
151,97,19
152,105,184
153,74,66
154,79,65
155,83,64
156,43,54
157,78,58
158,71,56
159,64,56
160,58,58
161,55,60
162,39,45
163,57,67
164,99,120
165,78,122
166,82,109
167,90,121
168,99,57
169,65,156
170,73,163
171,91,177
172,56,140
173,82,61
174,87,81
175,104,179
176,82,177
177,43,107
178,94,138
179,94,140
180,93,143
181,92,146
182,86,153
183,81,137
184,80,137
185,79,136
186,70,131
187,48,112
188,88,73
189,87,59
190,84,59
191,83,138
192,51,128
193,89,59
194,83,158
195,97,84
196,91,78
197,97,76
198,83,92
199,103,172
200,103,164
201,93,163
202,69,145
203,72,109
204,76,152
205,59,108
206,67,116
207,55,118
208,91,170
209,80,95
210,65,149
211,73,157
212,63,136
213,46,118
214,57,136
215,46,122
216,64,125
217,84,85
218,82,107
219,79,108
220,84,103
221,80,53
222,67,49
223,57,49
224,49,51
225,46,54
226,49,64
227,39,78
228,52,75
229,58,77
230,66,77
231,75,75
232,81,72
233,85,70
234,44,75
235,80,109
236,86,88
237,86,108
238,90,111
239,87,109
240,82,111
241,91,112
242,93,113
243,86,64
244,88,66
245,88,68
246,54,62
247,49,59
248,103,85
249,150,58
250,105,112
251,181,25
252,131,65
253,138,66
254,145,65
255,154,60
256,126,64
257,139,46
258,132,47
259,146,46
260,151,48
261,161,65
262,130,165
263,154,56
264,185,58
265,170,59
266,137,98
267,119,130
268,117,136
269,126,131
270,129,133
271,122,136
272,126,136
273,137,142
274,102,109
275,102,102
276,159,43
277,123,80
278,122,104
279,123,100
280,159,95
281,103,93
282,139,36
283,150,38
284,173,14
285,111,45
286,126,50
287,142,135
288,183,122
289,117,109
290,111,111
291,132,137
292,130,137
293,153,33
294,123,107
295,126,38
296,126,32
297,141,1
298,166,23
299,136,17
300,164,38
301,175,32
302,119,133
303,124,134
304,128,134
305,116,110
306,131,137
307,129,138
308,130,137
309,112,107
310,124,137
311,121,137
312,116,137
313,112,156
314,117,147
315,117,144
316,117,140
317,116,138
318,124,137
319,125,138
320,127,140
321,128,142
322,132,124
323,190,86
324,126,137
325,128,137
326,109,114
327,122,111
328,110,112
329,130,84
330,142,88
331,125,103
332,160,6
333,154,18
334,141,31
335,130,147
336,111,35
337,118,18
338,121,0
339,151,64
340,170,70
341,122,62
342,159,51
343,117,77
344,117,103
345,178,74
346,164,76
347,155,80
348,141,79
349,131,76
350,124,74
351,105,69
352,177,89
353,165,50
354,101,112
355,122,88
356,190,54
357,118,70
358,126,102
359,157,55
360,118,98
361,188,103
362,122,60
363,110,95
364,164,145
365,166,151
366,187,88
367,173,134
368,180,44
369,132,172
370,101,113
371,129,93
372,178,59
373,143,61
374,137,62
375,130,139
376,177,104
377,120,182
378,143,170
379,154,163
380,132,61
381,127,60
382,124,60
383,172,47
384,128,55
385,134,53
386,139,53
387,145,53
388,149,54
389,186,38
390,147,60
391,125,121
392,117,108
393,110,120
394,153,156
395,143,164
396,119,177
397,175,139
398,124,58
399,110,80
400,132,177
401,185,104
402,120,137
403,122,139
404,123,142
405,124,145
406,122,153
407,128,136
408,130,135
409,131,135
410,138,129
411,166,109
412,111,72
413,116,55
414,121,55
415,126,137
416,169,125
417,108,56
418,126,158
419,104,77
420,116,91
421,114,163
422,144,144
423,133,107
424,136,152
425,149,105
426,139,114
427,156,116
428,117,171
429,122,94
430,150,149
431,140,157
432,149,135
433,176,116
434,159,135
435,181,119
436,146,123
437,116,84
438,114,106
439,120,107
440,110,102
441,119,49
442,129,44
443,139,42
444,147,43
445,154,46
446,162,57
447,187,73
448,157,69
449,149,72
450,140,72
451,131,70
452,125,68
453,120,66
454,190,70
455,120,108
456,110,87
457,108,108
458,105,111
459,109,108
460,119,110
461,103,112
462,103,113
463,120,60
464,116,63
465,113,65
466,151,55
467,155,51
468,70,61
469,77,60
470,70,54
471,62,61
472,70,67
473,141,55
474,148,55
475,141,48
476,135,55
477,142,61
