0,104,132
1,97,112
2,98,118
3,89,86
4,97,104
5,96,93
6,96,68
7,41,61
8,95,47
9,94,36
10,93,-1
11,104,133
12,104,134
13,103,135
14,104,135
15,104,136
16,104,138
17,104,139
18,103,163
19,97,116
20,89,115
21,16,33
22,62,68
23,55,68
24,48,68
25,38,63
26,68,66
27,50,45
28,58,47
29,42,47
30,37,50
31,33,68
32,73,175
33,38,59
34,13,66
35,24,62
36,55,100
37,92,130
38,93,134
39,82,131
40,74,131
41,84,133
42,76,133
43,62,144
44,90,112
45,89,104
46,27,42
47,72,83
48,70,107
49,69,102
50,32,98
51,89,94
52,43,33
53,33,36
54,21,20
55,77,41
56,66,50
57,54,135
58,24,136
59,76,111
60,83,114
61,64,132
62,66,132
63,29,31
64,69,109
65,57,34
66,55,28
67,49,2
68,25,27
69,53,17
70,22,38
71,19,38
72,92,132
73,83,132
74,75,132
75,78,112
76,65,132
77,70,134
78,67,133
79,80,111
80,78,134
81,85,134
82,93,135
83,91,162
84,94,139
85,94,137
86,94,136
87,94,135
88,78,134
89,78,134
90,77,135
91,76,136
92,62,125
93,15,98
94,98,117
95,73,133
96,72,133
97,86,117
98,72,113
99,85,115
100,64,86
101,51,90
102,68,105
103,31,9
104,36,20
105,40,28
106,70,151
107,74,30
108,72,17
109,69,0
110,42,66
111,25,74
112,72,65
113,30,53
114,78,79
115,75,105
116,16,80
117,31,79
118,41,83
119,55,81
120,65,78
121,72,75
122,88,69
123,16,95
124,25,51
125,93,116
126,72,90
127,13,65
128,78,72
129,67,105
130,34,58
131,74,100
132,18,116
133,71,62
134,82,96
135,39,155
136,42,163
137,12,97
138,28,144
139,16,51
140,73,183
141,94,117
142,65,95
143,18,63
144,48,64
145,55,64
146,69,134
147,17,110
148,88,195
149,65,182
150,55,174
151,94,17
152,104,197
153,61,64
154,66,63
155,70,63
156,19,49
157,64,57
158,58,55
159,51,54
160,45,55
161,41,56
162,14,47
163,44,63
164,99,122
165,70,122
166,76,111
167,86,122
168,95,57
169,51,165
170,61,174
171,87,189
172,32,152
173,69,60
174,83,82
175,104,191
176,76,190
177,15,114
178,86,134
179,85,135
180,85,136
181,84,138
182,79,157
183,71,133
184,69,132
185,68,132
186,56,130
187,26,114
188,83,74
189,77,56
190,72,57
191,72,133
192,28,133
193,85,56
194,76,166
195,96,85
196,89,78
197,96,77
198,77,93
199,103,183
200,103,172
201,89,171
202,57,148
203,61,110
204,65,158
205,43,108
206,54,117
207,37,120
208,87,181
209,72,96
210,51,156
211,62,166
212,48,138
213,21,124
214,39,141
215,20,130
216,48,125
217,78,86
218,78,109
219,72,109
220,81,105
221,70,48
222,58,42
223,47,41
224,38,43
225,33,47
226,30,60
227,12,82
228,37,72
229,45,74
230,55,74
231,64,73
232,71,70
233,75,68
234,14,81
235,72,111
236,83,89
237,84,111
238,88,114
239,84,112
240,75,113
241,90,115
242,91,116
243,74,63
244,79,64
245,82,66
246,39,58
247,34,53
248,103,85
249,153,62
250,106,115
251,176,32
252,131,67
253,138,68
254,146,68
255,156,64
256,125,66
257,142,48
258,134,48
259,150,49
260,156,52
261,162,69
262,134,175
263,155,60
264,183,65
265,170,63
266,141,100
267,115,130
268,114,134
269,125,131
270,132,132
271,123,133
272,129,133
273,144,144
274,104,112
275,105,104
276,165,46
277,122,82
278,126,106
279,126,102
280,165,97
281,104,94
282,147,39
283,158,41
284,168,19
285,113,45
286,126,51
287,151,135
288,183,136
289,120,111
290,113,114
291,141,133
292,139,133
293,162,36
294,127,109
295,132,39
296,133,33
297,139,1
298,164,27
299,134,17
300,170,42
301,172,37
302,115,132
303,124,132
304,131,132
305,118,112
306,140,133
307,135,134
308,138,133
309,115,111
310,128,134
311,121,134
312,113,135
313,115,162
314,114,139
315,114,137
316,114,136
317,114,135
318,128,134
319,129,134
320,130,135
321,130,136
322,139,125
323,187,98
324,133,134
325,134,134
326,111,117
327,125,113
328,112,115
329,131,86
330,145,90
331,128,104
332,157,8
333,152,20
334,149,33
335,136,151
336,115,35
337,116,16
338,118,-1
339,152,67
340,170,74
341,121,64
342,163,55
343,116,78
344,120,105
345,180,79
346,165,79
347,155,82
348,140,81
349,130,78
350,122,75
351,104,69
352,182,94
353,168,54
354,102,116
355,122,90
356,184,64
357,115,71
358,130,104
359,159,60
360,120,99
361,186,117
362,121,62
363,112,96
364,168,156
365,167,165
366,187,97
367,178,145
368,178,50
369,135,184
370,101,117
371,131,95
372,177,64
373,145,64
374,139,64
375,136,135
376,183,110
377,120,195
378,144,184
379,155,176
380,133,63
381,127,63
382,123,62
383,173,52
384,128,57
385,135,55
386,141,55
387,147,56
388,151,58
389,181,46
390,149,63
391,130,122
392,120,111
393,112,122
394,157,166
395,146,175
396,121,190
397,176,153
398,123,60
399,110,81
400,133,190
401,187,114
402,121,134
403,122,135
404,123,136
405,123,138
406,127,158
407,134,133
408,136,133
409,137,132
410,147,129
411,174,114
412,109,73
413,114,57
414,120,57
415,132,133
416,176,133
417,107,57
418,131,166
419,103,78
420,117,93
421,117,171
422,149,148
423,137,109
424,141,158
425,156,108
426,146,116
427,164,120
428,119,181
429,123,96
430,155,156
431,145,166
432,156,138
433,182,124
434,166,141
435,185,130
436,154,124
437,116,86
438,117,109
439,123,109
440,112,104
441,120,50
442,133,45
443,144,45
444,153,46
445,160,49
446,164,62
447,186,81
448,158,72
449,150,74
450,140,74
451,130,72
452,123,70
453,118,68
454,186,80
455,124,111
456,110,88
457,111,111
458,107,114
459,111,112
460,122,112
461,105,115
462,104,116
463,118,62
464,113,64
465,111,66
466,154,59
467,159,55
468,53,59
469,60,58
470,52,52
471,45,59
472,53,65
473,140,59
474,148,59
475,140,52
476,133,58
477,140,65
