0,97,128
1,93,108
2,94,115
3,87,82
4,93,99
5,93,89
6,95,65
7,41,64
8,96,46
9,96,36
10,97,-4
11,97,130
12,97,132
13,98,134
14,98,152
15,98,155
16,98,158
17,98,163
18,98,170
19,93,112
20,86,112
21,15,37
22,62,71
23,54,72
24,47,71
25,38,67
26,69,70
27,51,49
28,60,50
29,43,51
30,37,54
31,32,72
32,68,179
33,39,62
34,12,72
35,24,67
36,54,101
37,84,127
38,85,132
39,73,129
40,65,131
41,76,132
42,68,133
43,57,146
44,86,107
45,85,99
46,28,49
47,72,83
48,68,104
49,68,100
50,30,100
51,86,90
52,45,41
53,35,44
54,21,22
55,79,48
56,68,54
57,50,136
58,23,147
59,74,109
60,81,111
61,56,136
62,58,136
63,31,39
64,67,107
65,60,42
66,59,36
67,51,1
68,26,29
69,55,16
70,24,46
71,19,42
72,85,130
73,74,131
74,67,132
75,76,110
76,57,136
77,62,142
78,59,136
79,78,108
80,70,134
81,77,133
82,87,133
83,85,169
84,85,161
85,85,157
86,86,153
87,87,151
88,71,146
89,69,146
90,67,148
91,66,150
92,58,125
93,15,108
94,94,114
95,66,142
96,64,142
97,83,114
98,70,111
99,82,113
100,63,87
101,49,91
102,66,103
103,32,10
104,37,21
105,43,35
106,64,155
107,76,38
108,74,15
109,72,-3
110,41,70
111,24,77
112,73,68
113,31,58
114,78,78
115,73,102
116,16,84
117,28,82
118,37,84
119,52,84
120,63,81
121,71,78
122,88,68
123,15,99
124,25,57
125,89,112
126,72,90
127,13,72
128,77,74
129,66,104
130,35,63
131,73,97
132,18,127
133,73,66
134,80,93
135,37,161
136,40,171
137,12,105
138,26,152
139,16,56
140,68,188
141,91,113
142,64,95
143,18,68
144,48,67
145,54,68
146,60,143
147,16,115
148,83,199
149,61,188
150,51,181
151,96,14
152,99,201
153,61,67
154,67,67
155,71,66
156,21,56
157,67,58
158,60,55
159,53,55
160,46,56
161,42,59
162,13,53
163,44,66
164,95,119
165,66,121
166,74,108
167,82,119
168,96,56
169,48,170
170,58,179
171,81,194
172,31,161
173,71,63
174,82,80
175,99,196
176,70,194
177,14,122
178,78,149
179,76,150
180,75,153
181,74,157
182,73,163
183,62,134
184,61,134
185,59,133
186,52,130
187,24,118
188,83,72
189,79,59
190,74,60
191,64,135
192,26,138
193,85,59
194,70,171
195,94,81
196,88,75
197,95,74
198,76,91
199,98,188
200,98,178
201,83,177
202,52,151
203,59,110
204,61,162
205,40,110
206,51,117
207,34,122
208,81,186
209,71,95
210,48,159
211,58,169
212,45,140
213,18,129
214,36,144
215,19,138
216,45,126
217,77,85
218,75,106
219,70,107
220,79,101
221,73,53
222,60,47
223,49,46
224,39,48
225,33,52
226,30,65
227,11,88
228,36,75
229,43,77
230,53,77
231,63,76
232,71,74
233,76,71
234,14,90
235,70,109
236,82,86
237,81,107
238,86,111
239,81,108
240,72,111
241,87,111
242,88,113
243,76,66
244,80,67
245,82,68
246,40,61
247,35,58
248,101,82
249,155,66
250,102,112
251,192,35
252,133,72
253,140,73
254,148,72
255,158,68
256,126,70
257,144,49
258,135,50
259,152,51
260,158,54
261,166,72
262,131,180
263,158,63
264,194,70
265,176,66
266,141,100
267,110,127
268,110,132
269,123,129
270,133,131
271,121,132
272,130,133
273,143,146
274,100,107
275,101,99
276,169,49
277,122,82
278,122,104
279,123,100
280,168,98
281,101,90
282,148,40
283,160,43
284,183,20
285,113,48
286,127,54
287,150,135
288,187,146
289,116,109
290,109,111
291,144,136
292,142,136
293,165,38
294,124,107
295,133,41
296,134,35
297,147,0
298,175,28
299,140,15
300,175,45
301,185,40
302,110,130
303,122,131
304,131,132
305,114,110
306,143,136
307,138,142
308,141,136
309,110,107
310,128,134
311,120,133
312,110,133
313,112,169
314,112,161
315,111,157
316,111,153
317,110,151
318,128,145
319,130,146
320,132,148
321,133,150
322,138,124
323,196,107
324,134,142
325,136,142
326,107,114
327,122,111
328,108,113
329,132,86
330,146,90
331,126,103
332,169,8
333,161,19
334,151,34
335,135,155
336,115,37
337,119,14
338,124,-4
339,155,71
340,174,76
341,122,69
342,166,58
343,116,78
344,116,102
345,187,83
346,168,81
347,157,84
348,142,83
349,131,81
350,122,78
351,103,67
352,187,98
353,173,57
354,98,112
355,121,89
356,198,70
357,116,74
358,127,103
359,162,63
360,117,97
361,193,126
362,122,66
363,109,93
364,168,161
365,167,173
366,194,103
367,179,152
368,190,54
369,131,188
370,97,113
371,130,94
372,184,67
373,147,69
374,140,69
375,140,143
376,187,114
377,116,200
378,141,189
379,153,182
380,134,69
381,128,68
382,124,67
383,181,55
384,129,59
385,136,56
386,143,56
387,149,57
388,153,60
389,197,51
390,151,67
391,128,120
392,116,108
393,109,119
394,155,171
395,143,180
396,116,194
397,178,162
398,124,63
399,109,79
400,129,195
401,193,121
402,120,148
403,121,150
404,123,153
405,124,157
406,125,163
407,137,134
408,138,134
409,140,133
410,146,128
411,176,117
412,109,72
413,116,60
414,121,61
415,135,135
416,177,137
417,107,59
418,128,171
419,102,75
420,115,91
421,114,177
422,148,151
423,135,109
424,139,162
425,156,109
426,144,116
427,164,121
428,115,187
429,121,95
430,153,160
431,142,170
432,155,139
433,185,129
434,165,144
435,188,138
436,153,124
437,115,84
438,113,106
439,120,107
440,108,101
441,121,53
442,134,47
443,145,46
444,155,48
445,162,52
446,168,65
447,195,87
448,161,75
449,152,77
450,142,78
451,132,76
452,124,74
453,119,71
454,198,89
455,120,108
456,108,86
457,106,107
458,102,111
459,107,108
460,118,110
461,100,111
462,100,113
463,119,66
464,115,67
465,111,68
466,156,62
467,162,58
468,57,61
469,65,61
470,57,53
471,49,61
472,57,68
473,141,62
474,150,62
475,141,54
476,133,62
477,141,70
