0,97,131
1,101,106
2,99,114
3,93,81
4,102,98
5,101,88
6,99,63
7,38,63
8,99,42
9,99,31
10,99,-7
11,97,133
12,97,135
13,97,136
14,97,146
15,97,148
16,97,152
17,96,155
18,97,162
19,101,111
20,92,110
21,2,29
22,61,70
23,53,71
24,45,70
25,34,65
26,68,68
27,50,44
28,59,46
29,41,46
30,35,49
31,27,69
32,64,175
33,35,60
34,0,64
35,17,62
36,54,99
37,87,130
38,87,135
39,76,132
40,68,134
41,78,135
42,71,136
43,56,145
44,95,106
45,94,98
46,23,41
47,72,81
48,73,103
49,72,99
50,27,98
51,94,89
52,44,32
53,32,35
54,11,14
55,80,40
56,67,50
57,49,136
58,5,140
59,79,108
60,86,110
61,59,139
62,61,139
63,27,29
64,72,106
65,60,33
66,58,27
67,49,-4
68,19,21
69,55,10
70,17,37
71,9,33
72,87,132
73,77,134
74,69,135
75,81,109
76,60,139
77,64,142
78,62,139
79,84,106
80,72,137
81,79,136
82,87,136
83,85,162
84,85,154
85,86,151
86,86,147
87,87,145
88,72,143
89,71,144
90,69,145
91,68,147
92,60,125
93,-4,100
94,100,112
95,67,141
96,66,142
97,88,113
98,74,111
99,87,112
100,62,85
101,48,89
102,70,102
103,27,2
104,34,13
105,41,26
106,63,152
107,78,29
108,76,10
109,73,-7
110,38,68
111,18,74
112,73,66
113,26,53
114,79,76
115,79,101
116,7,79
117,25,79
118,36,82
119,52,82
120,64,79
121,73,76
122,91,65
123,7,95
124,19,51
125,97,110
126,73,88
127,-6,64
128,79,72
129,68,103
130,31,60
131,78,96
132,-1,120
133,73,63
134,86,91
135,25,158
136,25,168
137,0,98
138,14,147
139,3,48
140,63,184
141,97,112
142,65,93
143,9,63
144,46,66
145,53,67
146,63,143
147,8,112
148,78,195
149,51,185
150,39,178
151,99,11
152,95,196
153,60,66
154,66,65
155,71,64
156,12,48
157,65,57
158,58,54
159,51,53
160,44,55
161,40,57
162,-3,44
163,41,64
164,99,119
165,69,121
166,79,107
167,87,119
168,99,53
169,38,168
170,50,176
171,78,189
172,14,156
173,70,61
174,86,77
175,96,191
176,64,191
177,1,116
178,79,144
179,78,146
180,76,148
181,76,151
182,73,157
183,65,137
184,64,137
185,62,136
186,52,130
187,19,115
188,85,70
189,79,56
190,74,57
191,67,138
192,18,135
193,88,55
194,68,166
195,101,80
196,92,73
197,100,72
198,80,89
199,96,183
200,97,172
201,82,171
202,48,150
203,60,109
204,57,159
205,39,108
206,51,116
207,31,120
208,79,181
209,74,94
210,41,157
211,52,167
212,41,139
213,9,125
214,30,142
215,5,133
216,43,125
217,80,83
218,82,104
219,76,106
220,86,99
221,73,47
222,60,41
223,48,40
224,38,42
225,30,46
226,25,61
227,-1,81
228,32,72
229,41,75
230,52,76
231,63,74
232,71,72
233,76,69
234,-5,82
235,75,108
236,86,84
237,88,105
238,92,109
239,88,106
240,77,110
241,94,110
242,94,112
243,76,63
244,81,65
245,84,66
246,37,58
247,31,54
248,107,81
249,152,64
250,107,110
251,179,34
252,132,71
253,139,72
254,146,71
255,155,67
256,125,68
257,143,47
258,135,48
259,151,49
260,156,52
261,161,71
262,125,175
263,154,62
264,179,68
265,169,65
266,137,100
267,108,130
268,106,135
269,117,132
270,123,134
271,114,135
272,120,136
273,133,145
274,108,106
275,109,98
276,167,43
277,121,81
278,124,104
279,124,100
280,161,99
281,108,89
282,151,33
283,161,36
284,173,19
285,117,40
286,127,51
287,139,136
288,165,141
289,117,108
290,111,111
291,130,139
292,128,139
293,165,31
294,123,107
295,137,34
296,139,27
297,145,0
298,169,26
299,141,13
300,171,40
301,175,38
302,107,133
303,116,134
304,121,135
305,115,110
306,129,139
307,125,142
308,127,139
309,115,106
310,118,137
311,112,136
312,105,136
313,108,162
314,107,154
315,107,151
316,106,148
317,105,145
318,118,143
319,119,144
320,121,145
321,122,147
322,132,125
323,174,103
324,122,142
325,124,142
326,109,114
327,120,111
328,110,112
329,129,86
330,143,91
331,125,103
332,163,7
333,158,17
334,154,27
335,126,151
336,120,30
337,122,12
338,125,-5
339,151,70
340,168,76
341,121,66
342,163,55
343,116,76
344,120,101
345,175,82
346,164,82
347,155,84
348,141,83
349,130,80
350,122,76
351,107,66
352,174,98
353,168,54
354,104,110
355,121,89
356,179,68
357,116,72
358,125,103
359,158,62
360,120,96
361,170,122
362,121,63
363,114,92
364,154,158
365,151,167
366,177,101
367,163,148
368,177,52
369,125,183
370,103,112
371,128,94
372,174,67
373,145,67
374,139,68
375,127,143
376,173,113
377,111,194
378,131,184
379,140,177
380,133,67
381,127,65
382,123,64
383,173,52
384,128,59
385,134,57
386,141,57
387,147,58
388,150,60
389,180,49
390,149,66
391,124,121
392,118,107
393,110,120
394,144,167
395,135,175
396,112,189
397,158,156
398,123,61
399,112,78
400,122,190
401,174,118
402,112,144
403,114,146
404,115,148
405,116,151
406,118,157
407,124,138
408,126,137
409,127,137
410,137,130
411,165,117
412,111,70
413,116,56
414,120,58
415,123,138
416,163,136
417,109,55
418,122,166
419,107,74
420,117,90
421,110,171
422,138,149
423,131,109
424,131,159
425,150,109
426,139,117
427,156,121
428,112,181
429,121,94
430,144,157
431,134,167
432,146,139
433,170,127
434,154,143
435,169,134
436,145,126
437,116,83
438,117,105
439,121,106
440,115,100
441,123,48
442,135,42
443,146,42
444,155,44
445,161,48
446,162,63
447,179,85
448,157,75
449,150,77
450,140,77
451,131,75
452,123,72
453,118,69
454,177,85
455,120,108
456,112,85
457,113,105
458,108,109
459,112,107
460,118,110
461,107,110
462,105,112
463,118,63
464,114,65
465,112,65
466,153,61
467,158,56
468,52,60
469,61,59
470,52,52
471,43,60
472,52,67
473,137,61
474,146,62
475,138,54
476,129,61
477,137,69
