0,97,130
1,97,106
2,97,114
3,91,81
4,97,98
5,97,88
6,98,64
7,42,62
8,98,44
9,98,34
10,98,-4
11,97,133
12,97,136
13,98,138
14,98,138
15,98,142
16,98,147
17,98,153
18,98,162
19,97,110
20,90,110
21,14,32
22,63,69
23,56,70
24,48,70
25,39,65
26,70,67
27,52,46
28,61,47
29,44,47
30,38,50
31,33,70
32,70,172
33,40,60
34,12,66
35,25,64
36,60,101
37,89,128
38,90,135
39,81,131
40,76,135
41,84,136
42,79,138
43,67,151
44,91,106
45,90,98
46,27,43
47,75,81
48,74,104
49,74,100
50,38,101
51,90,89
52,44,35
53,34,37
54,20,18
55,79,43
56,68,51
57,62,144
58,22,137
59,80,109
60,86,111
61,70,142
62,72,141
63,29,32
64,74,108
65,59,36
66,58,30
67,51,0
68,25,25
69,56,14
70,23,40
71,18,36
72,89,132
73,83,134
74,77,136
75,82,110
76,71,141
77,74,142
78,73,141
79,83,106
80,81,139
81,86,138
82,91,137
83,89,162
84,90,152
85,90,147
86,91,142
87,91,138
88,81,139
89,79,141
90,78,144
91,77,147
92,69,129
93,14,100
94,97,111
95,77,140
96,76,141
97,88,114
98,77,113
99,87,112
100,67,86
101,54,92
102,73,104
103,32,6
104,37,17
105,42,29
106,72,155
107,76,33
108,76,14
109,73,-3
110,43,68
111,26,76
112,74,65
113,31,54
114,80,76
115,78,101
116,18,81
117,31,81
118,41,84
119,55,83
120,66,79
121,74,76
122,90,66
123,20,98
124,25,53
125,94,109
126,76,89
127,10,65
128,80,71
129,72,105
130,36,60
131,78,96
132,17,118
133,74,62
134,84,92
135,38,156
136,38,164
137,14,99
138,30,146
139,15,50
140,68,179
141,94,111
142,69,95
143,19,66
144,49,65
145,55,66
146,73,144
147,23,113
148,82,190
149,59,180
150,49,173
151,98,14
152,98,191
153,62,65
154,68,64
155,72,63
156,20,52
157,67,57
158,61,55
159,54,54
160,48,55
161,44,57
162,11,47
163,45,64
164,98,120
165,75,124
166,80,107
167,88,121
168,98,54
169,48,165
170,58,172
171,82,185
172,30,153
173,72,60
174,85,78
175,98,186
176,69,185
177,17,116
178,85,138
179,84,141
180,83,145
181,83,150
182,79,159
183,75,139
184,74,139
185,72,138
186,64,136
187,33,117
188,85,70
189,80,56
190,75,57
191,77,140
192,33,135
193,87,55
194,74,165
195,97,80
196,90,74
197,98,72
198,80,90
199,98,179
200,98,170
201,86,169
202,58,153
203,66,111
204,65,160
205,49,110
206,60,119
207,44,123
208,83,178
209,76,95
210,51,158
211,60,166
212,52,144
213,26,126
214,42,144
215,22,131
216,55,130
217,81,83
218,81,104
219,77,107
220,84,99
221,73,49
222,60,43
223,49,42
224,40,43
225,33,47
226,31,62
227,12,82
228,37,74
229,45,76
230,55,76
231,65,74
232,72,71
233,77,68
234,12,82
235,77,109
236,85,85
237,86,105
238,90,108
239,86,106
240,79,111
241,91,109
242,92,111
243,77,62
244,81,64
245,84,65
246,41,58
247,35,54
248,104,81
249,155,63
250,104,110
251,184,33
252,133,69
253,141,70
254,148,70
255,158,66
256,127,67
257,145,46
258,136,47
259,153,47
260,158,51
261,164,71
262,126,172
263,158,60
264,185,67
265,173,65
266,136,101
267,106,128
268,105,136
269,114,132
270,120,136
271,112,137
272,117,139
273,131,150
274,104,106
275,105,98
276,170,44
277,121,81
278,121,104
279,121,100
280,159,101
281,104,89
282,152,35
283,163,38
284,178,19
285,116,43
286,128,50
287,136,143
288,173,138
289,115,108
290,109,111
291,126,142
292,124,142
293,167,32
294,120,108
295,136,36
296,138,30
297,146,0
298,172,26
299,141,14
300,174,40
301,179,38
302,105,132
303,113,135
304,118,138
305,113,110
306,125,142
307,122,143
308,123,142
309,111,105
310,116,140
311,110,138
312,104,138
313,108,162
314,107,152
315,106,147
316,106,142
317,105,138
318,116,139
319,117,141
320,119,144
321,120,147
322,128,129
323,182,100
324,119,141
325,121,142
326,106,114
327,118,112
328,107,112
329,129,86
330,142,92
331,122,104
332,166,7
333,160,18
334,154,28
335,125,154
336,119,33
337,121,14
338,124,-3
339,154,69
340,172,77
341,122,65
342,166,54
343,116,76
344,116,101
345,178,82
346,167,83
347,157,85
348,142,84
349,131,80
350,123,76
351,105,66
352,176,98
353,172,53
354,101,109
355,120,89
356,186,66
357,117,71
358,123,105
359,161,60
360,117,96
361,179,119
362,122,62
363,111,92
364,158,156
365,157,164
366,182,99
367,166,146
368,182,51
369,128,180
370,100,111
371,126,95
372,179,67
373,148,65
374,141,66
375,124,145
376,173,113
377,114,190
378,137,180
379,147,173
380,135,65
381,128,64
382,124,63
383,177,52
384,129,57
385,136,55
386,143,54
387,150,56
388,154,57
389,186,48
390,152,64
391,121,124
392,115,107
393,108,120
394,148,165
395,138,173
396,115,185
397,166,153
398,124,60
399,110,78
400,126,185
401,178,116
402,111,138
403,112,142
404,113,146
405,114,150
406,117,159
407,121,140
408,122,140
409,124,140
410,133,135
411,163,117
412,110,70
413,116,56
414,121,57
415,119,141
416,163,135
417,109,56
418,122,165
419,105,74
420,115,90
421,111,169
422,139,153
423,129,111
424,131,160
425,147,110
426,137,119
427,153,123
428,113,178
429,119,95
430,146,158
431,136,165
432,144,144
433,171,126
434,154,144
435,174,131
436,142,130
437,115,83
438,114,104
439,118,107
440,111,99
441,123,49
442,136,43
443,147,42
444,157,44
445,163,48
446,166,63
447,184,83
448,160,74
449,152,77
450,142,76
451,132,74
452,124,71
453,119,68
454,184,83
455,118,109
456,110,85
457,109,104
458,105,108
459,109,106
460,115,111
461,103,109
462,102,111
463,119,62
464,115,64
465,112,65
466,156,59
467,162,55
468,56,60
469,64,60
470,56,53
471,48,60
472,56,66
473,141,59
474,149,60
475,141,52
476,133,59
477,141,66
