0,99,132
1,103,109
2,101,116
3,95,84
4,103,101
5,103,91
6,100,66
7,43,63
8,99,43
9,100,33
10,99,-1
11,99,134
12,98,136
13,98,137
14,97,154
15,98,156
16,98,160
17,97,164
18,98,172
19,102,113
20,94,112
21,7,33
22,65,69
23,57,70
24,49,69
25,39,66
26,72,68
27,53,47
28,62,48
29,44,48
30,38,52
31,31,70
32,67,176
33,40,61
34,5,66
35,21,65
36,57,101
37,87,129
38,87,135
39,75,130
40,66,131
41,77,134
42,68,133
43,57,148
44,96,109
45,96,101
46,25,44
47,74,82
48,76,106
49,74,102
50,32,99
51,95,92
52,45,35
53,33,38
54,16,19
55,82,42
56,70,51
57,52,139
58,11,136
59,81,110
60,88,112
61,54,134
62,56,134
63,28,33
64,74,109
65,61,36
66,59,29
67,51,2
68,23,26
69,57,15
70,20,41
71,14,37
72,87,132
73,76,132
74,67,132
75,83,112
76,55,134
77,61,142
78,57,135
79,86,108
80,69,134
81,77,135
82,87,136
83,85,171
84,86,162
85,86,158
86,86,155
87,87,153
88,70,146
89,69,147
90,67,149
91,66,151
92,63,127
93,2,98
94,101,114
95,64,142
96,62,142
97,90,115
98,76,113
99,89,114
100,65,86
101,52,91
102,72,105
103,30,8
104,37,18
105,42,29
106,64,157
107,79,31
108,77,15
109,73,0
110,43,68
111,22,76
112,77,66
113,30,55
114,81,78
115,81,103
116,12,80
117,27,81
118,38,83
119,54,83
120,66,80
121,75,77
122,92,68
123,13,96
124,23,54
125,98,113
126,75,90
127,0,64
128,82,73
129,71,105
130,36,62
131,80,98
132,5,116
133,77,63
134,88,94
135,32,156
136,32,164
137,4,98
138,21,145
139,9,51
140,67,182
141,98,114
142,67,95
143,14,67
144,51,64
145,57,65
146,59,143
147,14,111
148,81,192
149,56,181
150,45,174
151,99,16
152,97,194
153,64,65
154,70,64
155,75,64
156,17,52
157,69,58
158,62,56
159,55,55
160,49,57
161,45,59
162,2,47
163,46,64
164,100,121
165,72,123
166,82,109
167,88,121
168,99,55
169,44,165
170,55,174
171,81,189
172,21,152
173,75,61
174,87,80
175,98,190
176,68,187
177,6,115
178,78,150
179,77,152
180,76,154
181,75,158
182,73,165
183,61,133
184,60,133
185,59,132
186,56,132
187,25,116
188,87,72
189,82,57
190,78,58
191,62,134
192,24,134
193,89,56
194,70,170
195,102,83
196,94,76
197,101,75
198,82,92
199,98,184
200,98,177
201,83,176
202,52,151
203,63,111
204,60,161
205,44,110
206,55,118
207,37,121
208,82,183
209,76,96
210,46,157
211,57,167
212,45,140
213,16,124
214,36,142
215,11,131
216,49,126
217,82,85
218,84,107
219,78,109
220,88,102
221,76,49
222,62,43
223,50,42
224,40,45
225,33,49
226,29,63
227,4,82
228,36,73
229,44,75
230,55,76
231,66,74
232,74,72
233,80,70
234,1,81
235,78,110
236,88,87
237,90,108
238,94,111
239,90,109
240,79,112
241,96,112
242,96,114
243,80,63
244,84,65
245,86,66
246,42,60
247,35,56
248,108,84
249,150,62
250,108,112
251,170,33
252,130,68
253,137,68
254,144,68
255,153,64
256,124,66
257,141,45
258,132,46
259,149,47
260,154,50
261,158,69
262,125,174
263,153,60
264,173,65
265,165,62
266,137,100
267,110,130
268,109,136
269,119,132
270,125,133
271,117,135
272,122,136
273,133,147
274,109,108
275,110,101
276,163,41
277,121,82
278,124,105
279,124,101
280,158,98
281,109,92
282,147,34
283,157,36
284,166,20
285,116,42
286,124,50
287,138,137
288,162,133
289,118,110
290,112,112
291,133,137
292,131,137
293,160,30
294,124,108
295,134,35
296,135,28
297,141,3
298,163,26
299,138,16
300,166,37
301,168,37
302,110,133
303,118,134
304,124,134
305,116,111
306,132,137
307,128,145
308,130,138
309,115,108
310,121,136
311,115,137
312,108,137
313,110,170
314,108,163
315,108,159
316,108,155
317,107,153
318,120,148
319,122,149
320,123,151
321,124,153
322,131,126
323,169,96
324,125,144
325,126,144
326,110,115
327,121,112
328,111,114
329,129,86
330,141,90
331,125,104
332,157,10
333,154,19
334,149,27
335,128,156
336,118,31
337,120,16
338,122,0
339,150,67
340,165,73
341,119,65
342,160,53
343,116,78
344,120,103
345,171,79
346,162,79
347,154,83
348,140,82
349,130,79
350,122,76
351,107,68
352,171,95
353,164,51
354,106,112
355,121,89
356,171,64
357,116,72
358,125,104
359,156,60
360,120,98
361,166,114
362,119,62
363,115,94
364,151,152
365,148,159
366,174,96
367,159,142
368,171,50
369,125,180
370,104,114
371,128,94
372,169,63
373,143,63
374,137,64
375,129,145
376,170,109
377,112,191
378,131,177
379,139,169
380,131,63
381,125,63
382,121,62
383,167,49
384,126,57
385,132,55
386,139,54
387,145,56
388,149,57
389,172,47
390,147,63
391,125,123
392,118,109
393,111,121
394,142,162
395,133,170
396,113,187
397,155,148
398,121,60
399,112,80
400,122,185
401,171,112
402,114,151
403,116,153
404,117,156
405,117,159
406,120,164
407,127,136
408,129,135
409,130,135
410,136,131
411,162,114
412,111,72
413,114,56
414,118,57
415,126,137
416,160,132
417,109,56
418,123,168
419,108,76
420,118,91
421,111,175
422,138,149
423,131,110
424,131,159
425,148,109
426,138,117
427,153,120
428,113,182
429,121,95
430,142,154
431,133,164
432,144,138
433,167,122
434,151,140
435,167,128
436,142,125
437,116,85
438,118,107
439,121,108
440,116,102
441,120,48
442,133,42
443,144,41
444,152,43
445,158,46
446,160,61
447,174,81
448,155,72
449,148,74
450,139,75
451,130,73
452,122,71
453,117,69
454,170,80
455,121,110
456,113,87
457,113,107
458,109,111
459,113,109
460,119,112
461,108,112
462,106,113
463,117,62
464,113,64
465,112,66
466,151,59
467,157,54
468,58,60
469,67,59
470,58,52
471,49,60
472,58,67
473,136,58
474,145,58
475,136,51
476,127,58
477,136,66
