0,96,132
1,97,108
2,97,115
3,91,82
4,97,100
5,97,89
6,98,64
7,44,62
8,98,41
9,98,30
10,98,-6
11,96,134
12,96,136
13,97,137
14,97,148
15,97,151
16,97,154
17,97,157
18,97,167
19,97,112
20,90,112
21,17,30
22,64,68
23,56,69
24,49,68
25,40,64
26,70,67
27,54,45
28,63,47
29,46,47
30,41,50
31,34,68
32,69,175
33,41,60
34,13,64
35,26,62
36,57,99
37,85,131
38,86,135
39,75,132
40,68,134
41,77,135
42,71,136
43,59,145
44,91,108
45,90,100
46,30,40
47,74,81
48,72,104
49,72,100
50,34,97
51,90,90
52,48,31
53,38,34
54,24,16
55,81,39
56,70,50
57,52,135
58,23,136
59,78,109
60,84,111
61,59,136
62,61,136
63,34,28
64,71,107
65,62,32
66,61,25
67,54,-2
68,29,23
69,58,11
70,26,36
71,22,35
72,85,133
73,76,134
74,69,135
75,80,110
76,60,136
77,65,141
78,62,137
79,82,107
80,72,136
81,79,136
82,87,136
83,86,166
84,86,156
85,86,153
86,87,150
87,87,147
88,73,143
89,72,144
90,70,145
91,69,147
92,61,125
93,14,98
94,97,114
95,68,141
96,67,141
97,87,114
98,74,111
99,85,113
100,66,84
101,52,89
102,70,103
103,36,5
104,41,15
105,46,25
106,66,153
107,79,28
108,77,11
109,74,-5
110,43,67
111,25,73
112,74,65
113,33,53
114,80,76
115,77,102
116,18,78
117,30,78
118,39,81
119,53,80
120,64,78
121,73,75
122,90,66
123,18,94
124,28,51
125,93,112
126,74,88
127,12,63
128,79,71
129,69,103
130,37,60
131,77,97
132,17,117
133,75,62
134,84,93
135,38,155
136,41,163
137,13,97
138,28,144
139,17,48
140,69,183
141,94,114
142,67,93
143,20,64
144,50,64
145,57,64
146,64,142
147,19,110
148,83,194
149,62,181
150,52,174
151,98,12
152,98,196
153,63,64
154,69,63
155,73,63
156,23,49
157,68,58
158,62,56
159,56,55
160,49,56
161,45,58
162,14,45
163,46,63
164,97,121
165,70,122
166,78,108
167,85,121
168,98,53
169,49,165
170,59,174
171,82,190
172,31,152
173,73,60
174,85,78
175,98,191
176,71,189
177,15,114
178,80,146
179,78,147
180,77,150
181,77,153
182,74,161
183,66,136
184,64,135
185,63,135
186,55,129
187,27,114
188,85,70
189,80,55
190,76,57
191,67,136
192,29,133
193,87,54
194,71,168
195,98,81
196,91,74
197,98,73
198,79,90
199,98,184
200,97,175
201,84,174
202,54,149
203,62,109
204,62,159
205,44,108
206,55,116
207,38,119
208,82,183
209,74,94
210,50,156
211,60,166
212,47,137
213,22,123
214,39,141
215,20,130
216,48,124
217,80,83
218,80,106
219,75,107
220,83,101
221,75,47
222,63,41
223,52,40
224,43,42
225,36,46
226,32,61
227,12,80
228,37,71
229,45,74
230,55,74
231,64,73
232,72,71
233,77,68
234,13,80
235,74,108
236,85,85
237,85,107
238,90,110
239,85,108
240,76,111
241,91,111
242,92,113
243,77,62
244,81,64
245,84,65
246,43,59
247,37,54
248,104,82
249,151,62
250,104,112
251,177,30
252,130,69
253,138,70
254,145,69
255,154,65
256,124,67
257,141,45
258,132,46
259,149,46
260,154,50
261,160,69
262,126,176
263,153,61
264,180,64
265,167,62
266,138,99
267,108,131
268,107,135
269,118,133
270,125,134
271,116,135
272,123,136
273,136,145
274,104,108
275,105,100
276,164,40
277,121,81
278,122,104
279,123,100
280,161,97
281,104,90
282,148,30
283,157,33
284,170,16
285,114,38
286,124,50
287,143,135
288,171,136
289,116,109
290,110,112
291,136,136
292,133,136
293,161,28
294,123,107
295,134,31
296,135,24
297,142,-2
298,166,23
299,138,11
300,168,36
301,173,34
302,107,133
303,117,134
304,124,135
305,115,110
306,134,136
307,130,141
308,132,137
309,112,107
310,122,136
311,115,136
312,107,136
313,109,166
314,108,156
315,108,153
316,107,150
317,106,147
318,121,143
319,123,144
320,124,145
321,125,147
322,133,125
323,179,98
324,126,141
325,128,141
326,108,114
327,121,111
328,109,113
329,129,84
330,142,89
331,124,103
332,160,5
333,155,15
334,150,24
335,130,153
336,116,26
337,119,11
338,122,-5
339,151,67
340,168,73
341,119,65
342,161,53
343,115,76
344,117,102
345,176,79
346,164,79
347,156,81
348,142,81
349,130,78
350,122,75
351,105,66
352,176,94
353,166,51
354,101,112
355,121,88
356,181,63
357,116,71
358,125,103
359,157,60
360,118,97
361,176,117
362,119,63
363,111,93
364,157,155
365,155,164
366,180,97
367,167,145
368,177,48
369,127,183
370,100,114
371,128,93
372,173,64
373,144,65
374,138,66
375,131,142
376,175,110
377,113,194
378,134,182
379,144,174
380,131,65
381,125,64
382,121,63
383,170,49
384,126,58
385,132,56
386,139,56
387,145,57
388,149,58
389,180,45
390,148,64
391,125,122
392,116,108
393,109,121
394,146,165
395,137,174
396,114,190
397,164,152
398,121,61
399,110,78
400,125,189
401,178,114
402,115,146
403,116,147
404,117,149
405,118,153
406,121,161
407,129,136
408,130,135
409,131,135
410,140,129
411,167,114
412,110,70
413,114,55
414,118,57
415,127,136
416,166,133
417,108,54
418,124,168
419,105,74
420,116,90
421,111,174
422,141,149
423,132,109
424,133,159
425,151,108
426,140,116
427,157,119
428,113,183
429,121,94
430,146,156
431,136,166
432,148,138
433,173,123
434,156,141
435,174,130
436,146,124
437,115,83
438,115,106
439,120,107
440,111,101
441,120,46
442,133,40
443,144,39
444,153,41
445,158,46
446,161,61
447,181,80
448,157,72
449,150,74
450,140,75
451,130,73
452,122,71
453,117,68
454,180,80
455,120,109
456,110,85
457,109,107
458,105,111
459,109,108
460,118,111
461,103,111
462,103,113
463,116,62
464,113,64
465,111,65
466,151,60
467,157,54
468,57,59
469,65,59
470,57,52
471,49,59
472,57,66
473,137,60
474,145,60
475,137,53
476,128,60
477,137,67
