0,95,136
1,82,112
2,90,117
3,79,87
4,80,105
5,81,95
6,88,69
7,49,57
8,89,48
9,88,38
10,88,0
11,96,138
12,97,139
13,98,141
14,98,141
15,98,143
16,98,146
17,99,149
18,103,158
19,84,115
20,80,114
21,39,27
22,71,66
23,63,67
24,57,66
25,49,58
26,75,65
27,54,42
28,63,44
29,48,43
30,45,45
31,47,63
32,84,162
33,47,53
34,44,57
35,43,55
36,63,99
37,88,134
38,91,139
39,84,134
40,82,135
41,87,138
42,85,137
43,76,141
44,76,112
45,74,105
46,37,39
47,75,81
48,68,106
49,69,102
50,48,95
51,76,95
52,44,35
53,38,35
54,38,17
55,72,45
56,71,48
57,70,133
58,67,115
59,74,110
60,78,113
61,80,136
62,81,136
63,36,30
64,70,108
65,54,38
66,52,32
67,52,4
68,38,24
69,54,19
70,35,35
71,37,33
72,89,137
73,85,136
74,83,136
75,75,112
76,81,136
77,82,138
78,82,137
79,73,110
80,86,138
81,89,139
82,92,140
83,94,157
84,92,148
85,91,145
86,91,142
87,93,140
88,86,138
89,85,139
90,84,141
91,83,142
92,71,124
93,57,83
94,86,116
95,84,137
96,83,138
97,81,116
98,73,112
99,80,115
100,69,84
101,60,89
102,70,104
103,42,9
104,43,19
105,41,29
106,80,147
107,67,36
108,69,19
109,67,1
110,52,63
111,43,68
112,78,63
113,42,48
114,77,77
115,69,105
116,41,73
117,45,75
118,51,80
119,62,80
120,71,77
121,76,74
122,82,70
123,42,88
124,40,46
125,81,115
126,74,89
127,49,54
128,79,72
129,71,103
130,46,52
131,70,99
132,61,98
133,78,60
134,72,97
135,68,139
136,75,143
137,47,86
138,63,128
139,40,44
140,85,167
141,84,116
142,70,93
143,42,55
144,55,62
145,62,63
146,81,139
147,46,101
148,97,177
149,85,163
150,81,154
151,88,19
152,109,180
153,69,62
154,74,61
155,77,61
156,38,43
157,72,52
158,65,48
159,58,47
160,52,47
161,49,49
162,42,39
163,51,60
164,92,122
165,74,122
166,73,110
167,83,122
168,90,58
169,75,149
170,80,158
171,94,174
172,71,131
173,76,57
174,78,82
175,107,178
176,89,171
177,51,100
178,89,139
179,87,141
180,87,143
181,86,146
182,86,153
183,83,137
184,82,136
185,81,135
186,69,128
187,50,108
188,80,73
189,79,56
190,77,55
191,85,137
192,57,122
193,82,57
194,85,157
195,84,86
196,80,79
197,86,78
198,74,92
199,105,172
200,104,165
201,93,163
202,72,141
203,67,109
204,79,150
205,56,106
206,64,115
207,55,116
208,92,170
209,73,95
210,71,144
211,78,153
212,66,133
213,52,112
214,62,131
215,57,113
216,63,123
217,76,85
218,71,108
219,70,109
220,71,105
221,72,48
222,59,42
223,50,40
224,43,40
225,41,43
226,45,54
227,44,71
228,49,68
229,55,72
230,63,72
231,71,71
232,76,69
233,79,67
234,54,68
235,72,110
236,75,89
237,73,110
238,78,113
239,75,111
240,74,112
241,79,114
242,82,115
243,80,61
244,82,64
245,82,67
246,48,51
247,44,48
248,91,87
249,156,61
250,95,114
251,194,24
252,131,69
253,139,69
254,147,69
255,160,63
256,124,67
257,142,46
258,132,47
259,152,47
260,158,49
261,167,67
262,136,166
263,160,58
264,199,58
265,177,61
266,137,99
267,105,134
268,106,139
269,116,135
270,125,135
271,116,138
272,124,137
273,143,142
274,88,112
275,88,105
276,168,43
277,118,81
278,115,107
279,117,102
280,164,97
281,89,96
282,144,38
283,157,39
284,180,13
285,107,48
286,125,51
287,149,135
288,205,123
289,110,111
290,103,113
291,138,134
292,136,135
293,162,34
294,118,109
295,127,41
296,127,35
297,137,1
298,170,23
299,131,17
300,174,39
301,183,32
302,105,137
303,116,136
304,124,136
305,109,112
306,137,134
307,132,137
308,135,135
309,102,111
310,123,137
311,115,139
312,107,140
313,114,158
314,109,148
315,108,145
316,107,142
317,107,140
318,123,138
319,124,138
320,126,140
321,127,141
322,133,125
323,212,85
324,130,136
325,131,137
326,101,116
327,117,113
328,102,115
329,128,85
330,142,89
331,120,105
332,161,5
333,153,18
334,146,32
335,136,149
336,108,39
337,110,18
338,113,0
339,155,67
340,176,72
341,120,66
342,167,52
343,112,78
344,107,106
345,188,75
346,168,78
347,156,82
348,139,81
349,128,79
350,120,76
351,96,70
352,188,91
353,174,51
354,88,115
355,117,89
356,209,52
357,113,73
358,123,104
359,164,58
360,109,100
361,210,103
362,120,63
363,99,97
364,177,147
365,181,153
366,203,89
367,189,136
368,192,43
369,139,172
370,90,116
371,126,94
372,187,61
373,147,65
374,139,65
375,133,138
376,189,105
377,125,180
378,152,170
379,165,163
380,132,65
381,126,64
382,122,64
383,181,49
384,128,56
385,135,53
386,142,52
387,150,53
388,155,55
389,203,37
390,152,63
391,123,122
392,109,111
393,104,122
394,164,157
395,152,165
396,123,177
397,194,140
398,123,61
399,102,82
400,139,176
401,202,105
402,115,139
403,116,141
404,117,143
405,118,146
406,126,154
407,131,136
408,132,135
409,133,134
410,142,129
411,175,111
412,104,73
413,112,58
414,118,58
415,130,136
416,180,127
417,102,59
418,132,160
419,94,79
420,109,93
421,118,164
422,151,145
423,131,109
424,143,153
425,152,108
426,141,116
427,162,118
428,121,172
429,116,96
430,159,150
431,148,159
432,157,136
433,189,117
434,169,137
435,198,121
436,150,124
437,109,86
438,104,110
439,112,110
440,98,105
441,117,52
442,130,46
443,142,43
444,153,44
445,162,47
446,169,60
447,202,73
448,161,71
449,151,74
450,140,75
451,130,73
452,122,71
453,116,69
454,211,68
455,114,111
456,100,89
457,96,111
458,94,114
459,97,112
460,113,113
461,91,115
462,93,115
463,117,64
464,111,66
465,107,68
466,158,56
467,163,53
468,66,54
469,75,54
470,66,47
471,58,54
472,67,62
473,145,58
474,153,57
475,144,51
476,137,58
477,146,65
