0,95,128
1,98,108
2,99,116
3,92,83
4,98,100
5,98,90
6,99,66
7,47,64
8,99,46
9,99,36
10,99,-1
11,95,131
12,95,133
13,96,134
14,97,164
15,97,168
16,97,172
17,97,177
18,101,176
19,98,112
20,91,112
21,22,38
22,68,70
23,60,70
24,53,70
25,44,67
26,74,68
27,56,49
28,65,50
29,48,51
30,43,54
31,37,71
32,73,182
33,45,62
34,18,71
35,29,66
36,61,101
37,83,127
38,85,133
39,74,129
40,69,133
41,78,133
42,72,135
43,64,152
44,92,108
45,91,100
46,32,47
47,77,83
48,74,105
49,73,101
50,38,101
51,91,90
52,48,39
53,38,42
54,28,23
55,82,44
56,72,53
57,58,142
58,28,145
59,80,110
60,86,112
61,64,142
62,67,143
63,34,37
64,73,108
65,62,39
66,61,32
67,56,3
68,32,30
69,60,17
70,28,44
71,25,41
72,84,130
73,76,131
74,70,134
75,81,111
76,66,142
77,68,152
78,68,143
79,83,108
80,74,136
81,80,134
82,87,134
83,89,175
84,85,176
85,85,171
86,86,166
87,87,163
88,75,156
89,73,157
90,71,159
91,69,162
92,66,128
93,19,106
94,98,114
95,72,151
96,69,151
97,88,115
98,76,113
99,87,114
100,68,87
101,56,92
102,72,104
103,38,11
104,43,21
105,45,33
106,70,161
107,79,34
108,78,16
109,75,0
110,47,69
111,29,77
112,79,66
113,36,57
114,82,78
115,78,102
116,22,84
117,33,82
118,42,84
119,57,83
120,68,80
121,76,77
122,92,68
123,22,99
124,30,56
125,94,112
126,77,90
127,17,71
128,82,72
129,71,105
130,41,63
131,78,98
132,22,125
133,79,63
134,85,93
135,43,162
136,45,172
137,17,103
138,33,152
139,21,55
140,72,190
141,95,114
142,70,95
143,24,68
144,54,65
145,60,66
146,66,153
147,24,115
148,86,202
149,64,190
150,55,182
151,98,16
152,102,204
153,66,66
154,73,65
155,77,64
156,26,55
157,72,59
158,65,58
159,59,58
160,52,59
161,48,60
162,18,53
163,50,65
164,99,121
165,73,124
166,80,109
167,88,121
168,99,56
169,53,172
170,62,181
171,85,197
172,36,161
173,77,61
174,87,80
175,101,199
176,74,197
177,20,121
178,80,160
179,78,163
180,77,166
181,76,171
182,78,169
183,69,138
184,67,138
185,65,137
186,60,135
187,33,118
188,87,72
189,83,57
190,79,58
191,70,138
192,34,139
193,89,57
194,75,175
195,98,81
196,92,76
197,98,74
198,81,91
199,101,191
200,101,182
201,87,181
202,59,155
203,66,111
204,66,166
205,49,111
206,59,119
207,44,124
208,86,189
209,76,95
210,54,162
211,63,172
212,53,144
213,27,129
214,44,147
215,25,137
216,54,129
217,82,85
218,81,106
219,76,108
220,84,101
221,77,50
222,64,46
223,52,45
224,44,47
225,38,51
226,36,65
227,16,87
228,41,74
229,48,76
230,58,76
231,68,75
232,76,72
233,81,69
234,18,89
235,76,110
236,86,86
237,86,107
238,91,111
239,87,108
240,78,112
241,92,111
242,93,113
243,81,63
244,85,65
245,86,66
246,46,62
247,40,58
248,105,83
249,152,63
250,106,112
251,182,36
252,132,68
253,139,69
254,146,69
255,156,66
256,126,67
257,143,49
258,135,49
259,151,50
260,156,53
261,163,70
262,131,182
263,155,62
264,186,70
265,172,65
266,140,101
267,108,126
268,108,132
269,121,129
270,131,133
271,119,133
272,128,135
273,140,152
274,105,108
275,105,100
276,167,47
277,123,82
278,124,105
279,125,101
280,163,100
281,105,90
282,149,39
283,160,42
284,174,21
285,115,45
286,128,52
287,146,142
288,181,145
289,119,110
290,112,112
291,143,142
292,140,143
293,164,37
294,125,108
295,134,39
296,135,33
297,143,2
298,168,28
299,138,17
300,172,43
301,176,40
302,108,130
303,120,131
304,129,134
305,117,111
306,142,142
307,137,152
308,139,143
309,114,107
310,127,136
311,118,134
312,108,134
313,113,175
314,111,176
315,110,171
316,109,167
317,109,163
318,127,156
319,129,158
320,131,160
321,133,162
322,136,128
323,189,105
324,133,151
325,135,151
326,110,115
327,123,113
328,111,114
329,131,87
330,144,91
331,127,104
332,162,10
333,156,20
334,151,33
335,133,161
336,118,34
337,119,16
338,122,0
339,152,68
340,171,75
341,122,65
342,164,56
343,117,78
344,119,102
345,181,83
346,166,81
347,157,83
348,142,82
349,131,79
350,123,76
351,106,67
352,181,99
353,170,55
354,102,112
355,123,90
356,189,70
357,117,72
358,128,105
359,159,62
360,119,97
361,187,124
362,122,63
363,112,93
364,164,162
365,164,173
366,188,103
367,174,152
368,182,54
369,132,191
370,102,114
371,130,95
372,178,66
373,145,64
374,139,64
375,139,153
376,180,115
377,118,203
378,142,190
379,152,183
380,134,64
381,128,63
382,124,63
383,176,53
384,129,58
385,135,57
386,141,57
387,147,58
388,151,59
389,186,51
390,149,64
391,128,124
392,118,108
393,111,121
394,153,173
395,143,182
396,118,197
397,173,161
398,124,61
399,111,79
400,131,197
401,187,120
402,119,161
403,120,163
404,122,166
405,123,171
406,125,169
407,136,138
408,137,137
409,138,137
410,142,134
411,170,118
412,111,72
413,116,57
414,121,58
415,134,138
416,171,138
417,109,57
418,128,175
419,105,75
420,117,91
421,115,181
422,145,156
423,135,111
424,138,166
425,152,110
426,142,119
427,159,123
428,117,189
429,123,95
430,151,163
431,141,173
432,151,144
433,179,129
434,161,147
435,182,137
436,149,129
437,117,84
438,116,106
439,122,108
440,112,101
441,122,50
442,134,46
443,145,45
444,155,47
445,161,51
446,164,63
447,188,86
448,159,73
449,151,75
450,141,75
451,132,73
452,124,71
453,119,69
454,189,88
455,122,110
456,111,86
457,110,107
458,106,111
459,111,108
460,120,112
461,105,111
462,104,113
463,119,63
464,115,65
465,113,66
466,153,61
467,159,57
468,61,61
469,70,61
470,61,54
471,53,61
472,62,68
473,139,60
474,147,60
475,140,53
476,131,60
477,139,67
