0,99,135
1,105,108
2,101,114
3,98,83
4,106,100
5,105,90
6,103,65
7,44,58
8,103,45
9,104,35
10,104,-1
11,99,138
12,99,140
13,98,142
14,98,142
15,98,145
16,98,149
17,97,153
18,94,160
19,104,111
20,95,111
21,11,26
22,66,67
23,59,67
24,51,67
25,41,61
26,72,65
27,56,43
28,65,44
29,48,44
30,42,47
31,34,66
32,65,167
33,41,55
34,7,59
35,24,59
36,61,99
37,91,134
38,91,140
39,83,136
40,77,137
41,84,140
42,79,140
43,61,145
44,99,107
45,98,100
46,31,41
47,77,80
48,79,105
49,77,100
50,37,97
51,98,91
52,53,35
53,41,37
54,21,14
55,86,44
56,72,48
57,57,138
58,8,127
59,84,109
60,90,111
61,69,139
62,71,140
63,36,31
64,77,108
65,68,37
66,67,31
67,58,0
68,29,22
69,64,14
70,26,37
71,19,32
72,91,137
73,84,138
74,78,138
75,85,110
76,70,139
77,73,141
78,71,140
79,89,107
80,80,141
81,85,141
82,91,141
83,84,160
84,89,152
85,90,148
86,90,145
87,91,142
88,80,141
89,78,142
90,77,144
91,76,146
92,68,126
93,0,90
94,102,113
95,76,140
96,75,141
97,92,114
98,79,112
99,91,112
100,68,84
101,56,89
102,75,103
103,37,4
104,43,16
105,50,29
106,67,151
107,85,34
108,83,15
109,80,-2
110,44,65
111,25,71
112,77,63
113,34,50
114,83,75
115,84,102
116,15,76
117,32,77
118,43,81
119,58,80
120,68,77
121,76,74
122,95,66
123,17,92
124,27,49
125,100,111
126,78,88
127,1,57
128,82,70
129,74,104
130,38,55
131,83,97
132,2,108
133,76,60
134,91,93
135,31,149
136,27,155
137,5,91
138,20,138
139,12,44
140,62,173
141,100,112
142,71,93
143,16,60
144,52,63
145,59,63
146,72,142
147,17,106
148,74,182
149,51,172
150,40,165
151,104,16
152,89,183
153,65,63
154,71,61
155,75,61
156,20,47
157,70,53
158,63,50
159,57,49
160,50,50
161,46,52
162,4,40
163,47,61
164,100,120
165,76,123
166,84,108
167,90,121
168,102,55
169,41,158
170,51,166
171,76,178
172,17,143
173,74,57
174,90,78
175,91,179
176,62,178
177,7,107
178,85,141
179,84,143
180,83,146
181,82,150
182,75,156
183,75,140
184,73,139
185,72,138
186,61,132
187,30,112
188,89,70
189,83,55
190,78,55
191,76,140
192,27,129
193,91,56
194,69,161
195,105,82
196,97,75
197,104,74
198,84,90
199,92,173
200,93,166
201,81,166
202,53,147
203,67,109
204,60,155
205,49,107
206,59,116
207,41,119
208,78,172
209,79,94
210,45,152
211,55,160
212,48,138
213,19,119
214,37,138
215,11,123
216,53,126
217,84,83
218,87,105
219,81,107
220,91,101
221,78,48
222,66,42
223,55,40
224,45,41
225,38,45
226,32,57
227,5,75
228,39,70
229,47,73
230,58,73
231,67,71
232,74,69
233,79,67
234,0,73
235,80,109
236,91,86
237,93,106
238,96,110
239,92,107
240,82,111
241,97,110
242,97,112
243,79,61
244,84,63
245,87,65
246,43,54
247,38,50
248,110,83
249,145,61
250,108,111
251,162,32
252,126,69
253,133,70
254,139,69
255,147,64
256,121,67
257,138,46
258,130,47
259,145,48
260,149,51
261,151,69
262,115,165
263,148,58
264,162,64
265,157,62
266,131,100
267,106,134
268,105,140
269,113,136
270,116,138
271,110,140
272,114,140
273,123,145
274,110,108
275,112,101
276,157,44
277,119,81
278,122,105
279,122,101
280,148,99
281,111,91
282,146,38
283,153,40
284,160,20
285,118,45
286,123,51
287,128,139
288,145,127
289,116,109
290,111,111
291,122,141
292,120,141
293,156,35
294,121,108
295,134,39
296,136,33
297,142,4
298,159,27
299,139,18
300,160,40
301,161,37
302,106,137
303,111,138
304,115,139
305,114,111
306,121,141
307,118,143
308,119,141
309,115,107
310,112,141
311,109,142
312,104,142
313,103,159
314,105,153
315,105,149
316,105,145
317,104,142
318,112,141
319,114,143
320,115,145
321,116,147
322,124,127
323,153,93
324,115,141
325,117,142
326,109,114
327,117,112
328,110,113
329,125,85
330,135,90
331,122,104
332,154,10
333,152,21
334,148,32
335,118,150
336,121,35
337,123,17
338,126,0
339,144,67
340,156,74
341,118,65
342,153,53
343,115,76
344,120,103
345,160,79
346,153,80
347,146,83
348,134,82
349,125,79
350,119,76
351,109,67
352,159,94
353,157,52
354,107,111
355,119,89
356,159,61
357,115,72
358,121,104
359,150,59
360,119,98
361,150,109
362,118,63
363,116,93
364,137,147
365,134,153
366,159,94
367,144,137
368,162,49
369,115,171
370,105,112
371,123,94
372,161,63
373,139,65
374,133,66
375,119,144
376,155,108
377,102,180
378,119,169
379,126,162
380,128,65
381,123,64
382,119,63
383,161,50
384,124,56
385,130,53
386,136,52
387,142,53
388,145,55
389,162,45
390,143,63
391,119,123
392,117,108
393,109,121
394,130,156
395,122,163
396,105,177
397,139,142
398,120,60
399,113,79
400,112,175
401,155,109
402,109,142
403,110,144
404,111,147
405,111,150
406,111,156
407,117,141
408,118,140
409,119,139
410,127,132
411,149,113
412,112,71
413,115,57
414,118,58
415,115,141
416,146,129
417,110,57
418,113,160
419,110,75
420,117,91
421,104,165
422,128,147
423,126,110
424,121,154
425,139,108
426,130,117
427,142,120
428,105,172
429,119,95
430,131,150
431,123,158
432,133,138
433,151,120
434,139,138
435,151,123
436,133,126
437,116,84
438,117,106
439,120,108
440,116,101
441,121,50
442,132,45
443,142,44
444,149,45
445,153,48
446,153,61
447,161,78
448,148,72
449,142,75
450,133,75
451,126,73
452,120,71
453,116,69
454,155,77
455,119,109
456,114,86
457,114,106
458,110,110
459,113,108
460,116,111
461,109,110
462,107,112
463,116,63
464,113,65
465,112,67
466,147,57
467,151,54
468,56,55
469,65,55
470,57,48
471,48,55
472,56,63
473,131,58
474,139,58
475,132,50
476,123,57
477,131,65
