0,97,130
1,96,103
2,96,111
3,89,80
4,96,95
5,96,86
6,96,64
7,40,63
8,96,47
9,96,37
10,97,4
11,97,133
12,97,136
13,97,138
14,97,139
15,97,143
16,97,148
17,97,153
18,97,162
19,96,107
20,89,107
21,12,38
22,63,69
23,55,70
24,47,70
25,37,65
26,69,68
27,48,49
28,58,50
29,40,50
30,35,53
31,31,70
32,66,172
33,37,61
34,8,68
35,22,65
36,56,99
37,89,129
38,90,135
39,82,132
40,77,135
41,85,136
42,80,137
43,61,147
44,89,102
45,88,96
46,22,47
47,73,81
48,72,102
49,71,98
50,32,99
51,89,87
52,40,39
53,29,42
54,19,24
55,77,46
56,66,53
57,56,139
58,15,137
59,78,106
60,84,108
61,71,138
62,73,138
63,24,37
64,72,105
65,56,40
66,53,34
67,50,7
68,23,30
69,54,20
70,17,43
71,16,41
72,90,132
73,83,134
74,78,136
75,80,107
76,72,138
77,74,140
78,74,138
79,81,103
80,81,138
81,86,138
82,91,137
83,86,162
84,88,152
85,88,147
86,89,143
87,91,139
88,81,138
89,79,140
90,77,142
91,75,145
92,64,125
93,8,101
94,96,108
95,78,138
96,76,139
97,87,111
98,75,110
99,86,109
100,64,85
101,51,90
102,70,102
103,30,14
104,35,23
105,36,34
106,67,153
107,73,36
108,74,20
109,71,4
110,41,68
111,23,75
112,74,66
113,27,56
114,78,76
115,76,99
116,13,82
117,29,81
118,40,84
119,55,83
120,66,80
121,74,76
122,89,66
123,14,97
124,21,55
125,92,106
126,73,88
127,7,69
128,80,73
129,69,103
130,33,61
131,76,94
132,10,119
133,73,64
134,82,90
135,31,155
136,31,163
137,8,99
138,22,145
139,12,54
140,64,180
141,93,108
142,66,93
143,15,66
144,47,65
145,54,66
146,73,141
147,16,112
148,79,191
149,54,180
150,43,173
151,96,20
152,97,192
153,61,65
154,67,64
155,71,64
156,16,53
157,66,59
158,58,56
159,51,56
160,45,57
161,41,58
162,8,52
163,43,64
164,96,117
165,71,121
166,78,104
167,86,117
168,96,56
169,42,164
170,52,172
171,79,185
172,22,152
173,71,62
174,84,77
175,97,187
176,66,186
177,10,116
178,85,138
179,83,141
180,82,145
181,81,149
182,75,158
183,76,138
184,75,137
185,73,137
186,59,132
187,27,115
188,84,71
189,79,58
190,74,59
191,78,138
192,26,134
193,86,58
194,70,165
195,96,79
196,89,73
197,96,72
198,78,89
199,97,179
200,97,170
201,83,169
202,53,150
203,63,109
204,60,158
205,44,108
206,55,116
207,38,120
208,80,178
209,74,93
210,45,156
211,55,164
212,47,140
213,18,125
214,36,142
215,14,131
216,50,126
217,79,82
218,79,101
219,74,104
220,82,97
221,71,51
222,57,46
223,45,45
224,35,47
225,29,50
226,28,63
227,7,84
228,36,73
229,44,76
230,55,76
231,65,74
232,72,72
233,77,70
234,7,85
235,75,106
236,83,83
237,84,102
238,88,105
239,84,103
240,77,108
241,90,106
242,91,108
243,76,64
244,81,66
245,84,67
246,38,60
247,32,56
248,103,80
249,156,63
250,103,107
251,185,38
252,134,70
253,142,71
254,149,70
255,159,66
256,128,69
257,145,48
258,136,49
259,154,49
260,159,52
261,166,71
262,128,172
263,158,61
264,189,69
265,175,66
266,137,99
267,105,129
268,105,136
269,113,132
270,119,135
271,111,136
272,115,137
273,134,147
274,102,103
275,104,96
276,171,46
277,121,81
278,121,102
279,122,98
280,162,100
281,103,87
282,152,38
283,163,40
284,177,25
285,115,47
286,128,53
287,139,139
288,182,138
289,114,106
290,108,108
291,125,139
292,123,139
293,168,35
294,121,106
295,136,40
296,137,34
297,144,7
298,172,31
299,139,20
300,175,43
301,180,41
302,105,133
303,112,134
304,117,136
305,112,107
306,124,139
307,121,140
308,122,139
309,111,103
310,114,138
311,109,138
312,104,138
313,108,162
314,106,152
315,106,147
316,105,143
317,104,139
318,114,138
319,116,140
320,118,142
321,119,145
322,130,126
323,190,102
324,118,139
325,119,139
326,106,111
327,118,110
328,107,109
329,130,85
330,143,91
331,123,102
332,164,14
333,159,23
334,154,32
335,127,153
336,118,37
337,119,20
338,122,4
339,156,69
340,174,76
341,123,67
342,167,56
343,115,76
344,116,99
345,183,82
346,169,81
347,158,84
348,143,83
349,132,80
350,123,76
351,104,66
352,181,98
353,173,55
354,100,106
355,120,88
356,191,69
357,117,72
358,124,103
359,162,61
360,117,94
361,187,119
362,123,64
363,110,90
364,164,155
365,164,164
366,189,100
367,174,145
368,184,54
369,130,180
370,99,108
371,127,93
372,181,68
373,149,66
374,142,67
375,123,142
376,180,113
377,115,191
378,141,180
379,152,173
380,136,67
381,130,66
382,125,65
383,179,54
384,129,58
385,136,56
386,143,55
387,150,56
388,154,58
389,189,52
390,153,64
391,122,121
392,115,104
393,107,118
394,153,165
395,142,172
396,115,185
397,174,153
398,125,62
399,110,77
400,129,186
401,187,116
402,110,139
403,111,141
404,113,145
405,114,149
406,119,158
407,119,138
408,121,138
409,122,137
410,136,132
411,169,116
412,110,71
413,116,59
414,121,59
415,118,139
416,170,134
417,108,58
418,124,165
419,104,73
420,115,89
421,111,169
422,142,150
423,131,109
424,134,158
425,150,109
426,139,117
427,157,121
428,114,178
429,120,93
430,150,156
431,139,165
432,148,141
433,178,125
434,159,142
435,183,131
436,145,127
437,115,82
438,113,102
439,118,104
440,110,97
441,122,52
442,136,46
443,148,44
444,157,45
445,164,49
446,168,63
447,190,84
448,162,74
449,153,76
450,143,76
451,133,75
452,125,72
453,119,70
454,190,85
455,118,106
456,109,83
457,108,102
458,103,105
459,108,103
460,116,109
461,102,106
462,101,108
463,120,64
464,115,66
465,112,67
466,156,59
467,162,56
468,53,60
469,62,60
470,52,53
471,44,61
472,53,67
473,139,60
474,148,60
475,139,53
476,130,60
477,139,68
