0,98,131
1,96,111
2,96,118
3,90,84
4,95,103
5,96,92
6,97,65
7,46,62
8,97,44
9,97,34
10,97,-4
11,98,134
12,98,136
13,98,138
14,98,150
15,98,153
16,98,157
17,98,161
18,99,171
19,96,115
20,89,114
21,18,32
22,66,68
23,59,69
24,52,68
25,42,65
26,72,66
27,54,47
28,63,48
29,46,49
30,41,52
31,36,69
32,70,179
33,43,60
34,15,66
35,27,64
36,58,101
37,88,129
38,89,135
39,79,131
40,73,133
41,81,135
42,76,136
43,62,149
44,89,111
45,88,103
46,30,46
47,75,82
48,72,107
49,72,102
50,35,100
51,89,93
52,47,38
53,36,40
54,24,18
55,80,44
56,70,51
57,56,140
58,25,139
59,78,111
60,84,114
61,66,137
62,68,137
63,32,35
64,72,109
65,61,38
66,59,32
67,53,0
68,28,26
69,57,15
70,25,42
71,22,37
72,88,133
73,80,133
74,74,135
75,80,112
76,67,137
77,70,143
78,69,138
79,81,110
80,77,137
81,83,137
82,90,137
83,87,170
84,87,160
85,88,156
86,89,152
87,90,149
88,78,145
89,76,146
90,74,148
91,73,150
92,64,128
93,17,99
94,96,116
95,74,142
96,72,142
97,86,117
98,75,113
99,85,115
100,66,86
101,53,91
102,71,105
103,35,7
104,39,18
105,44,31
106,68,157
107,77,33
108,75,14
109,73,-3
110,46,67
111,28,75
112,77,64
113,34,55
114,80,77
115,77,105
116,19,80
117,33,80
118,42,83
119,57,82
120,68,79
121,75,75
122,90,67
123,20,97
124,28,54
125,92,115
126,75,90
127,14,64
128,81,71
129,70,105
130,39,61
131,76,99
132,20,118
133,77,62
134,82,95
135,39,158
136,41,167
137,15,98
138,29,148
139,18,50
140,70,187
141,93,116
142,68,95
143,22,65
144,53,64
145,59,64
146,69,144
147,21,112
148,84,199
149,62,186
150,52,178
151,97,14
152,100,201
153,65,64
154,71,63
155,75,62
156,23,52
157,70,57
158,63,55
159,57,55
160,51,56
161,47,58
162,14,46
163,49,63
164,97,123
165,71,124
166,78,110
167,86,123
168,97,55
169,50,169
170,59,178
171,83,194
172,32,155
173,74,60
174,84,80
175,100,197
176,72,194
177,18,116
178,83,147
179,81,149
180,80,152
181,79,156
182,76,165
183,72,136
184,70,136
185,69,135
186,58,133
187,30,117
188,85,72
189,81,56
190,77,57
191,73,137
192,31,136
193,87,56
194,73,171
195,96,83
196,89,76
197,96,75
198,79,92
199,99,189
200,99,179
201,86,177
202,56,153
203,64,111
204,64,163
205,46,110
206,57,119
207,40,122
208,84,187
209,75,96
210,51,160
211,60,170
212,49,142
213,24,126
214,40,144
215,22,133
216,51,128
217,80,85
218,79,108
219,74,109
220,82,104
221,75,49
222,62,44
223,51,44
224,42,46
225,36,49
226,34,62
227,14,82
228,40,73
229,48,75
230,58,75
231,67,73
232,74,70
233,79,68
234,15,81
235,75,111
236,84,87
237,84,109
238,88,113
239,84,110
240,77,113
241,90,114
242,91,115
243,79,62
244,83,64
245,85,65
246,45,59
247,38,56
248,103,84
249,152,60
250,104,114
251,185,29
252,132,66
253,139,66
254,146,66
255,156,63
256,125,65
257,143,46
258,134,47
259,151,47
260,157,50
261,164,68
262,130,180
263,155,59
264,188,63
265,173,62
266,138,100
267,109,129
268,108,135
269,119,131
270,126,132
271,117,135
272,123,135
273,137,148
274,102,111
275,103,103
276,168,44
277,121,81
278,121,106
279,122,102
280,163,98
281,103,93
282,148,36
283,160,38
284,177,15
285,114,45
286,127,50
287,143,139
288,182,137
289,116,111
290,109,114
291,134,136
292,132,136
293,164,33
294,122,109
295,133,38
296,134,31
297,144,-1
298,170,24
299,138,13
300,173,40
301,179,34
302,109,132
303,118,133
304,125,134
305,114,112
306,133,136
307,129,142
308,131,137
309,111,110
310,122,136
311,115,136
312,108,137
313,111,169
314,109,160
315,108,156
316,108,152
317,107,149
318,121,144
319,122,145
320,124,147
321,125,149
322,133,127
323,189,97
324,126,141
325,127,141
326,107,117
327,120,113
328,108,115
329,130,85
330,143,90
331,124,105
332,164,4
333,158,16
334,151,29
335,131,157
336,116,34
337,119,13
338,122,-4
339,153,65
340,172,73
341,121,63
342,165,54
343,115,77
344,116,104
345,181,78
346,167,78
347,157,81
348,142,80
349,131,78
350,122,75
351,104,67
352,181,94
353,171,52
354,100,115
355,120,89
356,191,61
357,116,71
358,125,105
359,160,59
360,117,99
361,187,116
362,121,61
363,110,95
364,164,158
365,164,167
366,188,96
367,174,147
368,184,47
369,131,188
370,99,116
371,128,94
372,180,64
373,145,61
374,139,61
375,130,143
376,180,111
377,117,200
378,141,186
379,152,178
380,133,61
381,127,61
382,123,61
383,177,50
384,128,56
385,135,54
386,141,53
387,148,55
388,151,56
389,189,43
390,149,60
391,124,124
392,116,110
393,108,123
394,153,169
395,143,178
396,117,194
397,174,154
398,123,59
399,109,80
400,130,194
401,186,114
402,115,147
403,116,149
404,117,152
405,118,156
406,122,164
407,128,136
408,130,135
409,131,134
410,140,132
411,170,115
412,110,71
413,115,56
414,120,56
415,127,136
416,171,135
417,108,56
418,126,171
419,103,76
420,115,92
421,113,177
422,144,152
423,132,111
424,136,163
425,152,109
426,140,118
427,159,121
428,116,187
429,120,96
430,150,159
431,140,170
432,150,141
433,179,124
434,161,144
435,182,131
436,147,127
437,115,84
438,114,108
439,119,109
440,110,103
441,121,49
442,134,44
443,145,42
444,155,44
445,161,48
446,165,61
447,189,79
448,159,71
449,151,73
450,141,73
451,131,71
452,123,69
453,118,67
454,191,79
455,119,111
456,109,87
457,108,109
458,104,113
459,108,110
460,117,113
461,102,114
462,102,115
463,118,61
464,114,63
465,111,65
466,154,58
467,160,54
468,61,59
469,69,59
470,60,52
471,52,59
472,61,66
473,140,56
474,148,56
475,140,49
476,132,56
477,140,63
