0,102,128
1,101,102
2,101,109
3,94,79
4,101,95
5,101,85
6,100,64
7,49,63
8,100,46
9,100,37
10,100,11
11,102,130
12,102,132
13,102,134
14,103,153
15,103,155
16,103,158
17,103,162
18,103,167
19,101,106
20,92,106
21,23,44
22,67,67
23,61,67
24,55,68
25,45,66
26,72,65
27,58,49
28,65,49
29,51,51
30,46,54
31,39,71
32,71,172
33,46,63
34,19,72
35,31,68
36,61,96
37,89,127
38,90,133
39,77,130
40,69,133
41,80,134
42,73,136
43,61,144
44,94,102
45,93,95
46,37,48
47,77,79
48,73,100
49,73,96
50,39,95
51,94,86
52,54,38
53,44,42
54,30,32
55,84,42
56,71,52
57,55,134
58,24,138
59,79,104
60,86,106
61,61,143
62,63,143
63,41,38
64,73,103
65,67,37
66,66,31
67,59,15
68,35,36
69,62,25
70,33,46
71,28,46
72,89,130
73,78,132
74,71,135
75,81,105
76,62,143
77,66,148
78,65,143
79,84,102
80,75,136
81,82,135
82,91,134
83,89,166
84,90,161
85,90,158
86,91,155
87,92,153
88,76,150
89,74,151
90,72,152
91,70,154
92,63,121
93,18,103
94,101,108
95,70,147
96,68,148
97,89,109
98,75,107
99,87,108
100,69,83
101,57,87
102,71,99
103,41,22
104,46,29
105,52,33
106,68,152
107,83,32
108,80,24
109,78,12
110,49,68
111,32,76
112,76,63
113,39,58
114,83,75
115,79,97
116,24,82
117,37,80
118,46,81
119,59,79
120,69,76
121,76,73
122,93,66
123,24,95
124,33,58
125,97,106
126,77,86
127,17,73
128,82,69
129,70,99
130,43,63
131,79,93
132,19,120
133,75,61
134,86,89
135,39,153
136,40,163
137,17,100
138,30,143
139,23,58
140,70,181
141,98,108
142,69,91
143,24,70
144,56,63
145,61,63
146,65,149
147,24,109
148,85,194
149,60,181
150,50,174
151,100,24
152,103,195
153,66,63
154,71,62
155,74,62
156,28,57
157,70,58
158,65,57
159,60,57
160,54,58
161,50,60
162,19,57
163,52,63
164,101,114
165,71,117
166,79,103
167,88,114
168,100,56
169,49,163
170,59,172
171,84,187
172,32,153
173,74,60
174,88,77
175,102,189
176,71,188
177,19,115
178,83,151
179,81,153
180,80,155
181,79,159
182,77,160
183,67,139
184,65,139
185,63,138
186,58,127
187,33,112
188,88,70
189,82,55
190,77,57
191,69,139
192,32,131
193,90,54
194,74,165
195,101,78
196,93,73
197,100,71
198,82,87
199,102,181
200,102,172
201,88,171
202,56,146
203,64,105
204,64,156
205,49,105
206,58,112
207,43,116
208,86,179
209,76,91
210,50,153
211,60,163
212,49,135
213,26,122
214,41,138
215,23,130
216,52,121
217,82,81
218,82,101
219,76,102
220,86,96
221,77,49
222,66,45
223,57,44
224,48,47
225,42,51
226,37,65
227,17,86
228,43,73
229,51,74
230,60,73
231,68,71
232,75,69
233,79,66
234,17,88
235,76,104
236,88,82
237,88,102
238,92,105
239,88,103
240,77,106
241,94,106
242,95,108
243,78,61
244,83,62
245,86,63
246,48,62
247,43,58
248,107,79
249,151,63
250,110,106
251,176,42
252,132,66
253,138,67
254,144,67
255,154,66
256,126,65
257,142,50
258,135,50
259,149,51
260,154,54
261,160,70
262,132,171
263,154,62
264,181,70
265,169,67
266,141,95
267,115,126
268,114,132
269,127,128
270,135,131
271,123,132
272,130,134
273,143,142
274,108,102
275,109,94
276,164,49
277,124,79
278,128,99
279,129,95
280,162,94
281,108,86
282,146,40
283,156,43
284,169,30
285,115,45
286,128,52
287,148,132
288,177,136
289,123,103
290,116,106
291,143,140
292,140,140
293,161,39
294,129,102
295,133,40
296,134,34
297,141,14
298,165,35
299,137,24
300,168,46
301,172,45
302,114,129
303,125,130
304,132,132
305,121,104
306,142,140
307,138,145
308,139,140
309,118,102
310,128,134
311,121,133
312,113,133
313,116,165
314,116,160
315,115,157
316,114,154
317,113,152
318,128,147
319,130,148
320,133,150
321,135,152
322,139,119
323,182,102
324,133,145
325,136,145
326,114,108
327,127,105
328,115,107
329,132,82
330,144,86
331,130,98
332,158,20
333,154,28
334,149,34
335,136,151
336,118,36
337,120,24
338,123,11
339,150,67
340,167,75
341,123,64
342,161,58
343,118,75
344,123,97
345,177,80
346,162,78
347,153,80
348,139,78
349,130,76
350,122,73
351,107,65
352,178,93
353,167,57
354,106,106
355,125,85
356,182,71
357,117,69
358,131,98
359,157,63
360,123,92
361,181,118
362,124,62
363,115,88
364,164,152
365,163,162
366,183,98
367,172,142
368,176,57
369,134,180
370,105,108
371,132,90
372,175,69
373,143,63
374,138,63
375,140,146
376,178,108
377,120,193
378,144,180
379,153,172
380,133,62
381,128,62
382,125,62
383,172,56
384,130,59
385,136,57
386,141,57
387,146,58
388,150,60
389,180,55
390,147,63
391,131,115
392,123,102
393,115,114
394,154,162
395,145,171
396,120,187
397,170,151
398,126,61
399,113,76
400,133,188
401,182,114
402,122,150
403,123,151
404,125,154
405,127,157
406,128,159
407,136,136
408,138,136
409,140,135
410,145,125
411,169,110
412,112,70
413,117,56
414,122,57
415,134,136
416,170,129
417,110,56
418,130,164
419,107,72
420,120,86
421,117,171
422,147,145
423,137,104
424,140,155
425,153,103
426,144,111
427,159,115
428,118,178
429,125,90
430,153,152
431,143,162
432,153,134
433,177,120
434,162,137
435,179,129
436,150,119
437,119,81
438,120,100
439,126,101
440,116,96
441,123,50
442,134,46
443,143,46
444,152,48
445,158,52
446,162,64
447,183,84
448,156,72
449,148,73
450,139,72
451,130,71
452,124,69
453,120,67
454,182,86
455,126,103
456,114,82
457,114,101
458,110,105
459,115,103
460,124,105
461,108,106
462,108,107
463,121,62
464,116,63
465,113,64
466,152,61
467,157,58
468,57,62
469,64,61
470,57,56
471,51,62
472,58,67
473,140,61
474,146,61
475,140,56
476,134,61
477,140,66
