0,110,141
1,112,111
2,107,117
3,103,86
4,112,104
5,111,94
6,106,67
7,47,60
8,105,42
9,105,31
10,105,-1
11,110,142
12,110,144
13,109,145
14,109,144
15,109,145
16,109,147
17,109,148
18,102,158
19,111,115
20,101,114
21,11,28
22,67,66
23,61,67
24,54,67
25,42,63
26,73,64
27,57,42
28,65,43
29,49,44
30,44,48
31,36,68
32,71,166
33,43,58
34,7,61
35,25,62
36,64,101
37,102,141
38,102,144
39,93,142
40,87,143
41,95,144
42,89,144
43,66,145
44,106,111
45,105,104
46,33,39
47,80,81
48,83,108
49,82,103
50,39,99
51,104,95
52,53,27
53,42,32
54,21,16
55,86,34
56,72,47
57,61,138
58,10,125
59,89,112
60,95,114
61,78,145
62,80,145
63,37,26
64,82,110
65,67,27
66,66,21
67,58,1
68,29,24
69,63,15
70,27,35
71,19,34
72,102,143
73,94,143
74,88,144
75,90,113
76,80,145
77,83,146
78,81,145
79,95,111
80,90,145
81,95,145
82,102,145
83,91,157
84,101,148
85,102,147
86,102,146
87,102,145
88,90,145
89,89,145
90,88,146
91,87,147
92,72,127
93,1,88
94,109,116
95,85,145
96,85,145
97,97,117
98,84,114
99,96,116
100,72,85
101,59,90
102,80,106
103,36,6
104,43,17
105,50,21
106,73,150
107,85,23
108,83,15
109,80,-1
110,47,66
111,27,74
112,76,61
113,35,51
114,86,77
115,89,106
116,17,77
117,34,79
118,45,82
119,60,80
120,70,77
121,78,73
122,99,68
123,18,93
124,28,50
125,107,115
126,82,90
127,1,57
128,84,69
129,78,105
130,39,58
131,88,100
132,4,106
133,76,59
134,96,97
135,34,149
136,31,154
137,6,92
138,23,138
139,13,46
140,69,172
141,106,116
142,74,95
143,17,63
144,55,62
145,61,62
146,82,146
147,19,108
148,82,180
149,57,170
150,45,164
151,105,16
152,98,181
153,66,62
154,71,60
155,74,59
156,21,48
157,70,55
158,64,54
159,59,54
160,53,55
161,48,56
162,4,41
163,50,61
164,106,122
165,80,124
166,90,111
167,96,123
168,105,54
169,46,158
170,57,165
171,83,177
172,20,142
173,74,57
174,94,81
175,99,178
176,69,176
177,8,108
178,95,145
179,95,146
180,94,147
181,94,148
182,81,154
183,84,144
184,83,144
185,82,144
186,65,132
187,32,113
188,92,72
189,83,52
190,77,53
191,85,145
192,29,129
193,92,51
194,75,160
195,110,85
196,101,78
197,108,76
198,88,93
199,100,172
200,101,164
201,88,164
202,58,147
203,71,111
204,65,154
205,52,109
206,63,118
207,44,120
208,85,171
209,83,96
210,50,151
211,60,159
212,52,138
213,21,120
214,40,139
215,13,123
216,56,126
217,88,85
218,92,110
219,86,110
220,97,105
221,77,43
222,66,37
223,56,37
224,47,39
225,40,44
226,33,60
227,6,76
228,41,71
229,49,74
230,60,73
231,68,71
232,75,68
233,80,65
234,0,72
235,86,112
236,96,89
237,99,111
238,102,114
239,98,111
240,87,114
241,104,114
242,103,115
243,79,59
244,84,61
245,88,62
246,46,57
247,40,52
248,115,85
249,151,54
250,116,114
251,163,25
252,132,62
253,138,62
254,144,62
255,152,56
256,127,60
257,142,40
258,134,41
259,148,40
260,153,42
261,156,61
262,122,162
263,153,51
264,164,56
265,161,54
266,137,98
267,117,139
268,115,143
269,121,139
270,124,139
271,118,142
272,121,141
273,129,141
274,117,111
275,119,104
276,159,35
277,124,80
278,128,105
279,128,101
280,154,94
281,117,94
282,147,28
283,154,30
284,161,14
285,120,37
286,128,45
287,134,134
288,149,117
289,123,110
290,118,113
291,127,140
292,125,140
293,157,25
294,127,108
295,136,30
296,137,24
297,143,0
298,161,21
299,141,14
300,161,31
301,163,30
302,116,141
303,120,140
304,123,140
305,121,111
306,126,140
307,124,141
308,124,140
309,122,109
310,120,141
311,117,142
312,114,144
313,110,156
314,115,147
315,115,145
316,115,144
317,114,143
318,120,141
319,121,142
320,122,142
321,123,143
322,131,124
323,156,82
324,122,141
325,123,141
326,116,116
327,125,112
328,117,115
329,130,83
330,141,87
331,128,104
332,155,6
333,154,16
334,148,22
335,124,146
336,122,27
337,125,15
338,127,-1
339,149,60
340,161,67
341,124,59
342,157,45
343,120,76
344,126,104
345,164,72
346,159,74
347,152,78
348,140,77
349,132,74
350,125,71
351,113,68
352,164,87
353,160,44
354,114,114
355,124,88
356,160,52
357,121,67
358,128,103
359,155,51
360,126,98
361,154,99
362,124,56
363,122,96
364,144,141
365,140,146
366,164,85
367,150,130
368,164,42
369,122,168
370,112,116
371,129,93
372,164,55
373,144,57
374,139,58
375,125,141
376,162,101
377,111,178
378,126,164
379,132,157
380,133,57
381,129,56
382,126,56
383,163,41
384,130,52
385,135,49
386,141,48
387,146,48
388,150,49
389,163,37
390,148,56
391,126,122
392,124,109
393,116,122
394,136,151
395,130,159
396,113,175
397,145,133
398,126,54
399,118,80
400,120,172
401,161,100
402,117,142
403,118,143
404,119,144
405,119,145
406,118,152
407,123,140
408,124,140
409,126,139
410,133,129
411,156,107
412,117,71
413,119,51
414,123,52
415,122,141
416,152,122
417,114,52
418,120,157
419,114,77
420,123,91
421,111,162
422,134,142
423,133,108
424,128,150
425,147,105
426,138,114
427,149,115
428,113,169
429,125,94
430,137,145
431,130,154
432,140,133
433,158,112
434,146,132
435,156,115
436,140,122
437,121,84
438,125,108
439,127,108
440,123,104
441,125,43
442,135,37
443,144,36
444,151,36
445,156,39
446,157,53
447,165,70
448,153,66
449,147,69
450,139,69
451,132,67
452,126,65
453,122,63
454,158,67
455,125,109
456,120,88
457,121,109
458,117,113
459,120,110
460,123,112
461,116,114
462,114,115
463,122,57
464,119,59
465,117,62
466,151,50
467,155,46
468,59,58
469,66,57
470,59,51
471,52,58
472,60,64
473,142,52
474,147,52
475,141,46
476,136,52
477,142,58
