0,99,131
1,113,111
2,106,117
3,104,85
4,114,104
5,113,94
6,107,66
7,43,55
8,106,43
9,108,32
10,109,-7
11,99,135
12,98,138
13,97,140
14,97,142
15,97,146
16,97,150
17,96,155
18,95,159
19,111,114
20,101,114
21,-1,16
22,66,65
23,58,65
24,50,64
25,38,57
26,73,63
27,57,39
28,66,40
29,48,40
30,41,43
31,29,62
32,62,168
33,39,52
34,-6,52
35,17,55
36,61,99
37,92,130
38,91,138
39,83,133
40,77,137
41,85,139
42,79,140
43,61,147
44,107,111
45,107,104
46,30,36
47,78,80
48,83,107
49,81,103
50,33,97
51,106,94
52,55,30
53,42,31
54,12,4
55,90,40
56,74,44
57,56,140
58,-10,122
59,89,112
60,95,114
61,69,143
62,71,143
63,36,25
64,81,110
65,72,32
66,71,25
67,58,-8
68,23,15
69,65,8
70,22,32
71,9,24
72,91,134
73,84,136
74,78,139
75,90,113
76,70,143
77,73,144
78,72,143
79,95,110
80,80,141
81,85,140
82,91,140
83,85,159
84,88,154
85,89,150
86,90,145
87,91,142
88,80,142
89,78,144
90,77,146
91,75,149
92,70,128
93,-18,81
94,108,116
95,76,142
96,75,143
97,97,116
98,83,114
99,96,115
100,69,84
101,55,89
102,79,105
103,32,-4
104,41,9
105,53,23
106,67,152
107,90,29
108,86,11
109,83,-9
110,42,62
111,18,68
112,78,61
113,31,46
114,85,76
115,90,105
116,5,71
117,26,75
118,39,80
119,56,79
120,68,76
121,76,73
122,99,67
123,7,89
124,22,44
125,107,114
126,80,88
127,-16,47
128,84,69
129,76,105
130,35,51
131,88,100
132,-16,101
133,78,58
134,97,96
135,20,149
136,14,154
137,-9,86
138,7,137
139,0,36
140,58,174
141,106,115
142,72,93
143,7,55
144,52,60
145,59,61
146,72,146
147,7,105
148,71,182
149,43,172
150,30,165
151,109,12
152,86,183
153,66,60
154,72,59
155,76,58
156,13,41
157,71,50
158,64,47
159,57,47
160,50,47
161,45,49
162,-11,30
163,47,58
164,105,122
165,79,125
166,90,111
167,95,123
168,105,54
169,33,159
170,45,166
171,73,179
172,0,140
173,76,55
174,94,80
175,90,180
176,57,178
177,-7,103
178,85,142
179,84,145
180,82,148
181,81,152
182,75,156
183,75,141
184,73,141
185,72,140
186,62,134
187,23,112
188,92,71
189,85,52
190,80,52
191,76,142
192,17,129
193,94,53
194,68,162
195,111,85
196,101,77
197,109,76
198,88,92
199,92,174
200,94,166
201,81,166
202,50,149
203,68,110
204,58,156
205,47,108
206,60,118
207,38,120
208,77,173
209,82,95
210,40,153
211,51,161
212,45,140
213,7,117
214,31,139
215,-3,120
216,52,127
217,87,84
218,93,109
219,86,110
220,98,105
221,81,44
222,69,38
223,57,36
224,46,37
225,37,40
226,27,53
227,-9,69
228,35,67
229,45,71
230,56,71
231,67,70
232,75,67
233,81,65
234,-18,63
235,85,112
236,96,88
237,100,110
238,102,113
239,99,111
240,86,113
241,104,114
242,103,115
243,81,58
244,85,61
245,89,63
246,42,50
247,36,46
248,116,85
249,145,58
250,114,114
251,161,24
252,126,66
253,132,66
254,138,66
255,145,60
256,121,64
257,140,43
258,132,44
259,146,44
260,149,47
261,148,65
262,112,164
263,147,54
264,156,56
265,153,58
266,132,99
267,106,130
268,104,138
269,111,132
270,114,136
271,108,138
272,110,139
273,120,144
274,118,111
275,120,104
276,158,40
277,120,80
278,125,106
279,124,102
280,148,97
281,118,94
282,150,35
283,156,36
284,160,12
285,123,43
286,125,48
287,125,138
288,134,119
289,119,111
290,115,113
291,115,142
292,114,141
293,159,30
294,123,109
295,140,37
296,142,31
297,146,-2
298,159,22
299,143,14
300,160,35
301,161,31
302,105,134
303,110,135
304,112,137
305,118,112
306,115,142
307,113,143
308,113,141
309,120,109
310,109,140
311,106,140
312,102,140
313,103,158
314,103,153
315,103,149
316,103,145
317,102,141
318,108,141
319,110,142
320,111,145
321,112,147
322,124,127
323,143,83
324,110,141
325,112,142
326,113,116
327,119,113
328,114,115
329,126,84
330,136,89
331,123,105
332,156,3
333,154,16
334,153,28
335,115,150
336,128,34
337,128,13
338,131,-6
339,143,64
340,152,70
341,119,63
342,153,49
343,117,76
344,124,105
345,157,74
346,150,78
347,144,82
348,133,81
349,125,77
350,120,74
351,113,68
352,156,90
353,156,48
354,114,114
355,120,89
356,151,52
357,116,71
358,122,104
359,148,54
360,123,99
361,139,100
362,119,60
363,121,96
364,131,144
365,125,148
366,153,87
367,137,132
368,159,42
369,111,170
370,111,115
371,124,94
372,155,58
373,139,62
374,133,63
375,114,144
376,152,104
377,99,180
378,112,166
379,118,158
380,128,62
381,123,61
382,120,60
383,158,45
384,124,52
385,130,49
386,137,48
387,142,49
388,145,51
389,158,36
390,143,60
391,120,123
392,121,110
393,112,122
394,123,153
395,117,161
396,102,177
397,130,135
398,120,57
399,117,80
400,106,174
401,148,103
402,106,141
403,107,143
404,108,147
405,108,151
406,110,154
407,112,140
408,114,139
409,115,139
410,125,132
411,147,111
412,115,71
413,117,55
414,119,55
415,111,141
416,141,126
417,114,56
418,111,159
419,114,77
420,120,92
421,103,164
422,124,145
423,126,110
424,118,153
425,140,108
426,131,117
427,140,118
428,104,172
429,121,95
430,126,148
431,119,156
432,130,137
433,146,116
434,135,136
435,143,117
436,132,126
437,119,84
438,123,108
439,123,109
440,123,104
441,124,47
442,135,42
443,144,40
444,151,41
445,154,44
446,150,56
447,155,72
448,146,69
449,140,73
450,132,73
451,125,71
452,120,69
453,117,67
454,146,67
455,121,111
456,119,88
457,121,109
458,116,113
459,119,110
460,119,113
461,115,114
462,113,115
463,117,60
464,115,63
465,114,65
466,146,53
467,150,50
468,53,52
469,62,53
470,53,44
471,44,52
472,53,61
473,128,55
474,136,55
475,129,47
476,121,54
477,128,62
