0,97,130
1,97,107
2,98,114
3,91,82
4,97,99
5,97,89
6,98,65
7,46,63
8,98,46
9,97,36
10,98,-2
11,97,133
12,97,135
13,98,137
14,98,152
15,98,154
16,98,158
17,99,162
18,100,167
19,97,111
20,90,111
21,14,36
22,67,69
23,59,70
24,52,69
25,42,65
26,73,68
27,55,49
28,63,50
29,47,50
30,42,53
31,35,70
32,70,176
33,43,61
34,11,70
35,26,65
36,57,100
37,84,128
38,85,134
39,72,129
40,65,130
41,76,134
42,68,134
43,60,146
44,91,107
45,90,99
46,29,46
47,75,82
48,72,104
49,71,100
50,33,99
51,90,90
52,47,38
53,36,41
54,21,22
55,81,44
56,71,53
57,53,136
58,21,142
59,78,109
60,85,111
61,56,134
62,58,135
63,31,36
64,71,107
65,61,38
66,60,32
67,52,2
68,26,29
69,57,17
70,24,42
71,19,41
72,84,132
73,74,132
74,67,132
75,80,110
76,57,134
77,62,142
78,59,135
79,82,107
80,70,135
81,77,135
82,86,136
83,87,166
84,86,161
85,86,157
86,86,153
87,87,151
88,71,146
89,69,146
90,68,148
91,67,150
92,61,125
93,13,105
94,98,113
95,66,142
96,64,142
97,87,114
98,74,111
99,86,112
100,66,86
101,52,90
102,70,103
103,33,10
104,38,21
105,43,32
106,67,154
107,78,34
108,76,16
109,73,0
110,46,68
111,26,75
112,77,66
113,34,56
114,81,77
115,77,102
116,17,82
117,31,80
118,41,83
119,56,82
120,67,79
121,75,76
122,90,67
123,17,98
124,27,54
125,93,111
126,75,89
127,10,70
128,81,72
129,69,103
130,39,61
131,77,97
132,16,123
133,77,63
134,84,92
135,38,157
136,40,166
137,11,102
138,27,148
139,15,54
140,70,183
141,95,112
142,67,94
143,19,66
144,53,65
145,59,66
146,61,143
147,17,114
148,85,193
149,63,182
150,53,175
151,98,16
152,101,195
153,65,65
154,71,64
155,75,64
156,21,53
157,71,59
158,64,58
159,58,58
160,52,59
161,48,60
162,11,51
163,49,64
164,98,119
165,70,121
166,78,108
167,86,120
168,98,55
169,49,166
170,60,174
171,84,189
172,30,157
173,75,62
174,85,79
175,100,190
176,73,188
177,14,119
178,78,149
179,77,150
180,76,153
181,75,157
182,75,161
183,62,134
184,61,133
185,60,132
186,55,130
187,26,117
188,86,71
189,82,57
190,78,58
191,64,135
192,27,136
193,88,57
194,72,168
195,97,81
196,91,75
197,98,73
198,79,90
199,100,183
200,100,174
201,85,173
202,55,150
203,63,110
204,63,160
205,44,109
206,55,117
207,37,121
208,84,182
209,74,94
210,50,157
211,60,166
212,47,139
213,20,127
214,38,142
215,18,135
216,48,125
217,80,84
218,80,105
219,75,107
220,83,100
221,76,50
222,63,45
223,51,45
224,42,46
225,36,50
226,33,63
227,11,86
228,39,73
229,47,75
230,57,75
231,67,74
232,75,72
233,80,69
234,11,87
235,74,108
236,85,85
237,85,106
238,90,109
239,86,107
240,76,110
241,91,110
242,92,112
243,80,63
244,84,65
245,86,66
246,45,61
247,39,56
248,104,82
249,151,63
250,105,110
251,187,34
252,131,70
253,139,70
254,146,69
255,155,66
256,125,68
257,141,49
258,133,50
259,150,51
260,155,54
261,163,70
262,131,175
263,154,62
264,190,68
265,173,65
266,140,99
267,111,128
268,111,135
269,125,130
270,135,131
271,123,134
272,132,134
273,141,145
274,104,107
275,104,99
276,167,47
277,122,81
278,124,103
279,125,99
280,165,97
281,104,90
282,147,39
283,159,42
284,178,20
285,113,45
286,125,53
287,147,135
288,184,141
289,118,108
290,111,110
291,148,135
292,146,136
293,164,37
294,125,106
295,132,39
296,133,33
297,145,1
298,171,28
299,139,16
300,173,44
301,180,39
302,111,132
303,124,132
304,133,133
305,116,109
306,147,136
307,141,143
308,145,136
309,113,106
310,131,135
311,122,136
312,111,136
313,112,166
314,112,162
315,112,157
316,111,154
317,111,151
318,130,147
319,132,148
320,134,149
321,135,152
322,136,124
323,192,103
324,137,143
325,139,143
326,109,113
327,123,110
328,110,112
329,131,85
330,145,89
331,127,102
332,165,9
333,158,20
334,150,33
335,134,153
336,115,35
337,119,15
338,123,-1
339,152,68
340,172,74
341,120,67
342,164,57
343,116,76
344,118,101
345,183,81
346,167,79
347,157,81
348,141,81
349,130,79
350,122,76
351,105,66
352,183,96
353,171,55
354,101,111
355,122,88
356,194,67
357,115,72
358,128,103
359,158,62
360,119,96
361,190,122
362,120,64
363,111,92
364,165,156
365,164,166
366,191,100
367,176,147
368,186,52
369,131,183
370,101,112
371,130,93
372,180,66
373,144,65
374,138,66
375,143,144
376,184,112
377,117,193
378,140,182
379,151,176
380,132,66
381,126,65
382,122,65
383,177,54
384,127,59
385,133,58
386,139,57
387,145,58
388,149,60
389,192,49
390,148,64
391,127,121
392,117,107
393,110,119
394,153,166
395,142,174
396,117,189
397,175,156
398,122,62
399,110,78
400,129,189
401,189,117
402,121,149
403,123,151
404,124,154
405,125,158
406,125,160
407,140,135
408,142,134
409,143,133
410,144,128
411,173,115
412,110,71
413,114,58
414,119,59
415,139,135
416,174,134
417,107,57
418,128,167
419,105,74
420,117,90
421,115,173
422,146,149
423,135,109
424,138,159
425,154,108
426,143,116
427,162,120
428,117,182
429,122,94
430,151,156
431,141,166
432,153,138
433,182,125
434,163,141
435,185,133
436,151,124
437,116,83
438,115,105
439,121,106
440,111,100
441,120,51
442,132,46
443,144,45
444,153,47
445,160,51
446,165,63
447,191,84
448,159,72
449,151,74
450,140,75
451,131,74
452,123,72
453,118,70
454,193,85
455,121,108
456,110,85
457,109,105
458,105,109
459,109,107
460,120,110
461,104,110
462,103,112
463,117,64
464,113,65
465,111,66
466,152,61
467,159,57
468,64,61
469,73,62
470,64,54
471,55,61
472,64,69
473,137,61
474,147,61
475,137,53
476,128,61
477,137,69
