0,97,131
1,99,105
2,98,114
3,92,80
4,99,97
5,99,87
6,98,63
7,46,60
8,97,41
9,97,30
10,98,-2
11,97,133
12,97,134
13,97,135
14,95,157
15,95,160
16,95,164
17,95,168
18,97,176
19,99,110
20,92,110
21,13,34
22,64,68
23,57,69
24,50,68
25,41,63
26,70,65
27,56,40
28,64,41
29,48,42
30,43,46
31,34,69
32,68,180
33,43,57
34,8,67
35,25,63
36,59,102
37,88,130
38,89,134
39,80,134
40,74,137
41,82,136
42,77,139
43,62,155
44,93,105
45,92,98
46,33,39
47,74,81
48,75,105
49,74,101
50,36,101
51,92,88
52,52,25
53,41,30
54,21,19
55,83,31
56,71,45
57,57,146
58,16,143
59,81,109
60,87,111
61,68,146
62,70,146
63,37,26
64,75,109
65,65,24
66,64,18
67,54,1
68,27,25
69,58,13
70,27,36
71,19,37
72,88,132
73,81,135
74,75,138
75,83,111
76,69,146
77,71,151
78,71,145
79,85,106
80,78,139
81,83,136
82,90,135
83,86,175
84,85,167
85,86,164
86,87,159
87,88,156
88,78,153
89,76,154
90,74,155
91,72,157
92,66,131
93,7,102
94,98,112
95,74,150
96,73,150
97,89,114
98,77,114
99,88,113
100,66,86
101,54,92
102,73,105
103,35,8
104,40,17
105,49,19
106,67,163
107,81,20
108,77,13
109,74,-2
110,45,66
111,25,75
112,74,62
113,35,51
114,80,76
115,80,101
116,16,82
117,31,81
118,41,83
119,56,81
120,66,78
121,74,73
122,90,65
123,17,99
124,28,50
125,95,110
126,75,89
127,5,67
128,80,68
129,72,106
130,39,58
131,79,96
132,10,122
133,75,59
134,85,91
135,36,162
136,35,171
137,8,101
138,26,151
139,13,51
140,66,187
141,96,112
142,68,95
143,17,66
144,52,63
145,58,64
146,70,151
147,19,115
148,80,199
149,56,187
150,46,181
151,97,14
152,96,200
153,63,64
154,69,62
155,72,60
156,21,50
157,69,53
158,64,51
159,58,51
160,52,52
161,48,54
162,8,49
163,48,62
164,98,121
165,73,126
166,81,108
167,87,122
168,97,52
169,46,172
170,55,179
171,80,194
172,25,159
173,73,57
174,86,78
175,97,195
176,67,194
177,11,119
178,82,155
179,80,157
180,79,160
181,77,163
182,75,170
183,73,142
184,71,142
185,70,141
186,61,138
187,31,119
188,85,70
189,81,51
190,76,53
191,74,142
192,30,139
193,88,49
194,71,174
195,98,79
196,91,73
197,98,71
198,80,90
199,97,188
200,97,181
201,83,180
202,55,157
203,65,112
204,62,167
205,48,111
206,59,121
207,42,125
208,81,187
209,76,95
210,49,163
211,58,172
212,50,147
213,22,129
214,40,148
215,16,136
216,53,131
217,81,83
218,82,104
219,78,107
220,85,99
221,76,41
222,65,35
223,55,34
224,46,37
225,39,43
226,33,61
227,7,84
228,38,72
229,46,75
230,56,74
231,65,72
232,72,69
233,77,66
234,5,85
235,78,110
236,86,84
237,88,104
238,91,109
239,88,106
240,79,112
241,93,109
242,93,111
243,77,59
244,82,60
245,85,61
246,45,56
247,39,51
248,104,80
249,147,61
250,104,110
251,173,35
252,128,69
253,135,70
254,141,69
255,150,64
256,123,66
257,138,41
258,130,41
259,145,43
260,150,47
261,155,70
262,124,179
263,150,58
264,177,68
265,164,64
266,133,101
267,106,130
268,105,134
269,114,134
270,120,137
271,112,136
272,117,138
273,130,154
274,105,105
275,106,98
276,159,41
277,119,81
278,120,104
279,120,101
280,154,101
281,105,88
282,143,28
283,153,33
284,166,21
285,114,33
286,123,46
287,134,145
288,166,141
289,114,109
290,109,111
291,126,144
292,123,144
293,157,29
294,119,108
295,131,27
296,132,21
297,139,2
298,162,27
299,135,15
300,164,39
301,169,39
302,106,132
303,113,135
304,118,138
305,112,111
306,124,144
307,121,149
308,122,144
309,111,106
310,115,138
311,110,136
312,104,135
313,108,175
314,105,166
315,104,163
316,104,159
317,103,156
318,114,151
319,115,152
320,117,153
321,119,155
322,127,130
323,175,102
324,118,148
325,119,149
326,107,114
327,117,113
328,108,113
329,126,86
330,138,91
331,121,104
332,156,9
333,151,19
334,146,23
335,125,162
336,116,22
337,117,14
338,120,-1
339,147,67
340,163,76
341,119,64
342,157,52
343,114,76
344,116,101
345,171,82
346,158,81
347,148,84
348,135,82
349,126,78
350,119,74
351,104,65
352,170,98
353,162,52
354,102,110
355,118,89
356,178,68
357,114,69
358,122,105
359,153,59
360,116,96
361,172,121
362,119,60
363,111,91
364,151,160
365,151,168
366,176,101
367,160,149
368,173,52
369,125,186
370,101,112
371,124,95
372,170,66
373,141,65
374,135,66
375,123,149
376,168,114
377,112,198
378,133,185
379,141,178
380,130,65
381,125,63
382,121,62
383,167,51
384,125,53
385,130,50
386,136,50
387,142,51
388,146,54
389,177,50
390,145,63
391,121,125
392,114,107
393,108,122
394,143,170
395,134,177
396,112,193
397,158,157
398,120,58
399,109,77
400,124,192
401,173,118
402,109,154
403,110,156
404,112,158
405,113,161
406,118,169
407,121,141
408,122,141
409,124,140
410,131,137
411,158,118
412,109,70
413,114,52
414,118,54
415,119,141
416,158,138
417,107,51
418,121,173
419,104,73
420,114,90
421,109,180
422,136,156
423,128,112
424,129,165
425,144,111
426,134,120
427,148,124
428,111,187
429,118,95
430,141,161
431,133,170
432,141,145
433,165,128
434,149,146
435,168,134
436,138,130
437,113,83
438,114,104
439,117,107
440,111,99
441,119,42
442,130,37
443,140,36
444,148,39
445,154,44
446,157,61
447,177,84
448,152,73
449,145,75
450,136,75
451,127,73
452,121,70
453,116,67
454,176,85
455,117,109
456,110,84
457,109,104
458,105,109
459,109,106
460,115,112
461,104,109
462,103,111
463,116,60
464,112,62
465,110,63
466,148,56
467,153,52
468,59,60
469,67,59
470,59,53
471,51,60
472,60,67
473,134,60
474,141,60
475,134,53
476,127,60
477,134,67
